1765036345.3450217 1765036568.0286207
1765036568.0286448 1765036885.0694659
1765036885.069488 1765037210.0245779
1765037210.0246 1765037460.3350914
1765037460.3351154 1765037853.5133405
1765037853.5133636 1765038255.5579255
1765038255.5579495 1765038478.0855312
1765038478.0855505 1765038786.3419604
1765038786.3419824 1765039046.9020681
1765039046.9020903 1765039237.1740742
1765039237.1740932 1765039588.012841
1765039588.0128686 1765039843.8013182
1765039843.8013394 1765040041.7949142
1765040041.7949378 1765040232.4342127
1765040232.4342353 1765040477.642308
1765040477.64233 1765040733.7774086
1765040733.7774305 1765040941.0289435
1765040941.0289662 1765041212.4859464
1765041212.4859645 1765041430.1787379
1765041430.1787612 1765041792.8870862
1765041792.887109 1765042085.1771567
1765042085.17718 1765042345.8718617
1765042345.8718846 1765042624.056423
1765042624.0564468 1765042783.6426795
1765042783.642705 1765043198.438494
1765043198.4385178 1765043456.1840081
1765043456.1840303 1765043799.4999013
1765043799.499924 1765044022.7798245
1765044022.7798471 1765044373.8075426
1765044373.807565 1765044689.129308
1765044689.129331 1765044892.2909806
1765044892.2910032 1765045123.3742955
1765045123.3743181 1765045334.4181223
1765045334.418144 1765045690.9715946
1765045690.9716175 1765045975.406192
1765045975.4062104 1765046206.4502373
1765046206.4502597 1765046500.6035006
1765046500.603525 1765046743.5720341
1765046743.5720568 1765047015.5986958
1765047015.5987191 1765047296.8129487
1765047296.8129723 1765047674.431102
1765047674.431125 1765047962.196157
1765047962.1961792 1765048337.9679573
1765048337.9679813 1765048499.9438577
1765048499.9438758 1765049045.534626
1765049045.5346503 1765049383.1105042
1765049383.110528 1765049540.8065078
1765049540.806526 1765050008.248841
1765050008.248864 1765050294.8906407
1765050294.8906608 1765050552.7741778
1765050552.7742019 1765050849.9081216
1765050849.9081469 1765051159.862068
1765051159.8620906 1765051509.8605237
1765051509.8605485 1765051802.0766983
1765051802.076722 1765051958.6816213
1765051958.6816394 1765052152.6404808
1765052152.6405041 1765052231.7544994
1765052231.7545228 1765052464.7345016
1765052464.7345226 1765052638.4726844
1765052638.4727073 1765052873.5173864
1765052873.51741 1765053182.5389957
1765053182.5390208 1765053500.6895034
1765053500.6895278 1765053860.951988
1765053860.952012 1765054166.1925848
1765054166.1926093 1765054520.0340667
1765054520.0340905 1765054757.5959606
1765054757.5959833 1765055178.439281
1765055178.4393055 1765055361.4961736
1765055361.496198 1765055526.7567682
1765055526.7567928 1765055770.0404375
1765055770.0404627 1765055990.3733385
1765055990.3733633 1765056216.9526215
1765056216.9526455 1765056523.220091
1765056523.2201145 1765056793.0838628
1765056793.0838873 1765056893.678226
1765056893.6782463 1765057104.5864868
1765057104.5865102 1765057296.2208438
1765057296.2208674 1765057691.8025858
1765057691.8026052 1765058302.4427357
1765058302.4427605 1765058726.7185433
1765058726.7185855 1765058942.7834256
1765058942.7834456 1765059239.0893993
1765059239.0894246 1765059380.5989296
1765059380.5989497 1765059625.8762765
1765059625.876301 1765060023.442275
1765060023.4422982 1765060136.0914125
1765060136.0914369 1765060506.6594489
1765060506.6594722 1765060626.9636297
1765060626.9636495 1765060833.5779796
1765060833.5779998 1765061101.6841178
1765061101.6841416 1765061319.9389448
1765061319.9389656 1765061675.3060477
1765061675.3060713 1765061839.522716
1765061839.522735 1765062356.578693
1765062356.5787168 1765062617.588889
1765062617.5889125 1765062803.697198
1765062803.6972177 1765063021.4573636
1765063021.457388 1765063249.237696
1765063249.2377203 1765063391.147223
1765063391.147243 1765063635.1378906
