1765036341.58598 1765036588.827921
1765036588.827967 1765036780.9570255
1765036780.9570432 1765037108.6956956
1765037108.6957164 1765037501.272741
1765037501.2727618 1765037860.5198262
1765037860.519849 1765038213.3955367
1765038213.3955576 1765038571.509524
1765038571.5095441 1765038843.9220805
1765038843.9221017 1765039037.33995
1765039037.339972 1765039250.2145054
1765039250.214523 1765039580.8544445
1765039580.8544683 1765039773.5102353
1765039773.5102565 1765039994.5461352
1765039994.5461705 1765040276.5293803
1765040276.5294042 1765040422.3632283
1765040422.3632479 1765040759.2029417
1765040759.2029655 1765041042.188166
1765041042.1881874 1765041160.3435228
1765041160.3435428 1765041344.5595872
1765041344.559611 1765041557.1181965
1765041557.1182146 1765041975.2734213
1765041975.2734408 1765042308.2491102
1765042308.249133 1765042617.980991
1765042617.981014 1765042780.3261988
1765042780.3262174 1765043080.959036
1765043080.9590602 1765043353.8215964
1765043353.8216166 1765043676.3107188
1765043676.310742 1765044041.8456435
1765044041.845666 1765044352.590638
1765044352.590661 1765044567.9121237
1765044567.912143 1765044888.9689355
1765044888.9689586 1765045132.1551235
1765045132.1551466 1765045385.6685297
1765045385.6685529 1765045724.7133482
1765045724.713372 1765045997.2604172
1765045997.2604392 1765046205.7565951
1765046205.7566192 1765046500.2703109
1765046500.2703354 1765046734.2437074
1765046734.2437315 1765046996.7335222
1765046996.7335458 1765047305.605954
1765047305.6059775 1765047677.4023066
1765047677.4023309 1765047983.840381
1765047983.8404095 1765048289.748506
1765048289.7485304 1765048711.3098714
1765048711.3098955 1765049079.4820948
1765049079.482119 1765049367.919713
1765049367.9197378 1765049702.043408
1765049702.0434313 1765050013.6650608
1765050013.6650848 1765050255.7133248
1765050255.7133486 1765050459.7971492
1765050459.7971742 1765050811.385733
1765050811.385757 1765051180.341724
1765051180.3417487 1765051520.7642634
1765051520.7642877 1765051818.2645793
1765051818.2646034 1765051966.6281338
1765051966.6281571 1765052138.9237056
1765052138.9237287 1765052239.0944092
1765052239.094428 1765052433.9533372
1765052433.9533603 1765052658.3098867
1765052658.3099077 1765052792.0899048
1765052792.0899296 1765053026.4633865
1765053026.4634175 1765053372.159203
1765053372.1592236 1765053688.297471
1765053688.2975059 1765054036.272123
1765054036.2721426 1765054510.5819004
1765054510.5819247 1765054881.2887945
1765054881.2888198 1765055191.950878
1765055191.9509027 1765055408.2702327
1765055408.2702577 1765055590.0402513
1765055590.0402737 1765055762.0428574
1765055762.0428813 1765056004.2095413
1765056004.2095664 1765056199.5862684
1765056199.5862918 1765056566.7666042
1765056566.7666295 1765056786.7920115
1765056786.7920382 1765056954.0375466
1765056954.0375721 1765057111.9172359
1765057111.9172559 1765057443.865846
1765057443.86587 1765057827.2268293
1765057827.2268636 1765058303.7649233
1765058303.7649481 1765058726.8994336
1765058726.8994586 1765058998.876573
1765058998.8765976 1765059243.16664
1765059243.1666644 1765059358.4052978
1765059358.4053164 1765059637.7848012
1765059637.7848253 1765059877.7417727
1765059877.7417986 1765060132.380159
1765060132.380178 1765060497.8116148
1765060497.8116388 1765060715.4974642
1765060715.4974904 1765060770.5900586
1765060770.5900779 1765061002.1327221
1765061002.1327524 1765061257.5499885
1765061257.5500107 1765061691.446405
1765061691.4464307 1765061978.5979836
1765061978.5980082 1765062354.8880415
1765062354.8880672 1765062581.5180726
1765062581.5180933 1765062816.1396453
1765062816.1396701 1765063029.5863528
1765063029.5863774 1765063217.8654215
1765063217.8654463 1765063456.746439
1765063456.7464645 1765063607.8239381
