1765036335.2111897 1765036469.6477683
1765036469.6477869 1765036796.8495564
1765036796.849609 1765037131.9037883
1765037131.903832 1765037496.0461922
1765037496.046216 1765037770.5061119
1765037770.5061343 1765038253.8381891
1765038253.8382134 1765038602.4586387
1765038602.458662 1765038858.663012
1765038858.6630356 1765039014.9653716
1765039014.9653914 1765039175.576346
1765039175.5763648 1765039584.8883078
1765039584.8883314 1765039834.4058893
1765039834.4059136 1765040033.1965086
1765040033.196528 1765040237.8893838
1765040237.889409 1765040450.4107907
1765040450.4108255 1765040759.5496075
1765040759.5496318 1765040959.840915
1765040959.8409324 1765041191.922556
1765041191.9225783 1765041323.7657351
1765041323.7657554 1765041786.7356546
1765041786.7356775 1765042131.5883842
1765042131.5884073 1765042204.1470337
1765042204.1470568 1765042556.664565
1765042556.6645842 1765042819.0334098
1765042819.0334327 1765043149.8119273
1765043149.8119516 1765043457.814097
1765043457.8141203 1765043760.5864449
1765043760.586468 1765044080.1184692
1765044080.1184928 1765044357.2608757
1765044357.2608986 1765044614.7514658
1765044614.751489 1765044890.6810596
1765044890.6810925 1765045021.6341803
1765045021.6342027 1765045278.324703
1765045278.3247263 1765045608.7455924
1765045608.7456107 1765045912.1727698
1765045912.1727931 1765046194.8177829
1765046194.8178065 1765046525.38023
1765046525.3802536 1765046780.999956
1765046780.9999802 1765046967.8791218
1765046967.879141 1765047130.6876385
1765047130.6876633 1765047586.4340918
1765047586.4341104 1765047991.9424713
1765047991.942496 1765048291.2664452
1765048291.266469 1765048553.2966588
1765048553.29668 1765049081.8163102
1765049081.8163342 1765049380.6109743
1765049380.610999 1765049555.346226
1765049555.346246 1765049999.7904663
1765049999.7904904 1765050265.8140235
1765050265.8140452 1765050529.480329
1765050529.4803522 1765050691.0927742
1765050691.0927982 1765051203.0992625
1765051203.0992868 1765051526.6470022
1765051526.647027 1765051657.87049
1765051657.8705137 1765051911.5518196
1765051911.5518425 1765052090.9806046
1765052090.980625 1765052294.1097422
1765052294.1097662 1765052436.3173265
1765052436.3173454 1765052640.0764623
1765052640.0764868 1765052807.898867
1765052807.8988905 1765053195.9120145
1765053195.9120386 1765053502.0678208
1765053502.067845 1765053819.795956
1765053819.795979 1765054169.3893332
1765054169.389357 1765054504.0173779
1765054504.017402 1765054872.9393468
1765054872.9393709 1765055181.4526317
1765055181.4526536 1765055412.2672083
1765055412.2672334 1765055524.4375298
1765055524.4375548 1765055797.2972715
1765055797.297292 1765055986.477298
1765055986.4773226 1765056290.2994008
1765056290.2994251 1765056439.0908973
1765056439.0909224 1765056735.2560866
1765056735.2561102 1765056962.0443466
1765056962.0443683 1765057136.7169578
1765057136.7169821 1765057353.0326736
1765057353.032699 1765057612.5508583
1765057612.5508766 1765058173.770557
1765058173.7705812 1765058663.3394892
1765058663.339515 1765059035.5845044
1765059035.5845287 1765059245.3254082
1765059245.325432 1765059403.8171794
1765059403.8171997 1765059624.977375
1765059624.9774003 1765060017.586565
1765060017.58659 1765060210.0971522
1765060210.0971756 1765060475.8929677
1765060475.8929918 1765060663.0677986
1765060663.0678217 1765060822.1160116
1765060822.1160326 1765061096.747631
1765061096.747655 1765061330.7593532
1765061330.7593775 1765061688.34988
1765061688.3499053 1765061803.227752
1765061803.2277718 1765062250.6477923
1765062250.6478157 1765062617.150665
1765062617.1506898 1765062813.6495707
1765062813.6495972 1765062967.9678385
1765062967.9678562 1765063237.437611
1765063237.437636 1765063413.407862
1765063413.4078867 1765063651.5758786
