1765036369.0989199 1765036513.7764611
1765036513.7764838 1765036731.243016
1765036731.2430394 1765037035.4456744
1765037035.4456947 1765037485.0106475
1765037485.0106702 1765037751.377768
1765037751.3777907 1765038218.0900633
1765038218.090086 1765038620.8285673
1765038620.8285904 1765038868.6113105
1765038868.6113324 1765038962.4202461
1765038962.4202657 1765039131.6061022
1765039131.6061254 1765039396.5420783
1765039396.542097 1765039790.1693542
1765039790.1693776 1765040023.2724695
1765040023.2724912 1765040262.3572464
1765040262.35727 1765040464.2318568
1765040464.231881 1765040764.1948617
1765040764.1948857 1765041013.071836
1765041013.071855 1765041179.7957423
1765041179.7957635 1765041358.1658046
1765041358.1658251 1765041755.8107007
1765041755.810725 1765042078.873253
1765042078.8732767 1765042241.959437
1765042241.9594564 1765042623.8830142
1765042623.8830385 1765042817.3306215
1765042817.3306463 1765043120.794499
1765043120.7945213 1765043396.4699945
1765043396.4700296 1765043813.68826
1765043813.6882834 1765044069.2780726
1765044069.2780914 1765044371.2855191
1765044371.285544 1765044688.4579363
1765044688.4579592 1765044884.8151598
1765044884.8151793 1765045164.625887
1765045164.6259098 1765045385.2889118
1765045385.2889352 1765045701.8387532
1765045701.838777 1765046003.7237673
1765046003.7237906 1765046225.4675949
1765046225.467618 1765046521.7709486
1765046521.7709725 1765046775.4112473
1765046775.4112723 1765046916.6128874
1765046916.612911 1765047119.3591645
1765047119.359183 1765047568.5220644
1765047568.522088 1765047985.5259702
1765047985.525995 1765048341.6895204
1765048341.689545 1765048719.7996411
1765048719.7996657 1765049041.0859272
1765049041.085951 1765049360.0953953
1765049360.0954204 1765049534.2229717
1765049534.22299 1765049929.0555105
1765049929.0555437 1765050306.6595368
1765050306.6595614 1765050516.7921534
1765050516.7921762 1765050826.2324889
1765050826.2325127 1765051255.7259917
1765051255.726017 1765051513.5196886
1765051513.519713 1765051809.4244115
1765051809.4244351 1765051942.117965
1765051942.1179888 1765052092.8277678
1765052092.8277857 1765052294.2965062
1765052294.2965317 1765052434.3059847
1765052434.3060048 1765052625.08543
1765052625.0854523 1765052855.8852649
1765052855.8852892 1765053179.3172996
1765053179.317324 1765053428.7492027
1765053428.7492216 1765053874.8247452
1765053874.8247771 1765054174.8428814
1765054174.8429058 1765054380.9796064
1765054380.9796295 1765054866.7879837
1765054866.788008 1765055176.650625
1765055176.6506488 1765055369.0833447
1765055369.0833685 1765055598.3918343
1765055598.3918583 1765055786.2864156
1765055786.28644 1765056010.2363653
1765056010.2363853 1765056204.7325768
1765056204.7326002 1765056518.5534418
1765056518.5534678 1765056798.3578084
1765056798.3578334 1765056886.854298
1765056886.8543174 1765057072.8281894
1765057072.8282151 1765057430.2742348
1765057430.2742589 1765057831.9126532
1765057831.912677 1765058151.2105536
1765058151.2105737 1765058725.082503
1765058725.0825272 1765059023.131653
1765059023.1316864 1765059187.8218884
1765059187.821912 1765059427.1163487
1765059427.1163697 1765059710.2110112
1765059710.211036 1765059975.144643
1765059975.1446671 1765060213.5267901
1765060213.5268095 1765060438.9150748
1765060438.9150999 1765060711.6479251
1765060711.6479506 1765060825.6315134
1765060825.631533 1765061084.8522093
1765061084.8522334 1765061422.8248234
1765061422.8248472 1765061689.3289163
1765061689.3289409 1765061983.6298878
1765061983.6299117 1765062272.0866423
1765062272.0866675 1765062506.0324395
1765062506.0324602 1765062746.6822128
1765062746.6822333 1765062946.222393
1765062946.2224157 1765063217.7895904
1765063217.7896166 1765063374.5385864
1765063374.5386062 1765063651.9363601
