1765798368.9329824 1765798394.8802774
1765798394.8802996 1765798424.9135656
1765798424.913586 1765798454.8573713
1765798454.8573906 1765798480.2686882
1765798480.2687168 1765798508.5988657
1765798508.598885 1765798528.327315
1765798528.327335 1765798566.0173337
1765798566.0173597 1765798599.8098805
1765798599.8098998 1765798628.667044
1765798628.6670685 1765798660.8605063
1765798660.8605258 1765798692.0292656
1765798692.0292902 1765798723.0889356
1765798723.0889587 1765798756.6527803
1765798756.652802 1765798788.3430967
1765798788.3431203 1765798824.7756286
1765798824.7756495 1765798861.5141456
1765798861.514179 1765798898.7757838
1765798898.7758098 1765798934.442684
1765798934.4427106 1765798973.3106186
1765798973.310645 1765799008.21681
1765799008.2168286 1765799048.3362503
1765799048.3363023 1765799091.7886858
1765799091.7887106 1765799123.1122856
1765799123.1123068 1765799158.2683868
1765799158.268412 1765799192.563672
1765799192.5636919 1765799215.0069685
1765799215.0069983 1765799249.3233485
1765799249.3233888 1765799277.8023782
1765799277.802398 1765799302.5261989
1765799302.5262244 1765799327.6418176
1765799327.6418364 1765799353.0622241
1765799353.0622473 1765799381.528612
1765799381.5286314 1765799415.69486
1765799415.694884 1765799455.1394966
1765799455.1395175 1765799496.8427336
1765799496.8427563 1765799531.9120383
1765799531.91206 1765799568.0323277
1765799568.032353 1765799602.4826531
1765799602.482677 1765799638.20534
1765799638.2053607 1765799677.7106707
1765799677.7106955 1765799716.1779885
1765799716.1780074 1765799746.8195791
1765799746.8196046 1765799782.1848488
1765799782.1848826 1765799814.3686056
1765799814.3686237 1765799845.1435034
1765799845.1435227 1765799881.0577903
1765799881.0578163 1765799907.2713861
1765799907.27141 1765799935.4875052
1765799935.4875257 1765799963.0829058
1765799963.082931 1765799995.3169346
1765799995.3169594 1765800028.6109757
1765800028.610994 1765800069.93655
1765800069.936576 1765800113.8184514
1765800113.8184755 1765800153.342294
1765800153.3423178 1765800190.6921954
1765800190.692214 1765800230.7115958
1765800230.7116165 1765800276.6556354
1765800276.6556597 1765800300.4975948
1765800300.4976146 1765800334.9884074
1765800334.988432 1765800364.8267245
1765800364.8267424 1765800389.9646182
1765800389.9646416 1765800421.9213734
1765800421.9213946 1765800452.1557255
1765800452.1557517 1765800482.587104
1765800482.5871232 1765800511.7499425
1765800511.7499642 1765800545.9185638
1765800545.9185834 1765800576.1914115
1765800576.1914377 1765800604.0855927
1765800604.0856113 1765800638.8135798
1765800638.8136082 1765800668.590801
1765800668.5908184 1765800704.1865208
1765800704.1865454 1765800733.4325743
1765800733.4325926 1765800763.4641943
1765800763.464214 1765800789.445886
1765800789.4459107 1765800821.4191794
1765800821.4192042 1765800843.8277595
1765800843.8277786 1765800866.2024496
1765800866.2024744 1765800896.636548
1765800896.636567 1765800925.054019
1765800925.0540397 1765800960.2061222
1765800960.2061467 1765800988.64618
1765800988.646213 1765801017.0187619
1765801017.018788 1765801052.3685884
1765801052.368613 1765801086.6045325
1765801086.6045625 1765801123.4263623
1765801123.4263868 1765801148.1142874
1765801148.1143098 1765801179.7904105
1765801179.7904327 1765801210.92782
1765801210.9278443 1765801241.5256968
1765801241.5257194 1765801275.207323
1765801275.2073462 1765801312.9432478
1765801312.9432678 1765801348.1251142
1765801348.1251383 1765801376.9138846
1765801376.9139047 1765801410.1200008
1765801410.1200237 1765801440.7527783
1765801440.7528005 1765801475.2480903
1765801475.2481103 1765801507.4563375
1765801507.456363 1765801544.0384939
1765801544.0385122 1765801572.8667438
1765801572.8667667 1765801604.0643823
