1756817864.3158484 1756817898.75536
1756817898.755382 1756817922.041807
1756817922.0418243 1756817951.5463014
1756817951.546321 1756817975.7983494
1756817975.7983716 1756818001.4883146
1756818001.488333 1756818032.446801
1756818032.4468408 1756818058.292341
1756818058.2923667 1756818087.325432
1756818087.3254635 1756818112.834648
1756818112.8346725 1756818144.3667438
1756818144.366765 1756818176.494339
1756818176.4943643 1756818205.7920682
1756818205.7920933 1756818226.6457865
1756818226.645808 1756818252.277162
1756818252.2771897 1756818283.224375
1756818283.224403 1756818317.4962864
1756818317.4963086 1756818344.4880593
1756818344.488084 1756818370.3121774
1756818370.3122082 1756818394.9319108
1756818394.931934 1756818417.9097903
1756818417.9098158 1756818429.1187923
1756818429.118808 1756818467.6768763
1756818467.6768982 1756818495.119157
1756818495.1191819 1756818523.6319418
1756818523.6319594 1756818549.868529
1756818549.8685503 1756818575.3439965
1756818575.3440175 1756818601.5743127
1756818601.5743358 1756818630.1857533
1756818630.1857767 1756818648.3223653
1756818648.322386 1756818677.422483
1756818677.4225047 1756818711.85873
1756818711.8587527 1756818738.9592395
1756818738.9592583 1756818764.8894594
1756818764.8894854 1756818794.5886662
1756818794.5886908 1756818813.345072
1756818813.345089 1756818843.7191188
1756818843.7191424 1756818881.548178
1756818881.5481966 1756818915.3229845
1756818915.3230097 1756818944.7639897
1756818944.7640164 1756818969.9925294
1756818969.9925487 1756818992.5489285
1756818992.5489535 1756819011.2427585
1756819011.242775 1756819033.805032
1756819033.8050532 1756819071.154895
1756819071.154914 1756819106.239829
1756819106.2398589 1756819120.4718184
1756819120.4718392 1756819150.7042532
1756819150.7042735 1756819178.083468
1756819178.0834925 1756819204.9922237
1756819204.9922574 1756819224.4985466
1756819224.4985647 1756819257.0988348
1756819257.0988603 1756819280.4609551
1756819280.4609725 1756819310.8892345
1756819310.8892562 1756819335.000134
1756819335.0001564 1756819368.2357023
1756819368.2357304 1756819390.365317
1756819390.3653436 1756819415.807286
1756819415.807311 1756819438.9712696
1756819438.9712887 1756819462.85168
1756819462.8517072 1756819495.329911
1756819495.3299341 1756819520.1637943
1756819520.163825 1756819546.2831175
1756819546.2831357 1756819578.8746138
1756819578.874639 1756819601.9575906
1756819601.9576128 1756819634.5866454
1756819634.586672 1756819662.7718737
1756819662.7718933 1756819690.8860748
1756819690.8860981 1756819713.1918712
1756819713.1918948 1756819734.9396248
1756819734.9396455 1756819773.8992634
1756819773.8992941 1756819797.736549
1756819797.7365732 1756819825.1581705
1756819825.158192 1756819853.6018891
1756819853.601911 1756819882.2120507
1756819882.212071 1756819909.5701401
1756819909.5701709 1756819941.5097907
1756819941.5098174 1756819963.7904706
1756819963.7904897 1756819995.1970415
1756819995.1970696 1756820016.01919
1756820016.0192156 1756820039.4113247
1756820039.4113512 1756820069.548074
1756820069.5480912 1756820090.7919831
1756820090.7920077 1756820126.149077
1756820126.1491137 1756820146.89026
1756820146.890276 1756820172.6839895
1756820172.6840105 1756820209.895396
1756820209.8954144 1756820231.5507646
1756820231.5508015 1756820257.908368
1756820257.908386 1756820285.3527858
1756820285.3528297 1756820305.7309802
1756820305.7309961 1756820340.069046
1756820340.0690694 1756820362.760152
1756820362.7601879 1756820392.8618534
1756820392.8618913 1756820418.284621
1756820418.2846594 1756820447.6381006
1756820447.6381295 1756820475.6354623
1756820475.6354809 1756820506.7330084
1756820506.7330315 1756820535.6853192
1756820535.6853404 1756820564.1987536
1756820564.1987822 1756820590.7723517
