1767235537.7975943 1767235656.6166198
1767235656.6166456 1767235788.724393
1767235788.7244177 1767235909.3365564
1767235909.3365812 1767236059.8085525
1767236059.808578 1767236185.1879573
1767236185.1879823 1767236316.1653156
1767236316.1653652 1767236496.0305455
1767236496.0305686 1767236590.545082
1767236590.5450985 1767236733.1035297
1767236733.1035569 1767236882.7583256
1767236882.758354 1767237019.1661403
1767237019.1661654 1767237097.1385632
1767237097.138583 1767237262.9229317
1767237262.922956 1767237348.276773
1767237348.276796 1767237488.9323294
1767237488.9323535 1767237611.9685903
1767237611.9686103 1767237744.1464055
1767237744.1464286 1767237862.7948036
1767237862.7948275 1767237965.4739263
1767237965.4739542 1767238083.0710986
1767238083.0711243 1767238211.542728
1767238211.5427523 1767238346.6773095
1767238346.6773334 1767238490.7654793
1767238490.7655036 1767238598.363961
1767238598.363987 1767238716.4024308
1767238716.4024537 1767238829.116217
1767238829.1162417 1767238971.3738573
1767238971.3738759 1767239088.451319
1767239088.4513414 1767239239.392016
1767239239.392039 1767239367.7991958
1767239367.799219 1767239500.4465468
1767239500.446571 1767239636.6233468
1767239636.6233726 1767239806.371828
1767239806.371861 1767239914.5423741
1767239914.542398 1767240010.2627087
1767240010.2627325 1767240162.8918064
1767240162.8918233 1767240295.2020857
1767240295.202116 1767240433.4452302
1767240433.4452548 1767240532.2173815
1767240532.2174056 1767240691.540971
1767240691.5409951 1767240814.6973343
1767240814.6973584 1767240923.6453629
1767240923.645387 1767241048.0731783
1767241048.073204 1767241200.0697966
1767241200.069821 1767241303.9355495
1767241303.9355748 1767241475.9204724
1767241475.920496 1767241552.6817021
1767241552.6817262 1767241685.7032378
1767241685.703263 1767241821.7450733
1767241821.745097 1767241974.721545
1767241974.7215683 1767242096.5320969
1767242096.532121 1767242210.2653232
1767242210.265348 1767242313.5417812
1767242313.5418048 1767242432.1303775
1767242432.1304007 1767242584.3689497
1767242584.3689733 1767242699.2779002
1767242699.2779174 1767242857.3315935
1767242857.3316183 1767242954.4446044
1767242954.4446225 1767243053.747528
1767243053.747568 1767243245.778076
1767243245.7780995 1767243312.2067966
1767243312.2068138 1767243469.8168597
1767243469.8168838 1767243565.1811957
1767243565.1812198 1767243682.577721
1767243682.5777445 1767243808.4628322
1767243808.462862 1767243954.393387
1767243954.3934102 1767244042.2080803
1767244042.2081041 1767244207.9662576
1767244207.966287 1767244299.7082973
1767244299.7083218 1767244436.8155584
1767244436.8155835 1767244538.9873717
1767244538.9873962 1767244665.4357905
1767244665.435816 1767244762.5844052
1767244762.5844293 1767244933.733732
1767244933.7337563 1767245044.8541353
1767245044.85416 1767245187.2967045
1767245187.2967286 1767245294.242983
1767245294.2430086 1767245424.6956441
1767245424.6956677 1767245561.8586261
1767245561.8586488 1767245684.7539794
1767245684.7540042 1767245801.6844444
1767245801.6844702 1767245898.9477444
1767245898.947762 1767246015.6417649
1767246015.6417942 1767246137.9376874
1767246137.937713 1767246239.5107958
1767246239.510819 1767246368.1370554
1767246368.137081 1767246459.1751277
1767246459.1751454 1767246627.6236246
1767246627.623648 1767246732.7338817
1767246732.733906 1767246897.980669
1767246897.980694 1767247005.491402
1767247005.4914262 1767247123.4511473
1767247123.451171 1767247259.8776996
1767247259.8777275 1767247363.8701885
1767247363.8702145 1767247486.447738
1767247486.447763 1767247601.2613235
1767247601.2613463 1767247711.151523
1767247711.15154 1767247872.3597898
1767247872.3598177 1767248001.8419335
1767248001.841958 1767248137.3880086
