1765012142.6415849 1765012172.1924746
1765012172.1925042 1765012213.3168004
1765012213.3168197 1765012265.2080624
1765012265.2081192 1765012314.5616345
1765012314.5616567 1765012357.9418612
1765012357.9418845 1765012408.0504627
1765012408.0504901 1765012456.2633057
1765012456.2633252 1765012502.148569
1765012502.1485991 1765012547.4108
1765012547.4108317 1765012600.5578885
1765012600.5579112 1765012647.297593
1765012647.2976258 1765012690.5310495
1765012690.5310729 1765012752.4012644
1765012752.401288 1765012800.408617
1765012800.4086425 1765012857.3647497
1765012857.3647733 1765012909.1930795
1765012909.193105 1765012965.0211236
1765012965.0211484 1765013025.0007434
1765013025.0007613 1765013072.3825061
1765013072.3825233 1765013139.2494218
1765013139.2494466 1765013199.4829443
1765013199.482964 1765013248.3256965
1765013248.325718 1765013312.262475
1765013312.2624958 1765013365.2900467
1765013365.290071 1765013417.1887004
1765013417.1887245 1765013479.2327037
1765013479.2327342 1765013534.5531175
1765013534.5531394 1765013601.189288
1765013601.1893082 1765013651.0142398
1765013651.0142636 1765013710.3891485
1765013710.389168 1765013772.7255855
1765013772.7256203 1765013827.21268
1765013827.2126987 1765013875.3701792
1765013875.3702042 1765013932.898413
1765013932.8984308 1765013980.7525125
1765013980.7525492 1765014037.9255521
1765014037.9255857 1765014092.2210064
1765014092.2210248 1765014140.0550323
1765014140.0550575 1765014194.8396378
1765014194.8396587 1765014250.8107195
1765014250.8107443 1765014306.6170268
1765014306.6170475 1765014364.0167167
1765014364.0167415 1765014416.2048395
1765014416.2048647 1765014462.0441425
1765014462.0441678 1765014497.6780305
1765014497.6780498 1765014542.7930617
1765014542.793109 1765014587.4924688
1765014587.4924939 1765014626.210698
1765014626.2107189 1765014669.6877785
1765014669.687812 1765014716.7502682
1765014716.7502878 1765014761.2907038
1765014761.2907305 1765014810.1000092
1765014810.1000352 1765014857.6315641
1765014857.6315894 1765014891.8904388
1765014891.890463 1765014941.6246195
1765014941.624642 1765014992.9515476
1765014992.9515707 1765015037.9212294
1765015037.9212644 1765015082.5953526
1765015082.595373 1765015128.8598228
1765015128.8598478 1765015177.8172505
1765015177.817276 1765015221.2490807
1765015221.2491016 1765015277.3993545
1765015277.3993776 1765015324.5072877
1765015324.507314 1765015374.3661404
1765015374.3661802 1765015427.2150366
1765015427.215057 1765015471.0119588
1765015471.0119834 1765015519.382397
1765015519.3824208 1765015554.13377
1765015554.133793 1765015583.1124747
1765015583.1124988 1765015618.5378218
1765015618.5378478 1765015660.8756442
1765015660.8756645 1765015694.5420709
1765015694.542094 1765015751.02736
1765015751.0273867 1765015787.908845
1765015787.908869 1765015824.8306303
1765015824.830656 1765015858.287859
1765015858.2878788 1765015889.8949537
1765015889.894979 1765015920.962643
1765015920.9626613 1765015954.7208931
1765015954.7209313 1765015989.978273
1765015989.978297 1765016024.2222059
1765016024.222229 1765016056.8064387
1765016056.8064637 1765016096.0102572
1765016096.0102828 1765016133.1453602
1765016133.1453836 1765016164.8330128
1765016164.8330338 1765016198.8110967
1765016198.811133 1765016232.3419893
1765016232.3420093 1765016274.5903814
1765016274.590414 1765016318.1136835
1765016318.1137047 1765016361.7066305
1765016361.706657 1765016408.7720454
1765016408.7720726 1765016452.8903468
1765016452.8903706 1765016497.0801575
1765016497.080192 1765016542.2699404
1765016542.2699678 1765016589.0338237
1765016589.03385 1765016623.6210196
1765016623.6210456 1765016659.1524105
1765016659.1524322 1765016689.86379
1765016689.8638246 1765016728.3343368
1765016728.3343554 1765016768.1364398
