1764241923.8695061 1764242065.8761642
1764242066.877316 1764242365.2852576
1764242368.28843 1764242702.292342
1764242708.2985237 1764242836.0061853
1764242836.006259 1764242937.5572634
1764242943.5634463 1764243143.5246077
1764243153.5347235 1764243338.2162197
1764243348.226398 1764243557.4402158
1764243557.4403603 1764243762.2242162
1764243762.2243536 1764243933.1060185
1764243942.11521 1764244046.5197816
1764244048.5218918 1764244170.4898484
1764244177.4970367 1764244337.3072457
1764244344.3143644 1764244484.958084
1764244487.961268 1764244687.1998973
1764244695.2080855 1764244862.5782585
1764244872.5868843 1764245059.7927325
1764245063.7969143 1764245329.180019
1764245338.1892126 1764245542.38122
1764245549.3884048 1764245738.3546407
1764245745.3618288 1764246002.697433
1764246002.6975074 1764246188.310719
1764246196.3189144 1764246452.0739686
1764246461.0789182 1764246668.871627
1764246671.8748107 1764246891.62632
1764246891.6264167 1764247056.4341218
1764247056.4342604 1764247190.4104946
1764247200.420621 1764247248.3437822
1764247253.3489006 1764247422.7992506
1764247426.8034494 1764247562.2833695
1764247569.290486 1764247699.5378785
1764247706.5450685 1764247879.8205948
1764247884.8228865 1764248154.9132996
1764248156.9154937 1764248271.3081157
1764248271.3082569 1764248454.0804791
1764248463.0896075 1764248645.651249
1764248654.6604497 1764248848.76404
1764248857.773163 1764249128.6899655
1764249128.6901054 1764249380.9195974
1764249388.927792 1764249672.4573643
1764249680.4655573 1764249951.4635148
1764249956.4687142 1764250073.5440874
1764250082.5532577 1764250241.503562
1764250249.5117042 1764250463.5239098
1764250464.5251007 1764250705.8954298
1764250706.8965704 1764250920.0933495
1764250926.0995357 1764251105.7788775
1764251113.783684 1764251308.5805528
1764251315.5877438 1764251557.4209566
1764251566.4300864 1764251719.4167836
1764251720.417967 1764251879.4177988
1764251887.425987 1764252026.827322
1764252030.8314428 1764252137.9967263
1764252146.00495 1764252305.3763669
1764252309.3788795 1764252477.2409477
1764252481.2429018 1764252588.618941
1764252589.620086 1764252770.02242
1764252771.0235357 1764252881.4908557
1764252881.4909759 1764253055.909451
1764253063.9175985 1764253192.2574494
1764253196.2615685 1764253384.656286
1764253386.658395 1764253507.8666654
1764253509.8688447 1764253683.0390244
1764253692.048161 1764254023.3685038
1764254032.3776903 1764254193.4604023
1764254200.4668941 1764254312.8762624
1764254314.8784451 1764254403.1132724
1764254407.1173844 1764254532.5737357
1764254534.5748804 1764254665.6949043
1764254675.705093 1764254869.3385544
1764254879.346887 1764255039.4500115
1764255048.4592006 1764255229.9431553
1764255230.9434876 1764255404.8856876
1764255405.886827 1764255576.8440187
1764255576.844221 1764255758.2668982
1764255767.2760336 1764255941.4993095
1764255949.5074992 1764256133.8581996
1764256140.8588808 1764256279.690304
1764256283.6908917 1764256556.5548916
1764256561.560048 1764256836.4619997
1764256838.4629147 1764257004.2182612
1764257008.222445 1764257194.8736973
1764257200.8798149 1764257353.005941
1764257353.00609 1764257485.8247893
1764257495.8349218 1764257645.5639925
1764257646.5651088 1764257811.9619544
1764257818.9691339 1764257966.2210917
1764257976.2312145 1764258161.7502487
1764258165.751147 1764258352.7614956
1764258355.7646384 1764258462.3607724
1764258471.3698957 1764258613.8207097
1764258618.8258922 1764258819.7655542
1764258825.7696009 1764259049.4377985
1764259058.446877 1764259216.363438
1764259226.3736281 1764259449.874163
1764259456.8788946 1764259640.8427982
1764259647.8468902 1764259811.0816092
1764259819.0897942 1764260051.988406
1764260058.995523 1764260213.330406
1764260221.3385868 1764260450.3418465
