1764241859.8960218 1764242149.093477
1764242156.1006444 1764242417.0673938
1764242424.0745616 1764242699.644186
1764242701.6463223 1764242804.2442505
1764242806.2449296 1764242962.1100812
1764242964.1122591 1764243169.5939794
1764243172.5970926 1764243333.8192225
1764243335.821395 1764243594.9866428
1764243594.986794 1764243715.9348545
1764243719.93898 1764243901.024208
1764243911.0295792 1764244079.8778055
1764244088.887011 1764244185.4226701
1764244192.4297936 1764244307.6256652
1764244312.6308851 1764244490.6014278
1764244499.6068928 1764244690.0344374
1764244700.0374815 1764244880.356079
1764244882.3582718 1764245088.3866296
1764245096.3948243 1764245315.6901708
1764245317.6923277 1764245548.2846124
1764245557.2908788 1764245779.0219433
1764245783.026126 1764245961.0846863
1764245969.0928118 1764246120.04694
1764246124.0511181 1764246328.9820447
1764246334.9881594 1764246623.8760443
1764246630.8832433 1764246868.1048913
1764246877.1140237 1764247026.7127206
1764247036.7228782 1764247185.4194121
1764247189.4228776 1764247317.8710604
1764247321.875245 1764247431.7385948
1764247431.738673 1764247588.1235929
1764247598.130884 1764247729.487145
1764247733.491271 1764247916.990737
1764247922.996932 1764248119.2850842
1764248128.2932222 1764248319.2005692
1764248328.2068777 1764248504.5328689
1764248510.5390804 1764248710.1006732
1764248714.1047955 1764248913.2389045
1764248921.2470856 1764249150.6982336
1764249154.702439 1764249323.9798431
1764249329.985986 1764249552.6061964
1764249553.607391 1764249839.882008
1764249840.8828804 1764250037.0768945
1764250040.0790346 1764250207.364303
1764250210.3674169 1764250423.5201273
1764250425.5223157 1764250726.6702461
1764250728.6724393 1764250914.1078744
1764250923.1084564 1764251132.2891703
1764251142.297622 1764251434.5032759
1764251440.509464 1764251559.0498016
1764251565.0559628 1764251728.6857302
1764251728.685848 1764251878.4493175
1764251885.4565036 1764252026.0819018
1764252036.0920825 1764252152.1300926
1764252155.1332173 1764252328.6187615
1764252330.620949 1764252462.8317611
1764252471.8409224 1764252571.9927235
1764252573.993086 1764252717.564043
1764252717.5641992 1764252856.3102927
1764252861.3154118 1764253047.2392395
1764253052.244455 1764253177.1806607
1764253187.186008 1764253341.0710819
1764253350.0802894 1764253518.3559892
1764253521.3591087 1764253761.0571427
1764253767.0628948 1764253860.9892838
1764253860.98944 1764254146.1317778
1764254152.1325853 1764254291.3989832
1764254293.4009922 1764254423.8636432
1764254428.8687985 1764254552.2893484
1764254560.2949004 1764254730.1302283
1764254739.1395507 1764254869.6120727
1764254875.6182926 1764255055.4858193
1764255063.4940498 1764255227.78163
1764255236.7908926 1764255409.25229
1764255417.2588944 1764255580.7348135
1764255584.7389853 1764255795.4430544
1764255796.4442446 1764255948.997385
1764255956.004579 1764256075.339589
1764256075.3396702 1764256379.3049874
1764256381.307185 1764256608.0572336
1764256614.0634227 1764256828.9511917
1764256830.9533803 1764256967.27189
1764256972.2770522 1764257184.6018386
1764257189.6070385 1764257344.611818
1764257348.615955 1764257497.3955455
1764257501.3997576 1764257617.9540136
1764257620.9571793 1764257798.8482726
1764257800.8504386 1764257993.4460046
1764257999.4521935 1764258145.0129254
1764258151.0141065 1764258363.863128
1764258366.8662522 1764258480.8087506
1764258490.818954 1764258616.8116822
1764258622.817863 1764258815.7202725
1764258816.7214928 1764258953.1562517
1764258955.1583793 1764259174.2231784
1764259184.2333574 1764259412.9540362
1764259422.9641995 1764259602.4227102
1764259607.426897 1764259778.2301834
1764259782.2343488 1764259938.8999145
1764259940.902054 1764260201.514675
1764260205.514896 1764260384.1119497
