1764241914.9404871 1764242156.4288282
1764242164.437195 1764242437.5137246
1764242437.513854 1764242678.1059048
1764242681.109062 1764242825.48521
1764242833.4908876 1764242976.4452221
1764242979.448375 1764243159.9143493
1764243165.920495 1764243305.0597737
1764243308.0629332 1764243476.8450282
1764243477.8462033 1764243777.2756636
1764243786.2848542 1764243913.7984884
1764243914.7996235 1764244058.2548022
1764244060.256993 1764244186.356076
1764244188.358193 1764244325.6793585
1764244333.6869018 1764244443.6737952
1764244453.6839166 1764244666.9708104
1764244675.979997 1764244874.2294288
1764244884.2396107 1764245045.9470654
1764245046.9482217 1764245251.1441743
1764245260.1533213 1764245523.4323113
1764245533.4388907 1764245776.4161105
1764245778.4182875 1764245976.6903362
1764245981.695496 1764246168.183138
1764246169.184284 1764246336.8290727
1764246336.8292086 1764246645.1036646
1764246647.1058507 1764246914.5610197
1764246924.5712113 1764247014.7698452
1764247015.7709923 1764247159.607144
1764247163.6112866 1764247295.2232583
1764247299.2273822 1764247462.6446686
1764247470.6468885 1764247588.3397155
1764247595.3428748 1764247709.934332
1764247716.9414587 1764247869.9398944
1764247873.944087 1764248154.4269304
1764248159.4321299 1764248268.5931826
1764248270.5953293 1764248449.460567
1764248458.4697168 1764248664.978417
1764248674.9886186 1764248905.0743248
1764248909.0748851 1764249036.3901036
1764249037.3912787 1764249377.9991903
1764249377.9993227 1764249674.2342072
1764249675.235393 1764249951.3110785
1764249959.319278 1764250087.6559699
1764250089.6580913 1764250246.8365738
1764250247.8377426 1764250357.11535
1764250361.1195438 1764250741.7588472
1764250744.7620084 1764250917.3843427
1764250921.3884828 1764251144.8388693
1764251152.847061 1764251426.3696864
1764251432.3758094 1764251591.6260214
1764251598.633185 1764251709.918736
1764251711.9208806 1764251816.5547385
1764251823.5618646 1764251973.2676666
1764251982.274887 1764252131.80534
1764252132.8065162 1764252311.9015884
1764252318.9087162 1764252447.3068995
1764252457.3170292 1764252615.7141645
1764252620.7193422 1764252761.069659
1764252763.070894 1764252908.7699919
1764252909.7708738 1764253057.6032557
1764253057.6033924 1764253239.910406
1764253247.9185333 1764253391.698817
1764253401.7089534 1764253577.420701
1764253586.4229424 1764253739.5312846
1764253743.5348816 1764253883.1959531
1764253886.1991365 1764254147.159901
1764254155.1680171 1764254300.9570317
1764254303.960151 1764254429.1352024
1764254433.1393774 1764254538.8094578
1764254541.8125725 1764254670.1452646
1764254680.155399 1764254836.8507788
1764254839.8539658 1764254997.9837852
1764255003.9899087 1764255179.2313173
1764255186.2384775 1764255387.8270044
1764255389.8291395 1764255506.7356465
1764255510.7388942 1764255784.525491
1764255786.5276797 1764255946.5395558
1764255955.5487416 1764256147.3460393
1764256153.3521922 1764256388.4004798
1764256395.4076316 1764256595.7144597
1764256597.7166376 1764256820.6998026
1764256825.7049923 1764257026.322679
1764257030.326881 1764257134.8382566
1764257138.8424213 1764257362.5216396
1764257370.5297818 1764257508.25747
1764257509.258651 1764257672.4543943
1764257681.4629118 1764257801.7554917
1764257805.7596204 1764257982.991598
1764257984.9937706 1764258132.5194254
1764258137.5224206 1764258302.9345376
1764258305.93772 1764258484.806159
1764258484.8062396 1764258602.9658475
1764258602.9659727 1764258725.2593706
1764258732.2665563 1764259038.3779948
1764259039.3791344 1764259279.662529
1764259279.6626601 1764259371.2311854
1764259377.237382 1764259592.2017946
1764259592.2018704 1764259807.8980954
1764259808.8989038 1764260044.64331
1764260044.6434233 1764260242.2015326
1764260246.2056897 1764260467.2887917
