1776473770.1894023 1776473929.2467797
1776473935.2528386 1776474041.288933
1776474047.2890556 1776474166.2380261
1776474169.238337 1776474304.398119
1776474313.4063404 1776474429.1551256
1776474431.1572144 1776474536.2652533
1776474536.2652755 1776474723.6951966
1776474731.7032695 1776474858.087317
1776474858.0873475 1776474978.0580978
1776474985.0583906 1776475102.2209332
1776475105.223998 1776475263.9960468
1776475272.004124 1776475391.0901115
1776475393.0921865 1776475486.909016
1776475493.9160771 1776475609.0057464
1776475609.005776 1776475753.6079886
1776475758.6131444 1776475920.0622556
1776475925.0663416 1776476050.2936716
1776476060.3037424 1776476195.962463
1776476197.964537 1776476345.0136476
1776476351.0140843 1776476469.1129673
1776476470.1140304 1776476613.7062545
1776476615.708352 1776476733.5550985
1776476739.56117 1776476867.3226888
1776476868.3237553 1776476979.1591053
1776476988.1680667 1776477139.6165962
1776477143.6206741 1776477277.8939536
1776477281.8980277 1776477394.9053626
1776477399.9063468 1776477528.7631543
1776477529.7642198 1776477655.3334334
1776477661.3395045 1776477793.2602024
1776477793.2602339 1776477930.9322686
1776477930.9322982 1776478068.341293
1776478075.3483617 1776478230.604691
1776478235.6069946 1776478366.6074402
1776478373.6143277 1776478501.1310575
1776478507.1344056 1776478629.534999
1776478635.5408247 1776478762.0811224
1776478772.090642 1776478875.3363597
1776478878.3394651 1776479063.3110461
1776479065.3113823 1776479190.2076302
1776479190.207661 1776479287.4760761
1776479293.482146 1776479418.969977
1776479420.9720495 1776479524.0904312
1776479528.0943358 1776479661.4490256
1776479669.4570906 1776479782.6484313
1776479792.6529121 1776479930.3929675
1776479937.398342 1776480066.6573517
1776480066.6573975 1776480169.538862
1776480177.546948 1776480267.4185054
1776480273.4235766 1776480415.3983867
1776480417.3992052 1776480546.1849217
1776480551.189981 1776480687.6489327
1776480697.6589947 1776480803.975158
1776480810.9822426 1776480937.0252776
1776480937.0253084 1776481076.7670956
1776481082.7731695 1776481179.3383594
1776481180.3394186 1776481306.5391457
1776481314.5400596 1776481442.5799677
1776481444.5820293 1776481562.6161811
1776481564.618278 1776481702.2586472
1776481705.261499 1776481820.2143662
1776481826.2204301 1776481922.3332028
1776481926.3369162 1776482053.8266792
1776482055.8287473 1776482210.9253414
1776482214.9294155 1776482326.3772779
1776482329.3783357 1776482461.6299694
1776482471.6383388 1776482584.4101746
1776482585.411246 1776482734.751363
1776482744.7614546 1776482847.0125015
1776482849.0145974 1776482978.60956
1776482987.6098268 1776483118.5822806
1776483128.592358 1776483241.1499543
1776483251.1583183 1776483381.257333
1776483387.263397 1776483513.5286884
1776483514.529757 1776483659.617058
1776483664.6221318 1776483807.7533028
1776483817.7633681 1776483941.6720564
1776483951.678338 1776484056.2753034
1776484066.282403 1776484142.2653275
1776484149.2723992 1776484300.5075552
1776484308.5149188 1776484431.8473544
1776484433.8494234 1776484547.0882728
1776484549.090343 1776484682.2167432
1776484689.2238164 1776484811.662198
1776484821.6722753 1776484927.6069336
1776484933.6129959 1776485085.8671913
1776485088.8686326 1776485220.211791
1776485225.2168553 1776485366.585523
1776485374.585832 1776485511.9271946
1776485513.9292722 1776485605.617691
1776485605.617722 1776485759.8604977
1776485766.8607526 1776485894.4099367
1776485897.412999 1776486047.7695007
1776486054.7708175 1776486182.253353
1776486187.2583508 1776486290.9707801
1776486300.9739165 1776486387.2680364
1776486396.2770905 1776486548.685941
1776486550.688014 1776486669.874441
1776486673.878508 1776486812.6543522
1776486821.6566787 1776486938.1557877
