1776473755.3739417 1776473928.345604
1776473934.357849 1776474021.445346
1776474021.4453783 1776474168.1520734
1776474170.1541486 1776474296.45399
1776474299.4570696 1776474433.2306314
1776474438.2312126 1776474562.5193946
1776474564.5214736 1776474698.2335515
1776474708.243628 1776474851.4295747
1776474860.4386559 1776474960.2082937
1776474968.2088392 1776475133.49966
1776475142.5087354 1776475257.3804584
1776475257.3804939 1776475370.9442682
1776475379.9533417 1776475500.2492049
1776475510.258449 1776475644.309321
1776475646.309478 1776475745.1363647
1776475750.1382735 1776475899.5149841
1776475905.5210552 1776476078.3077693
1776476084.313854 1776476200.875583
1776476210.8823497 1776476344.9138703
1776476348.9179533 1776476488.8003078
1776476495.8063343 1776476613.7694242
1776476622.7783494 1776476739.0503175
1776476743.0543394 1776476874.117777
1776476878.1183455 1776477011.826853
1776477015.830932 1776477133.1873794
1776477137.1903582 1776477291.9539666
1776477295.958043 1776477405.493551
1776477407.4943335 1776477535.2646701
1776477535.264711 1776477657.2602763
1776477657.2602997 1776477764.2323134
1776477767.2353866 1776477943.5718658
1776477947.5759382 1776478082.4280207
1776478086.43209 1776478238.6899846
1776478243.6945963 1776478372.5770788
1776478373.5781476 1776478508.784387
1776478508.7844203 1776478634.7043798
1776478638.7045405 1776478767.5813544
1776478768.5824451 1776478933.9385102
1776478940.939038 1776479065.4042375
1776479072.4103374 1776479171.8513606
1776479176.8517053 1776479310.5021656
1776479311.5032358 1776479404.726683
1776479413.7343454 1776479534.5673003
1776479537.5703268 1776479658.03367
1776479664.0383425 1776479800.2686238
1776479801.2697022 1776479928.0593538
1776479938.0663474 1776480030.7420046
1776480036.7425842 1776480171.8464692
1776480171.8465056 1776480300.7876787
1776480300.7877011 1776480423.7854254
1776480433.7955058 1776480550.0505483
1776480556.05188 1776480673.3922672
1776480675.3943543 1776480785.6695335
1776480787.671617 1776480930.246995
1776480936.2531004 1776481060.2474613
1776481068.2479281 1776481159.307868
1776481162.3109446 1776481319.940955
1776481321.9422264 1776481451.0246441
1776481452.0257242 1776481571.8842356
1776481574.8873055 1776481685.0871847
1776481688.09027 1776481810.2219276
1776481815.2220545 1776481938.0690477
1776481943.074128 1776482070.236055
1776482071.2371392 1776482217.4155297
1776482224.4225986 1776482332.746126
1776482342.7562585 1776482453.6846836
1776482457.6887496 1776482577.4182136
1776482585.4263167 1776482717.745412
1776482718.746496 1776482850.7902837
1776482852.7923675 1776482963.4042432
1776482971.4123137 1776483079.2065191
1776483083.2105937 1776483243.6731288
1776483249.6792061 1776483378.1426985
1776483382.1467652 1776483488.7144704
1776483497.7235394 1776483654.2969077
1776483654.2969408 1776483805.7655733
1776483806.7666624 1776483932.4992647
1776483937.5043335 1776484055.638687
1776484059.6427653 1776484178.4473982
1776484181.450345 1776484289.8027816
1776484296.8098612 1776484409.3410618
1776484415.3463457 1776484555.2721293
1776484557.2742145 1776484681.128257
1776484681.1282918 1776484818.7195277
1776484820.7203019 1776484930.7215514
1776484937.7286253 1776485075.2374923
1776485082.239093 1776485236.2419207
1776485244.2423804 1776485334.2556562
1776485334.2556894 1776485498.7858422
1776485506.7903569 1776485591.9058578
1776485595.909903 1776485749.1831381
1776485758.1922174 1776485905.0299642
1776485912.037044 1776486045.0468242
1776486055.0569031 1776486171.1160989
1776486173.1181612 1776486290.512352
1776486300.5224488 1776486421.8473246
1776486429.8543408 1776486541.445386
1776486544.448468 1776486661.0192246
1776486661.019259 1776486809.5452049
1776486814.5502841 1776486971.1946917
