1776473785.692828 1776473926.4133394
1776473929.4168882 1776474042.0884702
1776474047.0925214 1776474160.6971128
1776474170.155637 1776474303.96807
1776474307.9721365 1776474398.0357368
1776474408.0458102 1776474558.1106613
1776474567.119748 1776474715.4175775
1776474717.419644 1776474850.7228408
1776474860.7329178 1776474970.9903011
1776474977.9973388 1776475122.2819607
1776475125.2823355 1776475264.9030879
1776475267.9061623 1776475379.4641237
1776475387.4722018 1776475517.8342087
1776475526.8432834 1776475608.7450821
1776475616.7532206 1776475785.6666381
1776475787.668708 1776475926.382286
1776475927.3833716 1776476038.4100895
1776476041.413119 1776476202.7128537
1776476208.718931 1776476345.7305353
1776476355.7406166 1776476490.7609863
1776476496.767055 1776476590.8086736
1776476593.8117208 1776476741.987259
1776476750.996334 1776476869.5110497
1776476878.5201402 1776477012.755106
1776477017.755773 1776477095.7052057
1776477097.7071784 1776477275.148492
1776477283.1565673 1776477392.9917414
1776477394.9938157 1776477537.6668642
1776477545.674946 1776477663.194115
1776477672.2031984 1776477793.1484478
1776477794.1495235 1776477933.8611753
1776477938.866236 1776478077.530996
1776478080.5340815 1776478216.8749065
1776478225.8839905 1776478360.9904401
1776478361.9909668 1776478481.227172
1776478483.2292485 1776478635.427553
1776478641.433621 1776478754.4480126
1776478754.4480457 1776478910.453256
1776478911.454318 1776479059.1676617
1776479061.168494 1776479180.3150008
1776479184.316317 1776479301.4626982
1776479309.4707723 1776479425.1931283
1776479432.199836 1776479543.7057614
1776479551.7138295 1776479644.5000796
1776479645.5011477 1776479765.9554763
1776479774.962341 1776479922.808382
1776479931.8174546 1776480068.9783785
1776480077.987454 1776480160.1954048
1776480170.2054663 1776480267.7230058
1776480270.7260685 1776480413.5228312
1776480419.526342 1776480546.7641263
1776480555.7703369 1776480670.9251316
1776480673.9281988 1776480801.874106
1776480805.8743944 1776480921.5548766
1776480928.5619445 1776481076.304511
1776481079.3063374 1776481183.7299693
1776481189.7306793 1776481292.377974
1776481299.3850424 1776481442.2418332
1776481445.2430305 1776481540.7794402
1776481543.7825196 1776481686.0752697
1776481687.0763428 1776481804.7577085
1776481809.7627785 1776481949.402527
1776481950.4028137 1776482055.6628973
1776482064.6703722 1776482202.930708
1776482203.931796 1776482335.7558956
1776482344.7649713 1776482457.1960464
1776482459.1981182 1776482599.9101593
1776482607.9143467 1776482709.165709
1776482710.1668289 1776482856.6777472
1776482865.6779313 1776482966.2514791
1776482975.2583292 1776483090.6921275
1776483099.697874 1776483250.0997021
1776483256.1057718 1776483377.4605658
1776483385.4686456 1776483551.1386628
1776483561.1487298 1776483666.1140327
1776483674.122098 1776483765.5604331
1776483766.5614922 1776483928.0037346
1776483933.0088105 1776484058.075781
1776484067.0848684 1776484153.2820058
1776484158.2870934 1776484290.5095427
1776484299.5183318 1776484415.021984
1776484417.024066 1776484559.075378
1776484562.07845 1776484662.0508044
1776484664.0528803 1776484787.732466
1776484790.7337644 1776484938.6684623
1776484939.6695383 1776485075.5467587
1776485083.5543382 1776485213.770895
1776485219.7710636 1776485361.4316428
1776485367.431897 1776485467.4368548
1776485475.444929 1776485632.0991356
1776485636.103231 1776485760.088734
1776485768.0968153 1776485853.4081018
1776485856.4082112 1776486039.8061955
1776486043.8102622 1776486182.915414
1776486188.9214833 1776486287.8603837
1776486296.8694854 1776486433.6361666
1776486439.642222 1776486551.6891682
1776486555.693248 1776486687.1488764
1776486687.1489177 1776486815.2184665
1776486816.2195537 1776486985.0115352
