1764835690.402065 1764835700.3953624
1764835700.395382 1764835812.659775
1764835812.6597974 1764835887.344572
1764835887.3445916 1764836154.5651124
1764836154.565145 1764836363.4945168
1764836363.494536 1764836487.2005134
1764836487.200536 1764836673.8187647
1764836673.8187864 1764837007.800455
1764837007.8004777 1764837356.2357159
1764837356.2357378 1764837543.8713841
1764837543.8714068 1764837714.201453
1764837714.2014701 1764838023.2510045
1764838023.2510266 1764838119.7522285
1764838119.7522511 1764838255.6855402
1764838255.6855586 1764838420.4973092
1764838420.4973316 1764838640.7971635
1764838640.7971814 1764839001.766532
1764839001.766553 1764839282.942073
1764839282.942097 1764839373.230206
1764839373.2302256 1764839552.5703857
1764839552.5704067 1764839794.881803
1764839794.8818257 1764840197.426315
1764840197.426338 1764840493.1787627
1764840493.1787858 1764840635.1172795
1764840635.1172974 1764840806.8560083
1764840806.8560328 1764841013.0096142
1764841013.0096366 1764841196.7005184
1764841196.700536 1764841403.0475028
1764841403.0475254 1764841552.2784328
1764841552.278456 1764841706.7595012
1764841706.7595205 1764841946.1192634
1764841946.1192865 1764842236.9025748
1764842236.9025977 1764842573.6157305
1764842573.6157534 1764842801.0125246
1764842801.0125477 1764843000.2419088
1764843000.2419314 1764843125.137132
1764843125.1371539 1764843305.9133916
1764843305.913411 1764843566.7408063
1764843566.7408373 1764843713.7752576
1764843713.7752767 1764843973.6932213
1764843973.693245 1764844189.2249076
1764844189.2249262 1764844481.6249347
1764844481.6249595 1764844943.8003075
1764844943.8003328 1764845205.5159469
1764845205.5159705 1764845350.8704598
1764845350.8704834 1764845456.5950983
1764845456.5951166 1764845662.566382
1764845662.5664043 1764845876.775123
1764845876.7751434 1764846156.4263508
1764846156.4263744 1764846403.7448013
1764846403.7448251 1764846527.3845732
1764846527.384592 1764846660.7073972
1764846660.7074208 1764847116.9458878
1764847116.9459124 1764847411.7309594
1764847411.7309833 1764847558.0080502
1764847558.0080745 1764847708.1788876
1764847708.1789067 1764847940.8516428
1764847940.851666 1764848234.6093826
1764848234.6094065 1764848416.554247
1764848416.554264 1764848816.0901172
1764848816.0901413 1764849025.1660142
1764849025.1660373 1764849219.1568918
1764849219.1569161 1764849346.8622286
1764849346.8622482 1764849595.8887627
1764849595.888785 1764849777.961209
1764849777.9612288 1764849966.8608453
1764849966.8608692 1764850248.0245743
1764850248.024597 1764850405.0558152
1764850405.0558393 1764850716.8168743
1764850716.8168921 1764851022.7885082
1764851022.788532 1764851341.642501
1764851341.6425238 1764851565.7386663
1764851565.7386858 1764851669.1127534
1764851669.112778 1764851821.614145
1764851821.6141646 1764852143.372746
1764852143.3727705 1764852357.5027564
1764852357.5027795 1764852469.3671756
1764852469.367194 1764852702.4227753
1764852702.4227993 1764852999.6726062
1764852999.6726308 1764853197.6166058
1764853197.6166244 1764853373.1815224
1764853373.1815462 1764853590.8800516
1764853590.880075 1764853788.6517227
1764853788.6517432 1764853956.8925838
1764853956.8926082 1764854088.5444975
1764854088.5445201 1764854355.905187
1764854355.9052103 1764854579.5114498
1764854579.5114732 1764854756.504718
1764854756.5047426 1764854917.7727754
1764854917.772795 1764855062.4889348
1764855062.488958 1764855295.965934
1764855295.9659579 1764855464.8173525
1764855464.8173716 1764855691.5075378
1764855691.5075614 1764855970.8195426
1764855970.819566 1764856172.5452812
1764856172.5453048 1764856413.320711
1764856413.320735 1764856548.0773613
1764856548.0773826 1764856659.9634275
1764856659.963452 1764856818.3027966
1764856818.3028162 1764857074.3858585
