1764835679.1780868 1764835713.288143
1764835713.2881627 1764835815.1667736
1764835815.1668007 1764835993.6630495
1764835993.6630678 1764836190.7765615
1764836190.7766016 1764836385.242761
1764836385.242785 1764836496.2271707
1764836496.227192 1764836682.31654
1764836682.3165658 1764836990.3966553
1764836990.3966815 1764837352.8278925
1764837352.8279185 1764837547.172993
1764837547.1730149 1764837788.705266
1764837788.7052891 1764837992.1299436
1764837992.1299706 1764838143.7679317
1764838143.767951 1764838250.186829
1764838250.186867 1764838440.6806037
1764838440.6806548 1764838695.2048655
1764838695.2048895 1764839099.168646
1764839099.1686714 1764839265.1780264
1764839265.178051 1764839421.3736765
1764839421.3737009 1764839603.951831
1764839603.9518547 1764839741.4421685
1764839741.442189 1764840194.2360942
1764840194.2361193 1764840503.5779233
1764840503.5779474 1764840699.7714698
1764840699.771494 1764840794.6162014
1764840794.61622 1764840978.0204763
1764840978.0205016 1764841179.5941453
1764841179.594165 1764841421.0994577
1764841421.0994813 1764841588.1772263
1764841588.1772535 1764841743.819481
1764841743.819504 1764842041.0901644
1764842041.09019 1764842321.0860388
1764842321.0860634 1764842577.5306668
1764842577.530692 1764842712.9570174
1764842712.9570372 1764842991.6078138
1764842991.6078472 1764843098.1302352
1764843098.1302528 1764843251.5098143
1764843251.5098407 1764843466.3212006
1764843466.321227 1764843796.2445486
1764843796.2445743 1764844068.4191785
1764844068.4192038 1764844316.7785103
1764844316.7785368 1764844635.9749603
1764844635.9749835 1764844776.3075392
1764844776.3075597 1764845084.2653885
1764845084.2654128 1764845279.249379
1764845279.2493985 1764845519.2841747
1764845519.2841988 1764845706.5559983
1764845706.5560193 1764845826.1139684
1764845826.1139936 1764846177.1520107
1764846177.1520362 1764846359.0972192
1764846359.0972407 1764846473.7441797
1764846473.7442005 1764846615.131513
1764846615.1315372 1764846912.5288935
1764846912.528917 1764847363.512824
1764847363.5128458 1764847571.058473
1764847571.058496 1764847669.6819339
1764847669.6819577 1764847887.0531752
1764847887.0531964 1764848240.6341677
1764848240.6341944 1764848537.8741322
1764848537.8741567 1764848805.5641487
1764848805.5641754 1764849038.4044735
1764849038.4044995 1764849168.1355505
1764849168.135569 1764849336.127834
1764849336.1278574 1764849528.004969
1764849528.0049894 1764849713.3539352
1764849713.353961 1764849896.1605194
1764849896.1605396 1764850231.207136
1764850231.2071612 1764850579.8919315
1764850579.8919568 1764850831.2392118
1764850831.2392397 1764851126.0913606
1764851126.091386 1764851263.1932828
1764851263.1933074 1764851568.4751625
1764851568.475183 1764851700.1856513
1764851700.1856754 1764851877.6197379
1764851877.6197634 1764852174.6677296
1764852174.6677506 1764852297.498556
1764852297.4985797 1764852462.378111
1764852462.3781374 1764852642.2381299
1764852642.2381482 1764852991.500586
1764852991.5006125 1764853213.5077536
1764853213.507778 1764853374.7681708
1764853374.7681918 1764853566.6953917
1764853566.6954181 1764853773.2063591
1764853773.206385 1764853874.0696092
1764853874.069628 1764854079.9731693
1764854079.9731958 1764854378.339362
1764854378.3393872 1764854559.3316994
1764854559.3317213 1764854779.5240612
1764854779.5240893 1764854894.1751566
1764854894.175183 1764855049.0051045
1764855049.0051234 1764855300.2236602
1764855300.2236865 1764855481.1422787
1764855481.1423047 1764855722.049437
1764855722.0494628 1764855967.9833224
1764855967.9833484 1764856176.6265368
1764856176.6265595 1764856395.4603176
1764856395.460342 1764856556.5907762
1764856556.5908031 1764856660.2000465
1764856660.200071 1764856920.3841257
1764856920.3841512 1764857083.7783568
