1764835676.2420893 1764835716.424694
1764835716.4247177 1764835813.3796446
1764835813.379667 1764835930.9123716
1764835930.9123902 1764836138.3125029
1764836138.3125463 1764836326.0640635
1764836326.0640814 1764836486.8185847
1764836486.8186054 1764836643.989287
1764836643.9893107 1764837009.6523314
1764837009.6523535 1764837354.8080418
1764837354.8080633 1764837529.0617115
1764837529.0617282 1764837742.8105402
1764837742.8105628 1764837916.8140697
1764837916.8140898 1764838115.5790677
1764838115.579087 1764838245.4783094
1764838245.4783306 1764838451.4729488
1764838451.4729698 1764838818.3452735
1764838818.345295 1764839098.357939
1764839098.3579617 1764839273.377178
1764839273.3772004 1764839397.9211688
1764839397.9211893 1764839572.6860757
1764839572.6860936 1764839740.1284392
1764839740.1284602 1764840195.8641446
1764840195.8641675 1764840497.8841906
1764840497.8842118 1764840692.2231464
1764840692.2231696 1764840782.3529582
1764840782.3529804 1764840957.6020017
1764840957.6020195 1764841178.861292
1764841178.8613129 1764841409.023964
1764841409.0239854 1764841571.9552937
1764841571.955315 1764841762.8637724
1764841762.8637924 1764842044.1288152
1764842044.1288373 1764842300.270927
1764842300.2709446 1764842582.2515733
1764842582.251595 1764842766.2392817
1764842766.2392983 1764842953.3178048
1764842953.3178282 1764843151.7975621
1764843151.7975798 1764843306.0982683
1764843306.0982904 1764843535.4241955
1764843535.4242187 1764843822.258287
1764843822.2583063 1764844073.2835624
1764844073.283585 1764844263.3852496
1764844263.3852715 1764844610.5197802
1764844610.5198033 1764844949.099693
1764844949.0997212 1764845154.0822413
1764845154.08226 1764845299.762362
1764845299.762384 1764845537.7703032
1764845537.7703233 1764845746.0923243
1764845746.092347 1764845973.4169643
1764845973.4169867 1764846194.4233239
1764846194.4233458 1764846382.854314
1764846382.8543317 1764846531.2955816
1764846531.2956047 1764846731.335387
1764846731.3354096 1764847121.0078347
1764847121.0078583 1764847407.8717232
1764847407.8717456 1764847557.9209316
1764847557.9209502 1764847709.786543
1764847709.7865648 1764847932.2118692
1764847932.2118883 1764848220.1949482
1764848220.1949716 1764848399.6571202
1764848399.657138 1764848821.4557068
1764848821.4557307 1764849070.3819335
1764849070.3819556 1764849168.39669
1764849168.3967068 1764849329.4403493
1764849329.440373 1764849523.8686876
1764849523.8687038 1764849701.6394827
1764849701.6395059 1764849960.9787014
1764849960.9787242 1764850190.8435323
1764850190.843556 1764850556.4773128
1764850556.4773364 1764850835.937915
1764850835.937935 1764851017.2954838
1764851017.2955067 1764851286.2373204
1764851286.237339 1764851520.4506087
1764851520.4506314 1764851691.7040927
1764851691.7041154 1764851894.984356
1764851894.9843836 1764852079.2506993
1764852079.250722 1764852324.6151366
1764852324.6151578 1764852542.7038052
1764852542.7038243 1764852675.1096838
1764852675.1097066 1764852959.874033
1764852959.8740513 1764853194.758292
1764853194.7583148 1764853391.2065387
1764853391.2065618 1764853578.2825453
1764853578.2825677 1764853777.8371387
1764853777.8371618 1764853940.7455833
1764853940.7456076 1764854085.0503867
1764854085.0504057 1764854374.4288323
1764854374.4288545 1764854576.3573697
1764854576.3573918 1764854782.5616674
1764854782.561687 1764854925.281373
1764854925.2813952 1764855048.4596252
1764855048.4596431 1764855306.1806855
1764855306.1807094 1764855478.0117466
1764855478.0117688 1764855705.1053584
1764855705.1053762 1764855960.7626245
1764855960.7626479 1764856167.3254676
1764856167.325487 1764856393.2035549
1764856393.203578 1764856543.1650078
1764856543.1650271 1764856697.33189
1764856697.3319085 1764856936.8176942
1764856936.8177273 1764857106.0569203
