1764835669.5135994 1764835698.2363336
1764835698.2363598 1764835784.0431378
1764835784.0431576 1764836009.9024572
1764836009.9024756 1764836195.527955
1764836195.5279775 1764836376.2521
1764836376.2521236 1764836505.6216817
1764836505.6217 1764836681.5486913
1764836681.548715 1764836776.203116
1764836776.2031393 1764837210.660108
1764837210.6601262 1764837453.77661
1764837453.776631 1764837716.99847
1764837716.9984908 1764837961.6168768
1764837961.616901 1764838145.129856
1764838145.1298788 1764838299.6073296
1764838299.6073518 1764838513.7385812
1764838513.7386 1764838814.823463
1764838814.8234868 1764839005.561483
1764839005.5615056 1764839270.9457622
1764839270.9457867 1764839414.5365224
1764839414.5365455 1764839593.0715876
1764839593.071607 1764839819.9432259
1764839819.9432497 1764840198.8413427
1764840198.8413646 1764840437.8166966
1764840437.8167183 1764840682.2210338
1764840682.2210526 1764840828.385879
1764840828.385902 1764841019.6591637
1764841019.659186 1764841163.496851
1764841163.4968698 1764841331.371192
1764841331.3712113 1764841580.0462842
1764841580.0463083 1764841735.8954272
1764841735.8954475 1764841951.674692
1764841951.6747158 1764842188.9605246
1764842188.960543 1764842499.5311623
1764842499.5311856 1764842781.4915214
1764842781.4915442 1764842987.5537813
1764842987.5538032 1764843112.6424215
1764843112.6424408 1764843255.5781999
1764843255.578223 1764843499.4126894
1764843499.412713 1764843829.9241185
1764843829.9241414 1764844027.622294
1764844027.6223173 1764844315.1845396
1764844315.1845646 1764844623.6667862
1764844623.6668088 1764844950.7637851
1764844950.7638104 1764845163.918175
1764845163.9182029 1764845325.5061035
1764845325.5061264 1764845535.4704874
1764845535.4705071 1764845732.6998672
1764845732.6998916 1764845965.6359997
1764845965.6360233 1764846196.4125838
1764846196.4126036 1764846370.5386374
1764846370.5386684 1764846503.3197572
1764846503.3197763 1764846639.3833287
1764846639.383354 1764847075.423902
1764847075.4239259 1764847384.6198103
1764847384.6198328 1764847551.383442
1764847551.3834667 1764847631.7285447
1764847631.7285633 1764847847.3407326
1764847847.3407564 1764848201.124865
1764848201.1248882 1764848579.0416021
1764848579.0416257 1764848708.9581096
1764848708.9581428 1764848991.8747408
1764848991.8747654 1764849175.708627
1764849175.7086453 1764849384.5291905
1764849384.5292125 1764849590.785252
1764849590.785276 1764849776.5981727
1764849776.5981925 1764849971.6670043
1764849971.6670291 1764850120.1173344
1764850120.1173577 1764850583.1189373
1764850583.1189623 1764850808.0906951
1764850808.0907192 1764851126.5689127
1764851126.5689373 1764851317.8149853
1764851317.8150063 1764851534.5230742
1764851534.5230982 1764851692.0541322
1764851692.0541506 1764851906.4705234
1764851906.470548 1764852167.0688457
1764852167.06887 1764852325.4501421
1764852325.4501657 1764852541.8292458
1764852541.8292694 1764852679.3247447
1764852679.3247662 1764852997.5963018
1764852997.5963273 1764853203.0405033
1764853203.040527 1764853385.2072632
1764853385.207282 1764853593.0106673
1764853593.0106924 1764853717.5662553
1764853717.5662777 1764853943.2428591
1764853943.2428837 1764854116.5124235
1764854116.512448 1764854393.6817605
1764854393.6817813 1764854557.4767442
1764854557.4767678 1764854749.6464782
1764854749.6465015 1764854897.1386535
1764854897.1386747 1764855067.610268
1764855067.610288 1764855286.4142213
1764855286.414245 1764855487.0700655
1764855487.070089 1764855721.7448132
1764855721.7448368 1764855960.908504
1764855960.9085288 1764856153.9708166
1764856153.9708443 1764856347.1022146
1764856347.1022377 1764856505.761989
1764856505.762008 1764856692.710793
1764856692.710817 1764856882.1606195
1764856882.1606429 1764857092.83628
