1766329553.4807703 1766330444.5905602
1766330444.5905843 1766331025.300655
1766331025.3006783 1766331665.1704624
1766331665.1704893 1766332322.6835213
1766332322.6835628 1766332917.5759513
1766332917.5759778 1766333394.1055877
1766333394.1056125 1766333890.7256417
1766333890.7256672 1766334554.2947106
1766334554.2947342 1766335222.0225754
1766335222.0226 1766335755.4135556
1766335755.4135857 1766336288.5546281
1766336288.5546534 1766336930.0841932
1766336930.084219 1766337603.112
1766337603.1120245 1766338102.210319
1766338102.210344 1766338616.7628775
1766338616.7629035 1766339265.7692266
1766339265.7692513 1766340028.6496906
1766340028.6497152 1766340587.5197356
1766340587.5197608 1766340977.3210347
1766340977.321054 1766341803.4552295
1766341803.4552553 1766342429.759665
1766342429.75969 1766342853.6911147
1766342853.691139 1766343644.5333307
1766343644.5333562 1766344136.387265
1766344136.3872895 1766344881.2995405
1766344881.2995656 1766345355.3779573
1766345355.377983 1766346192.7539442
1766346192.7539685 1766346804.270571
1766346804.2705956 1766347257.9841473
1766347257.9841716 1766348088.7424428
1766348088.7424788 1766348661.189005
1766348661.1890306 1766349199.5158412
1766349199.515866 1766349647.2606523
1766349647.2606788 1766350373.077065
1766350373.0770898 1766350855.7488706
1766350855.7488952 1766351518.3873012
1766351518.3873267 1766352200.2592897
1766352200.2593155 1766352642.5370836
1766352642.5371091 1766353343.2391381
1766353343.2391627 1766353990.419757
1766353990.4197826 1766354458.1906295
1766354458.1906545 1766355281.0334883
1766355281.0335138 1766355918.227932
1766355918.2279558 1766356213.2940977
1766356213.2941234 1766357212.126663
1766357212.126689 1766357740.9237032
1766357740.9237309 1766358457.477633
1766358457.477661 1766358841.1618683
1766358841.1618943 1766359594.5698524
1766359594.5698771 1766359993.3618624
1766359993.3618996 1766360803.7734313
1766360803.7734559 1766361154.5363529
1766361154.5363786 1766361857.5089102
1766361857.5089352 1766362562.3117461
1766362562.311771 1766363100.3946972
1766363100.3947241 1766363832.9199104
1766363832.9199362 1766364448.1012855
1766364448.1013103 1766365125.6337159
1766365125.6337419 1766365797.5249293
1766365797.524954 1766366222.506488
1766366222.506513 1766366899.5692232
1766366899.5692484 1766367554.1219778
1766367554.1220026 1766368101.8675036
1766368101.8675292 1766368736.160664
1766368736.1606908 1766369239.3666868
1766369239.366712 1766369987.9313724
1766369987.9313974 1766370689.5230875
1766370689.523113 1766371041.8059232
1766371041.8059716 1766371879.2782638
1766371879.2782876 1766372280.1889598
1766372280.1889849 1766373212.1553304
1766373212.155355 1766373800.5153291
1766373800.515356 1766374438.8510273
1766374438.851052 1766374926.6613283
1766374926.6613536 1766375470.6821823
1766375470.6822066 1766376120.1103635
1766376120.1103892 1766376738.6598895
1766376738.6599147 1766377369.0982912
1766377369.098316 1766377801.9727926
1766377801.9728172 1766378561.1476226
1766378561.147647 1766379090.4920251
1766379090.492051 1766379728.1543763
1766379728.154401 1766380236.0734847
1766380236.0735075 1766380964.635792
1766380964.635817 1766381345.787819
1766381345.7878432 1766381981.4651685
1766381981.4651937 1766382491.6612227
1766382491.661247 1766383140.8997006
1766383140.8997264 1766383619.5512304
1766383619.5512552 1766384441.3699229
1766384441.3699477 1766384904.3629184
1766384904.362944 1766385594.5413406
1766385594.541366 1766386246.594032
1766386246.5940573 1766386830.7994487
1766386830.7994738 1766387339.173258
1766387339.1732833 1766388073.860731
1766388073.8607557 1766388666.388217
1766388666.388243 1766389264.0819986
1766389264.0820248 1766389772.4100592
1766389772.4100873 1766390549.0369482
