1766329631.088946 1766330453.8718424
1766330453.8718672 1766331007.4823897
1766331007.4824152 1766331641.357548
1766331641.3575718 1766332256.5701964
1766332256.5702205 1766332904.690344
1766332904.6903687 1766333321.94583
1766333321.9458544 1766334024.386241
1766334024.386274 1766334527.169069
1766334527.1690934 1766335103.7492523
1766335103.7492785 1766335746.004291
1766335746.004321 1766336335.3790982
1766336335.379122 1766337063.048782
1766337063.0488062 1766337606.4526432
1766337606.4526672 1766338197.3611412
1766338197.361167 1766338767.9855943
1766338767.9856193 1766339426.586302
1766339426.5863247 1766340028.5179842
1766340028.5180106 1766340605.4512439
1766340605.4512687 1766341315.487802
1766341315.4878263 1766341836.1983752
1766341836.1983993 1766342368.9582067
1766342368.9582312 1766342964.3999767
1766342964.4000013 1766343555.7559557
1766343555.75598 1766344291.3477654
1766344291.34779 1766344833.2989461
1766344833.2989705 1766345516.1991036
1766345516.1991272 1766345964.110269
1766345964.1102896 1766346756.6382635
1766346756.6382873 1766347536.4174054
1766347536.4174297 1766347959.1407413
1766347959.1407669 1766348653.3452191
1766348653.345244 1766349108.462592
1766349108.462616 1766349868.23986
1766349868.2421587 1766350399.8179562
1766350399.81798 1766350730.8616037
1766350730.8616276 1766351563.5279522
1766351563.5279758 1766352201.9354076
1766352201.9354308 1766352506.7627745
1766352506.7627988 1766353367.0550256
1766353367.082449 1766354013.207478
1766354013.2342715 1766354585.7448084
1766354585.7448313 1766355223.776321
1766355223.8036811 1766355718.936504
1766355718.9497921 1766356483.997769
1766356483.9977963 1766357193.6462746
1766357193.6462986 1766357659.2691934
1766357659.2714958 1766358296.4653776
1766358296.4676301 1766358947.186575
1766358947.1868966 1766359516.5652728
1766359516.5675814 1766360124.5783842
1766360124.6223335 1766360743.4192579
1766360743.4198985 1766361376.458286
1766361376.4583127 1766361931.464453
1766361931.4646528 1766362395.352279
1766362395.3524544 1766363171.593646
1766363171.5936737 1766363854.1499739
1766363854.1499977 1766364534.7092352
1766364534.7094898 1766365181.9668887
1766365181.9669132 1766365858.7143776
1766365858.714402 1766366230.1810193
1766366230.1810439 1766366953.089974
1766366953.0899992 1766367548.9228513
1766367548.9231176 1766368016.861378
1766368016.8614168 1766368696.3413913
1766368696.3414164 1766369308.7943168
1766369308.7943413 1766369876.0356133
1766369876.0500011 1766370390.7216015
1766370390.7216284 1766371339.5232034
1766371339.5234005 1766371875.2326612
1766371875.2326856 1766372374.0753117
1766372374.0831118 1766373224.1863093
1766373224.1863375 1766373775.3996973
1766373775.404778 1766374280.251157
1766374280.2565665 1766374951.1537342
1766374951.1537604 1766375539.7502637
1766375539.7502875 1766376091.8789346
1766376091.8789597 1766376666.1199627
1766376666.1307712 1766377416.3579626
1766377416.3579872 1766377928.232875
1766377928.2328997 1766378498.8209493
1766378498.8209743 1766379168.8269746
1766379168.8270018 1766379758.4156992
1766379758.422569 1766380232.794521
1766380232.7947671 1766380815.1234982
1766380815.1288972 1766381534.7704136
1766381534.7704732 1766382021.1502316
1766382021.1502566 1766382558.6379998
1766382558.6501656 1766383156.882933
1766383156.907692 1766383576.728966
1766383576.7290077 1766384521.5514874
1766384521.5516937 1766384829.152829
1766384829.1528645 1766385607.4745111
1766385607.5046794 1766386190.2651412
1766386190.2653704 1766386748.1296244
1766386748.1447053 1766387420.310671
1766387420.311159 1766388084.0524702
1766388084.069006 1766388704.7107968
1766388704.710821 1766389187.0567582
1766389187.056783 1766389889.1575844
1766389889.1576102 1766390505.2592244
