1776605745.3193824 1776605776.4905505
1776605776.4905763 1776605815.179306
1776605815.1793377 1776605846.5163248
1776605846.516363 1776605877.8442812
1776605877.8443074 1776605911.4987454
1776605911.4987655 1776605940.7580912
1776605940.7581167 1776605970.6724477
1776605970.6724687 1776606004.1470225
1776606004.1470633 1776606033.534672
1776606033.534696 1776606067.6286817
1776606067.6287022 1776606101.8719497
1776606101.8719761 1776606128.218731
1776606128.218747 1776606167.4521308
1776606167.4521542 1776606203.9501135
1776606203.9501314 1776606246.5685773
1776606246.5686007 1776606293.7184446
1776606293.7184625 1776606328.934592
1776606328.9346168 1776606367.3078558
1776606367.3078775 1776606407.1939855
1776606407.1940095 1776606447.9039946
1776606447.9040117 1776606487.1504626
1776606487.1504848 1776606524.9837682
1776606524.9837885 1776606566.428681
1776606566.4287024 1776606607.9030538
1776606607.9030738 1776606654.3052495
1776606654.3052738 1776606704.7249682
1776606704.7249866 1776606748.814212
1776606748.814239 1776606787.9116418
1776606787.91166 1776606826.0993185
1776606826.0993428 1776606869.6635349
1776606869.663555 1776606902.1920884
1776606902.1921062 1776606950.9869993
1776606950.987024 1776606994.9827037
1776606994.9827213 1776607033.1543424
1776607033.1543646 1776607078.4772575
1776607078.4772763 1776607126.2014785
1776607126.2015 1776607169.0799377
1776607169.079962 1776607213.7828138
1776607213.7828321 1776607255.7768672
1776607255.7768924 1776607303.206809
1776607303.206827 1776607328.976417
1776607328.9764407 1776607357.8020196
1776607357.8020382 1776607384.1248486
1776607384.1248722 1776607420.5762348
1776607420.5762527 1776607449.5256355
1776607449.5256584 1776607480.721912
1776607480.721933 1776607505.6005282
1776607505.6005485 1776607543.1927722
1776607543.192799 1776607570.2754765
1776607570.2755003 1776607597.6304736
1776607597.6304908 1776607631.584429
1776607631.5844533 1776607666.6846557
1776607666.684676 1776607700.1598272
1776607700.1598516 1776607727.6406734
1776607727.6406908 1776607753.6634576
1776607753.6634817 1776607783.7272916
1776607783.7273102 1776607814.0324028
1776607814.0324235 1776607840.6368113
1776607840.6368313 1776607874.0514812
1776607874.051507 1776607906.5228856
1776607906.5229068 1776607934.606965
1776607934.6069865 1776607968.3151429
1776607968.3151631 1776607998.655696
1776607998.6557114 1776608025.8597455
1776608025.8597698 1776608058.186042
1776608058.1860592 1776608088.437795
1776608088.4378135 1776608118.2308223
1776608118.2308452 1776608149.499426
1776608149.499444 1776608172.398535
1776608172.3985596 1776608218.5137088
1776608218.5137272 1776608263.5296876
1776608263.5297494 1776608299.9042294
1776608299.904251 1776608342.9019213
1776608342.9019454 1776608389.5276432
1776608389.5276678 1776608437.7814505
1776608437.7814708 1776608489.1082354
1776608489.1082547 1776608536.595538
1776608536.5955634 1776608579.209379
1776608579.2093968 1776608628.2032323
1776608628.203252 1776608677.0588472
1776608677.0588706 1776608718.652947
1776608718.6529677 1776608756.553192
1776608756.5532112 1776608783.4065456
1776608783.40657 1776608820.7443717
1776608820.7443912 1776608849.3398356
1776608849.3398592 1776608884.3211873
1776608884.3212063 1776608915.5362663
1776608915.53629 1776608946.602178
1776608946.6021965 1776608982.8185756
1776608982.8185961 1776609011.4927592
1776609011.492782 1776609043.0156379
1776609043.015657 1776609078.1021514
1776609078.102171 1776609100.738431
1776609100.738454 1776609145.198709
1776609145.1987276 1776609181.3978033
1776609181.3978224 1776609209.572088
1776609209.5721107 1776609242.1988416
1776609242.1988592 1776609278.9434412
1776609278.9434664 1776609319.705125
1776609319.705143 1776609359.6277559
