1764594617.1815355 1764594810.3919725
1764594810.391998 1764595033.856748
1764595033.856774 1764595317.0881526
1764595317.0881782 1764595520.5559177
1764595520.555938 1764595754.9253805
1764595754.9254048 1764595896.3700216
1764595896.3700411 1764596134.386537
1764596134.386561 1764596495.4014094
1764596495.4014292 1764596710.6334288
1764596710.6334546 1764596936.051053
1764596936.0510728 1764597282.9714003
1764597282.9714243 1764597434.3498652
1764597434.3498855 1764597595.557605
1764597595.55763 1764597805.353448
1764597805.3534706 1764597997.564992
1764597997.5650132 1764598300.1151931
1764598300.115218 1764598374.9404805
1764598374.9405017 1764598559.7711952
1764598559.7712145 1764598838.069069
1764598838.0690935 1764599132.0028274
1764599132.0028605 1764599326.7571566
1764599326.7571812 1764599535.665209
1764599535.665229 1764599794.4689627
1764599794.4689872 1764599923.012835
1764599923.01286 1764600120.5640316
1764600120.5640569 1764600267.5059168
1764600267.5059366 1764600460.530257
1764600460.5302818 1764600748.659168
1764600748.6591935 1764600886.140337
1764600886.1403556 1764601113.754986
1764601113.7550118 1764601398.000037
1764601398.0000618 1764601580.863108
1764601580.8631332 1764601835.747412
1764601835.747436 1764602040.1596103
1764602040.1596296 1764602235.5602314
1764602235.5602562 1764602399.833698
1764602399.8337176 1764602582.5916762
1764602582.5917027 1764602823.9450374
1764602823.9450629 1764602968.2024798
1764602968.2024987 1764603135.444096
1764603135.4441178 1764603433.205109
1764603433.2051346 1764603621.0490043
1764603621.0490286 1764603808.855974
1764603808.856 1764604072.0143867
1764604072.014412 1764604217.7868047
1764604217.7868257 1764604385.571313
1764604385.5713372 1764604595.9775264
1764604595.977553 1764604822.1270638
1764604822.127085 1764605107.2899199
1764605107.2899468 1764605293.1300755
1764605293.1301005 1764605420.6327217
1764605420.6327424 1764605786.9102058
1764605786.9102323 1764606111.0734837
1764606111.073509 1764606253.2985425
1764606253.2985666 1764606506.40508
1764606506.4051006 1764606701.0743876
1764606701.0744123 1764606854.705778
1764606854.7058032 1764607025.7946856
1764607025.7947109 1764607150.8219407
1764607150.8219683 1764607302.1514447
1764607302.1514707 1764607504.2205741
1764607504.2206006 1764607653.186268
1764607653.1862853 1764607744.7008293
1764607744.700855 1764607906.8873203
1764607906.88734 1764608148.4129128
1764608148.4129403 1764608514.9877965
1764608514.9878228 1764608765.732081
1764608765.7321055 1764608881.3832161
1764608881.3832352 1764609138.6790123
1764609138.6790402 1764609332.452833
1764609332.452864 1764609547.0809348
1764609547.0809567 1764609636.8070023
1764609636.8070283 1764609900.2289014
1764609900.2289217 1764610144.3670714
1764610144.3670971 1764610433.7430682
1764610433.7430944 1764610647.08717
1764610647.0872025 1764610781.4748962
1764610781.4749207 1764610947.0515733
1764610947.051596 1764611116.193424
1764611116.1934507 1764611217.3435352
1764611217.3435557 1764611397.7799273
1764611397.7799532 1764611567.4973428
1764611567.4973705 1764611750.8252313
1764611750.825257 1764611911.799096
1764611911.7991219 1764612142.2078528
1764612142.2078738 1764612372.0239086
1764612372.023934 1764612588.6900427
1764612588.6900628 1764612946.061764
1764612946.0617914 1764613139.683869
1764613139.6838946 1764613314.973661
1764613314.9736865 1764613546.0620065
1764613546.0620315 1764613732.2704046
1764613732.270432 1764613921.1527746
1764613921.1527977 1764614108.0534139
1764614108.0534403 1764614263.9899921
1764614263.9900193 1764614342.0014143
1764614342.0014338 1764614559.1674244
1764614559.167445 1764614923.4106228
1764614923.4106486 1764615050.1788285
1764615050.1788628 1764615338.3563092
