1764594635.4157798 1764594840.4199228
1764594840.4199455 1764595015.9345253
1764595015.934548 1764595263.9805453
1764595263.9805672 1764595522.2121265
1764595522.2121475 1764595752.3340235
1764595752.3340454 1764595944.7496655
1764595944.7496874 1764596125.5836537
1764596125.583675 1764596487.609184
1764596487.6092064 1764596675.0164013
1764596675.0164232 1764596991.2135258
1764596991.2135496 1764597166.985315
1764597166.9853365 1764597392.8158548
1764597392.8158722 1764597547.5109627
1764597547.510986 1764597789.350984
1764597789.3510013 1764598005.4928486
1764598005.4928718 1764598288.6048841
1764598288.604906 1764598419.6557567
1764598419.655779 1764598559.5354762
1764598559.5354948 1764598909.008898
1764598909.0089197 1764599146.1686566
1764599146.1686795 1764599310.5020792
1764599310.5021014 1764599541.3684325
1764599541.3684494 1764599796.466075
1764599796.4660969 1764599936.9519632
1764599936.9519825 1764600142.70482
1764600142.704841 1764600269.4976213
1764600269.49764 1764600556.786867
1764600556.7868896 1764600717.3385723
1764600717.3385906 1764600841.6791039
1764600841.6791253 1764601055.8286676
1764601055.8286865 1764601397.1410196
1764601397.1410418 1764601522.8576705
1764601522.8576927 1764601705.3913007
1764601705.3913188 1764601988.78085
1764601988.780871 1764602289.2085
1764602289.2085173 1764602427.7588105
1764602427.758832 1764602568.938866
1764602568.9388878 1764602702.3546352
1764602702.3546548 1764603036.929882
1764603036.929906 1764603133.8760118
1764603133.8760278 1764603401.060026
1764603401.0600483 1764603585.183857
1764603585.1838741 1764603777.0870092
1764603777.0870335 1764604064.7854824
1764604064.7855053 1764604229.6894796
1764604229.689497 1764604342.4255714
1764604342.4255896 1764604507.757198
1764604507.757227 1764604848.9104881
1764604848.9105065 1764605131.8540952
1764605131.8541176 1764605314.632008
1764605314.6320314 1764605429.2844012
1764605429.2844174 1764605814.819878
1764605814.819901 1764606096.9250042
1764606096.9250267 1764606251.3988478
1764606251.3988655 1764606493.3323102
1764606493.3323333 1764606689.8089347
1764606689.8089538 1764606858.4544597
1764606858.4544833 1764607025.702892
1764607025.7029102 1764607127.9011981
1764607127.9012167 1764607278.0128756
1764607278.0128973 1764607471.963859
1764607471.9638817 1764607596.1989443
1764607596.1989632 1764607788.7874348
1764607788.7874565 1764607908.230495
1764607908.2305121 1764608127.6750872
1764608127.6751094 1764608511.9478035
1764608511.9478223 1764608742.2335484
1764608742.233571 1764608958.456526
1764608958.456545 1764609218.5937235
1764609218.5937471 1764609320.3509843
1764609320.35101 1764609534.0993402
1764609534.0993648 1764609815.9553583
1764609815.955382 1764609922.2896955
1764609922.2897136 1764610203.625407
1764610203.62543 1764610426.7597857
1764610426.7598093 1764610672.6029413
1764610672.6029649 1764610801.9251451
1764610801.925167 1764610943.990872
1764610943.9908934 1764611114.4805827
1764611114.4806008 1764611226.8645744
1764611226.8645947 1764611408.6941855
1764611408.6942072 1764611536.2588775
1764611536.258901 1764611725.3322299
1764611725.3322518 1764611935.9162204
1764611935.9162412 1764612267.9511855
1764612267.9512095 1764612417.089692
1764612417.0897112 1764612716.5270987
1764612716.5271213 1764612912.2975984
1764612912.297622 1764613125.770827
1764613125.7708533 1764613307.0912552
1764613307.0912743 1764613557.2714128
1764613557.2714353 1764613738.218373
1764613738.2183971 1764613891.6799893
1764613891.6800113 1764614118.4957635
1764614118.4957857 1764614286.4756267
1764614286.4756455 1764614440.1321065
1764614440.1321256 1764614659.7375407
1764614659.7375631 1764614924.6089978
1764614924.6090212 1764615204.87049
1764615204.8705132 1764615414.5734456
