1764594511.6689205 1764594801.2733555
1764594801.273375 1764595055.4107563
1764595055.4107769 1764595192.7282712
1764595192.728292 1764595458.3581
1764595458.3581183 1764595686.9747531
1764595686.9747753 1764595988.1081536
1764595988.1081822 1764596237.0906186
1764596237.0906405 1764596361.486075
1764596361.486097 1764596645.2060702
1764596645.2060895 1764596871.6193347
1764596871.6193564 1764597305.775813
1764597305.7758427 1764597399.9961605
1764597399.99618 1764597545.588318
1764597545.5883355 1764597724.0347197
1764597724.0347385 1764597971.8193889
1764597971.819412 1764598300.9781003
1764598300.9781232 1764598460.171625
1764598460.1716483 1764598560.0713696
1764598560.0713894 1764598856.1796536
1764598856.1796756 1764599125.9360764
1764599125.9360979 1764599318.037928
1764599318.0379503 1764599531.440384
1764599531.4404063 1764599802.100842
1764599802.1008632 1764599923.542805
1764599923.5428233 1764600125.5107205
1764600125.5107431 1764600272.9921138
1764600272.9921331 1764600554.6211028
1764600554.6211255 1764600697.0427732
1764600697.042792 1764600845.350918
1764600845.3509386 1764601031.0105946
1764601031.010613 1764601321.5544508
1764601321.5544727 1764601550.8309228
1764601550.8309438 1764601784.2774951
1764601784.2775173 1764602054.4395065
1764602054.4395254 1764602227.6056144
1764602227.6056361 1764602429.0461693
1764602429.0461907 1764602567.9586527
1764602567.958672 1764602827.1471846
1764602827.1472092 1764602925.7346253
1764602925.7346456 1764603131.5137165
1764603131.5137348 1764603461.15609
1764603461.156112 1764603629.803408
1764603629.80343 1764603809.34589
1764603809.3459089 1764603995.226519
1764603995.2265406 1764604225.3107746
1764604225.3107972 1764604338.1778667
1764604338.1778836 1764604583.7537825
1764604583.7538059 1764604873.9890006
1764604873.9890237 1764605107.8483388
1764605107.8483567 1764605317.414943
1764605317.414967 1764605419.2446349
1764605419.2446542 1764605652.125555
1764605652.1255736 1764606125.6410513
1764606125.6410742 1764606247.1296425
1764606247.1296666 1764606540.4560208
1764606540.4560442 1764606690.4833686
1764606690.4833858 1764606858.1519268
1764606858.1519492 1764607024.6083527
1764607024.6083755 1764607171.0247247
1764607171.024744 1764607321.9854448
1764607321.9854674 1764607455.7922132
1764607455.7922373 1764607632.1311917
1764607632.131209 1764607814.6701062
1764607814.67013 1764607983.1788719
1764607983.1788955 1764608246.9719052
1764608246.9719276 1764608381.2574394
1764608381.257458 1764608715.2725508
1764608715.272574 1764608876.892649
1764608876.892672 1764609150.1596637
1764609150.1596823 1764609320.6286194
1764609320.6286428 1764609525.7761672
1764609525.7761917 1764609807.7080646
1764609807.7080889 1764609939.0339775
1764609939.033998 1764610184.4350414
1764610184.4350653 1764610424.7935417
1764610424.7935638 1764610634.1077962
1764610634.1078212 1764610850.8193173
1764610850.81934 1764610970.5460927
1764610970.5461123 1764611079.4743667
1764611079.47439 1764611204.900907
1764611204.9009242 1764611355.2805884
1764611355.280612 1764611554.1395524
1764611554.1395714 1764611728.399682
1764611728.3997047 1764611896.6438408
1764611896.6438632 1764612172.0834486
1764612172.083467 1764612454.4724197
1764612454.4724433 1764612689.8230393
1764612689.823063 1764612964.557291
1764612964.557315 1764613137.0251813
1764613137.0251994 1764613266.2709086
1764613266.2709332 1764613480.22122
1764613480.2212377 1764613665.4165075
1764613665.416531 1764613964.4462996
1764613964.446322 1764614118.869904
1764614118.8699245 1764614289.216671
1764614289.216693 1764614417.5044868
1764614417.5045106 1764614560.0347984
1764614560.0348158 1764614825.1880057
1764614825.1880295 1764615195.2747445
1764615195.2747688 1764615363.8076644
