1764594642.9631896 1764594815.9090774
1764594815.9091005 1764595015.4942029
1764595015.4942253 1764595278.4699934
1764595278.4700098 1764595488.6754925
1764595488.6755145 1764595742.184145
1764595742.1841667 1764595969.8530262
1764595969.8530471 1764596238.1999824
1764596238.200005 1764596415.3971891
1764596415.3972106 1764596598.0774946
1764596598.0775127 1764596831.1385353
1764596831.1385517 1764597149.2731252
1764597149.2731462 1764597398.2387428
1764597398.2387595 1764597549.1231225
1764597549.1231391 1764597715.858677
1764597715.8586988 1764597886.7764564
1764597886.776474 1764598260.1779854
1764598260.1780071 1764598458.9524834
1764598458.952504 1764598638.0565934
1764598638.0566108 1764598802.2773461
1764598802.2773678 1764599076.2675016
1764599076.2675188 1764599315.5607035
1764599315.560725 1764599545.4739423
1764599545.4739645 1764599758.7273486
1764599758.727366 1764599923.736966
1764599923.736991 1764600142.6941154
1764600142.694147 1764600279.6934245
1764600279.693446 1764600530.1951113
1764600530.195131 1764600697.7547717
1764600697.754789 1764600892.2251027
1764600892.2251258 1764601091.2342315
1764601091.2342484 1764601302.0867105
1764601302.0867324 1764601566.870108
1764601566.8701289 1764601821.2741401
1764601821.2741606 1764602098.0923586
1764602098.0923817 1764602249.468099
1764602249.4681158 1764602392.9575813
1764602392.957603 1764602579.6722322
1764602579.6722488 1764602819.6771245
1764602819.6771476 1764602967.4435656
1764602967.4435837 1764603138.6338372
1764603138.6338584 1764603433.572073
1764603433.5720909 1764603662.2282696
1764603662.228292 1764603824.072382
1764603824.0723987 1764604067.221203
1764604067.2212257 1764604223.7601867
1764604223.760204 1764604383.3321497
1764604383.3321676 1764604599.6270282
1764604599.6270502 1764604795.5341673
1764604795.53419 1764605094.5971334
1764605094.597149 1764605265.5054824
1764605265.5055046 1764605478.9357865
1764605478.9358037 1764605790.2601185
1764605790.260142 1764606099.7598503
1764606099.7598808 1764606310.668285
1764606310.6683025 1764606532.0614731
1764606532.0614948 1764606680.4104893
1764606680.4105065 1764606857.6971548
1764606857.6971767 1764607006.2419116
1764607006.2419283 1764607161.5220318
1764607161.5220537 1764607321.3100705
1764607321.3100884 1764607494.8872252
1764607494.887247 1764607647.0103378
1764607647.0103564 1764607812.3058946
1764607812.305916 1764607909.8419378
1764607909.8419595 1764608129.5711937
1764608129.5712118 1764608489.2857103
1764608489.2857327 1764608759.304061
1764608759.304084 1764608980.6060925
1764608980.606117 1764609220.867362
1764609220.8673844 1764609320.6797452
1764609320.6797626 1764609496.9960697
1764609496.9960907 1764609820.8713982
1764609820.871421 1764609930.6814291
1764609930.6814463 1764610223.8277767
1764610223.8277993 1764610381.3227952
1764610381.3228135 1764610681.8304145
1764610681.8304374 1764610823.6998131
1764610823.6998305 1764610987.0689456
1764610987.0689692 1764611114.463452
1764611114.4634697 1764611208.9526956
1764611208.952713 1764611380.8261163
1764611380.8261395 1764611569.0313597
1764611569.0313785 1764611693.8368433
1764611693.8368664 1764611981.4650373
1764611981.4650562 1764612249.3044467
1764612249.3044698 1764612446.7529504
1764612446.7529728 1764612645.2316148
1764612645.2316318 1764612953.0444329
1764612953.044457 1764613095.6165383
1764613095.61656 1764613301.2543073
1764613301.254325 1764613540.0389397
1764613540.0389636 1764613744.8643174
1764613744.8643398 1764613905.289111
1764613905.2891288 1764614084.1082602
1764614084.1082816 1764614223.0874326
1764614223.0874496 1764614443.3484263
1764614443.3484504 1764614602.8551297
1764614602.8551474 1764614918.4902055
1764614918.4902277 1764615131.12925
1764615131.129268 1764615350.0029597
