1762699553.3598816 1762699585.2443404
1762699585.2443633 1762699611.4304435
1762699611.4304829 1762699638.0201476
1762699638.020174 1762699663.5312374
1762699663.531258 1762699688.3043997
1762699688.304425 1762699713.6471186
1762699713.6471398 1762699741.9320052
1762699741.93203 1762699764.334955
1762699764.334983 1762699789.2005844
1762699789.2006044 1762699809.7029364
1762699809.7029693 1762699834.5658832
1762699834.5659046 1762699852.577916
1762699852.5779588 1762699888.9968522
1762699888.9969077 1762699909.2183187
1762699909.2183383 1762699935.4702177
1762699935.4702423 1762699966.1576796
1762699966.1576974 1762700002.0901418
1762700002.0901663 1762700030.6562026
1762700030.6562274 1762700057.2110028
1762700057.21103 1762700087.2941756
1762700087.2941957 1762700118.940795
1762700118.9408295 1762700152.8103285
1762700152.8103523 1762700183.3956215
1762700183.395652 1762700213.1267734
1762700213.1267922 1762700238.3066523
1762700238.3066764 1762700259.8050933
1762700259.8051226 1762700286.6777484
1762700286.6777782 1762700311.828609
1762700311.8286424 1762700335.9514127
1762700335.9514415 1762700366.805187
1762700366.8052094 1762700392.291164
1762700392.291185 1762700416.8234499
1762700416.823474 1762700443.7508361
1762700443.7508593 1762700477.5857046
1762700477.5857422 1762700512.0853345
1762700512.085361 1762700543.6998107
1762700543.6998312 1762700570.0994868
1762700570.0995085 1762700604.563454
1762700604.5634801 1762700632.4386742
1762700632.438696 1762700655.902565
1762700655.9026403 1762700680.357081
1762700680.3571045 1762700713.6798844
1762700713.679908 1762700748.4292312
1762700748.4292629 1762700768.4214685
1762700768.4214861 1762700804.5057583
1762700804.5057886 1762700827.5800622
1762700827.580088 1762700857.7195537
1762700857.71959 1762700896.6230476
1762700896.6230729 1762700929.7318223
1762700929.7318478 1762700952.631725
1762700952.631749 1762700975.9589698
1762700975.958996 1762701006.6511598
1762701006.6511884 1762701028.5545704
1762701028.5545938 1762701050.4608405
1762701050.4608748 1762701079.7278056
1762701079.7278345 1762701104.0621495
1762701104.0621703 1762701128.6359744
1762701128.636013 1762701152.0000763
1762701152.0001044 1762701178.3663216
1762701178.366345 1762701196.8702927
1762701196.8703141 1762701222.02338
1762701222.023409 1762701249.7246544
1762701249.7246833 1762701276.1353376
1762701276.1353657 1762701293.937133
1762701293.9371521 1762701328.2261174
1762701328.2261448 1762701355.7054262
1762701355.7054513 1762701375.6233728
1762701375.6233995 1762701401.8210678
1762701401.8210928 1762701427.7447774
1762701427.7448106 1762701451.6173766
1762701451.617402 1762701482.995085
1762701482.995118 1762701520.1316967
1762701520.1317215 1762701558.6712978
1762701558.6713333 1762701596.188396
1762701596.1884162 1762701622.8045413
1762701622.804568 1762701655.2116697
1762701655.2116923 1762701686.463103
1762701686.4631283 1762701713.7914882
1762701713.7915158 1762701736.0792348
1762701736.079259 1762701767.101602
1762701767.101628 1762701790.426867
1762701790.42689 1762701816.902432
1762701816.9024603 1762701837.423266
1762701837.4232843 1762701864.5153034
1762701864.5153294 1762701895.9503672
1762701895.9503946 1762701918.8098202
1762701918.8098423 1762701950.6568484
1762701950.6568735 1762701980.3614209
1762701980.3614461 1762702010.1333435
1762702010.133366 1762702025.4179678
1762702025.4179842 1762702060.7350926
1762702060.735119 1762702084.900519
1762702084.9005394 1762702110.7878866
1762702110.7879133 1762702137.7484286
1762702137.748453 1762702173.1903598
1762702173.190399 1762702200.4345994
1762702200.4346266 1762702226.0799112
1762702226.0799305 1762702256.7001805
1762702256.7002087 1762702284.8853257
1762702284.8853438 1762702312.0394907
