1753151692.6898603 1753151727.2895424
1753151727.2895744 1753151754.2853036
1753151754.2853234 1753151784.5976992
1753151784.597731 1753151815.6455636
1753151815.6455843 1753151848.06972
1753151848.0697594 1753151880.278809
1753151880.2788353 1753151904.3116193
1753151904.311645 1753151927.066463
1753151927.0664847 1753151962.1033895
1753151962.1034153 1753151996.3612728
1753151996.361291 1753152025.9142694
1753152025.9143078 1753152053.517754
1753152053.5177784 1753152074.9298263
1753152074.9298463 1753152105.0707448
1753152105.0707667 1753152136.6269684
1753152136.6269863 1753152160.3214476
1753152160.3214703 1753152186.7773705
1753152186.7773888 1753152219.6596715
1753152219.6596951 1753152245.3740969
1753152245.3741143 1753152275.587522
1753152275.5875542 1753152307.238606
1753152307.2386289 1753152337.5904875
1753152337.5905137 1753152366.0993598
1753152366.0993853 1753152397.9530654
1753152397.9530895 1753152425.6762855
1753152425.6763072 1753152456.6641629
1753152456.6641812 1753152487.007472
1753152487.0074952 1753152512.6420078
1753152512.6420302 1753152542.0133307
1753152542.0133567 1753152571.1975079
1753152571.1975262 1753152599.3997662
1753152599.399787 1753152631.008164
1753152631.0081918 1753152660.8914156
1753152660.8914347 1753152682.818472
1753152682.818491 1753152707.2311647
1753152707.2311819 1753152737.4797065
1753152737.4797294 1753152764.5466478
1753152764.5466654 1753152805.203375
1753152805.2033968 1753152833.8483
1753152833.8483224 1753152863.0888362
1753152863.0888557 1753152888.3591173
1753152888.359138 1753152916.3956952
1753152916.395715 1753152944.3446198
1753152944.344645 1753152972.3818662
1753152972.3818846 1753153000.7693086
1753153000.7693284 1753153034.1356332
1753153034.1356554 1753153064.5535955
1753153064.5536196 1753153092.3121505
1753153092.3121707 1753153124.6642206
1753153124.6642463 1753153153.8912556
1753153153.8912742 1753153182.0923243
1753153182.0923483 1753153210.6044285
1753153210.6044533 1753153235.904572
1753153235.9045908 1753153257.8720613
1753153257.8720863 1753153282.1274607
1753153282.1274815 1753153315.3832011
1753153315.3832204 1753153353.5866368
1753153353.5866632 1753153385.7350044
1753153385.7350292 1753153414.894738
1753153414.8947594 1753153446.53498
1753153446.5349984 1753153477.5155516
1753153477.515604 1753153505.9866877
1753153505.9867072 1753153531.4993632
1753153531.4993827 1753153565.3477361
1753153565.3477623 1753153594.1493952
1753153594.149419 1753153622.8619783
1753153622.8620028 1753153652.1921961
1753153652.1922183 1753153679.0434167
1753153679.0434337 1753153710.2232666
1753153710.223295 1753153743.8721752
1753153743.872196 1753153772.8207653
1753153772.820788 1753153809.4320853
1753153809.432103 1753153844.3130305
1753153844.313055 1753153877.5538847
1753153877.5539072 1753153908.1081564
1753153908.1081822 1753153941.284354
1753153941.2843764 1753153969.7429004
1753153969.7429237 1753154009.8535852
1753154009.8536053 1753154035.3799567
1753154035.379997 1753154070.6824386
1753154070.6824594 1753154097.4891338
1753154097.4891572 1753154126.6853852
1753154126.6854029 1753154152.0724752
1753154152.0725002 1753154177.00391
1753154177.0039294 1753154205.943777
1753154205.9437969 1753154235.060815
1753154235.0608644 1753154258.724423
1753154258.724442 1753154289.958094
1753154289.9581158 1753154320.1753225
1753154320.1753442 1753154348.5226672
1753154348.5226862 1753154378.428082
1753154378.428104 1753154404.2096455
1753154404.2096763 1753154430.1562827
1753154430.1563013 1753154458.501747
1753154458.501772 1753154486.7993069
1753154486.7993286 1753154518.8413887
1753154518.8414142 1753154550.3765662
1753154550.3765845 1753154579.5877087
1753154579.587754 1753154607.6969216
1753154607.6969442 1753154632.5446684
1753154632.544696 1753154656.1844893
1753154656.1845076 1753154690.7971206
1753154690.797142 1753154728.4671183
1753154728.467138 1753154768.939299
1753154768.9393198 1753154803.25152
1753154803.2515385 1753154829.2212288
1753154829.221254 1753154859.725669
1753154859.7256992 1753154889.161241
1753154889.1612685 1753154918.252851
1753154918.2528694 1753154954.1397462
1753154954.1397698 1753154982.5383112
1753154982.5383298 1753155008.322665
1753155008.3226845 1753155038.254781
1753155038.2548084 1753155063.6646593
1753155063.664681 1753155088.0120704
1753155088.0120983 1753155112.624111
1753155112.6241305 1753155139.1985261
1753155139.1985474 1753155162.469191
1753155162.4692247 1753155188.5355468
1753155188.5355706 1753155232.7683284
1753155232.7683558 1753155255.9286523
1753155255.9286723 1753155291.4129584
1753155291.4129786 1753155316.3325408
1753155316.3325675 1753155342.7852314
1753155342.7852495 1753155370.9729183
1753155370.9729416 1753155399.1235979
1753155399.123615 1753155427.1195478
1753155427.1195753 1753155458.6316535
1753155458.6316876 1753155486.213212
1753155486.213234 1753155511.4868884
1753155511.4869082 1753155536.8809896
1753155536.8810108 1753155577.2745287
1753155577.274549 1753155606.599878
1753155606.5998986 1753155632.335034
1753155632.3350573 1753155660.473622
1753155660.4736469 1753155689.3810701
1753155689.381096 1753155717.1877856
1753155717.1878088 1753155747.1005437
1753155747.100567 1753155777.997253
1753155777.997281 1753155808.0987358
1753155808.0987608 1753155839.3372
1753155839.3372211 1753155868.2340462
1753155868.2340674 1753155902.1301806
1753155902.1302073 1753155929.4129634
1753155929.412982 1753155966.496297
1753155966.4963245 1753156002.1575205
1753156002.1575432 1753156037.4303534
1753156037.4303772 1753156073.3874319
1753156073.3874497 1753156106.0675583
1753156106.0676079 1753156131.8159316
1753156131.8159497 1753156159.394626
1753156159.394647 1753156185.0918655
1753156185.091887 1753156220.2883623
1753156220.2883847 1753156250.3326745
1753156250.3327005 1753156284.114863
1753156284.1148849 1753156315.0082974
1753156315.0083241 1753156343.169867
1753156343.1698873 1753156373.5937665
1753156373.593795 1753156404.76225
1753156404.762272 1753156433.5517797
1753156433.5518036 1753156461.8060431
1753156461.8060637 1753156488.6989722
1753156488.698995 1753156523.2503884
1753156523.2504194 1753156554.0553973
1753156554.0554216 1753156587.2805548
1753156587.2805722 1753156615.711551
1753156615.71159 1753156651.026922
1753156651.0269432 1753156683.9292517
1753156683.9292724 1753156719.50073
1753156719.5007558 1753156752.053904
1753156752.0539305 1753156786.4857893
1753156786.4858139 1753156822.860948
1753156822.8609676 1753156854.7891185
1753156854.7891467 1753156886.1500719
1753156886.1500907 1753156920.6431165
1753156920.6431394 1753156951.771536
1753156951.771571 1753156979.2274985
1753156979.2275198 1753157006.3627965
1753157006.3628204 1753157037.6900442
1753157037.6900623 1753157065.2284124
1753157065.2284338 1753157098.44567
1753157098.4456942 1753157127.2472734
1753157127.24729 1753157166.7989204
1753157166.7989447 1753157204.4023826
1753157204.4024024 1753157235.534515
1753157235.5345373 1753157267.0059924
1753157267.0060117 1753157300.2353752
1753157300.235395 1753157335.022777
1753157335.0228078 1753157366.4644208
1753157366.4644418 1753157403.8962598
1753157403.8962784 1753157434.6204815
1753157434.6205027 1753157462.900953
1753157462.9009793 1753157493.0970464
1753157493.097067 1753157519.8748777
1753157519.874896 1753157551.6540525
1753157551.6540768 1753157573.500004
1753157573.5000255 1753157608.1000824
1753157608.100117 1753157638.825145
1753157638.825178 1753157666.7607489
1753157666.760771 1753157700.9582114
1753157700.95823 1753157729.3570988
1753157729.3571248 1753157753.378807
1753157753.378827 1753157777.6531405
1753157777.6531634 1753157804.7506127
1753157804.7506304 1753157834.5972605
1753157834.5972884 1753157868.088687
1753157868.0887096 1753157896.8718216
1753157896.871842 1753157927.285959
1753157927.2859843 1753157957.774698
1753157957.7747157 1753157995.434397
1753157995.4344215 1753158031.2560165
1753158031.2560375 1753158067.6856275
1753158067.685648 1753158108.6265106
1753158108.6265337 1753158136.240273
1753158136.2403028 1753158173.2167914
1753158173.2168102 1753158205.1778681
1753158205.1778944 1753158237.4638076
1753158237.4638276 1753158267.8267045
1753158267.8267276 1753158296.813939
1753158296.8139744 1753158330.090755
1753158330.0907745 1753158366.7464745
1753158366.7465003 1753158393.7765057
1753158393.7765276 1753158425.855019
1753158425.8550363 1753158458.8808718
1753158458.880896 1753158485.0679562
1753158485.06799 1753158511.5658076
1753158511.5658247 1753158547.6681218
1753158547.6681519 1753158580.0986502
1753158580.098672 1753158614.001226
1753158614.0012503 1753158643.8773942
1753158643.877419 1753158669.5771
1753158669.5771322 1753158698.6903057
1753158698.6903296 1753158735.995953
1753158735.9959722 1753158760.1265345
1753158760.1265595 1753158788.1573434
1753158788.1573691 1753158810.359357
1753158810.359378 1753158829.929982
1753158829.9300096 1753158854.496808
1753158854.4968293 1753158880.3929007
1753158880.392923 1753158915.9923055
1753158915.9923282 1753158944.6618447
1753158944.6618779 1753158972.3437235
1753158972.3437486 1753158995.3609374
1753158995.3609602 1753159027.9615633
1753159027.9615836 1753159060.261715
1753159060.2617397 1753159087.8744578
1753159087.8744814 1753159115.9233685
1753159115.9233866 1753159143.6413949
1753159143.6414368 1753159171.3084264
1753159171.3084538 1753159205.8938885
1753159205.8939126 1753159241.3977761
1753159241.397801 1753159275.511347
1753159275.5113726 1753159307.1735263
1753159307.173546 1753159337.586518
1753159337.5865467 1753159368.1518831
1753159368.1519127 1753159400.792089
1753159400.7921083 1753159427.5863597
1753159427.5863829 1753159463.1671526
1753159463.1671774 1753159491.3922415
1753159491.392293 1753159531.4572186
1753159531.457237 1753159553.9817998
1753159553.9818249 1753159579.057725
1753159579.0577476 1753159613.257815
1753159613.2578375 1753159644.3722274
1753159644.372249 1753159665.723401
1753159665.7234201 1753159697.0380447
1753159697.0380719 1753159728.1791756
1753159728.179192 1753159756.7468932
1753159756.7469182 1753159788.5036278
1753159788.5036464 1753159814.8577454
1753159814.8577754 1753159845.5971959
1753159845.597215 1753159878.8404548
1753159878.8404744 1753159910.2753222
1753159910.2753487 1753159943.65628
1753159943.6562986 1753159970.326251
1753159970.3262758 1753160003.2592692
1753160003.2592857 1753160038.8152843
1753160038.8153195 1753160076.2828124
1753160076.2828329 1753160108.4059188
1753160108.4059372 1753160134.2465818
1753160134.2466073 1753160162.8829105
1753160162.8829315 1753160197.9700172
1753160197.9700406 1753160228.4783256
1753160228.4783664 1753160257.2920876
1753160257.2921083 1753160283.999089
1753160283.9991078 1753160316.5888245
1753160316.5888488 1753160345.3308785
1753160345.3308976 1753160382.4225125
1753160382.4225368 1753160413.790419
1753160413.7904387 1753160438.0857873
1753160438.085813 1753160468.4538887
1753160468.4539082 1753160499.3669727
1753160499.3669927 1753160529.1577144
1753160529.157737 1753160552.419873
1753160552.4198942 1753160581.0272865
1753160581.027307 1753160609.2929368
1753160609.292956 1753160646.6212726
1753160646.6212938 1753160675.537956
1753160675.5379782 1753160705.969314
1753160705.9693387 1753160732.6869242
1753160732.686949 1753160766.375144
1753160766.3751726 1753160799.6555183
1753160799.6555371 1753160826.8604608
1753160826.8604853 1753160857.9222462
1753160857.9222708 1753160885.1692476
1753160885.1692703 1753160914.8371904
1753160914.8372104 1753160948.6485224
1753160948.6485415 1753160979.3108299
1753160979.310855 1753161019.8488085
1753161019.8488297 1753161048.8076704
1753161048.807695 1753161077.8939955
1753161077.8940206 1753161109.1840057
1753161109.184026 1753161134.8704796
1753161134.8705091 1753161162.4955328
1753161162.4955552 1753161187.3274357
1753161187.3274608 1753161211.357027
1753161211.3570487 1753161233.7451427
1753161233.7451634 1753161257.2133532
1753161257.2133753 1753161283.6984723
1753161283.6984904 1753161310.4230878
1753161310.4231164 1753161338.4834814
1753161338.4835024 1753161367.6094837
1753161367.6095023 1753161403.3290784
1753161403.3291001 1753161436.6682901
1753161436.6683123 1753161471.0689564
1753161471.0689855 1753161501.7499406
1753161501.749959 1753161546.934723
1753161546.9347446 1753161579.8229818
1753161579.8230045 1753161608.6114464
1753161608.6114724 1753161641.164801
1753161641.16482 1753161673.0981383
1753161673.0981696 1753161699.8266373
1753161699.8266633 1753161728.812018
1753161728.8120408 1753161753.384429
1753161753.3844516 1753161784.4994085
1753161784.4994285 1753161811.2521985
1753161811.2522185 1753161839.4712002
1753161839.4712179 1753161868.6267858
1753161868.6268117 1753161904.803688
1753161904.8037083 1753161935.528605
1753161935.5286314 1753161966.3715048
1753161966.3715308 1753161999.022496
1753161999.022527 1753162028.8122683
1753162028.8122883 1753162058.1288657
1753162058.1288939 1753162092.7753243
1753162092.7753472 1753162123.4021645
1753162123.4021907 1753162156.3372936
1753162156.3373117 1753162188.4864948
1753162188.4865165 1753162222.46691
1753162222.466929 1753162264.8216577
1753162264.8216763 1753162297.0131807
1753162297.0132225 1753162324.7356324
1753162324.7356553 1753162357.713053
1753162357.7130768 1753162395.1451597
1753162395.1451812 1753162425.4290094
1753162425.4290297 1753162455.6568718
1753162455.656902 1753162486.3543334
1753162486.3543525 1753162515.5468836
1753162515.5469098 1753162547.1347046
1753162547.134724 1753162577.2751899
1753162577.2752094 1753162603.2698703
1753162603.2699006 1753162628.441513
1753162628.441532 1753162663.673408
1753162663.6734283 1753162692.99483
1753162692.9948618 1753162723.7483377
1753162723.7483656 1753162755.3879762
1753162755.3880033 1753162785.8218448
1753162785.82187 1753162814.4680448
1753162814.4680674 1753162842.7246146
1753162842.7246447 1753162876.0497823
1753162876.0498095 1753162896.8808355
1753162896.880858 1753162928.1511881
1753162928.1512115 1753162962.7061687
1753162962.7061944 1753162991.9274669
1753162991.9274907 1753163025.8833983
1753163025.8834171 1753163061.7167158
1753163061.7167366 1753163100.3250487
1753163100.325072 1753163126.2209244
1753163126.220944 1753163161.041482
1753163161.0415082 1753163190.8223517
1753163190.8223767 1753163227.3465748
1753163227.3465977 1753163253.067738
1753163253.067757 1753163280.6084616
1753163280.6084945 1753163318.352561
1753163318.3525853 1753163346.9570162
1753163346.957037 1753163378.3334005
1753163378.3334339 1753163402.4050434
1753163402.4050615 1753163428.5226073
1753163428.5226274 1753163465.2193449
1753163465.219369 1753163496.6745713
1753163496.6745908 1753163532.4459887
1753163532.446032 1753163558.3681817
1753163558.3682008 1753163596.2348552
1753163596.234885 1753163635.1925979
1753163635.1926165 1753163662.2169483
1753163662.2169728 1753163696.6567862
1753163696.6568081 1753163717.9749146
1753163717.9749374 1753163748.3855345
1753163748.3855577 1753163781.1852908
1753163781.1853158 1753163806.8091445
1753163806.8091698 1753163832.3915274
1753163832.391545 1753163858.8055017
1753163858.8055274 1753163891.0689013
1753163891.068922 1753163919.1917334
1753163919.1917553 1753163947.5119538
1753163947.511978 1753163978.5130851
1753163978.5131066 1753164011.9763875
1753164011.9764092 1753164048.0441012
1753164048.0441236 1753164077.7169676
1753164077.7169986 1753164103.6481557
1753164103.6481779 1753164128.9098775
1753164128.909903 1753164155.0124433
1753164155.012466 1753164183.455371
1753164183.4553938 1753164207.4427814
1753164207.4428 1753164232.9894753
1753164232.9894958 1753164260.613169
1753164260.6131902 1753164286.451426
1753164286.4514444 1753164313.8183823
1753164313.8184094 1753164345.9187407
1753164345.9187615 1753164371.4697278
1753164371.4697528 1753164402.3968847
1753164402.3969026 1753164431.8667235
1753164431.8667638 1753164461.7221305
1753164461.7221491 1753164494.7332745
1753164494.7332964 1753164523.4774263
1753164523.4774444 1753164551.0927827
1753164551.0928063 1753164579.2452207
1753164579.245249 1753164609.5044813
1753164609.5045013 1753164647.8614948
1753164647.8615227 1753164678.6456823
1753164678.6457016 1753164708.8787508
1753164708.878773 1753164743.9522264
1753164743.952248 1753164778.4711819
1753164778.4712136 1753164819.7074711
1753164819.7074897 1753164846.3296854
1753164846.3297045 1753164878.3518128
1753164878.3518412 1753164910.513729
1753164910.5137632 1753164933.7983592
1753164933.7984016 1753164960.8403223
1753164960.8403401 1753164994.8074956
1753164994.807514 1753165035.0152056
1753165035.0152266 1753165058.5926282
1753165058.5926538 1753165087.017764
1753165087.0177836 1753165115.000723
1753165115.0007455 1753165140.733599
1753165140.7336159 1753165168.8395705
1753165168.8396099 1753165196.720457
1753165196.7204745 1753165221.6408856
1753165221.6409075 1753165252.7393503
1753165252.7393713 1753165278.3254566
1753165278.325482 1753165305.7845266
1753165305.7845578 1753165337.9079144
1753165337.907936 1753165378.1434743
1753165378.1434972 1753165409.4053936
1753165409.4054134 1753165442.252893
1753165442.2529159 1753165469.5381963
1753165469.5382206 1753165505.2151256
1753165505.2151525 1753165540.2869353
1753165540.2869637 1753165578.097631
1753165578.097653 1753165610.6607795
1753165610.6608067 1753165637.8690064
1753165637.869025 1753165661.8194444
1753165661.8194633 1753165695.3623266
1753165695.3623743 1753165730.9399257
1753165730.9399462 1753165756.8066962
1753165756.8067174 1753165787.9706733
1753165787.9706933 1753165817.7076735
1753165817.7076964 1753165845.6241238
1753165845.624154 1753165873.3661218
1753165873.366142 1753165905.136848
1753165905.1368794 1753165930.3051498
1753165930.3051732 1753165957.9029596
1753165957.9029827 1753165984.103937
1753165984.103956 1753166020.3306885
1753166020.3307304 1753166052.7780664
1753166052.7780893 1753166072.188023
1753166072.1880405 1753166101.018067
1753166101.018091 1753166136.849669
1753166136.8496926 1753166162.1327856
1753166162.1328106 1753166194.3377037
1753166194.3377213 1753166228.1221159
1753166228.1221378 1753166262.250275
1753166262.2502909 1753166293.904012
1753166293.904036 1753166323.3828506
1753166323.3828704 1753166344.2868042
1753166344.2868314 1753166369.519045
1753166369.519062 1753166398.2264996
1753166398.2265208 1753166429.6376672
1753166429.6376853 1753166461.9899514
1753166461.9899764 1753166500.3593376
1753166500.3593612 1753166538.9169953
1753166538.9170127 1753166565.4985738
1753166565.4985983 1753166598.3541017
1753166598.3541272 1753166636.490415
1753166636.490439 1753166667.900835
1753166667.9008524 1753166691.06328
1753166691.0633066 1753166723.0681393
1753166723.06816 1753166754.410319
1753166754.4103506 1753166783.139548
1753166783.1395738 1753166815.6037476
1753166815.6037664 1753166853.9793735
1753166853.9793942 1753166891.7029486
1753166891.7029734 1753166926.228171
1753166926.228192 1753166957.239365
1753166957.239389 1753166985.7803655
1753166985.7803876 1753167016.7748837
1753167016.774912 1753167041.6505804
1753167041.6506064 1753167078.5598488
1753167078.5598736 1753167106.2802875
1753167106.2803168 1753167134.1504266
1753167134.1504483 1753167166.9266596
1753167166.9266791 1753167192.7211714
1753167192.7211967 1753167225.1321247
1753167225.1321473 1753167254.33521
1753167254.3352323 1753167285.688408
1753167285.6884296 1753167324.0245645
1753167324.0245907 1753167356.3000772
1753167356.3001008 1753167380.30419
1753167380.304214 1753167407.1350327
1753167407.1350539 1753167441.8234386
1753167441.8234591 1753167468.9258094
1753167468.9258306 1753167492.6589959
1753167492.6590145 1753167517.9574747
1753167517.957504 1753167542.222838
1753167542.2228556 1753167565.6069617
1753167565.6070032 1753167594.6857102
1753167594.685735 1753167618.2299151
1753167618.2299318 1753167644.251763
1753167644.2517874 1753167687.5403812
1753167687.540398 1753167712.1204784
1753167712.1205046 1753167743.6596813
1753167743.6597025 1753167785.3418455
1753167785.341872 1753167813.7230651
1753167813.7230916 1753167855.4730983
1753167855.4731169 1753167883.7805893
1753167883.7806149 1753167914.9881043
1753167914.9881296 1753167946.0134485
1753167946.013474 1753167981.9629421
1753167981.962961 1753168008.853091
1753168008.8531141 1753168046.1834564
1753168046.1834762 1753168074.584754
1753168074.5847824 1753168106.3448718
1753168106.344888 1753168137.021881
1753168137.0219014 1753168162.4928427
1753168162.49287 1753168193.509657
1753168193.5096765 1753168227.2989433
1753168227.2989743 1753168262.4003043
1753168262.4003246 1753168295.4101996
1753168295.4102187 1753168323.07208
1753168323.0721037 1753168362.4008422
1753168362.4008589 1753168395.3408382
1753168395.340859 1753168420.160766
1753168420.160788 1753168450.916219
1753168450.916242 1753168486.1752715
1753168486.1752937 1753168515.8612921
1753168515.8613112 1753168554.286753
1753168554.2867785 1753168577.3645482
1753168577.3645692 1753168606.355984
1753168606.3560038 1753168635.4156952
1753168635.4157152 1753168665.4253309
1753168665.4253547 1753168701.2172573
1753168701.2172813 1753168729.0343268
1753168729.0343516 1753168755.515656
1753168755.5156848 1753168787.6973035
1753168787.6973336 1753168817.8310492
1753168817.8310711 1753168841.3537927
1753168841.3538113 1753168865.0814676
1753168865.0814946 1753168893.5981126
1753168893.5981324 1753168929.026925
1753168929.0269513 1753168955.8469338
1753168955.8469589 1753168988.3930469
1753168988.3930712 1753169027.805965
1753169027.8059855 1753169062.156901
1753169062.1569178 1753169098.4050426
1753169098.4050648 1753169136.5365124
1753169136.5365314 1753169174.027908
1753169174.0279317 1753169206.7583559
1753169206.7583737 1753169232.7141929
1753169232.71422 1753169263.6914215
1753169263.6914468 1753169285.2805986
1753169285.2806208 1753169314.4978268
1753169314.4978485 1753169343.146618
1753169343.146639 1753169376.1803
1753169376.180327 1753169403.0662386
1753169403.0662575 1753169432.0149994
1753169432.0150187 1753169459.9426043
1753169459.9426205 1753169487.6226356
1753169487.6226618 1753169512.3485048
1753169512.3485296 1753169539.431771
1753169539.4317966 1753169567.2968788
1753169567.2969024 1753169596.3329616
1753169596.3329794 1753169624.7150984
1753169624.7151227 1753169657.8331463
1753169657.8331654 1753169681.5747294
1753169681.5747573 1753169712.1819491
1753169712.181968 1753169738.4949696
1753169738.4949903 1753169768.2732892
1753169768.2733111 1753169789.332571
1753169789.332591 1753169817.2323856
1753169817.232416 1753169852.1690838
1753169852.1691031 1753169879.4283829
1753169879.4284096 1753169905.747573
1753169905.747595 1753169931.992766
1753169931.9927833 1753169960.2856274
1753169960.2856553 1753169985.1804383
1753169985.1804588 1753170021.2093854
1753170021.2094064 1753170047.6529145
1753170047.6529343 1753170073.078611
1753170073.0786357 1753170101.036827
1753170101.0368485 1753170128.8719406
1753170128.87196 1753170158.2916465
1753170158.291673 1753170189.2364519
1753170189.236475 1753170221.7974343
1753170221.7974586 1753170251.5513487
1753170251.5513723 1753170279.9299495
1753170279.9299753 1753170308.8300276
1753170308.830047 1753170341.19618
1753170341.1962152 1753170366.8183606
1753170366.8183806 1753170397.0574853
1753170397.0575094 1753170424.7416534
1753170424.7416813 1753170457.8367043
1753170457.836723 1753170485.9567065
1753170485.9567378 1753170513.3606215
1753170513.3606427 1753170543.1685135
1753170543.1685414 1753170570.8910282
1753170570.8910494 1753170596.5321848
1753170596.5322106 1753170630.1040773
1753170630.1041021 1753170655.9521294
1753170655.9521518 1753170682.1660337
1753170682.1660566 1753170714.5267644
1753170714.5267873 1753170744.3909838
1753170744.3910015 1753170766.116666
1753170766.1166956 1753170797.7819133
1753170797.7819338 1753170824.270327
1753170824.270347 1753170854.3393707
1753170854.3393946 1753170886.5098088
1753170886.5098288 1753170920.4128077
1753170920.4128408 1753170948.8424635
1753170948.842484 1753170983.2737632
1753170983.2737896 1753171017.954338
1753171017.9543593 1753171049.1999862
1753171049.200022 1753171080.242648
1753171080.2426674 1753171111.055023
1753171111.0550427 1753171140.6814404
1753171140.681466 1753171184.4415283
1753171184.4415505 1753171215.908055
1753171215.9080737 1753171243.6713812
1753171243.6714058 1753171278.1400063
1753171278.1400251 1753171312.5561397
1753171312.5561626 1753171340.6001441
1753171340.6001837 1753171366.5408561
1753171366.5408819 1753171395.37493
1753171395.3749537 1753171423.1733265
1753171423.173346 1753171452.5137312
1753171452.5137544 1753171476.9591372
1753171476.9591625 1753171496.297041
1753171496.2970679 1753171532.3912377
1753171532.3912616 1753171561.8077536
1753171561.8077722 1753171592.1773171
1753171592.1773424 1753171622.9080846
1753171622.908113 1753171650.1141086
1753171650.1141286 1753171680.5187957
1753171680.5188153 1753171706.9796677
1753171706.9796963 1753171733.9557152
1753171733.955736 1753171768.2593462
1753171768.2593691 1753171797.2510283
1753171797.2510679 1753171827.5878518
1753171827.5878792 1753171857.1320834
1753171857.132112 1753171877.9278636
1753171877.927884 1753171906.7410471
1753171906.7410715 1753171931.9017048
1753171931.9017258 1753171960.3341339
1753171960.3341503 1753171994.3068655
1753171994.306887 1753172024.791769
1753172024.7917974 1753172049.7802203
1753172049.7802386 1753172078.19471
1753172078.1947339 1753172111.7465296
1753172111.7465503 1753172139.8526742
1753172139.8527 1753172172.8754463
1753172172.8754706 1753172195.1555371
1753172195.1555545 1753172215.3668318
1753172215.3668492 1753172245.9463916
1753172245.9464176 1753172283.245561
1753172283.2455862 1753172309.22834
1753172309.2283578 1753172344.2467458
1753172344.246767 1753172375.8961833
1753172375.8962107 1753172408.8172853
1753172408.8173037 1753172435.4019365
1753172435.4019666 1753172465.847885
1753172465.8479064 1753172498.505119
1753172498.5051422 1753172529.7619705
1753172529.7619934 1753172562.0493598
1753172562.0493944 1753172599.2209299
1753172599.2209485 1753172634.4524603
1753172634.4524806 1753172666.5688818
1753172666.568914 1753172695.6097436
1753172695.6097636 1753172724.3079562
1753172724.3080034 1753172750.629933
1753172750.6299536 1753172780.1061256
1753172780.1061525 1753172803.6247523
1753172803.6247745 1753172834.7696154
1753172834.7696393 1753172869.9852712
1753172869.9852917 1753172898.7632196
1753172898.7632473 1753172926.5149333
1753172926.5149593 1753172952.5715587
1753172952.5716069 1753172974.496275
1753172974.4962938 1753173007.3685813
1753173007.3686025 1753173038.6340437
1753173038.6340861 1753173065.2889872
1753173065.2890055 1753173096.7400823
1753173096.7401133 1753173129.854707
1753173129.8547254 1753173160.2329855
1753173160.2330122 1753173188.3452926
1753173188.3453205 1753173214.3905146
1753173214.3905363 1753173247.2046146
1753173247.2046344 1753173275.378254
1753173275.3782806 1753173309.1873405
1753173309.1873608 1753173332.796341
1753173332.7963793 1753173365.9029036
1753173365.9029243 1753173393.4329267
1753173393.4329488 1753173421.6055155
1753173421.605546 1753173450.5486755
1753173450.5486984 1753173478.079146
1753173478.0791676 1753173509.5775545
1753173509.5775733 1753173540.3520622
1753173540.3520825 1753173566.703648
1753173566.7036755 1753173603.2380605
1753173603.2380812 1753173632.541714
1753173632.5417333 1753173653.37274
1753173653.372766 1753173678.9912994
1753173678.9913197 1753173705.6857595
1753173705.685785 1753173742.6928675
1753173742.692886 1753173771.4590378
1753173771.459073 1753173802.8456464
1753173802.8456633 1753173825.4586957
1753173825.4587176 1753173851.501913
1753173851.5019403 1753173877.6938825
1753173877.6939032 1753173901.7011707
1753173901.7011962 1753173927.629964
1753173927.6299927 1753173961.7197173
1753173961.7197344 1753173982.8476233
1753173982.847649 1753174010.5612137
1753174010.561235 1753174046.1251736
1753174046.1251929 1753174076.5716934
1753174076.5717242 1753174114.6185884
1753174114.6186078 1753174148.2615879
1753174148.2616122 1753174174.4794834
1753174174.4795074 1753174199.8548737
1753174199.8548944 1753174234.7467105
1753174234.7467396 1753174266.087675
1753174266.087693 1753174291.3914824
1753174291.3915086 1753174316.3184443
1753174316.3184652 1753174346.169278
1753174346.169297 1753174372.7064598
1753174372.706487 1753174404.512105
1753174404.5121326 1753174430.9879081
1753174430.9879355 1753174463.1394126
1753174463.139435 1753174489.2598848
1753174489.2599094 1753174517.2230275
1753174517.2230477 1753174547.5912118
1753174547.5912304 1753174581.3726885
1753174581.3727112 1753174614.83573
1753174614.835751 1753174645.0300503
1753174645.0300686 1753174673.104689
1753174673.1047084 1753174706.2144833
1753174706.2145216 1753174740.7568066
1753174740.7568274 1753174775.5120242
1753174775.5120537 1753174813.2948222
1753174813.2948432 1753174846.4944077
1753174846.4944415 1753174876.4525065
1753174876.4525301 1753174903.31486
1753174903.3148808 1753174936.8564584
1753174936.8564806 1753174963.0423262
1753174963.0423517 1753174994.1085262
1753174994.1085482 1753175024.4264827
1753175024.4265032 1753175054.6154995
1753175054.6155279 1753175075.8189805
1753175075.8189988 1753175107.9514964
1753175107.9515147 1753175137.793118
1753175137.7931414 1753175171.1280627
1753175171.1280859 1753175206.5919895
1753175206.592013 1753175238.6437433
1753175238.6437652 1753175273.6776779
1753175273.677702 1753175299.0244036
1753175299.0244288 1753175335.1988764
1753175335.1989012 1753175359.5786178
1753175359.5786357 1753175382.143071
1753175382.1430967 1753175412.9484332
1753175412.9484513 1753175442.7343047
1753175442.7343256 1753175468.076926
1753175468.076947 1753175501.7641597
1753175501.7641823 1753175523.6194916
1753175523.6195269 1753175551.5250964
1753175551.5251193 1753175579.754708
1753175579.7547312 1753175611.408252
1753175611.408274 1753175638.1561503
1753175638.156171 1753175676.4030075
1753175676.4030297 1753175708.6729796
1753175708.6730034 1753175733.6862326
1753175733.6862621 1753175767.2483225
1753175767.2483401 1753175794.775529
1753175794.775551 1753175821.527171
1753175821.527193 1753175856.2683475
1753175856.26837 1753175885.5862155
1753175885.586236 1753175911.6604955
1753175911.660518 1753175938.0749145
1753175938.074938 1753175964.3691795
1753175964.3691986 1753175996.5431654
1753175996.5431814 1753176021.7950635
1753176021.7950878 1753176054.6431036
1753176054.643122 1753176082.5868478
1753176082.5868714 1753176114.7189972
1753176114.7190235 1753176148.4910212
1753176148.4910421 1753176176.2348077
1753176176.2348428 1753176203.5613704
1753176203.5613945 1753176232.5376744
1753176232.5376985 1753176260.4504752
1753176260.4504957 1753176293.4402099
1753176293.4402397 1753176322.0083413
1753176322.0083826 1753176351.5656621
1753176351.5656857 1753176383.9897656
1753176383.9897842 1753176414.3094163
1753176414.309439 1753176440.3233948
1753176440.3234305 1753176465.2456214
1753176465.2456462 1753176492.6458616
1753176492.6458814 1753176526.536171
1753176526.536189 1753176558.031502
1753176558.0315278 1753176588.309876
1753176588.3098953 1753176620.6673505
1753176620.6673775 1753176651.150625
1753176651.150647 1753176682.3411512
1753176682.341171 1753176713.1981015
1753176713.1981258 1753176743.955338
1753176743.9553592 1753176771.5058875
1753176771.5059075 1753176800.7200859
1753176800.7201114 1753176830.9687383
1753176830.968769 1753176868.7231476
1753176868.7231708 1753176902.8373384
1753176902.8373647 1753176931.1465123
1753176931.146537 1753176956.349802
1753176956.3498225 1753176984.3343508
1753176984.3343794 1753177015.2517858
1753177015.2518103 1753177050.3626704
1753177050.3626955 1753177076.1505492
1753177076.150569 1753177108.5151846
1753177108.515207 1753177131.6870005
1753177131.6870186 1753177172.6589937
1753177172.659016 1753177204.4668052
1753177204.4668257 1753177233.1304266
1753177233.130451 1753177268.9762015
1753177268.9762242 1753177307.8602355
1753177307.8602653 1753177343.8191063
1753177343.8191257 1753177371.8694468
1753177371.8694727 1753177401.12732
1753177401.1273386 1753177434.6673195
1753177434.6673415 1753177475.1480854
1753177475.1481066 1753177512.9119139
1753177512.9119403 1753177543.4311054
1753177543.4311323 1753177575.251577
1753177575.25162 1753177605.9988482
1753177605.9988668 1753177632.4971287
1753177632.497159 1753177659.9433968
1753177659.943423 1753177683.3978446
1753177683.3978624 1753177712.2503102
1753177712.250336 1753177749.3924015
1753177749.3924196 1753177776.9201028
1753177776.9201288 1753177805.6467965
1753177805.6468194 1753177826.4306586
1753177826.4306748 1753177864.1071572
1753177864.1071815 1753177898.814516
1753177898.8145335 1753177926.9144778
1753177926.9145045 1753177953.983009
1753177953.9830358 1753177978.1883838
1753177978.188409 1753178010.403763
1753178010.4038036 1753178039.323345
1753178039.3233724 1753178068.1933417
1753178068.1933596 1753178098.436195
1753178098.4362168 1753178127.0793836
1753178127.0794108 1753178155.190921
1753178155.1909466 1753178186.3244438
1753178186.3244643 1753178212.0607226
1753178212.06075 1753178238.40417
1753178238.404199 1753178268.1178892
1753178268.1179078 1753178293.1221216
1753178293.1221511 1753178326.8307433
1753178326.8307688 1753178366.4923193
1753178366.4923453 1753178400.402954
1753178400.402986 1753178431.848266
1753178431.8482883 1753178467.2433774
1753178467.2434015 1753178496.984049
1753178496.9840765 1753178532.6146338
1753178532.6146557 1753178562.0307622
1753178562.0307817 1753178592.6224844
1753178592.6225064 1753178630.1151063
1753178630.1151307 1753178667.1300106
1753178667.1300282 1753178695.694488
1753178695.694512 1753178724.3259084
1753178724.325933 1753178748.4708138
1753178748.4708319 1753178777.1284323
1753178777.128458 1753178816.5541863
1753178816.5542073 1753178841.1978796
1753178841.1979 1753178870.984834
1753178870.9848638 1753178892.157435
1753178892.157453 1753178926.3477395
1753178926.3477652 1753178953.3059733
1753178953.3059921 1753178982.4556444
1753178982.4556694 1753179012.7611458
1753179012.7611685 1753179036.3020952
1753179036.3021133 1753179059.5677795
1753179059.5678072 1753179085.6515536
1753179085.6515806 1753179112.8205729
1753179112.820606 1753179146.0470805
1753179146.0471065 1753179172.2328367
1753179172.232855 1753179201.4075935
1753179201.4076223 1753179236.587459
1753179236.5874777 1753179263.979015
1753179263.9790344 1753179291.2597167
1753179291.2597425 1753179325.0366518
1753179325.0366714 1753179350.0666442
1753179350.0666676 1753179372.1015084
1753179372.1015267 1753179400.844641
1753179400.844667 1753179431.736538
1753179431.736557 1753179462.803253
1753179462.803274 1753179490.0905168
1753179490.0905411 1753179520.619288
1753179520.619306 1753179557.4668696
1753179557.46689 1753179592.5852246
1753179592.5852473 1753179631.2405527
1753179631.2405791 1753179673.8117425
1753179673.811766 1753179704.9339292
1753179704.933949 1753179733.4663198
1753179733.4663446 1753179763.1220052
1753179763.122027 1753179796.069079
1753179796.0691032 1753179828.07567
1753179828.0756943 1753179858.9807816
1753179858.9808075 1753179886.9953191
1753179886.995338 1753179914.5262804
1753179914.5263057 1753179946.283284
1753179946.2833056 1753179975.451759
1753179975.4517791 1753180005.954099
1753180005.9541228 1753180039.4011686
1753180039.4011877 1753180063.4337182
1753180063.4337456 1753180097.073984
1753180097.0740044 1753180126.8851593
1753180126.8851852 1753180157.0575807
1753180157.0576096 1753180189.3590028
1753180189.359031 1753180217.6299756
1753180217.629997 1753180244.1559036
1753180244.1559222 1753180276.1376693
1753180276.1376977 1753180305.9797537
1753180305.979776 1753180339.5285506
1753180339.5285702 1753180371.5922904
1753180371.5923145 1753180412.5744777
1753180412.5745008 1753180445.0523367
1753180445.0523605 1753180473.5633018
1753180473.5633214 1753180500.5932148
1753180500.5932388 1753180523.3834457
1753180523.3834622 1753180561.8695939
1753180561.869618 1753180594.847556
1753180594.8475826 1753180629.2110064
1753180629.2110276 1753180660.8218794
1753180660.8219051 1753180686.692199
1753180686.6922276 1753180715.2251441
1753180715.2251642 1753180751.734164
1753180751.7341855 1753180783.3851268
1753180783.385149 1753180816.1422758
1753180816.142296 1753180850.1695619
1753180850.1695867 1753180870.948002
1753180870.948028 1753180898.7975025
1753180898.7975228 1753180930.572551
1753180930.572577 1753180960.4806798
1753180960.4806983 1753180993.7711694
1753180993.7711952 1753181027.1912892
1753181027.1913135 1753181059.5611265
1753181059.561146 1753181092.4820702
1753181092.482099 1753181124.606221
1753181124.6062515 1753181154.050728
1753181154.0507505 1753181173.4500082
1753181173.4500296 1753181205.882748
1753181205.8827708 1753181226.963841
1753181226.963862 1753181255.3846962
1753181255.3847246 1753181282.5516763
1753181282.551699 1753181308.7896602
1753181308.7896848 1753181339.4694362
1753181339.469459 1753181370.9202614
1753181370.9202855 1753181395.1838262
1753181395.183847 1753181422.4065766
1753181422.4066 1753181450.502572
1753181450.5026038 1753181483.8885596
1753181483.8885787 1753181517.2250376
1753181517.2250643 1753181548.1956089
1753181548.1956303 1753181576.6536036
1753181576.6536214 1753181608.7161098
1753181608.7161381 1753181641.1795049
1753181641.179525 1753181668.0745964
1753181668.0746148 1753181707.1056292
1753181707.1056561 1753181749.098607
1753181749.098628 1753181781.3030305
1753181781.3030524 1753181813.0740206
1753181813.0740457 1753181843.9933317
