1753151696.199304 1753151729.2704248
1753151729.270462 1753151756.132459
1753151756.132479 1753151787.2675798
1753151787.2676322 1753151823.2228723
1753151823.2228997 1753151858.1349897
1753151858.1350074 1753151887.1962695
1753151887.1962938 1753151909.6805758
1753151909.680593 1753151934.3915346
1753151934.3915539 1753151964.6319396
1753151964.6319623 1753151990.2440605
1753151990.244079 1753152027.2749887
1753152027.2750123 1753152050.4363096
1753152050.436325 1753152078.3534849
1753152078.353508 1753152111.6679916
1753152111.6680164 1753152136.3555572
1753152136.35561 1753152161.814446
1753152161.8144634 1753152194.5720756
1753152194.572098 1753152219.395031
1753152219.3950489 1753152250.395628
1753152250.3956518 1753152272.44038
1753152272.440399 1753152303.7562277
1753152303.7562442 1753152334.819027
1753152334.8190503 1753152368.0081666
1753152368.0081923 1753152398.4332316
1753152398.43325 1753152428.2006056
1753152428.2006254 1753152459.2352524
1753152459.235277 1753152490.272314
1753152490.2723324 1753152516.0790064
1753152516.0790288 1753152543.495229
1753152543.4952464 1753152571.000148
1753152571.000169 1753152597.7843034
1753152597.7843213 1753152626.4028132
1753152626.4028368 1753152655.390108
1753152655.3901262 1753152683.9411216
1753152683.9411466 1753152711.3264258
1753152711.3264441 1753152740.2687972
1753152740.2688322 1753152771.6704068
1753152771.6704311 1753152801.0318763
1753152801.031898 1753152834.9016664
1753152834.9016876 1753152868.2611225
1753152868.2611394 1753152892.7782786
1753152892.7783074 1753152921.2250514
1753152921.2250693 1753152950.159976
1753152950.16 1753152977.0950513
1753152977.095071 1753153007.222375
1753153007.2224011 1753153032.786843
1753153032.7868605 1753153060.7266302
1753153060.7266488 1753153093.1913192
1753153093.1913424 1753153123.005993
1753153123.0060115 1753153158.6877522
1753153158.6877851 1753153182.596619
1753153182.5966425 1753153213.8342164
1753153213.8342395 1753153238.2032576
1753153238.2032752 1753153262.8872533
1753153262.8872697 1753153287.5428627
1753153287.542882 1753153316.7951124
1753153316.7951348 1753153353.5397136
1753153353.5397341 1753153386.650551
1753153386.6505919 1753153421.8401043
1753153421.8401213 1753153450.5267375
1753153450.5267549 1753153478.8315585
1753153478.831592 1753153507.2740636
1753153507.2740824 1753153533.774135
1753153533.7741592 1753153567.5686088
1753153567.56864 1753153596.334577
1753153596.334595 1753153624.7971966
1753153624.7972186 1753153654.1894894
1753153654.189509 1753153680.9960217
1753153680.9960408 1753153715.5245183
1753153715.5245454 1753153747.4716184
1753153747.4716468 1753153781.1145852
1753153781.1146064 1753153817.6960804
1753153817.6960967 1753153851.458557
1753153851.4585798 1753153879.7333992
1753153879.7334228 1753153912.2027986
1753153912.2028239 1753153945.8950608
1753153945.895079 1753153980.4352624
1753153980.435288 1753154012.2025015
1753154012.2025213 1753154042.379522
1753154042.3795407 1753154074.837111
1753154074.837132 1753154100.9636376
1753154100.9636548 1753154129.5084226
1753154129.5084443 1753154153.5008545
1753154153.500878 1753154184.551637
1753154184.5516734 1753154208.1374242
1753154208.137446 1753154233.815325
1753154233.815359 1753154260.2871532
1753154260.2871873 1753154289.3108573
1753154289.3108852 1753154318.0056689
1753154318.00569 1753154341.435227
1753154341.4352477 1753154368.373183
1753154368.373208 1753154406.5080009
1753154406.5080242 1753154432.6663642
1753154432.6663811 1753154462.5166414
1753154462.5166638 1753154490.8409293
1753154490.8409467 1753154519.6509771
1753154519.6510055 1753154548.9774249
1753154548.9774451 1753154579.400615
1753154579.4006426 1753154609.0471406
1753154609.0471568 1753154637.317554
1753154637.3175714 1753154662.8283274
1753154662.8283527 1753154697.0585449
1753154697.0585651 1753154735.2003396
1753154735.2003567 1753154763.5729182
1753154763.5729403 1753154796.696981
1753154796.6970062 1753154822.6351643
1753154822.6351805 1753154859.0247962
1753154859.024818 1753154887.6595538
1753154887.6596014 1753154914.421834
1753154914.4218526 1753154949.845557
1753154949.845583 1753154982.1144388
1753154982.1144583 1753155010.9230874
1753155010.9231129 1753155042.2596772
1753155042.2596962 1753155064.1783102
1753155064.1783307 1753155088.5173676
1753155088.517398 1753155116.7166576
1753155116.7166753 1753155140.2482514
1753155140.2482715 1753155166.5291715
1753155166.5292187 1753155198.2533622
1753155198.253384 1753155227.3736234
1753155227.373669 1753155260.3127024
1753155260.312722 1753155292.9992564
1753155292.9992836 1753155326.0485575
1753155326.0485764 1753155349.8082566
1753155349.808283 1753155377.044185
1753155377.0442152 1753155402.8480864
1753155402.8481097 1753155437.1219804
1753155437.1220014 1753155459.835035
1753155459.8350532 1753155488.6561935
1753155488.6562257 1753155516.4038746
1753155516.4038944 1753155544.7349946
1753155544.7350178 1753155579.1557555
1753155579.1557853 1753155607.121438
1753155607.121461 1753155632.4137928
1753155632.413817 1753155658.595332
1753155658.5953531 1753155693.015512
1753155693.015534 1753155713.5472097
1753155713.547231 1753155743.3275368
1753155743.3275578 1753155772.021723
1753155772.0217423 1753155802.102798
1753155802.1028214 1753155830.2862346
1753155830.286253 1753155863.9854198
1753155863.9854422 1753155903.907865
1753155903.907884 1753155932.2228208
1753155932.2228434 1753155969.4934278
1753155969.4934454 1753156004.6646643
1753156004.664685 1753156035.2920322
1753156035.2920606 1753156066.2885156
1753156066.2885356 1753156105.6656108
1753156105.665637 1753156137.6440203
1753156137.6440468 1753156163.3918407
1753156163.391869 1753156191.111351
1753156191.1113727 1753156226.544751
1753156226.544771 1753156257.4660225
1753156257.466044 1753156288.0575774
1753156288.057598 1753156321.2474375
1753156321.2474542 1753156344.1917317
1753156344.1917577 1753156372.9521353
1753156372.952169 1753156406.9835079
1753156406.9835334 1753156436.9372246
1753156436.937243 1753156467.3581998
1753156467.3582191 1753156494.817198
1753156494.8172247 1753156528.1836774
1753156528.1836944 1753156556.2102768
1753156556.2103047 1753156587.5590737
1753156587.5590923 1753156616.244419
1753156616.2444408 1753156646.9981053
1753156646.998135 1753156681.9096084
1753156681.9096303 1753156719.7647083
1753156719.7647374 1753156755.57247
1753156755.5724907 1753156792.7650175
1753156792.76504 1753156825.807653
1753156825.8076723 1753156858.329716
1753156858.3297312 1753156890.8915994
1753156890.8916404 1753156926.0277627
1753156926.0277827 1753156954.45561
1753156954.4556296 1753156984.6223102
1753156984.6223254 1753157012.6181893
1753157012.6182137 1753157041.9733882
1753157041.9734108 1753157065.9476454
1753157065.947669 1753157100.9450479
1753157100.945068 1753157138.9367526
1753157138.9367762 1753157171.6363838
1753157171.6364052 1753157207.947634
1753157207.9476533 1753157240.9607189
1753157240.9607472 1753157272.0947523
1753157272.0947719 1753157302.189644
1753157302.1896684 1753157333.4028103
1753157333.4028425 1753157367.3392026
1753157367.339228 1753157400.7404041
1753157400.7404258 1753157431.4414508
1753157431.4414766 1753157467.4454272
1753157467.4454489 1753157494.2257373
1753157494.2257578 1753157521.455396
1753157521.455419 1753157549.556882
1753157549.55691 1753157577.998484
1753157577.9985058 1753157608.3157334
1753157608.3157728 1753157637.8895936
1753157637.8896155 1753157669.793185
1753157669.7932062 1753157697.142703
1753157697.1427205 1753157723.7695918
1753157723.7696164 1753157749.5685036
1753157749.5685256 1753157776.5005834
1753157776.5006037 1753157812.9557424
1753157812.955761 1753157838.4191504
1753157838.4191833 1753157872.8451202
1753157872.8451376 1753157901.2973788
1753157901.2973995 1753157934.7868412
1753157934.7868574 1753157961.9984422
1753157961.9984655 1753158003.0464332
1753158003.046456 1753158035.279342
1753158035.2793653 1753158069.5798874
1753158069.5799055 1753158103.167077
1753158103.1670992 1753158138.0787673
1753158138.0787957 1753158172.4518507
1753158172.451869 1753158204.6814125
1753158204.6814394 1753158229.7634807
1753158229.7635226 1753158263.5902784
1753158263.5902987 1753158294.7666657
1753158294.7667048 1753158331.8217595
1753158331.8217807 1753158363.6275442
1753158363.6275764 1753158396.1813173
1753158396.1813555 1753158423.4736092
1753158423.4736285 1753158459.893199
1753158459.893219 1753158488.3921273
1753158488.3921587 1753158517.0133183
1753158517.0133405 1753158547.889154
1753158547.8891747 1753158588.8573112
1753158588.8573322 1753158616.4097674
1753158616.4097865 1753158640.6130414
1753158640.6130598 1753158664.473825
1753158664.4738438 1753158695.6283767
1753158695.6284025 1753158728.8383455
1753158728.8383625 1753158752.7226977
1753158752.722725 1753158778.2166705
1753158778.2166877 1753158802.716339
1753158802.716365 1753158831.807049
1753158831.8070705 1753158856.0602095
1753158856.0602455 1753158882.7661166
1753158882.7661386 1753158907.3849728
1753158907.3849957 1753158944.6320155
1753158944.632039 1753158964.7886162
1753158964.7886431 1753158992.3807352
1753158992.3807626 1753159025.0394711
1753159025.039495 1753159061.3251731
1753159061.325211 1753159091.5287228
1753159091.5287526 1753159120.706863
1753159120.70688 1753159150.268997
1753159150.2690206 1753159176.610344
1753159176.6103613 1753159204.0444107
1753159204.0444357 1753159237.5801587
1753159237.580185 1753159276.4860048
1753159276.4860222 1753159304.7099304
1753159304.7099562 1753159341.0414596
1753159341.0414772 1753159371.5235064
1753159371.5235288 1753159402.7240374
1753159402.7240634 1753159434.0708673
1753159434.0708897 1753159462.588658
1753159462.5886877 1753159495.8703015
1753159495.8703225 1753159531.3112833
1753159531.3113005 1753159556.2708516
1753159556.2708793 1753159578.6361496
1753159578.6361687 1753159612.8896167
1753159612.8896348 1753159644.3278613
1753159644.3278832 1753159666.8287427
1753159666.828769 1753159698.8724992
1753159698.8725202 1753159728.1939626
1753159728.193989 1753159756.8791378
1753159756.8791585 1753159777.6695192
1753159777.6695373 1753159817.148187
1753159817.148215 1753159849.52749
1753159849.5275085 1753159877.5881293
1753159877.5881555 1753159904.9569476
1753159904.956966 1753159937.5900068
1753159937.5900307 1753159966.4168034
1753159966.4168227 1753160001.1395428
1753160001.139576 1753160041.857123
1753160041.8571415 1753160080.0222404
1753160080.0222578 1753160111.6867797
1753160111.6868048 1753160140.7633023
1753160140.7633195 1753160167.7173138
1753160167.7173362 1753160197.0627356
1753160197.0627577 1753160231.5409787
1753160231.5410006 1753160260.9651213
1753160260.965141 1753160284.7948046
1753160284.7948444 1753160313.1586385
1753160313.1586573 1753160338.85797
1753160338.8579872 1753160376.3016922
1753160376.3017182 1753160416.2406237
1753160416.240641 1753160438.6834507
1753160438.6834698 1753160474.3635325
1753160474.3635561 1753160499.2021818
1753160499.2022064 1753160523.9684274
1753160523.9684541 1753160556.0873601
1753160556.0873866 1753160584.1936393
1753160584.1936615 1753160616.7162273
1753160616.7162511 1753160643.4456732
1753160643.4456923 1753160677.31194
1753160677.3119795 1753160700.367931
1753160700.3679752 1753160731.195407
1753160731.1954286 1753160765.8653798
1753160765.865408 1753160796.793492
1753160796.7935154 1753160832.3784451
1753160832.3784666 1753160862.5546653
1753160862.5546873 1753160890.3788793
1753160890.3789017 1753160917.6216311
1753160917.621655 1753160953.139905
1753160953.1399362 1753160980.628545
1753160980.6285682 1753161014.939414
1753161014.939431 1753161050.7445793
1753161050.744613 1753161079.6626103
1753161079.6626313 1753161113.3411102
1753161113.341131 1753161136.8165348
1753161136.8165584 1753161164.16481
1753161164.1648357 1753161188.8640938
1753161188.8641133 1753161215.869274
1753161215.8692956 1753161235.8217506
1753161235.8217707 1753161260.8371868
1753161260.8372042 1753161286.2425203
1753161286.2425387 1753161315.504574
1753161315.504596 1753161338.7559865
1753161338.7560124 1753161368.50493
1753161368.5049493 1753161399.8992302
1753161399.8992553 1753161436.6962545
1753161436.6962821 1753161470.9293036
1753161470.9293365 1753161506.1694655
1753161506.169485 1753161546.2781875
1753161546.2782106 1753161576.0031524
1753161576.0031698 1753161617.1038692
1753161617.1038847 1753161650.050111
1753161650.050135 1753161676.820265
1753161676.8202944 1753161705.2311065
1753161705.2311234 1753161729.6168718
1753161729.6168973 1753161757.5160892
1753161757.5161104 1753161791.2166052
1753161791.216633 1753161816.1290674
1753161816.1290905 1753161841.657371
1753161841.65739 1753161863.5262904
1753161863.5263135 1753161899.0537112
1753161899.0537322 1753161932.709759
1753161932.709781 1753161964.532646
1753161964.5326707 1753161988.8199115
1753161988.819933 1753162017.8584788
1753162017.8584962 1753162052.418854
1753162052.4188786 1753162083.3820176
1753162083.3820403 1753162128.3450537
1753162128.3450713 1753162159.5303755
1753162159.5304024 1753162191.2608109
1753162191.2608325 1753162228.8740153
1753162228.8740346 1753162267.8751583
1753162267.8751829 1753162296.9570086
1753162296.9570296 1753162325.1078138
1753162325.1078491 1753162359.3728044
1753162359.3728313 1753162386.0071416
1753162386.0071638 1753162423.134004
1753162423.1340227 1753162453.444553
1753162453.444575 1753162484.3732836
1753162484.3733113 1753162517.2010283
1753162517.2010489 1753162549.5055277
1753162549.505553 1753162578.4869492
1753162578.4869668 1753162606.5724375
1753162606.5724583 1753162636.2770178
1753162636.2770402 1753162661.146282
1753162661.1463072 1753162696.3788624
1753162696.3788908 1753162728.050019
1753162728.050039 1753162757.3520854
1753162757.3521113 1753162785.5076818
1753162785.5077162 1753162812.5883708
1753162812.5883927 1753162841.728701
1753162841.728731 1753162871.676025
1753162871.6760454 1753162897.1298726
1753162897.1299002 1753162925.2412896
1753162925.2413104 1753162962.839613
1753162962.8396342 1753162996.8219528
1753162996.8219736 1753163024.0756254
1753163024.075654 1753163063.1312976
1753163063.1313186 1753163097.763674
1753163097.7636962 1753163124.740108
1753163124.7401412 1753163165.1906142
1753163165.1906364 1753163192.3748748
1753163192.3748956 1753163221.1732612
1753163221.17328 1753163255.958043
1753163255.9580705 1753163283.8308434
1753163283.8308644 1753163319.7698376
1753163319.7698586 1753163352.1518717
1753163352.1518943 1753163381.4968343
1753163381.4968562 1753163406.7396717
1753163406.739691 1753163431.5032418
1753163431.5032668 1753163468.6987824
1753163468.6987984 1753163497.684453
1753163497.6844804 1753163529.6182995
1753163529.6183193 1753163565.401903
1753163565.4019253 1753163592.9011164
1753163592.901143 1753163630.560345
1753163630.560366 1753163661.2440124
1753163661.2440453 1753163695.3812628
1753163695.381283 1753163715.14701
1753163715.1470351 1753163747.9280114
1753163747.9280345 1753163780.8896892
1753163780.8897078 1753163814.8358214
1753163814.835846 1753163839.8859217
1753163839.8859415 1753163864.3920796
1753163864.3921056 1753163891.604971
1753163891.6049962 1753163927.6956198
1753163927.6956394 1753163953.9138544
1753163953.9138787 1753163983.111397
1753163983.1114166 1753164015.9747348
1753164015.9747527 1753164050.9507058
1753164050.9507294 1753164079.9655364
1753164079.9655528 1753164107.2522805
1753164107.252299 1753164131.6905515
1753164131.6905732 1753164158.2196617
1753164158.2196875 1753164185.3785539
1753164185.3785777 1753164209.8977962
1753164209.8978155 1753164235.6351423
1753164235.6351678 1753164263.4208746
1753164263.420901 1753164289.1842163
1753164289.1842444 1753164318.2127404
1753164318.212769 1753164349.314535
1753164349.314551 1753164379.7223432
1753164379.72236 1753164408.7609594
1753164408.7609851 1753164436.3372774
1753164436.3372993 1753164462.7247705
1753164462.7247899 1753164492.8439178
1753164492.8439484 1753164523.7693048
1753164523.7693408 1753164551.607553
1753164551.607592 1753164583.4856408
1753164583.4856648 1753164618.1456141
1753164618.145631 1753164646.8275056
1753164646.8275301 1753164677.5092976
1753164677.5093172 1753164709.5015037
1753164709.501522 1753164739.7578747
1753164739.7579005 1753164778.697684
1753164778.6977139 1753164819.2439106
1753164819.2439356 1753164848.6865547
1753164848.6865752 1753164881.108986
1753164881.1090138 1753164908.9450142
1753164908.9450402 1753164936.849009
1753164936.849026 1753164971.203784
1753164971.2038066 1753165001.593087
1753165001.5931032 1753165029.8344238
1753165029.8344433 1753165059.7205465
1753165059.7205718 1753165087.8009257
1753165087.8009448 1753165106.692951
1753165106.6929688 1753165136.5860384
1753165136.5860646 1753165168.5119245
1753165168.5119438 1753165194.7634952
1753165194.7635198 1753165222.362485
1753165222.3625028 1753165249.9585888
1753165249.9586098 1753165280.570388
1753165280.5704129 1753165307.7064834
1753165307.7065034 1753165340.5024467
1753165340.502472 1753165375.9183486
1753165375.9183717 1753165409.782185
1753165409.7822208 1753165445.4742422
1753165445.474266 1753165474.4980597
1753165474.4980848 1753165507.53935
1753165507.539369 1753165539.2960284
1753165539.296049 1753165572.18325
1753165572.1832943 1753165613.2826927
1753165613.282717 1753165636.703438
1753165636.7034578 1753165671.229642
1753165671.229662 1753165697.3121345
1753165697.312157 1753165726.9366891
1753165726.936709 1753165757.0960398
1753165757.0960634 1753165785.686588
1753165785.6866124 1753165815.100713
1753165815.1007419 1753165849.073889
1753165849.073912 1753165879.3076808
1753165879.307697 1753165900.7608702
1753165900.7608888 1753165930.5758302
1753165930.575879 1753165960.209425
1753165960.209451 1753165990.7872531
1753165990.7872767 1753166025.9388971
1753166025.9389155 1753166050.9910855
1753166050.9911082 1753166073.7446685
1753166073.7446938 1753166102.4274507
1753166102.4274716 1753166136.9520357
1753166136.952086 1753166165.9580228
1753166165.9580433 1753166204.0365393
1753166204.0365615 1753166238.2143667
1753166238.214383 1753166270.0011227
1753166270.0011435 1753166298.136722
1753166298.1367466 1753166319.1281629
1753166319.1281867 1753166350.1862109
1753166350.186232 1753166373.4961145
1753166373.4961364 1753166402.069288
1753166402.069314 1753166433.474327
1753166433.4743488 1753166468.5062187
1753166468.506236 1753166500.6556737
1753166500.6557043 1753166529.1212318
1753166529.121249 1753166564.9477537
1753166564.947781 1753166595.1962457
1753166595.1962657 1753166638.0384047
1753166638.03843 1753166667.0828218
1753166667.082847 1753166690.1719205
1753166690.1719427 1753166724.4290087
1753166724.4290357 1753166753.931913
1753166753.931933 1753166786.2146392
1753166786.214677 1753166825.8403916
1753166825.8404105 1753166858.252538
1753166858.2525616 1753166891.6076128
1753166891.607637 1753166927.0296102
1753166927.0296292 1753166953.9631999
1753166953.9632242 1753166985.3990695
1753166985.3990908 1753167013.392096
1753167013.3921196 1753167043.4703867
1753167043.4704092 1753167075.6670547
1753167075.667075 1753167108.9282644
1753167108.9282966 1753167131.1955516
1753167131.1955764 1753167161.1146517
1753167161.1146753 1753167186.8756924
1753167186.8757129 1753167216.750632
1753167216.750655 1753167262.018755
1753167262.0187857 1753167289.964095
1753167289.9641204 1753167324.4800067
1753167324.480034 1753167356.8267395
1753167356.8267562 1753167385.3836443
1753167385.383668 1753167413.0759614
1753167413.0759895 1753167440.0055916
1753167440.0056117 1753167464.7952628
1753167464.7952852 1753167492.2192614
1753167492.2192848 1753167522.0617976
1753167522.0618188 1753167547.3379657
1753167547.3379927 1753167575.5842261
1753167575.5842443 1753167600.8641045
1753167600.864122 1753167623.9898012
1753167623.989828 1753167646.6739347
1753167646.6739523 1753167684.2693095
1753167684.2693315 1753167714.3150325
1753167714.315052 1753167745.8950531
1753167745.895078 1753167783.8644013
1753167783.864422 1753167817.0564504
1753167817.0564768 1753167852.8406622
1753167852.8406892 1753167884.9776323
1753167884.9776511 1753167921.9338903
1753167921.9339116 1753167952.4042556
1753167952.4042778 1753167985.736919
1753167985.736936 1753168012.528043
1753168012.5280702 1753168046.5012658
1753168046.5012875 1753168073.9078016
1753168073.9078233 1753168107.0249877
1753168107.0250132 1753168142.1891088
1753168142.1891272 1753168168.7206724
1753168168.7206917 1753168198.865899
1753168198.8659241 1753168227.2845337
1753168227.284555 1753168265.5778105
1753168265.5778375 1753168295.4052022
1753168295.4052277 1753168326.596097
1753168326.5961213 1753168361.7589493
1753168361.758971 1753168390.730381
1753168390.73041 1753168420.73336
1753168420.7333772 1753168450.2690718
1753168450.2690935 1753168479.680449
1753168479.6804698 1753168517.1796718
1753168517.1796954 1753168558.1508074
1753168558.150826 1753168585.192073
1753168585.1920931 1753168610.5937994
1753168610.5938241 1753168638.7736475
1753168638.773666 1753168670.266752
1753168670.2667778 1753168700.7946396
1753168700.7946587 1753168732.739648
1753168732.739669 1753168760.6687021
1753168760.668724 1753168789.6776147
1753168789.6776364 1753168812.1823437
1753168812.182362 1753168844.5363827
1753168844.5364296 1753168868.444792
1753168868.4448266 1753168895.563533
1753168895.563576 1753168928.9665082
1753168928.966537 1753168957.607661
1753168957.6076837 1753168997.9979684
1753168997.997985 1753169022.6461356
1753169022.646152 1753169061.4759657
1753169061.4759874 1753169097.9656048
1753169097.9656322 1753169139.9663084
1753169139.9663281 1753169176.0556607
1753169176.0556874 1753169195.4306157
1753169195.4306347 1753169224.241387
1753169224.2414074 1753169255.2606544
1753169255.2606905 1753169281.591859
1753169281.5918834 1753169308.6222718
1753169308.6222916 1753169335.7077298
1753169335.7077525 1753169366.8244874
1753169366.824506 1753169397.2784798
1753169397.2785013 1753169426.931918
1753169426.9319425 1753169453.8186529
1753169453.8186865 1753169478.1748903
1753169478.1749096 1753169505.0121262
1753169505.0121496 1753169537.4569223
1753169537.4569452 1753169565.2725804
1753169565.272604 1753169594.9666748
1753169594.9666984 1753169625.5305266
1753169625.5305488 1753169648.7710245
1753169648.771046 1753169675.4505072
1753169675.4505298 1753169703.0898435
1753169703.089866 1753169732.7883372
1753169732.7883563 1753169760.7597158
1753169760.7597408 1753169784.159079
1753169784.159098 1753169814.8486283
1753169814.8486557 1753169850.5880628
1753169850.5880814 1753169876.8803375
1753169876.8803647 1753169904.2522805
1753169904.252307 1753169932.3814929
1753169932.381515 1753169957.7167811
1753169957.7167983 1753169984.680091
1753169984.6801152 1753170008.3652656
1753170008.365282 1753170042.8138669
1753170042.8138938 1753170074.228234
1753170074.2282531 1753170104.0084295
1753170104.0084486 1753170130.8039877
1753170130.8040123 1753170160.1291072
1753170160.1291242 1753170192.0899231
1753170192.0899453 1753170220.5641887
1753170220.5642114 1753170251.7521012
1753170251.752123 1753170279.9096177
1753170279.9096382 1753170312.3297174
1753170312.3297415 1753170346.0886424
1753170346.0886717 1753170364.3318164
1753170364.3318381 1753170392.0969207
1753170392.0969436 1753170426.2754984
1753170426.275518 1753170453.8970196
1753170453.8970377 1753170478.900626
1753170478.9006493 1753170506.313088
1753170506.3131077 1753170535.0013523
1753170535.0013716 1753170562.881514
1753170562.8815496 1753170588.7139428
1753170588.7139637 1753170619.4546237
1753170619.4546463 1753170647.8797128
1753170647.879733 1753170683.4972477
1753170683.4972692 1753170713.4968503
1753170713.4968681 1753170740.0523443
1753170740.0523884 1753170767.892164
1753170767.892186 1753170797.3910701
1753170797.391094 1753170817.5839336
1753170817.5839546 1753170849.314655
1753170849.3146758 1753170879.4842112
1753170879.4842322 1753170912.4177296
1753170912.4177527 1753170941.6091874
1753170941.6092055 1753170985.1152983
1753170985.1153212 1753171021.423502
1753171021.4235198 1753171046.7310262
1753171046.7310483 1753171080.9066052
1753171080.9066243 1753171110.467795
1753171110.467821 1753171135.3090591
1753171135.3090756 1753171173.5797982
1753171173.5798264 1753171214.3485734
1753171214.348594 1753171247.4466918
1753171247.4467218 1753171285.3651302
1753171285.365148 1753171311.8193028
1753171311.819328 1753171343.4150033
1753171343.415025 1753171368.8866742
1753171368.8866916 1753171400.2564726
1753171400.2564933 1753171425.880605
1753171425.8806295 1753171456.210889
1753171456.2109091 1753171480.3121915
1753171480.312212 1753171510.2342675
1753171510.2342887 1753171535.20246
1753171535.2024841 1753171558.411387
1753171558.4114118 1753171588.6983676
1753171588.6983876 1753171623.1392598
1753171623.1392832 1753171647.9629736
1753171647.9629934 1753171678.397902
1753171678.397924 1753171708.409991
1753171708.4100158 1753171735.7751255
1753171735.7751455 1753171767.4765399
1753171767.4765632 1753171798.387516
1753171798.3875394 1753171826.4431453
1753171826.4431658 1753171850.9754455
1753171850.9754727 1753171871.5186446
1753171871.518661 1753171903.4285674
1753171903.428594 1753171929.853611
1753171929.8536332 1753171964.0820518
1753171964.0820925 1753172001.2419848
1753172001.2420027 1753172024.8325129
1753172024.832543 1753172053.0996642
1753172053.099684 1753172082.4468942
1753172082.446934 1753172112.2080312
1753172112.208051 1753172136.9600213
1753172136.9600487 1753172164.779222
1753172164.7792392 1753172190.779658
1753172190.7796838 1753172221.740465
1753172221.7404866 1753172250.1070008
1753172250.1070278 1753172275.2947757
1753172275.2948008 1753172305.6688735
1753172305.668896 1753172342.0708594
1753172342.070891 1753172368.8899689
1753172368.8899868 1753172400.3484578
1753172400.3484838 1753172428.788959
1753172428.78898 1753172460.1841106
1753172460.1841416 1753172502.9021132
1753172502.902132 1753172535.3686452
1753172535.368676 1753172558.8800292
1753172558.8800488 1753172611.1400688
1753172611.1400948 1753172638.021171
1753172638.0211897 1753172666.4264927
1753172666.4265165 1753172694.4132028
1753172694.4132292 1753172724.2880864
1753172724.2881148 1753172751.6174586
1753172751.617479 1753172779.5474074
1753172779.547434 1753172803.3973486
1753172803.3973708 1753172834.1658854
1753172834.1659138 1753172862.1256216
1753172862.125649 1753172899.6174266
1753172899.617448 1753172928.601383
1753172928.6014106 1753172952.8161101
1753172952.8161306 1753172978.5415215
1753172978.5415428 1753173008.30856
1753173008.308584 1753173038.6865003
1753173038.686523 1753173058.2863083
1753173058.2863262 1753173090.1439533
1753173090.1439784 1753173118.7691991
1753173118.7692225 1753173154.95642
1753173154.9564407 1753173181.650722
1753173181.650747 1753173210.5552404
1753173210.555257 1753173240.441427
1753173240.441454 1753173269.496621
1753173269.4966395 1753173302.0460021
1753173302.0460255 1753173334.0395296
1753173334.0395565 1753173358.319816
1753173358.3198345 1753173389.671601
1753173389.671634 1753173415.9433937
1753173415.9434147 1753173452.1446838
1753173452.1447034 1753173477.605412
1753173477.6054301 1753173515.3764274
1753173515.3764546 1753173546.1657817
1753173546.1657996 1753173571.7912905
1753173571.791308 1753173598.8102205
1753173598.8102472 1753173633.6350665
1753173633.6350834 1753173655.1689508
1753173655.1689684 1753173682.3563488
1753173682.3563752 1753173708.4949672
1753173708.494994 1753173729.1563065
1753173729.1563258 1753173772.816048
1753173772.8160732 1753173797.0919662
1753173797.0919871 1753173817.4405806
1753173817.4406044 1753173844.5813832
1753173844.5814023 1753173870.5541685
1753173870.5541916 1753173897.750622
1753173897.7506483 1753173926.3522873
1753173926.352306 1753173954.3092635
1753173954.3092895 1753173978.1388211
1753173978.138844 1753174006.0720956
1753174006.0721185 1753174036.1696084
1753174036.1696308 1753174071.8959208
1753174071.89594 1753174111.2170038
1753174111.217032 1753174137.5681589
1753174137.5681775 1753174177.8709438
1753174177.8709657 1753174205.3631623
1753174205.363184 1753174234.5764391
1753174234.5764918 1753174263.2408812
1753174263.2409022 1753174291.9009905
1753174291.9010162 1753174323.066918
1753174323.066941 1753174347.5566242
1753174347.5566447 1753174377.744717
1753174377.7447414 1753174409.1290603
1753174409.1290808 1753174429.3046021
1753174429.3046248 1753174458.8559287
1753174458.8559582 1753174489.845131
1753174489.8451478 1753174517.5122626
1753174517.512291 1753174551.8443992
1753174551.8444207 1753174585.7715766
1753174585.7716134 1753174615.094559
1753174615.0945947 1753174648.0709002
1753174648.0709202 1753174679.1059546
1753174679.1059794 1753174711.628611
1753174711.628632 1753174740.300116
1753174740.3001459 1753174773.6191986
1753174773.6192229 1753174816.3171356
1753174816.317156 1753174844.9165404
1753174844.9165666 1753174876.3209746
1753174876.3209944 1753174899.5888755
1753174899.5888941 1753174936.0117455
1753174936.0117733 1753174964.121648
1753174964.1216683 1753174997.6691952
1753174997.6692188 1753175025.0651672
1753175025.0651884 1753175059.2392454
1753175059.2392628 1753175081.3208888
1753175081.3209162 1753175110.8422112
1753175110.8422384 1753175135.2568629
1753175135.2568858 1753175162.0319443
1753175162.031967 1753175194.634112
1753175194.6341314 1753175229.483119
1753175229.4831424 1753175269.0444148
1753175269.0444446 1753175298.4532332
1753175298.4532573 1753175336.7461815
1753175336.7461996 1753175360.024347
1753175360.024375 1753175383.8028564
1753175383.802877 1753175412.2011871
1753175412.201205 1753175435.1521716
1753175435.1521976 1753175468.7638335
1753175468.7638535 1753175498.220228
1753175498.2202528 1753175526.4433887
1753175526.4434063 1753175546.880714
1753175546.8807306 1753175574.9986868
1753175574.9987094 1753175605.954702
1753175605.954724 1753175644.2255957
1753175644.2256162 1753175678.218279
1753175678.2183092 1753175710.1589005
1753175710.1589282 1753175730.1442232
1753175730.1442435 1753175766.476235
1753175766.4762723 1753175793.3509889
1753175793.3510115 1753175828.4213214
1753175828.42134 1753175853.9295292
1753175853.929549 1753175882.574618
1753175882.5746422 1753175914.6450408
1753175914.6450608 1753175943.4683142
1753175943.4683352 1753175962.3365355
1753175962.3365607 1753175995.789623
1753175995.789641 1753176028.5358953
1753176028.5359244 1753176058.37395
1753176058.37397 1753176086.400681
1753176086.4007015 1753176120.7393265
1753176120.7393496 1753176149.2554617
1753176149.255482 1753176178.3460622
1753176178.3460786 1753176201.653696
1753176201.6537206 1753176235.1251264
1753176235.1251457 1753176264.0194733
1753176264.0194917 1753176293.297735
1753176293.297764 1753176322.0624459
1753176322.062466 1753176342.4538245
1753176342.4538414 1753176377.4276118
1753176377.427644 1753176407.352022
1753176407.3520463 1753176435.6136816
1753176435.6137033 1753176458.5264058
1753176458.526427 1753176485.974752
1753176485.974771 1753176520.67695
1753176520.6769743 1753176550.1651683
1753176550.1651857 1753176580.4754782
1753176580.475501 1753176622.641695
1753176622.6417131 1753176654.9156873
1753176654.9157083 1753176684.0267162
1753176684.026742 1753176712.344464
1753176712.3444867 1753176747.879597
1753176747.879624 1753176773.8704517
1753176773.8704731 1753176804.8292243
1753176804.8292415 1753176824.2141294
1753176824.21415 1753176862.5062203
1753176862.5062466 1753176903.9185698
1753176903.918592 1753176932.5519395
1753176932.5519686 1753176958.1133082
1753176958.113329 1753176984.280112
1753176984.2801347 1753177016.7234719
1753177016.7234967 1753177048.4910097
1753177048.4910295 1753177078.8142118
1753177078.8142424 1753177109.9837546
1753177109.9837735 1753177138.666564
1753177138.6665835 1753177166.1788719
1753177166.1788907 1753177198.613194
1753177198.6132174 1753177239.5382454
1753177239.5382643 1753177271.4938793
1753177271.4939086 1753177309.128079
1753177309.1281042 1753177342.1230085
1753177342.1230283 1753177372.5501575
1753177372.5501826 1753177398.6588368
1753177398.6588533 1753177437.7098694
1753177437.709913 1753177473.664424
1753177473.6644433 1753177514.8808746
1753177514.880904 1753177548.791316
1753177548.7913322 1753177577.8497198
1753177577.849739 1753177605.852894
1753177605.8529203 1753177634.9218569
1753177634.9218788 1753177663.5411265
1753177663.5411491 1753177690.5727496
1753177690.5727758 1753177717.8017595
1753177717.8017766 1753177751.5535316
1753177751.5535553 1753177773.1128366
1753177773.1128578 1753177805.6837566
1753177805.6837862 1753177829.135131
1753177829.1351666 1753177858.793545
1753177858.793571 1753177897.3724754
1753177897.372505 1753177927.9931602
1753177927.993179 1753177955.8610213
1753177955.8610399 1753177981.799439
1753177981.7994738 1753178011.90377
1753178011.903793 1753178033.2106848
1753178033.2107055 1753178072.5385644
1753178072.5385907 1753178101.5028908
1753178101.5029273 1753178130.461224
1753178130.461251 1753178165.0044475
1753178165.0044713 1753178195.8358727
1753178195.8358898 1753178220.4262478
1753178220.4262667 1753178247.4195242
1753178247.419546 1753178275.8386796
1753178275.8386972 1753178301.1385322
1753178301.1385534 1753178332.393456
1753178332.393481 1753178365.4213858
1753178365.4214032 1753178398.908593
1753178398.9086194 1753178436.9860656
1753178436.9860878 1753178464.5505848
1753178464.5506032 1753178497.4374344
1753178497.437453 1753178524.3899553
1753178524.3899803 1753178557.6498787
1753178557.6498992 1753178593.693689
1753178593.6937103 1753178628.5053353
1753178628.50536 1753178658.536677
1753178658.5367072 1753178696.5591617
1753178696.55919 1753178730.0718553
1753178730.0718725 1753178756.3995578
1753178756.3996048 1753178785.7202733
1753178785.7203012 1753178817.488384
1753178817.4884048 1753178842.5488892
1753178842.5489087 1753178872.3453908
1753178872.3454201 1753178895.310649
1753178895.3106685 1753178927.866245
1753178927.866271 1753178958.9804893
1753178958.980519 1753178983.2344174
1753178983.2344358 1753179012.3371997
1753179012.3372242 1753179040.4805205
1753179040.4805434 1753179064.9477105
1753179064.947731 1753179090.689787
1753179090.6898115 1753179123.4971795
1753179123.497196 1753179144.643693
1753179144.6437187 1753179175.8218534
1753179175.8218775 1753179204.752759
1753179204.7527761 1753179234.032707
1753179234.0327294 1753179262.4710855
1753179262.4711127 1753179297.4641552
1753179297.4641762 1753179328.7085917
1753179328.7086184 1753179356.9166248
1753179356.916646 1753179378.0099058
1753179378.009925 1753179403.2447603
1753179403.2447867 1753179438.0965335
1753179438.0965524 1753179466.0441546
1753179466.044184 1753179492.384944
1753179492.3849704 1753179521.7155013
1753179521.7155209 1753179559.9536047
1753179559.9536245 1753179593.4761422
1753179593.4761684 1753179632.3032165
1753179632.3032422 1753179675.689838
1753179675.6898668 1753179704.3166847
1753179704.3167043 1753179734.8948963
1753179734.8949213 1753179760.7710617
1753179760.7710936 1753179792.5987778
1753179792.5987968 1753179824.0802383
1753179824.0802758 1753179855.1269805
1753179855.1270008 1753179891.0199013
1753179891.0199287 1753179919.8126597
1753179919.812681 1753179946.7942402
1753179946.7942705 1753179973.6597552
1753179973.6597805 1753180008.4897592
1753180008.4897943 1753180036.655449
1753180036.6554742 1753180063.6507428
1753180063.65077 1753180092.0259871
1753180092.0260103 1753180124.768949
1753180124.7689972 1753180159.0153525
1753180159.0153742 1753180186.7993112
1753180186.7993317 1753180215.8102643
1753180215.8102877 1753180249.5286503
1753180249.5286758 1753180285.1716733
1753180285.171694 1753180311.1133308
1753180311.113349 1753180342.3732917
1753180342.3733392 1753180383.304002
1753180383.3040204 1753180414.7890842
1753180414.7891238 1753180446.7530415
1753180446.7530656 1753180474.5386891
1753180474.5387087 1753180504.0453246
1753180504.0453458 1753180531.7636683
1753180531.7636936 1753180563.6204998
1753180563.6205199 1753180597.572945
1753180597.5729682 1753180627.820482
1753180627.8205097 1753180662.008792
1753180662.0088117 1753180689.6251652
1753180689.625188 1753180720.1602826
1753180720.1603065 1753180754.7059515
1753180754.705975 1753180782.332104
1753180782.3321273 1753180812.3547695
1753180812.354791 1753180841.6008832
1753180841.6009052 1753180871.0639882
1753180871.064012 1753180905.2062314
1753180905.2062502 1753180925.669533
1753180925.6695538 1753180955.674269
1753180955.6742883 1753180986.5176845
1753180986.5177078 1753181019.082128
1753181019.082149 1753181053.2717502
1753181053.2717712 1753181085.491534
1753181085.4915547 1753181129.4784036
1753181129.478423 1753181154.5395002
1753181154.5395274 1753181177.5973115
1753181177.597334 1753181202.2735057
1753181202.273528 1753181223.4195492
1753181223.4195821 1753181251.8362017
1753181251.8362205 1753181276.7879333
1753181276.787961 1753181305.3820493
1753181305.3820708 1753181342.9940505
1753181342.994069 1753181368.6860359
1753181368.6860604 1753181397.46625
1753181397.4662757 1753181426.2690148
1753181426.269039 1753181450.9215991
1753181450.9216332 1753181485.5989735
1753181485.599 1753181516.8314037
1753181516.8314283 1753181543.1994681
1753181543.1994925 1753181577.4812782
1753181577.4812982 1753181611.7352026
1753181611.7352288 1753181644.2288988
1753181644.2289188 1753181679.0300138
1753181679.0300348 1753181715.5056105
1753181715.5056329 1753181749.591636
1753181749.591653 1753181782.5357847
1753181782.535809 1753181817.751534
1753181817.7515554 1753181847.2747726
