1756725880.8901556 1756725940.4437864
1756725940.4438102 1756725983.3064833
1756725983.3064992 1756726024.7951195
1756726024.795156 1756726065.6282263
1756726065.6282518 1756726127.2706068
1756726127.2706306 1756726180.837078
1756726180.8371007 1756726228.2206428
1756726228.2206702 1756726275.9505212
1756726275.9505465 1756726324.144832
1756726324.1448534 1756726373.7078118
1756726373.7078362 1756726427.1242824
1756726427.1243024 1756726477.9307582
1756726477.9307845 1756726522.6278074
1756726522.6278322 1756726579.7709467
1756726579.7709646 1756726618.407622
1756726618.4076467 1756726672.5112698
1756726672.5112891 1756726727.228714
1756726727.2287374 1756726765.7418473
1756726765.7418704 1756726819.8058057
1756726819.8058262 1756726870.2523854
1756726870.2524064 1756726943.703114
1756726943.7031298 1756726994.1493745
1756726994.149402 1756727047.242193
1756727047.2422564 1756727089.5530765
1756727089.5530965 1756727152.7525325
1756727152.7525563 1756727213.1434093
1756727213.1434321 1756727256.811619
1756727256.8116472 1756727296.7179177
1756727296.7179415 1756727338.8238885
1756727338.82392 1756727386.7574198
1756727386.75744 1756727427.2388935
1756727427.2389202 1756727485.9334514
1756727485.9334998 1756727553.6034758
1756727553.603504 1756727607.7060342
1756727607.7060628 1756727651.6051142
1756727651.605145 1756727715.768561
1756727715.7685864 1756727762.1207864
1756727762.1208248 1756727807.589339
1756727807.5893707 1756727882.300707
1756727882.3007636 1756727931.4982185
1756727931.4982424 1756727986.6820188
1756727986.682043 1756728050.644091
1756728050.6441243 1756728108.900994
1756728108.9010184 1756728165.7256606
1756728165.7256846 1756728209.3894897
1756728209.3895152 1756728251.1482646
1756728251.1482897 1756728296.8724303
1756728296.8724608 1756728358.5887263
1756728358.58875 1756728407.4100733
1756728407.4100933 1756728454.7139456
1756728454.7139797 1756728497.6997125
1756728497.6997364 1756728547.0952904
1756728547.0953214 1756728595.008287
1756728595.0083106 1756728645.8971465
1756728645.897176 1756728679.42862
1756728679.4286466 1756728714.442021
1756728714.4420469 1756728749.1113958
1756728749.1114178 1756728793.020729
1756728793.0207574 1756728853.430075
1756728853.4300973 1756728918.2795138
1756728918.2795408 1756728980.1005764
1756728980.100608 1756729013.6478825
1756729013.6479075 1756729061.4332385
1756729061.4332669 1756729139.770869
1756729139.77089 1756729178.7585719
1756729178.7586002 1756729227.0956802
1756729227.095708 1756729276.5748239
1756729276.5748508 1756729345.276541
1756729345.2765696 1756729406.1075366
1756729406.1075811 1756729470.1655326
1756729470.1655557 1756729512.0075068
1756729512.0075393 1756729567.9937246
1756729567.9937475 1756729616.1239023
1756729616.1239324 1756729656.1372385
1756729656.137267 1756729702.0909667
1756729702.0909889 1756729754.312519
1756729754.3125474 1756729795.5680554
1756729795.5680912 1756729835.7962713
1756729835.7963 1756729880.0963233
1756729880.0963473 1756729933.5950089
1756729933.59505 1756729974.9426317
1756729974.9426558 1756730022.6726787
1756730022.6727045 1756730072.2489305
1756730072.248958 1756730113.012904
1756730113.0129282 1756730188.6875517
1756730188.6875944 1756730232.8724809
1756730232.8725133 1756730306.906753
1756730306.9067786 1756730378.8559613
1756730378.8559847 1756730436.353024
1756730436.3530517 1756730498.2816558
1756730498.281678 1756730556.6710403
1756730556.6710734 1756730607.2253857
1756730607.2254126 1756730654.306654
1756730654.3066878 1756730702.646834
1756730702.6468585 1756730766.096416
1756730766.0964432 1756730827.4130027
1756730827.4130309 1756730886.2586098
1756730886.258632 1756730927.9994278
1756730927.9994571 1756730976.0636036
1756730976.0636284 1756731025.5396347
