1752152396.7459354 1752152429.2083046
1752152429.2083366 1752152463.6252377
1752152463.625259 1752152492.4697561
1752152492.469779 1752152525.6305182
1752152525.6305392 1752152561.8114278
1752152561.8114486 1752152582.922022
1752152582.9220424 1752152610.0537748
1752152610.0537984 1752152632.8912153
1752152632.8912356 1752152666.7267675
1752152666.7267873 1752152691.8605406
1752152691.8605676 1752152719.9406374
1752152719.9406602 1752152740.829677
1752152740.8297026 1752152774.0787122
1752152774.0787542 1752152796.9947824
1752152796.9948008 1752152828.537119
1752152828.5371447 1752152858.707105
1752152858.707127 1752152890.2526367
1752152890.252658 1752152922.0411541
1752152922.0411732 1752152940.1611114
1752152940.1611378 1752152978.2092326
1752152978.2092552 1752153007.2623096
1752153007.262328 1752153036.6160448
1752153036.6160672 1752153055.1895351
1752153055.1895535 1752153088.7676792
1752153088.7677019 1752153113.8178096
1752153113.8178325 1752153142.115462
1752153142.1154797 1752153162.4394171
1752153162.4394395 1752153186.322141
1752153186.3221564 1752153221.0145097
1752153221.014534 1752153237.1862006
1752153237.1862164 1752153265.9273129
1752153265.9273365 1752153291.997049
1752153291.9970722 1752153313.48245
1752153313.4824836 1752153338.8874311
1752153338.8874583 1752153370.4767885
1752153370.4768064 1752153402.78446
1752153402.7844849 1752153429.0673048
1752153429.067325 1752153467.6981518
1752153467.6981754 1752153491.869133
1752153491.869154 1752153539.251859
1752153539.2518773 1752153574.1360276
1752153574.1360536 1752153604.6045477
1752153604.6045659 1752153635.854269
1752153635.8542914 1752153672.5776498
1752153672.577669 1752153704.308661
1752153704.3086846 1752153731.0740182
1752153731.074041 1752153772.518197
1752153772.5182192 1752153787.1405869
1752153787.1406033 1752153819.9676769
1752153819.9677238 1752153852.3713124
1752153852.3713312 1752153886.3699207
1752153886.36994 1752153912.8915427
1752153912.8915834 1752153938.818403
1752153938.8184254 1752153972.7353945
1752153972.7354145 1752154002.4612193
1752154002.4612353 1752154036.992862
1752154036.9928844 1752154075.807321
1752154075.8073404 1752154109.4440799
1752154109.4441047 1752154137.2934084
1752154137.2934291 1752154163.5283444
1752154163.5283678 1752154194.9182518
1752154194.9182823 1752154230.6259828
1752154230.6260052 1752154266.8209777
1752154266.820996 1752154299.1452467
1752154299.1452703 1752154327.146363
1752154327.1463795 1752154360.8793902
1752154360.8794122 1752154387.5301392
1752154387.5301707 1752154421.5225499
1752154421.5225723 1752154458.6468418
1752154458.6468577 1752154483.5278814
1752154483.5279057 1752154511.7040992
1752154511.7041225 1752154542.7467692
1752154542.7467897 1752154574.354396
1752154574.3544354 1752154605.5868998
1752154605.58692 1752154630.5691583
1752154630.5691824 1752154656.5297208
1752154656.529738 1752154685.15142
1752154685.151443 1752154710.2969985
1752154710.297017 1752154734.955966
1752154734.95599 1752154757.1114178
1752154757.1114345 1752154794.23739
1752154794.2374141 1752154820.8768878
1752154820.8769093 1752154848.3916426
1752154848.391672 1752154871.989802
1752154871.9898224 1752154909.802297
1752154909.8023183 1752154926.8190844
1752154926.8191009 1752154967.0081742
1752154967.0081973 1752154982.306301
1752154982.3063173 1752155016.2011595
1752155016.2011826 1752155052.4084578
1752155052.408476 1752155069.3707721
1752155069.3707936 1752155104.0669756
1752155104.066995 1752155128.268736
1752155128.2687616 1752155167.379542
1752155167.3795612 1752155201.9837177
1752155201.9837508 1752155230.0156388
1752155230.0156581 1752155251.0242505
1752155251.0242767 1752155271.582402
1752155271.5824192 1752155307.5956948
1752155307.5957258 1752155338.022304
1752155338.0223262 1752155375.03923
1752155375.0392468 1752155401.8017602
1752155401.801784 1752155431.2673182
1752155431.267349 1752155464.2808254
1752155464.280858 1752155481.9695778
1752155481.9695957 1752155518.4786913
1752155518.4787161 1752155557.811042
1752155557.8110662 1752155588.483764
1752155588.4837818 1752155615.9657643
1752155615.9657886 1752155651.7347636
1752155651.7347808 1752155690.4880612
1752155690.4880831 1752155720.127681
1752155720.1277022 1752155755.4908934
1752155755.490914 1752155786.526222
1752155786.5262442 1752155821.681045
1752155821.6810725 1752155849.0570357
1752155849.0570586 1752155881.8081148
1752155881.808133 1752155916.613024
1752155916.6130466 1752155952.299696
1752155952.2997239 1752155989.5525296
1752155989.5525463 1752156016.9063544
1752156016.9063795 1752156050.0999463
1752156050.0999706 1752156089.150476
1752156089.1505055 1752156127.0571744
1752156127.0571933 1752156161.95448
1752156161.9545035 1752156195.535542
1752156195.5355742 1752156218.8012931
1752156218.8013124 1752156246.0637805
1752156246.0637987 1752156281.783156
1752156281.7831821 1752156298.7382426
1752156298.7382596 1752156340.594285
1752156340.5943089 1752156367.1060631
1752156367.1060839 1752156391.0489457
1752156391.0489764 1752156425.123327
1752156425.1233532 1752156454.5961847
1752156454.596208 1752156480.4184706
1752156480.4184952 1752156502.1773837
1752156502.1774042 1752156534.9895442
1752156534.989562 1752156564.4534788
1752156564.453504 1752156594.5191467
1752156594.5191708 1752156625.3607194
1752156625.3607442 1752156659.4501255
1752156659.4501452 1752156686.5140927
1752156686.514115 1752156713.8549051
1752156713.8549314 1752156748.0221484
1752156748.0221772 1752156776.0357852
1752156776.0358222 1752156804.8200243
1752156804.8200433 1752156837.3851938
1752156837.3852215 1752156860.8310905
1752156860.831127 1752156883.0466545
1752156883.0466764 1752156906.4270425
1752156906.4270594 1752156936.6994777
1752156936.6994998 1752156966.2513833
1752156966.2514067 1752156994.7620142
1752156994.762035 1752157019.348136
1752157019.3481603 1752157051.099422
1752157051.0994406 1752157072.3349252
1752157072.3349476 1752157100.8398993
1752157100.8399208 1752157132.7545557
1752157132.7545793 1752157149.8949442
1752157149.8949647 1752157177.6544318
1752157177.6544578 1752157208.1467586
1752157208.1467812 1752157234.9503083
1752157234.9503312 1752157266.9101
1752157266.9101226 1752157286.642819
1752157286.6428418 1752157317.6659276
1752157317.66595 1752157352.059172
1752157352.0591977 1752157379.510976
1752157379.5110054 1752157405.6816278
1752157405.681654 1752157437.6897566
1752157437.6897788 1752157466.1243143
1752157466.1243403 1752157499.753493
1752157499.7535164 1752157522.106901
1752157522.1069207 1752157555.4299998
1752157555.430027 1752157585.2251334
1752157585.2251549 1752157611.231134
1752157611.2311664 1752157644.7457194
1752157644.7457426 1752157689.3401093
1752157689.3401282 1752157712.710547
1752157712.7105696 1752157753.2852967
1752157753.2853167 1752157776.3458967
1752157776.3459132 1752157812.241119
1752157812.2411425 1752157850.29314
1752157850.2931776 1752157880.3508778
1752157880.3509066 1752157910.5783632
1752157910.5783837 1752157944.3793857
1752157944.3794143 1752157973.498056
1752157973.4980807 1752158007.4597132
1752158007.4597328 1752158030.9319384
1752158030.931966 1752158051.8264375
1752158051.8264542 1752158087.2752485
1752158087.275277 1752158118.7401505
1752158118.7401712 1752158154.684765
1752158154.6847885 1752158183.3337996
1752158183.333824 1752158215.8927011
1752158215.892723 1752158241.2349954
1752158241.2350278 1752158270.9079032
1752158270.907922 1752158307.7574687
1752158307.7574983 1752158336.7013729
1752158336.7013912 1752158362.5184202
1752158362.5184443 1752158394.8299499
1752158394.8299725 1752158419.6909254
1752158419.690963 1752158459.415204
1752158459.415229 1752158488.322465
1752158488.3224938 1752158521.3435981
1752158521.3436165 1752158554.4150453
1752158554.4150674 1752158582.4298294
1752158582.4298537 1752158618.2586
1752158618.2586176 1752158648.4419343
1752158648.4419596 1752158688.219599
1752158688.2196324 1752158713.9784336
1752158713.9784663 1752158732.6341488
1752158732.6341705 1752158767.2831776
1752158767.2832005 1752158799.19573
1752158799.195751 1752158823.8995178
1752158823.8995428 1752158856.41856
1752158856.4185781 1752158882.2529442
1752158882.2529685 1752158924.0094042
1752158924.0094228 1752158955.1999948
1752158955.2000291 1752158973.1881251
1752158973.1881416 1752159011.5862978
1752159011.5863225 1752159039.2099476
1752159039.20997 1752159070.1861343
1752159070.1861584 1752159094.0575125
1752159094.0575297 1752159122.388687
1752159122.3887198 1752159151.1439323
1752159151.1439528 1752159178.2174098
1752159178.2174385 1752159208.5301392
1752159208.5301604 1752159247.1023846
1752159247.1024127 1752159277.9980812
1752159277.9980996 1752159310.6045911
1752159310.6046202 1752159339.043298
1752159339.0433218 1752159367.1512773
1752159367.1513 1752159398.8148181
1752159398.8148417 1752159425.2275593
1752159425.2276006 1752159452.3017504
1752159452.301777 1752159481.8223534
1752159481.8223746 1752159508.7157016
1752159508.7157261 1752159538.1354418
1752159538.1354613 1752159564.470575
1752159564.4705982 1752159585.1499743
1752159585.1499963 1752159615.7177327
1752159615.7177644 1752159647.2271006
1752159647.2271235 1752159669.3269181
1752159669.3269384 1752159704.3251336
1752159704.3251584 1752159731.7472205
1752159731.7472382 1752159750.666139
1752159750.666162 1752159779.779213
1752159779.779238 1752159817.374013
1752159817.3740351 1752159848.0085998
1752159848.0086215 1752159885.562487
1752159885.5625122 1752159914.0805142
1752159914.0805314 1752159941.9239008
1752159941.9239311 1752159980.1023245
1752159980.1023514 1752160004.4165754
1752160004.4166028 1752160044.4470365
1752160044.4470594 1752160070.8984208
1752160070.898452 1752160109.3409512
1752160109.340968 1752160128.015461
1752160128.0154939 1752160153.3561475
1752160153.3561668 1752160180.1100185
1752160180.1100464 1752160205.7712343
1752160205.771258 1752160228.0597668
1752160228.059792 1752160263.9011443
1752160263.9011652 1752160291.520716
1752160291.52074 1752160320.243034
1752160320.2430565 1752160352.553184
1752160352.5532033 1752160374.6847427
1752160374.6847699 1752160417.9992268
1752160417.9992452 1752160448.1246066
1752160448.1246328 1752160473.2371087
1752160473.237126 1752160499.1122925
1752160499.1123161 1752160521.501619
1752160521.5016437 1752160560.136819
1752160560.1368375 1752160594.4771504
1752160594.4771707 1752160618.3255644
1752160618.3255854 1752160647.5810847
1752160647.5811036 1752160673.6974485
1752160673.697476 1752160715.1393278
1752160715.1393447 1752160734.0899718
1752160734.0899956 1752160768.737414
1752160768.7374332 1752160796.677907
1752160796.6779294 1752160827.515133
1752160827.5151577 1752160862.0086312
1752160862.0086553 1752160896.8366222
1752160896.83664 1752160929.466479
1752160929.4665036 1752160963.6449447
1752160963.6449633 1752160985.0356417
1752160985.0356658 1752161028.8882897
1752161028.8883162 1752161048.6207905
1752161048.62081 1752161084.0167785
1752161084.0168 1752161111.2674263
1752161111.2674503 1752161146.2394705
1752161146.239489 1752161187.943199
1752161187.9432228 1752161216.5929894
1752161216.5930254 1752161249.6327415
1752161249.6327682 1752161288.1733897
1752161288.173407 1752161308.6037335
1752161308.6037593 1752161346.0974827
1752161346.0975013 1752161380.413906
1752161380.4139283 1752161405.820537
1752161405.8205616 1752161433.0158775
1752161433.0159142 1752161465.4633093
1752161465.4633307 1752161500.6211348
1752161500.621159 1752161531.033755
1752161531.0337787 1752161563.075719
1752161563.0757368 1752161588.4645562
1752161588.4645836 1752161622.3179212
1752161622.3179383 1752161644.3418832
1752161644.3419025 1752161674.5020628
1752161674.502086 1752161705.7830305
1752161705.7830634 1752161726.1726446
1752161726.172666 1752161758.731226
1752161758.7312438 1752161783.3769636
1752161783.3769956 1752161814.302553
1752161814.302575 1752161840.4286115
1752161840.4286344 1752161865.6286125
1752161865.6286378 1752161895.9246867
1752161895.9247077 1752161914.9962583
1752161914.9962811 1752161951.4783657
1752161951.4783854 1752161983.0746384
1752161983.0746624 1752162011.155529
1752162011.155548 1752162044.7385862
1752162044.7386057 1752162075.8389575
1752162075.8389888 1752162103.9030488
1752162103.9030724 1752162138.092351
1752162138.092374 1752162167.8224993
1752162167.8225186 1752162202.5000691
1752162202.5000918 1752162229.4424999
1752162229.44252 1752162260.133753
1752162260.1337755 1752162296.1377845
1752162296.137804 1752162332.2833188
1752162332.2833428 1752162370.0239704
1752162370.023997 1752162398.0238962
1752162398.023918 1752162428.315317
1752162428.3153405 1752162466.9403188
1752162466.9403374 1752162497.8739748
1752162497.8739989 1752162535.1206968
1752162535.1207168 1752162569.7965958
1752162569.7966187 1752162592.8058827
1752162592.8058999 1752162632.968671
1752162632.9687107 1752162654.737334
1752162654.7373593 1752162694.4868712
1752162694.4868882 1752162724.945256
1752162724.945284 1752162759.725308
1752162759.7253263 1752162776.7135098
1752162776.7135358 1752162815.5511076
1752162815.551126 1752162839.5025513
1752162839.5025747 1752162879.6917632
1752162879.6917841 1752162906.0573747
1752162906.0574036 1752162940.3087544
1752162940.3087747 1752162969.2902575
1752162969.2902741 1752162987.6351194
1752162987.6351426 1752163015.3482678
1752163015.348285 1752163052.1031744
1752163052.103201 1752163080.7466123
1752163080.746635 1752163104.9136398
1752163104.9136803 1752163130.193074
1752163130.193092 1752163159.6790333
1752163159.679058 1752163189.2390585
1752163189.2390876 1752163213.569352
1752163213.5693743 1752163248.143679
1752163248.1437113 1752163281.5149236
1752163281.5149546 1752163319.397158
1752163319.3971767 1752163349.7707133
1752163349.7707458 1752163384.4060884
1752163384.4061072 1752163416.8064828
1752163416.8065114 1752163443.0142434
1752163443.0142624 1752163486.9441822
1752163486.9442081 1752163512.67045
1752163512.6704752 1752163547.3347323
1752163547.334751 1752163576.4829829
1752163576.4830146 1752163604.257092
1752163604.2571251 1752163646.539533
1752163646.539557 1752163671.688254
1752163671.6882746 1752163698.84018
1752163698.840206 1752163727.3244944
1752163727.3245144 1752163747.9922128
1752163747.992238 1752163788.5938017
1752163788.593818 1752163818.4391778
1752163818.4392216 1752163846.95047
1752163846.950495 1752163884.746516
1752163884.7465398 1752163906.8184717
1752163906.8184896 1752163945.9472692
1752163945.9472926 1752163958.2697248
1752163958.2697444 1752164001.4794853
1752164001.4795046 1752164027.4057672
1752164027.4057922 1752164048.8975387
1752164048.897561 1752164080.3699822
1752164080.3700101 1752164109.4520779
1752164109.4521034 1752164138.8420324
1752164138.8420506 1752164166.7606862
1752164166.7607117 1752164200.4644606
1752164200.4644842 1752164241.2730265
1752164241.273056 1752164264.5836942
1752164264.5837138 1752164283.7228403
1752164283.722863 1752164317.1020298
1752164317.1020484 1752164332.7415113
1752164332.7415292 1752164360.5331995
1752164360.5332265 1752164395.9700358
1752164395.9700553 1752164426.556759
1752164426.55678 1752164461.3548303
1752164461.3548584 1752164487.8155992
1752164487.815619 1752164519.693117
1752164519.6931398 1752164551.4683602
1752164551.4683828 1752164584.5750053
1752164584.5750308 1752164609.2960565
1752164609.2960768 1752164634.9458447
1752164634.9458659 1752164680.456001
1752164680.4560316 1752164706.2964036
1752164706.2964244 1752164746.0014248
1752164746.0014513 1752164769.067337
1752164769.0673652 1752164806.5017092
1752164806.5017366 1752164832.7098742
1752164832.709892 1752164867.1524127
1752164867.1524405 1752164893.5747283
1752164893.5747492 1752164916.7499523
1752164916.7499735 1752164955.476397
1752164955.476418 1752164983.3490374
1752164983.3490548 1752165018.226441
1752165018.2264678 1752165049.6565168
1752165049.6565385 1752165076.1200514
1752165076.1200786 1752165105.4166594
1752165105.4166765 1752165131.1899595
1752165131.1899798 1752165162.8631537
1752165162.8631773 1752165187.9410586
1752165187.941078 1752165217.0972614
1752165217.0972846 1752165250.5124595
1752165250.5124865 1752165276.4139073
1752165276.4139266 1752165297.4377348
1752165297.4377527 1752165324.024039
1752165324.0240648 1752165355.4603214
1752165355.4603467 1752165389.6507378
1752165389.650757 1752165416.3362114
1752165416.3362398 1752165446.3418064
1752165446.3418293 1752165482.4532447
1752165482.4532645 1752165509.8636918
1752165509.8637118 1752165534.057788
1752165534.0578077 1752165562.3090644
1752165562.3090913 1752165590.3894794
1752165590.3894978 1752165616.9287348
1752165616.9287775 1752165640.139028
1752165640.1390471 1752165667.3829236
1752165667.382945 1752165692.8785336
1752165692.878571 1752165718.3842747
1752165718.384303 1752165753.0283232
1752165753.028349 1752165781.642589
1752165781.6426163 1752165807.731911
1752165807.731934 1752165845.665098
1752165845.665115 1752165870.7529926
1752165870.7530115 1752165898.8793032
1752165898.8793275 1752165923.0397706
1752165923.039792 1752165965.9063363
1752165965.9063575 1752165996.6601357
1752165996.6601596 1752166024.2561066
1752166024.2561264 1752166053.8319042
1752166053.8319206 1752166089.299493
1752166089.2995179 1752166116.6434739
1752166116.6434927 1752166145.1505077
1752166145.150525 1752166183.2483008
1752166183.2483447 1752166214.3039122
1752166214.3039434 1752166233.4299068
1752166233.429926 1752166271.745203
1752166271.7452261 1752166309.3271024
1752166309.3271232 1752166337.4664102
1752166337.466438 1752166375.4103575
1752166375.4103763 1752166408.3148324
1752166408.314856 1752166439.195523
1752166439.195556 1752166476.4688818
1752166476.4689078 1752166503.3803422
1752166503.3803768 1752166526.4799736
1752166526.4800034 1752166565.7089167
1752166565.708938 1752166597.5429707
1752166597.542994 1752166620.602035
1752166620.6020536 1752166653.8224037
1752166653.8224285 1752166687.011975
1752166687.0119958 1752166707.73509
1752166707.7351115 1752166735.5277128
1752166735.5277433 1752166761.145908
1752166761.1459353 1752166790.0320206
1752166790.0320446 1752166827.6638367
1752166827.6638606 1752166856.4185002
1752166856.4185164 1752166892.7079332
1752166892.7079616 1752166925.293074
1752166925.2930915 1752166960.5343351
1752166960.5343587 1752166991.0179276
1752166991.0179517 1752167017.23385
1752167017.2338667 1752167052.0266528
1752167052.0266788 1752167070.8299565
1752167070.8299768 1752167100.8527088
1752167100.85273 1752167134.4381008
1752167134.4381204 1752167167.770246
1752167167.7702725 1752167201.4340577
1752167201.4340847 1752167236.1863365
1752167236.1863577 1752167267.790028
1752167267.7900524 1752167306.4528563
1752167306.452874 1752167330.5270238
1752167330.5270433 1752167370.9187264
1752167370.9187522 1752167402.7104628
1752167402.7104802 1752167433.9597414
1752167433.9597716 1752167461.8876462
1752167461.887665 1752167490.656607
1752167490.6566315 1752167516.24714
1752167516.247157 1752167545.4020162
1752167545.4020405 1752167568.9475007
1752167568.9475188 1752167602.0212827
1752167602.021308 1752167630.1755733
1752167630.1756103 1752167659.8444402
1752167659.8444636 1752167689.677978
1752167689.6779945 1752167712.5253148
1752167712.525337 1752167745.4434562
1752167745.443476 1752167787.6882443
1752167787.6882665 1752167812.4613507
1752167812.4613707 1752167839.1615212
1752167839.1615436 1752167876.405561
1752167876.405581 1752167909.5398881
1752167909.5399084 1752167942.0077598
1752167942.0077863 1752167968.9696007
1752167968.9696178 1752168001.5119636
1752168001.5119927 1752168031.8882945
1752168031.8883135 1752168055.4570518
1752168055.4570735 1752168086.363463
1752168086.3634837 1752168116.696025
1752168116.6960516 1752168141.839103
1752168141.8391337 1752168170.1479516
1752168170.1479702 1752168197.0295925
1752168197.0296159 1752168228.381074
1752168228.3810945 1752168251.4454064
1752168251.4454303 1752168294.4378035
1752168294.437822 1752168324.4361706
1752168324.4361935 1752168359.1956162
1752168359.1956415 1752168391.4921012
1752168391.4921207 1752168427.1825602
1752168427.1825836 1752168458.6274529
1752168458.627484 1752168489.1512148
1752168489.151232 1752168511.705317
1752168511.7053378 1752168552.7082605
1752168552.7082827 1752168584.2409935
1752168584.2410128 1752168616.8649805
1752168616.8650188 1752168642.0064824
1752168642.0064988 1752168671.676666
1752168671.6766827 1752168706.338708
1752168706.3387327 1752168743.1358004
1752168743.1358182 1752168770.1251922
1752168770.1252174 1752168800.3797596
1752168800.3797793 1752168844.0779052
1752168844.077927 1752168885.3400304
1752168885.3400567 1752168911.9719663
1752168911.9719908 1752168941.5487785
1752168941.5487983 1752168980.5490973
1752168980.5491147 1752169014.3925233
1752169014.3925536 1752169049.6819909
1752169049.68201 1752169076.4534774
1752169076.4534998 1752169110.6022518
1752169110.602271 1752169145.5149543
1752169145.5149765 1752169169.4949918
1752169169.4950113 1752169194.038393
1752169194.0384138 1752169217.9212313
1752169217.921259 1752169241.4249237
1752169241.4249415 1752169270.1897573
1752169270.1897793 1752169300.9651053
1752169300.9651246 1752169327.3390114
1752169327.3390307 1752169357.154902
1752169357.1549237 1752169386.5508413
1752169386.5508683 1752169410.8828206
1752169410.8828459 1752169437.5220156
1752169437.522034 1752169474.772461
1752169474.7724907 1752169499.32161
1752169499.321628 1752169531.8850455
1752169531.8850658 1752169571.951993
1752169571.9520175 1752169594.0057225
1752169594.0057416 1752169632.4556303
1752169632.4556556 1752169652.0232792
1752169652.023295 1752169689.2870433
1752169689.2870667 1752169724.8880472
1752169724.888065 1752169755.673074
1752169755.6730967 1752169779.526273
1752169779.5263 1752169805.970097
1752169805.9701195 1752169835.3913236
1752169835.391343 1752169860.991572
1752169860.9915957 1752169894.5347414
1752169894.5347614 1752169932.7454484
1752169932.7454665 1752169967.0839074
1752169967.0839334 1752169995.817086
1752169995.8171144 1752170032.6856353
1752170032.6856525 1752170049.6448185
1752170049.6448503 1752170089.7296615
1752170089.7296786 1752170116.7482412
1752170116.7482705 1752170148.2100961
1752170148.2101169 1752170174.664889
1752170174.6649141 1752170202.8385072
1752170202.8385308 1752170230.8547862
1752170230.854812 1752170247.0558984
1752170247.0559156 1752170284.153305
1752170284.1533298 1752170313.5409677
1752170313.54099 1752170342.0070298
1752170342.007051 1752170375.6589127
1752170375.6589358 1752170397.4771547
1752170397.4771752 1752170423.4151936
1752170423.4152153 1752170452.16282
1752170452.162841 1752170470.7323346
1752170470.7323654 1752170499.1853874
1752170499.1854088 1752170537.0918648
1752170537.0918834 1752170560.969602
1752170560.9696321 1752170588.7514105
1752170588.75143 1752170618.0824661
1752170618.0824878 1752170641.9681075
1752170641.968133 1752170670.2686071
1752170670.268626 1752170697.9945054
1752170697.9945352 1752170716.3726752
1752170716.3726966 1752170748.2331197
1752170748.2331514 1752170773.5249307
1752170773.524953 1752170802.6559649
1752170802.655984 1752170821.9969158
1752170821.9969416 1752170850.504264
1752170850.5042846 1752170872.5233934
1752170872.5234163 1752170901.6998594
1752170901.6998777 1752170934.691412
1752170934.6914332 1752170957.1750698
1752170957.1750894 1752170994.9121585
1752170994.9121778 1752171027.174708
1752171027.1747355 1752171046.7300456
1752171046.7300677 1752171073.3597083
1752171073.359734 1752171097.6448746
1752171097.644894 1752171121.2186322
1752171121.2186565 1752171143.5067885
1752171143.5068073 1752171171.8763578
1752171171.876382 1752171197.4802186
1752171197.4802449 1752171217.412257
1752171217.412274 1752171255.8555093
1752171255.8555315 1752171287.9761453
1752171287.9761865 1752171322.5117443
1752171322.5117695 1752171360.249449
1752171360.249469 1752171380.8109777
1752171380.8109984 1752171414.1166122
1752171414.1166334 1752171446.6851346
1752171446.6851516 1752171473.3185108
1752171473.3185356 1752171508.941289
1752171508.9413054 1752171528.4965072
1752171528.496531 1752171561.7687473
1752171561.768768 1752171584.4794025
1752171584.479428 1752171614.1696591
1752171614.1696815 1752171638.219076
1752171638.219097 1752171663.4065547
1752171663.4065733 1752171681.9713058
1752171681.9713285 1752171707.5258098
1752171707.525831 1752171731.5891569
1752171731.5891805 1752171756.2279842
1752171756.2280061 1752171790.1722655
1752171790.1722844 1752171821.226072
1752171821.2260993 1752171857.8081708
1752171857.8081896 1752171885.9169567
1752171885.9169781 1752171923.8402421
1752171923.8402689 1752171958.3150403
1752171958.315059 1752171981.8252156
1752171981.8252385 1752172012.205621
1752172012.2056482 1752172033.2408986
1752172033.2409232 1752172059.8699257
1752172059.8699632 1752172083.1205592
1752172083.120578 1752172108.8627517
1752172108.8627753 1752172147.0094228
1752172147.0094414 1752172170.3121836
1752172170.3122096 1752172203.9670906
1752172203.967115 1752172235.3199108
1752172235.3199363 1752172255.7811353
1752172255.781155 1752172289.0329032
1752172289.0329254 1752172330.3293946
1752172330.329418 1752172344.7112691
1752172344.7112868 1752172381.2967732
1752172381.2967954 1752172412.1754124
1752172412.1754391 1752172436.1646485
1752172436.1646695 1752172466.8189042
1752172466.8189309 1752172495.4816966
1752172495.481716 1752172522.6421757
1752172522.6421983 1752172564.7621605
1752172564.7621799 1752172589.1334777
1752172589.1334953 1752172617.2495112
1752172617.2495432 1752172643.3378336
1752172643.3378525 1752172675.7574854
1752172675.757517 1752172700.74331
1752172700.7433283 1752172722.9619884
1752172722.962014 1752172748.5839655
1752172748.5839877 1752172777.3085108
1752172777.3085315 1752172814.1303859
1752172814.1304111 1752172833.3980541
1752172833.3980768 1752172863.9446602
1752172863.9446883 1752172894.6229808
1752172894.6230006 1752172924.2214375
1752172924.2214582 1752172960.6530898
1752172960.6531162 1752172995.8696573
1752172995.8696818 1752173023.050087
1752173023.0501108 1752173046.6987505
1752173046.6987674 1752173084.8591082
1752173084.859137 1752173119.872167
1752173119.872184 1752173150.401519
1752173150.4015448 1752173175.3118584
1752173175.311877 1752173201.5092804
1752173201.5093007 1752173229.466877
1752173229.4669027 1752173264.3298647
1752173264.3298872 1752173294.9322083
1752173294.9322312 1752173326.3837583
1752173326.3837836 1752173341.2305496
1752173341.2305777 1752173386.0216277
1752173386.0216467 1752173406.6469505
1752173406.6469767 1752173435.052343
1752173435.0523846 1752173466.248519
1752173466.2485514 1752173491.2258592
1752173491.225882 1752173526.3914723
1752173526.3914905 1752173542.8617268
1752173542.8617563 1752173577.151774
1752173577.151807 1752173603.329684
1752173603.3297093 1752173630.271653
1752173630.2716842 1752173660.7933512
1752173660.7933693 1752173684.545562
1752173684.5455856 1752173723.4116256
1752173723.4116457 1752173741.5252113
1752173741.525234 1752173780.1446848
1752173780.1447117 1752173803.0104365
1752173803.010461 1752173835.3046923
1752173835.3047109 1752173868.2999387
1752173868.2999644 1752173892.0728905
1752173892.0729148 1752173908.6629283
1752173908.662946 1752173946.2306924
1752173946.230717 1752173973.6694846
1752173973.6695054 1752174008.6971686
1752174008.6971965 1752174033.4263186
1752174033.426343 1752174059.9787395
1752174059.978759 1752174099.2513134
1752174099.2513354 1752174115.3792472
1752174115.379267 1752174149.9601362
1752174149.960164 1752174177.371648
1752174177.3716695 1752174204.5493681
1752174204.5493965 1752174229.1982615
1752174229.1982841 1752174260.4566655
1752174260.456685 1752174287.4061685
1752174287.4062052 1752174302.908204
1752174302.90822 1752174334.8208957
1752174334.8209224 1752174368.9830294
1752174368.9830472 1752174394.3943949
1752174394.3944204 1752174418.4465873
1752174418.4466069 1752174437.9113085
1752174437.9113266 1752174482.240813
1752174482.2408388 1752174501.0789967
1752174501.0790167 1752174534.7803245
1752174534.78035 1752174572.626816
1752174572.6268346 1752174597.8119218
1752174597.8119464 1752174633.6573339
1752174633.6573534 1752174654.5015461
1752174654.501569 1752174694.1661525
1752174694.166173 1752174727.971938
1752174727.9719563 1752174761.6793244
1752174761.6793566 1752174786.9952815
1752174786.9953015 1752174824.8416176
1752174824.8416464 1752174855.1010413
1752174855.1010616 1752174887.6903892
1752174887.6904213 1752174923.7153254
1752174923.7153442 1752174953.3868744
1752174953.3869 1752174983.863962
1752174983.8639803 1752175006.7142887
1752175006.7143195 1752175032.485883
1752175032.4859056 1752175065.029884
1752175065.0299015 1752175090.7425041
1752175090.742523 1752175126.99263
1752175126.9926543 1752175150.1225638
1752175150.1225872 1752175178.6131644
1752175178.6131814 1752175203.222758
1752175203.2227862 1752175235.8525875
1752175235.852607 1752175260.3539836
1752175260.3540032 1752175292.0713987
1752175292.0714242 1752175323.108652
1752175323.1086693 1752175353.372639
1752175353.3726635 1752175376.7939775
1752175376.7939992 1752175410.083679
1752175410.083724 1752175433.0419197
1752175433.0419369 1752175472.7413085
1752175472.7413309 1752175503.3623638
1752175503.3623831 1752175532.4406326
1752175532.4406545 1752175565.4772706
1752175565.4773054 1752175592.1131036
1752175592.1131248 1752175615.5877833
1752175615.5878065 1752175645.2905245
1752175645.2905467 1752175681.3540614
1752175681.354079 1752175712.286189
1752175712.2862265 1752175749.1255863
1752175749.125604 1752175781.287358
1752175781.2873828 1752175809.517517
1752175809.5175385 1752175828.0039966
1752175828.0040178 1752175865.926212
1752175865.9262328 1752175894.5053566
1752175894.5053773 1752175923.866291
1752175923.8663251 1752175946.6318884
1752175946.6319096 1752175966.0537548
1752175966.0537717 1752176001.2849696
1752176001.284995 1752176023.536202
1752176023.5362217 1752176047.4378312
1752176047.437849 1752176089.3704946
1752176089.3705196 1752176118.4698973
1752176118.469914 1752176157.1378407
1752176157.137865 1752176183.0271904
1752176183.027206 1752176224.9383304
1752176224.9383554 1752176260.7816496
1752176260.7816675 1752176298.2798605
1752176298.279884 1752176328.2571182
1752176328.2571402 1752176358.3201332
1752176358.320153 1752176389.5952437
1752176389.5952725 1752176411.9584105
1752176411.9584274 1752176441.758707
1752176441.7587252 1752176481.5243962
1752176481.5244226 1752176514.8770802
1752176514.8770995 1752176534.8742707
1752176534.8742955 1752176568.5623562
1752176568.5623736 1752176593.5800273
1752176593.5800512 1752176630.5985277
1752176630.5985656 1752176659.3250537
1752176659.3250742 1752176695.176977
1752176695.176999 1752176723.434435
1752176723.4344547 1752176751.1579561
1752176751.1579733 1752176785.7585568
1752176785.758583 1752176816.0177448
1752176816.0177624 1752176843.1634905
1752176843.1635082 1752176884.0198843
1752176884.0199056 1752176906.7792215
1752176906.779243 1752176933.9114325
1752176933.9114497 1752176973.2308154
1752176973.2308402 1752177005.7342587
1752177005.7342777 1752177052.9853573
1752177052.9853797 1752177073.4118013
1752177073.411822 1752177109.5051079
1752177109.5051296 1752177135.9216573
1752177135.921676 1752177169.8869357
1752177169.8869593 1752177195.542911
1752177195.542928 1752177237.0600626
1752177237.0600898 1752177267.6974115
1752177267.6974301 1752177288.44601
1752177288.4460368 1752177320.8670745
1752177320.867092 1752177342.638078
1752177342.6381052 1752177371.494412
1752177371.4944293 1752177392.4701166
1752177392.4701414 1752177424.782318
1752177424.782336 1752177449.4064045
1752177449.4064288 1752177476.6798
1752177476.6798213 1752177510.648661
1752177510.6486864 1752177532.4035757
1752177532.4035976 1752177563.795944
1752177563.79597 1752177596.094603
1752177596.094624 1752177633.4610465
1752177633.4610763 1752177666.186798
1752177666.186816 1752177697.6277065
1752177697.627733 1752177730.8849342
1752177730.884953 1752177765.6184645
1752177765.6184993 1752177799.122555
1752177799.122574 1752177822.1962929
1752177822.1963167 1752177850.0775397
1752177850.0775661 1752177875.2206495
1752177875.2206695 1752177914.3248281
1752177914.3248558 1752177949.3074603
1752177949.3074827 1752177970.7297332
1752177970.729751 1752178000.836805
1752178000.8368318 1752178020.3632097
1752178020.363229 1752178044.7795267
1752178044.779552 1752178072.3903008
1752178072.3903182 1752178095.97055
1752178095.9705746 1752178124.4289443
1752178124.4289675 1752178154.0530841
1752178154.0531135 1752178178.169156
1752178178.1691728 1752178208.4105732
1752178208.4105957 1752178234.627425
1752178234.6274426 1752178265.653663
1752178265.6536868 1752178291.4843912
1752178291.4844122 1752178324.6667836
1752178324.666808 1752178351.7998443
1752178351.7998748 1752178384.757222
1752178384.7572405 1752178409.8458393
1752178409.845863 1752178442.278409
1752178442.2784405 1752178464.475336
1752178464.4753633 1752178490.3949807
1752178490.395003 1752178519.2664711
1752178519.2664914 1752178540.182547
1752178540.1825638 1752178569.4049346
1752178569.4049587 1752178594.2920985
1752178594.2921164 1752178623.8927627
1752178623.8927915 1752178655.20373
1752178655.2037501 1752178684.7031
1752178684.7031226 1752178711.2473218
1752178711.2473423 1752178731.2550983
1752178731.2551227 1752178753.5877066
1752178753.58773 1752178784.8825366
1752178784.8825567 1752178815.5548484
1752178815.5548668 1752178838.9612103
1752178838.961239 1752178870.553599
1752178870.5536182 1752178908.1270278
1752178908.1270626 1752178937.7423263
1752178937.742348 1752178967.4358854
1752178967.4359102 1752178993.6548004
1752178993.654825 1752179034.3191206
1752179034.3191404 1752179057.2175236
1752179057.217551 1752179082.0934293
1752179082.0934482 1752179117.5118613
1752179117.5118873 1752179150.828305
1752179150.828324 1752179178.2748227
1752179178.2748463 1752179220.0647933
1752179220.0648112 1752179249.083663
1752179249.0836878 1752179276.215288
1752179276.2153058 1752179312.1031315
1752179312.103161 1752179343.5815082
1752179343.5815303 1752179377.1996746
1752179377.199709 1752179402.8589718
1752179402.8589888 1752179436.5260832
1752179436.5261078 1752179464.7991834
1752179464.799204 1752179493.7999995
1752179493.8000228 1752179519.097382
1752179519.0974026 1752179554.6562636
1752179554.656286 1752179582.07516
1752179582.075186 1752179615.878032
1752179615.8780503 1752179645.382477
1752179645.382502 1752179669.2078602
1752179669.2078788 1752179698.226957
1752179698.2269819 1752179726.0208907
1752179726.0209143 1752179755.907501
1752179755.907524 1752179788.952222
1752179788.9522436 1752179820.351011
1752179820.3510342 1752179854.8097203
1752179854.809741 1752179876.207733
1752179876.2077546 1752179912.300386
1752179912.300405 1752179942.8236473
1752179942.823665 1752179972.7887645
1752179972.7887883 1752180005.6343343
1752180005.6343544 1752180035.8354747
1752180035.8355 1752180067.8197834
1752180067.8198073 1752180090.128517
1752180090.1285422 1752180123.0514696
1752180123.051494 1752180154.6414993
1752180154.6415298 1752180172.5228825
1752180172.5229006 1752180204.7734408
1752180204.773468 1752180236.1237922
1752180236.1238198 1752180259.6655877
1752180259.66561 1752180288.3712268
1752180288.3712485 1752180319.6423225
1752180319.6423419 1752180355.5634573
1752180355.5634851 1752180390.1234918
1752180390.1235113 1752180420.0135937
1752180420.0136201 1752180453.7042644
1752180453.704284 1752180478.287043
1752180478.2870908 1752180500.9180753
1752180500.9180965 1752180534.7779584
1752180534.7779841 1752180565.2955189
1752180565.2955363 1752180597.7161324
1752180597.7161596 1752180620.7114508
1752180620.7114704 1752180655.7704766
1752180655.7704952 1752180688.1224034
1752180688.122431 1752180718.408958
1752180718.4089754 1752180736.6334167
1752180736.6334531 1752180771.880966
1752180771.8809845 1752180802.6529634
1752180802.6529906 1752180836.002149
1752180836.00217 1752180859.9256349
1752180859.9256575 1752180877.296455
1752180877.2964742 1752180915.169205
1752180915.169228 1752180941.3646019
1752180941.3646245 1752180979.5961246
1752180979.5961523 1752181013.177325
1752181013.1773477 1752181043.5212321
1752181043.5212543 1752181073.0167532
1752181073.0167732 1752181099.5156455
1752181099.5156708 1752181125.269695
1752181125.2697122 1752181155.0218132
1752181155.0218384 1752181181.7662709
1752181181.766293 1752181209.055786
1752181209.055805 1752181246.0382173
1752181246.0382416 1752181263.4184666
1752181263.4184835 1752181297.9096267
1752181297.9096446 1752181327.5193486
1752181327.5194204 1752181360.4921522
1752181360.4921808 1752181399.4965682
1752181399.4966002 1752181420.5567598
1752181420.5567784 1752181455.368045
1752181455.3680737 1752181477.8503811
1752181477.8503976 1752181507.468521
1752181507.4685469 1752181533.2202582
1752181533.2202816 1752181560.9665956
1752181560.9666336 1752181589.2358587
1752181589.235884 1752181611.3437073
1752181611.343728 1752181633.207927
1752181633.2079482 1752181681.978804
1752181681.978829 1752181703.4008493
1752181703.4008708 1752181740.9988658
1752181740.9988897 1752181785.5837073
1752181785.5837243 1752181817.5821
1752181817.582126 1752181850.7814376
1752181850.781461 1752181881.6017542
1752181881.6017728 1752181916.874931
1752181916.8749635 1752181943.5699909
1752181943.5700157 1752181978.6512356
1752181978.6512568 1752182005.9250221
1752182005.9250696 1752182042.1231365
1752182042.1231556 1752182070.442062
1752182070.4420793 1752182104.2849045
1752182104.284935 1752182144.2987533
1752182144.298771 1752182170.9915125
1752182170.991537 1752182197.6107764
