1762579885.4282727 1762579950.5882497
1762579950.5882661 1762580048.1258066
1762580048.1258357 1762580125.0564368
1762580125.0564606 1762580216.0218096
1762580216.0218332 1762580293.381058
1762580293.3810818 1762580438.2581704
1762580438.2581944 1762580508.1856902
1762580508.185713 1762580608.426878
1762580608.4268978 1762580710.9976559
1762580710.9976823 1762580785.89992
1762580785.8999457 1762580864.0028765
1762580864.0029051 1762580948.508825
1762580948.508852 1762580986.7939138
1762580986.793936 1762581073.0753284
1762581073.0753508 1762581154.2968826
1762581154.2969084 1762581208.0239828
1762581208.0240052 1762581284.4177883
1762581284.417813 1762581383.9811044
1762581383.981127 1762581465.5200543
1762581465.5200818 1762581569.0957518
1762581569.095776 1762581646.6071332
1762581646.6071584 1762581756.4377058
1762581756.4377294 1762581821.869339
1762581821.8693616 1762581923.2475593
1762581923.2476194 1762582067.1583145
1762582067.158336 1762582222.0398805
1762582222.0399077 1762582374.8358986
1762582374.8359277 1762582450.9544585
1762582450.9544818 1762582525.8442974
1762582525.8443267 1762582621.1389565
1762582621.138979 1762582736.2020674
1762582736.2020936 1762582870.2631178
1762582870.2631392 1762582942.8624802
1762582942.8625073 1762583047.3114784
1762583047.311502 1762583149.5371082
1762583149.53714 1762583276.5328727
1762583276.5329094 1762583385.1926703
1762583385.1927023 1762583490.5748966
1762583490.5749245 1762583574.9528122
1762583574.9528353 1762583694.4902818
1762583694.4903107 1762583770.8401022
1762583770.840124 1762583866.2229543
1762583866.222981 1762583963.7296727
1762583963.7296963 1762584124.2727668
1762584124.2727938 1762584255.4536912
1762584255.4537203 1762584360.2285242
1762584360.2285504 1762584427.204773
1762584427.2047992 1762584535.7095532
1762584535.7095752 1762584602.8782547
1762584602.878281 1762584714.7369306
1762584714.7369528 1762584816.5735757
1762584816.573602 1762584957.7112088
1762584957.711231 1762585026.7048812
1762585026.7049108 1762585111.516666
1762585111.516688 1762585182.9937932
1762585182.9938152 1762585283.9982655
1762585283.9982905 1762585420.0615265
1762585420.061554 1762585543.7742686
1762585543.7742918 1762585644.2210333
1762585644.2210598 1762585830.0454206
1762585830.0454473 1762585928.4979615
1762585928.4979827 1762586011.538624
1762586011.5386517 1762586071.7386973
1762586071.7387214 1762586147.211152
1762586147.2111738 1762586261.0319412
1762586261.0319695 1762586406.3408105
1762586406.340835 1762586560.4263687
1762586560.4263904 1762586638.915605
1762586638.915634 1762586714.7199874
1762586714.7200086 1762586849.9730217
1762586849.9730477 1762586974.4084358
1762586974.4084592 1762587106.793571
1762587106.793597 1762587249.4199042
1762587249.419932 1762587292.4055364
1762587292.4055579 1762587382.5658572
1762587382.5658782 1762587455.8364358
1762587455.8364642 1762587492.2329934
1762587492.2330153 1762587567.6367905
1762587567.6368258 1762587678.8024049
1762587678.8024292 1762587758.53094
1762587758.5309632 1762587852.1416802
1762587852.1417058 1762587948.380589
1762587948.3806176 1762588070.605768
1762588070.605789 1762588164.1947267
1762588164.1947489 1762588263.1248815
1762588263.1249077 1762588375.287169
1762588375.2871916 1762588545.2940345
1762588545.294058 1762588629.3668294
1762588629.3668542 1762588738.3718634
1762588738.371891 1762588866.953781
1762588866.9538 1762589011.946046
1762589011.9460714 1762589136.2825003
1762589136.2825284 1762589249.2719944
1762589249.272016 1762589370.140601
1762589370.1406279 1762589467.1472285
1762589467.1472514 1762589576.5461757
1762589576.5462012 1762589649.969172
1762589649.969197 1762589796.5292537
1762589796.5292807 1762589893.080438
1762589893.080466 1762589978.1550522
