1764573797.3165038 1764574014.4399276
1764574020.4460943 1764574186.2179143
1764574192.2241452 1764574435.792762
1764574438.7959335 1764574560.7678294
1764574563.770961 1764574756.6424408
1764574762.648612 1764574984.3583357
1764574989.3635116 1764575162.344712
1764575169.3518791 1764575367.460678
1764575368.4618132 1764575740.4010968
1764575740.4012325 1764575816.587882
1764575818.5900621 1764576046.6480708
1764576049.651187 1764576327.2298338
1764576328.2310033 1764576606.940073
1764576613.9472353 1764576799.1819599
1764576809.1921086 1764576983.378052
1764576983.378163 1764577160.5540767
1764577165.5592144 1764577395.762139
1764577400.7668865 1764577554.0829856
1764577560.0891478 1764577826.8640163
1764577827.8651557 1764578096.5873687
1764578101.5925474 1764578319.4547858
1764578323.4570158 1764578541.576875
1764578548.5828867 1764578709.0809808
1764578715.0871012 1764578832.6540635
1764578833.655232 1764579029.1602635
1764579034.1628933 1764579173.0298672
1764579180.0369954 1764579308.8836455
1764579314.8898132 1764579434.3623133
1764579442.3705032 1764579702.756723
1764579703.757847 1764580002.4441752
1764580009.4513404 1764580215.2247345
1764580225.2349012 1764580435.704622
1764580441.7093248 1764580566.151293
1764580575.160447 1764580772.3923028
1764580772.3924382 1764580962.812886
1764580971.8220134 1764581109.9709506
1764581117.974943 1764581448.629275
1764581451.6324615 1764581663.424826
1764581670.4308865 1764581797.3551784
1764581806.3628879 1764581947.7029936
1764581956.7121186 1764582006.5070632
1764582006.507195 1764582306.0260425
1764582316.0361679 1764582534.9724844
1764582540.9786806 1764582683.9615734
1764582683.9617124 1764582864.9255552
1764582872.933682 1764582967.5828483
1764582976.5908864 1764583168.546617
1764583175.5537794 1764583440.6359146
1764583447.6389189 1764583612.0657818
1764583618.0719094 1764583807.1534286
1764583812.1586218 1764583969.3985796
1764583976.4057572 1764584190.445885
1764584194.450021 1764584561.7889216
1764584563.791101 1764584713.646316
1764584718.648614 1764584876.1878204
1764584877.1880593 1764585053.581581
1764585057.58576 1764585404.8874133
1764585409.892576 1764585698.9040759
1764585702.908247 1764585815.7793853
1764585816.7799292 1764585957.5812
1764585964.5883744 1764586115.833926
1764586116.835086 1764586287.656885
1764586297.6670184 1764586377.4429967
1764586384.4501839 1764586545.3230817
1764586547.3251882 1764586697.605518
1764586701.6097004 1764586904.9368973
1764586904.9369779 1764587131.4202907
1764587138.4274673 1764587204.021406
1764587211.0285456 1764587389.7282944
1764587397.73648 1764587650.2985928
1764587653.3017526 1764587823.0887828
1764587823.0888789 1764588072.9747605
1764588082.9849734 1764588477.8342147
1764588481.8348866 1764588732.39788
1764588741.407062 1764588963.6116743
1764588973.6218247 1764589334.4188833
1764589340.420506 1764589539.0695155
1764589548.070289 1764589677.44709
1764589678.4482083 1764589820.7749634
1764589826.7811403 1764589988.9107628
1764589997.918891 1764590245.5523856
1764590254.5615788 1764590451.604958
1764590452.6061375 1764590562.6297019
1764590562.6297822 1764590717.7720754
1764590721.7746885 1764590830.8884127
1764590837.8955767 1764591041.144244
1764591045.148385 1764591216.300097
1764591216.3002346 1764591489.8076978
1764591489.8078303 1764591661.3073413
1764591668.3144999 1764592069.2020795
1764592069.2022142 1764592309.1741025
1764592312.1772408 1764592572.7958324
1764592574.7980232 1764592823.019378
1764592830.0228908 1764593105.4976368
1764593114.4993787 1764593305.2272298
1764593310.2324126 1764593439.8309212
1764593448.840067 1764593651.9912183
1764593656.9963799 1764593861.5120816
1764593861.5121968 1764594023.9047637
1764594031.9129133 1764594329.8295445
