1764573812.0142658 1764574020.2542157
1764574020.2545474 1764574195.5969555
1764574195.5970707 1764574334.420575
1764574339.4228942 1764574627.778157
1764574632.783343 1764574757.9371793
1764574762.9389303 1764574900.456873
1764574910.4670439 1764575215.6694417
1764575225.679624 1764575505.526894
1764575506.5280704 1764575707.455166
1764575709.4572842 1764575919.135323
1764575919.1354601 1764576070.722813
1764576079.726946 1764576445.0399432
1764576449.0441356 1764576693.8477738
1764576696.850964 1764576765.5634136
1764576770.5685697 1764576987.9758747
1764576992.9810395 1764577198.8636878
1764577206.8718457 1764577435.9740927
1764577445.984336 1764577608.237639
1764577609.238824 1764577822.469467
1764577823.4706135 1764578063.7540877
1764578067.7548907 1764578269.6182754
1764578279.628414 1764578514.545069
1764578516.5472715 1764578708.3550282
1764578710.3572102 1764578876.1336048
1764578882.1397731 1764579025.4212952
1764579027.4234412 1764579172.8784442
1764579180.8788788 1764579300.708081
1764579304.712247 1764579421.670864
1764579423.6730068 1764579719.698824
1764579729.709052 1764580027.8725526
1764580037.8773847 1764580225.2026198
1764580229.2067897 1764580375.7409973
1764580377.7431812 1764580643.096099
1764580649.1022897 1764580800.9233274
1764580804.927516 1764580915.25082
1764580918.2539477 1764581152.1664433
1764581153.167632 1764581373.096895
1764581381.10509 1764581642.2159388
1764581645.2191017 1764581799.6432576
1764581804.6484041 1764581934.653994
1764581941.6611776 1764582044.807193
1764582046.809323 1764582315.3393624
1764582325.3433022 1764582525.2063036
1764582532.2134724 1764582702.2769291
1764582705.28008 1764582830.6459105
1764582838.654093 1764583052.7334452
1764583056.7376413 1764583253.8231916
1764583254.8243248 1764583317.3963246
1764583319.3984954 1764583568.5837212
1764583578.5938594 1764583747.279649
1764583752.284836 1764583942.0732188
1764583943.0743337 1764584273.7279088
1764584283.7381122 1764584585.7558858
1764584590.761071 1764584715.4639068
1764584725.474094 1764584867.3213708
1764584873.327568 1764585132.5611072
1764585142.571296 1764585404.4240372
1764585409.4270308 1764585696.094958
1764585697.0961459 1764585792.170308
1764585794.171637 1764585958.0446258
1764585964.0508032 1764586123.9501252
1764586124.9509044 1764586279.2419882
1764586283.2428927 1764586445.5342798
1764586453.5370555 1764586590.9317858
1764586591.9329705 1764586745.4479194
1764586752.4496784 1764586923.6965573
1764586930.7037053 1764587106.4354842
1764587113.4426663 1764587264.5960224
1764587268.6002069 1764587420.3483527
1764587423.3514981 1764587700.3223243
1764587702.3245077 1764587908.6947212
1764587917.7039258 1764588154.9308782
1764588156.933064 1764588443.0784297
1764588450.0855868 1764588676.8048825
1764588681.8100798 1764588949.4908602
1764588956.4980536 1764589348.2471004
1764589354.2532918 1764589452.763332
1764589453.7644725 1764589646.893468
1764589656.9028919 1764589819.3004968
1764589826.3076274 1764589906.9828043
1764589908.984979 1764590220.5541134
1764590225.5592644 1764590424.572364
1764590424.5724971 1764590546.4004245
1764590553.404953 1764590689.4184468
1764590699.428635 1764590835.322916
1764590842.3274348 1764591012.1588213
1764591012.158974 1764591197.8601763
1764591197.860257 1764591508.578607
1764591518.5888145 1764591750.54986
1764591759.5509093 1764592013.4966757
1764592020.5029309 1764592375.0662472
1764592382.073389 1764592639.6272821
1764592642.6304727 1764592850.0306776
1764592851.0318594 1764593064.5872364
1764593067.5884533 1764593260.4902844
1764593266.4964628 1764593543.613528
1764593552.6226702 1764593695.8693886
1764593697.8715796 1764593839.1521819
1764593843.15637 1764594070.0322707
1764594071.0334551 1764594204.847356
