1756388877.5321429 1756388909.4033296
1756388909.4033725 1756388954.52071
1756388954.520733 1756388980.8973522
1756388980.8974028 1756389011.5693243
1756389011.5693479 1756389034.2728376
1756389034.2728617 1756389074.6919684
1756389074.691991 1756389096.7140057
1756389096.714032 1756389124.4583642
1756389124.4583843 1756389144.6849449
1756389144.6849682 1756389171.12752
1756389171.127551 1756389190.2140744
1756389190.2140937 1756389216.277187
1756389216.277223 1756389242.9643886
1756389242.964412 1756389276.1695182
1756389276.1695406 1756389310.183654
1756389310.1836836 1756389344.9920614
1756389344.9920974 1756389374.1908693
1756389374.1908915 1756389397.9773197
1756389397.9773471 1756389423.350102
1756389423.350122 1756389449.2389085
1756389449.2389374 1756389470.246029
1756389470.2460501 1756389497.9771407
1756389497.9771683 1756389526.1176548
1756389526.1176772 1756389563.763187
1756389563.7632108 1756389593.6121845
1756389593.612218 1756389615.9394305
1756389615.939449 1756389641.2555096
1756389641.2555604 1756389669.3279028
1756389669.3279252 1756389694.7698576
1756389694.76989 1756389716.516873
1756389716.5168934 1756389742.678152
1756389742.6781774 1756389779.1569614
1756389779.1569903 1756389809.3089414
1756389809.3090115 1756389830.0038075
1756389830.003847 1756389855.9774613
1756389855.977483 1756389882.2844768
1756389882.284513 1756389907.6476061
1756389907.6476316 1756389928.413194
1756389928.4132283 1756389957.2399833
1756389957.240014 1756389986.802944
1756389986.80297 1756390008.1325614
1756390008.1325889 1756390034.3935707
1756390034.3935974 1756390067.4751868
1756390067.4752169 1756390097.7587268
1756390097.758757 1756390122.5961442
1756390122.5961754 1756390151.4565754
1756390151.4566038 1756390181.7949746
1756390181.7950022 1756390209.2810159
1756390209.281044 1756390231.7194772
1756390231.7194977 1756390268.8536158
1756390268.8536396 1756390305.6384923
1756390305.6385183 1756390334.2420402
1756390334.2420588 1756390356.7438874
1756390356.7439115 1756390385.0726392
1756390385.072662 1756390425.117893
1756390425.117922 1756390454.237945
1756390454.2379756 1756390495.6434689
1756390495.6435006 1756390532.5512598
1756390532.5512893 1756390551.5565777
1756390551.556606 1756390574.7151847
1756390574.71521 1756390605.6566443
1756390605.656671 1756390626.8276331
1756390626.8276727 1756390651.3010838
1756390651.3011096 1756390674.606135
1756390674.6061714 1756390707.678108
1756390707.6781607 1756390734.57567
1756390734.5756974 1756390772.497828
1756390772.4978526 1756390808.3577
1756390808.3577259 1756390840.750723
1756390840.7507532 1756390876.879911
1756390876.879938 1756390902.2328722
1756390902.2329102 1756390928.168448
1756390928.1684837 1756390962.8828588
1756390962.8828902 1756391004.8132591
1756391004.8132858 1756391035.9096913
1756391035.9097154 1756391065.9722621
1756391065.972288 1756391089.6764529
1756391089.6764746 1756391131.9577842
1756391131.9578073 1756391154.2723773
1756391154.2724116 1756391186.226224
1756391186.2262452 1756391222.3955092
1756391222.3955314 1756391259.654434
1756391259.6544771 1756391301.6784272
1756391301.6784537 1756391322.6579416
1756391322.6579673 1756391355.7543583
1756391355.7543848 1756391367.5558863
1756391367.5559127 1756391404.734566
1756391404.734596 1756391434.952798
1756391434.9528337 1756391471.3585877
1756391471.3586214 1756391498.0835547
1756391498.0835898 1756391525.0810049
1756391525.0810308 1756391552.4556863
1756391552.455713 1756391574.7078426
1756391574.7078705 1756391598.368451
1756391598.3684793 1756391616.494391
1756391616.4944165 1756391643.2007706
1756391643.2008061 1756391669.362926
1756391669.3629487 1756391696.741447
1756391696.7414734 1756391725.9532676
1756391725.953294 1756391753.0248659
