1776162233.482062 1776162271.8801177
1776162281.8903987 1776162332.7550113
1776162339.7623625 1776162375.3336635
1776162383.3384387 1776162430.8086042
1776162440.8184779 1776162484.0886002
1776162487.0917387 1776162523.539494
1776162524.5406437 1776162581.981902
1776162591.9921188 1776162629.4792151
1776162634.4844642 1776162683.9796014
1776162685.980222 1776162735.6602187
1776162738.6638145 1776162788.9880822
1776162793.9925983 1776162841.7542582
1776162846.7595415 1776162887.4118474
1776162889.4122818 1776162934.4798717
1776162942.4863698 1776162986.3476536
1776162994.3559098 1776163028.6040778
1776163034.6063795 1776163079.6208487
1776163084.625984 1776163127.6578996
1776163135.658319 1776163174.3725355
1776163183.381793 1776163228.5927134
1776163231.5959175 1776163278.949261
1776163287.9583972 1776163316.3597565
1776163326.3699305 1776163382.0922189
1776163391.0955753 1776163417.306089
1776163421.308519 1776163477.1208677
1776163480.1240969 1776163524.9747505
1776163534.9783468 1776163572.0439742
1776163582.047528 1776163616.9022243
1776163621.9027321 1776163658.7526798
1776163660.754865 1776163713.5149324
1776163718.5201244 1776163773.6222208
1776163780.6292543 1776163826.8873005
1776163835.8898692 1776163877.246109
1776163883.2522826 1776163932.4044456
1776163942.4145548 1776163983.8644772
1776163985.8663282 1776164023.516086
1776164030.5231962 1776164062.952524
1776164066.9566483 1776164119.7985003
1776164121.8006904 1776164166.7541
1776164173.7613204 1776164213.2224894
1776164214.2230034 1776164261.0650127
1776164267.070866 1776164306.73031
1776164309.7334383 1776164356.600711
1776164365.6098342 1776164401.169744
1776164401.1698837 1776164438.63432
1776164443.6346772 1776164494.334725
1776164504.3449125 1776164542.120381
1776164546.1206408 1776164589.8698094
1776164592.8729944 1776164630.294664
1776164631.2953272 1776164679.518284
1776164682.5214708 1776164730.5249696
1776164737.530529 1776164769.5514147
1776164773.5555916 1776164825.3135421
1776164835.3237379 1776164861.8558435
1776164869.864028 1776164921.632007
1776164924.6351798 1776164965.6854699
1776164972.6926675 1776165016.2388022
1776165023.2459888 1776165071.5289042
1776165076.5303457 1776165111.6195445
1776165114.6223552 1776165163.1944163
1776165169.2006161 1776165202.9728632
1776165212.9830325 1776165257.1481702
1776165261.152286 1776165310.3746037
1776165316.3808014 1776165362.8384483
1776165368.8445606 1776165416.5858924
1776165426.5943408 1776165469.3683522
1776165475.3743312 1776165514.7067847
1776165519.7119071 1776165563.3371196
1776165568.3374267 1776165606.3601067
1776165611.3602881 1776165658.698063
1776165666.705127 1776165714.3979948
1776165714.3980677 1776165759.1472313
1776165761.1494434 1776165804.434233
1776165813.4434166 1776165841.4084282
1776165848.408901 1776165902.6718884
1776165905.6750576 1776165955.1313155
1776165962.1384492 1776166004.7738423
1776166012.7819846 1776166058.1185706
1776166064.1195033 1776166108.7837446
1776166113.7888618 1776166159.7871172
1776166167.7903428 1776166201.147586
1776166202.1487103 1776166244.6272526
1776166244.6273856 1776166296.3694909
1776166296.3696346 1776166342.8403602
1776166343.841474 1776166390.6488187
1776166398.6543317 1776166440.042872
1776166445.0441084 1776166492.0914578
1776166498.0976343 1776166522.3337991
1776166524.3359094 1776166575.3937614
1776166579.3979304 1776166628.6614745
1776166633.6617906 1776166676.2173553
1776166683.224469 1776166720.653789
1776166726.6599603 1776166772.1279783
1776166772.1281176 1776166801.516511
1776166807.5226889 1776166858.6888912
1776166858.6890306 1776166892.0458603
1776166900.0503397 1776166945.175302
1776166953.1835248 1776166986.329166
1776166988.3312778 1776167032.757316
1776167038.762346 1776167086.2983828
