1776162227.685577 1776162279.5868587
1776162284.5924215 1776162332.3794668
1776162339.3866708 1776162381.8019943
1776162388.806342 1776162432.7203698
1776162442.7305045 1776162476.6047368
1776162480.6089802 1776162531.9218135
1776162541.9239752 1776162581.3245342
1776162584.3277338 1776162622.9821184
1776162629.986328 1776162681.1626577
1776162685.1669137 1776162731.22419
1776162740.2304332 1776162787.03987
1776162796.0404649 1776162848.1929147
1776162857.2020788 1776162888.960207
1776162889.961353 1776162940.6199574
1776162945.6251547 1776162985.000775
1776162993.0089734 1776163020.735086
1776163020.7352228 1776163081.0739715
1776163086.0777943 1776163133.9216306
1776163134.9227512 1776163179.19672
1776163183.1983619 1776163230.4334185
1776163234.4337661 1776163285.375056
1776163289.3792577 1776163328.1920848
1776163334.194349 1776163379.845959
1776163384.8511627 1776163420.2749546
1776163429.2841363 1776163480.764087
1776163485.769263 1776163522.2201977
1776163522.2203183 1776163572.898988
1776163577.9041681 1776163611.8470988
1776163621.8544443 1776163670.3140113
1776163675.3191993 1776163716.99804
1776163724.0052276 1776163769.2469666
1776163776.2540848 1776163826.1757905
1776163827.1769843 1776163877.1816905
1776163884.1888201 1776163931.0413337
1776163935.0423346 1776163982.7535663
1776163982.753648 1776164024.6576405
1776164026.6583416 1776164071.4695578
1776164078.4701827 1776164108.1852593
1776164113.1904433 1776164160.7568269
1776164162.7588322 1776164210.7363143
1776164217.743181 1776164258.3533673
1776164266.358335 1776164300.9649768
1776164300.9650521 1776164354.6450355
1776164359.650207 1776164401.0419223
1776164404.045077 1776164444.9300883
1776164453.938817 1776164489.5041888
1776164497.5123956 1776164540.2002006
1776164545.2053816 1776164585.2569907
1776164592.264217 1776164627.852707
1776164634.8599792 1776164674.5876038
1776164674.5877535 1776164722.8428943
1776164724.8451307 1776164774.5310597
1776164776.533224 1776164828.0406988
1776164831.0439873 1776164867.702586
1776164868.703757 1776164919.4154544
1776164927.4235895 1776164969.9729068
1776164974.9780364 1776165021.3696647
1776165030.378384 1776165069.1272213
1776165071.127467 1776165116.585312
1776165122.5906904 1776165163.3363025
1776165171.338349 1776165212.6935618
1776165213.6943603 1776165261.7605808
1776165266.7610095 1776165311.0432656
1776165316.0484731 1776165364.1990669
1776165368.2032022 1776165411.814098
1776165412.8152266 1776165468.8047056
1776165469.8058836 1776165512.8586798
1776165521.8678281 1776165564.233241
1776165574.243486 1776165606.2821007
1776165610.2862422 1776165658.7173953
1776165658.7175803 1776165706.267917
1776165716.2781434 1776165762.0226886
1776165768.0263548 1776165799.4344873
1776165809.444688 1776165852.675543
1776165857.6761637 1776165901.4109175
1776165911.4183526 1776165953.6730165
1776165963.683174 1776165987.9213662
1776165987.9215086 1776166054.0485477
1776166058.052739 1776166107.538591
1776166114.545861 1776166160.6528478
1776166165.657975 1776166199.8088682
1776166200.810002 1776166249.689315
1776166249.689458 1776166298.9279635
1776166298.9280386 1776166343.3240297
1776166348.3274758 1776166385.0102313
1776166394.0194561 1776166433.355436
1776166440.3623946 1776166492.8294005
1776166492.8294945 1776166534.8535404
1776166537.8543441 1776166587.3354
1776166595.3435214 1776166623.7672024
1776166624.7677991 1776166673.0806036
1776166682.0864003 1776166724.7292705
1776166725.7303414 1776166765.3636632
1776166774.3704355 1776166811.7954516
1776166821.8056564 1776166861.4078803
1776166865.410351 1776166902.2633047
1776166911.2725103 1776166945.5402217
1776166955.5503423 1776166992.0113735
1776167002.0215611 1776167042.005235
1776167043.0063598 1776167082.926171
