1776162232.6963708 1776162277.44634
1776162282.4515808 1776162334.5027912
1776162341.5063508 1776162384.3589954
1776162393.3681855 1776162430.067376
1776162438.0755668 1776162482.5182014
1776162491.527425 1776162521.5756629
1776162529.5839097 1776162581.1732762
1776162589.1814795 1776162630.704022
1776162635.7063394 1776162688.1432436
1776162695.150346 1776162731.04565
1776162734.0488465 1776162790.0037262
1776162793.0044944 1776162846.5501177
1776162856.5602746 1776162890.5669749
1776162895.57211 1776162931.0915728
1776162933.0937707 1776162987.0462418
1776162988.047476 1776163027.6226883
1776163033.6288955 1776163074.1113374
1776163080.1144567 1776163114.8286295
1776163124.8322945 1776163176.5741506
1776163183.5783448 1776163218.4420261
1776163228.4503438 1776163280.788836
1776163290.7990496 1776163322.9405196
1776163325.9423866 1776163382.5766625
1776163392.586835 1776163430.9757288
1776163438.983896 1776163479.1279123
1776163484.1331093 1776163527.5800226
1776163533.5804439 1776163572.8389258
1776163580.847101 1776163622.468779
1776163631.4744465 1776163669.5051715
1776163677.5103405 1776163715.1081254
1776163721.1084332 1776163774.3185945
1776163776.3207896 1776163823.189417
1776163829.1943533 1776163878.9497886
1776163888.9599812 1776163919.227303
1776163923.230338 1776163975.6722798
1776163979.6746762 1776164016.7472785
1776164018.7494743 1776164064.143802
1776164074.1503394 1776164119.8312984
1776164127.8394864 1776164164.8031807
1776164167.8064058 1776164213.4863567
1776164220.4934843 1776164261.1647444
1776164265.1689467 1776164298.580547
1776164307.586892 1776164356.4551458
1776164360.459321 1776164397.3818817
1776164398.3830473 1776164446.5652769
1776164454.5703406 1776164490.0951765
1776164491.0957744 1776164543.2618847
1776164548.2671013 1776164587.3633235
1776164591.3663373 1776164626.097948
1776164631.102356 1776164681.2421567
1776164689.2503412 1776164729.6193419
1776164731.6214595 1776164762.8165288
1776164764.8183494 1776164823.979737
1776164826.9823916 1776164867.2352362
1776164877.2454584 1776164921.3050053
1776164921.3051682 1776164963.7734323
1776164971.773875 1776165013.0671337
1776165015.069237 1776165071.7958047
1776165074.798342 1776165102.5418591
1776165106.5425253 1776165168.4725013
1776165174.4783273 1776165211.6811936
1776165215.684615 1776165266.0374522
1776165266.0375729 1776165307.5956287
1776165308.5967746 1776165363.382358
1776165365.384541 1776165416.459895
1776165424.4680862 1776165468.0946405
1776165477.1037765 1776165515.140962
1776165522.148198 1776165566.6520627
1776165573.6526842 1776165601.7848434
1776165606.7863383 1776165659.151611
1776165660.1527917 1776165710.8564029
1776165715.858343 1776165755.768163
1776165757.7703366 1776165802.7310872
1776165811.7383385 1776165850.5285738
1776165858.5344424 1776165901.446669
1776165910.4543312 1776165954.124458
1776165957.1263523 1776166005.4614472
1776166015.4617429 1776166046.068745
1776166053.0743399 1776166107.3594322
1776166111.3635767 1776166158.1202316
1776166165.1263435 1776166202.4969654
1776166210.49752 1776166250.8809454
1776166250.8810213 1776166295.7510731
1776166298.7514768 1776166342.2552457
1776166348.2583444 1776166388.0540981
1776166398.0623398 1776166437.1898415
1776166444.1961513 1776166485.2617826
1776166492.2689784 1776166536.433586
1776166546.436188 1776166581.8352141
1776166583.8373835 1776166625.1843808
1776166634.1903403 1776166668.5891147
1776166671.590335 1776166721.5999904
1776166725.6004248 1776166762.7733686
1776166772.7823422 1776166812.884118
1776166820.8903615 1776166860.5697055
1776166870.5784361 1776166900.3418999
1776166908.350079 1776166946.8131752
1776166952.819361 1776166988.0091653
1776166991.0094435 1776167040.6235988
1776167042.6242938 1776167079.8321707
