1776162229.2391372 1776162273.8825097
1776162279.8863475 1776162330.524318
1776162340.5345101 1776162382.3239563
1776162385.3244302 1776162432.5744722
1776162437.579585 1776162479.1076767
1776162485.1087437 1776162526.438106
1776162533.445282 1776162584.7874336
1776162591.794614 1776162630.8391824
1776162635.8443646 1776162687.8237343
1776162696.8329315 1776162738.9426157
1776162745.9497232 1776162787.2056139
1776162787.2057543 1776162832.3092165
1776162835.3123195 1776162889.477569
1776162895.478087 1776162933.5003579
1776162940.506339 1776162988.3646681
1776162995.3703666 1776163030.8818204
1776163040.8903337 1776163083.7043862
1776163086.7063544 1776163129.9183166
1776163133.9224172 1776163180.0229318
1776163181.024113 1776163220.0895922
1776163222.0903392 1776163276.4295332
1776163282.4343464 1776163327.904466
1776163330.9047678 1776163378.062117
1776163378.0621877 1776163429.095124
1776163430.096233 1776163475.730855
1776163476.7320223 1776163525.8849995
1776163530.8863432 1776163568.3842342
1776163570.3864121 1776163619.7569087
1776163624.7583332 1776163672.6369522
1776163681.6460893 1776163721.7184634
1776163727.724576 1776163766.570997
1776163776.5800033 1776163818.8848522
1776163826.8854315 1776163877.6425617
1776163880.6457117 1776163933.4182792
1776163933.4184186 1776163983.9088206
1776163987.9103363 1776164025.9834847
1776164029.9876044 1776164073.2465036
1776164079.2526803 1776164116.882256
1776164119.8852248 1776164161.9252923
1776164162.925764 1776164213.6742105
1776164220.6813707 1776164258.9935
1776164265.9983363 1776164305.4124794
1776164314.4133081 1776164356.9288428
1776164362.9303162 1776164394.0944664
1776164397.09758 1776164443.0696487
1776164453.0798252 1776164491.7321346
1776164500.738341 1776164538.3431315
1776164540.3453088 1776164584.041859
1776164584.0419965 1776164625.5855792
1776164634.5904052 1776164668.9395418
1776164675.9463446 1776164722.0934389
1776164727.0940404 1776164776.3570616
1776164776.3571954 1776164827.2608776
1776164828.2613397 1776164869.5388706
1776164879.5397203 1776164920.7970955
1776164925.8022046 1776164970.3176813
1776164980.3265553 1776165021.010972
1776165029.0190861 1776165067.5629282
1776165071.5634677 1776165119.2612088
1776165123.2623317 1776165152.8812044
1776165155.8823335 1776165216.200571
1776165226.2103305 1776165266.3242695
1776165270.3263278 1776165313.462983
1776165316.4660938 1776165359.8055024
1776165368.814346 1776165416.3472297
1776165417.3484068 1776165463.2937622
1776165471.3018749 1776165505.8191795
1776165514.8263202 1776165565.3123002
1776165574.3183372 1776165611.0116267
1776165612.012803 1776165655.8943014
1776165662.9012027 1776165711.0197952
1776165715.023912 1776165755.2496197
1776165759.2503636 1776165790.082339
1776165794.0865521 1776165846.1530437
1776165848.1552107 1776165900.4965205
1776165903.4986856 1776165948.5808156
1776165950.582361 1776166000.481545
1776166005.4863646 1776166055.633009
1776166063.638316 1776166108.3639667
1776166113.3663568 1776166160.3498757
1776166161.3503313 1776166197.362598
1776166205.3703325 1776166248.657514
1776166251.6606991 1776166298.0617704
1776166302.0623322 1776166336.2495005
1776166340.2536685 1776166391.4007213
1776166394.4011254 1776166439.279622
1776166442.282174 1776166487.8481507
1776166494.8553271 1776166529.2057228
1776166533.206349 1776166576.3167505
1776166576.3168247 1776166629.1148155
1776166629.1149786 1776166677.4668772
1776166677.4670208 1776166715.4757693
1776166716.476877 1776166762.1801462
1776166770.1883297 1776166808.6293197
1776166813.6343465 1776166857.517466
1776166857.5175629 1776166900.5523398
1776166900.5524924 1776166947.6287363
1776166953.6349063 1776166990.1758447
1776167000.1783986 1776167043.7789502
1776167043.7790456 1776167077.3531563
