1756703551.3169112 1756703613.8518717
1756703613.8518996 1756703657.9491801
1756703657.949206 1756703703.2664456
1756703703.266469 1756703762.0569384
1756703762.0569644 1756703792.3203175
1756703792.3203366 1756703832.1306689
1756703832.1306894 1756703877.600927
1756703877.6009493 1756703936.226091
1756703936.2261167 1756703975.7938087
1756703975.793833 1756704016.9957292
1756704016.9957507 1756704071.9467852
1756704071.946805 1756704114.7383552
1756704114.7383792 1756704154.8225784
1756704154.8225968 1756704207.8937037
1756704207.8937309 1756704255.511637
1756704255.5116665 1756704295.119194
1756704295.1192122 1756704336.1464713
1756704336.1464956 1756704398.9749
1756704398.9749234 1756704447.4801016
1756704447.4801269 1756704490.9244843
1756704490.9245088 1756704527.5119424
1756704527.511965 1756704573.5922928
1756704573.5923147 1756704637.7629504
1756704637.7629728 1756704691.5805974
1756704691.580616 1756704726.2277696
1756704726.2277977 1756704756.4721882
1756704756.472208 1756704786.3290534
1756704786.3290772 1756704818.3759708
1756704818.3759894 1756704863.539114
1756704863.539142 1756704907.8719397
1756704907.8719604 1756704953.9926388
1756704953.9926631 1756704996.9845037
1756704996.9845228 1756705035.809885
1756705035.8099155 1756705090.08432
1756705090.0843413 1756705148.4744403
1756705148.4744644 1756705181.3504567
1756705181.3504763 1756705235.9386835
1756705235.9387052 1756705274.9455645
1756705274.9455874 1756705310.4409099
1756705310.4409308 1756705362.3542984
1756705362.3543203 1756705405.6102145
1756705405.6102395 1756705436.4074202
1756705436.4074385 1756705468.4896052
1756705468.48963 1756705527.651884
1756705527.6519032 1756705583.2882888
1756705583.2883136 1756705620.6061285
1756705620.6061506 1756705670.8090148
1756705670.8090334 1756705730.3853402
1756705730.3853645 1756705785.3526921
1756705785.3527122 1756705837.5851696
1756705837.5851886 1756705887.7612026
1756705887.7612245 1756705933.2545798
1756705933.2546048 1756705981.2335756
1756705981.2335987 1756706031.2765236
1756706031.2765422 1756706067.2988582
1756706067.2988768 1756706111.067276
1756706111.0672998 1756706163.0446098
1756706163.0446281 1756706197.6740015
1756706197.6740227 1756706245.0099807
1756706245.009998 1756706281.9776146
1756706281.9776363 1756706352.424484
1756706352.4245028 1756706398.3983436
1756706398.3983655 1756706440.9714253
1756706440.971445 1756706484.6305096
1756706484.630528 1756706539.1589224
1756706539.1589475 1756706597.3839293
1756706597.3839512 1756706632.1086
1756706632.1086228 1756706681.1610672
1756706681.161087 1756706732.8175223
1756706732.8175423 1756706772.391716
1756706772.3917499 1756706811.6777692
1756706811.6777916 1756706843.739396
1756706843.7394211 1756706878.4834778
1756706878.4834974 1756706913.0575097
1756706913.0575283 1756706962.1938355
1756706962.193861 1756707003.842291
1756707003.842315 1756707050.7484465
1756707050.7484717 1756707107.4933853
1756707107.4934223 1756707153.4147658
1756707153.4147873 1756707203.8261151
1756707203.8261402 1756707266.3814447
1756707266.381467 1756707327.9632149
1756707327.9632392 1756707360.7399974
1756707360.740018 1756707422.3354845
1756707422.3355052 1756707485.6577084
1756707485.6577296 1756707531.3296688
1756707531.3296878 1756707567.018141
1756707567.018162 1756707618.60384
1756707618.6038628 1756707666.8953826
1756707666.8954058 1756707713.6296585
1756707713.629677 1756707751.1969433
1756707751.1969616 1756707791.2808616
1756707791.280885 1756707861.0240405
1756707861.0240653 1756707920.5093882
1756707920.5094104 1756707976.1480074
1756707976.1480308 1756708034.0826766
1756708034.082706 1756708079.77111
1756708079.7711287 1756708115.0306575
1756708115.030683 1756708154.9941247
1756708154.994144 1756708190.272385
