1756703550.7671623 1756703609.4042456
1756703609.4042668 1756703653.9105318
1756703653.9105494 1756703700.841861
1756703700.8418827 1756703758.6441097
1756703758.6441293 1756703798.0137043
1756703798.0137243 1756703828.8336883
1756703828.8337045 1756703873.1573465
1756703873.1573687 1756703930.2716227
1756703930.2716389 1756703972.1145093
1756703972.1145306 1756704009.4543762
1756704009.4543924 1756704068.4279788
1756704068.428002 1756704108.6992688
1756704108.6992896 1756704151.5535815
1756704151.5536032 1756704207.7473228
1756704207.7473452 1756704252.183747
1756704252.1837926 1756704293.1166196
1756704293.1166406 1756704333.004308
1756704333.0043328 1756704395.5896676
1756704395.589683 1756704443.7094765
1756704443.7095027 1756704492.698566
1756704492.6985905 1756704526.8814049
1756704526.8814292 1756704571.5445192
1756704571.5445418 1756704631.072366
1756704631.0723915 1756704690.7658374
1756704690.7658575 1756704726.4990284
1756704726.49905 1756704757.9833424
1756704757.9833658 1756704791.542527
1756704791.5425491 1756704825.7391002
1756704825.739118 1756704869.7063751
1756704869.7063985 1756704904.191324
1756704904.1913447 1756704950.1283014
1756704950.128323 1756704996.3061066
1756704996.3061304 1756705039.185337
1756705039.1853552 1756705089.848358
1756705089.8483856 1756705142.6027699
1756705142.6027865 1756705191.0640168
1756705191.064041 1756705237.265111
1756705237.265133 1756705276.3149972
1756705276.3150141 1756705310.6420808
1756705310.6421025 1756705362.7343895
1756705362.7344117 1756705405.8377907
1756705405.8378131 1756705434.227309
1756705434.2273326 1756705469.577663
1756705469.577684 1756705528.2476203
1756705528.247638 1756705582.174459
1756705582.1744854 1756705618.913845
1756705618.913864 1756705671.7799163
1756705671.7799401 1756705730.0331085
1756705730.0331264 1756705784.2069523
1756705784.20698 1756705837.685844
1756705837.6858597 1756705884.7834647
1756705884.7834864 1756705934.021441
1756705934.0214632 1756705986.4920664
1756705986.4920998 1756706032.0381067
1756706032.0381303 1756706073.8328505
1756706073.8328867 1756706117.2478635
1756706117.247888 1756706167.0554023
1756706167.0554206 1756706207.6486912
1756706207.6487114 1756706253.6969872
1756706253.6970131 1756706290.7133162
1756706290.7133389 1756706359.9671195
1756706359.967136 1756706399.892262
1756706399.8922923 1756706440.7808938
1756706440.7809157 1756706487.5484118
1756706487.5484293 1756706541.803491
1756706541.8035133 1756706598.1543603
1756706598.1543863 1756706638.0566702
1756706638.056693 1756706678.130688
1756706678.130706 1756706735.6250591
1756706735.625085 1756706773.649444
1756706773.6494622 1756706815.145571
1756706815.1455948 1756706844.1000195
1756706844.1000373 1756706876.724483
1756706876.7245104 1756706911.3914587
1756706911.3914754 1756706963.0495737
1756706963.0495992 1756707001.5448818
1756707001.5449002 1756707054.5253377
1756707054.525359 1756707105.5670736
1756707105.5670986 1756707149.3320901
1756707149.3321245 1756707202.7153106
1756707202.7153273 1756707267.1461902
1756707267.146207 1756707321.36354
1756707321.3635614 1756707362.0467606
1756707362.0467863 1756707417.1029737
1756707417.1029925 1756707486.4821985
1756707486.4822223 1756707527.4117785
1756707527.4118042 1756707564.0112553
1756707564.0112815 1756707619.54009
1756707619.54012 1756707661.085928
1756707661.0859463 1756707713.9851496
1756707713.9851706 1756707757.1943827
1756707757.1944094 1756707796.0802875
1756707796.0803075 1756707854.4020698
1756707854.4020917 1756707917.9140608
1756707917.9140794 1756707973.1452427
1756707973.1452663 1756708036.3577514
1756708036.3577695 1756708083.0838196
1756708083.0838442 1756708116.742716
1756708116.7427404 1756708153.8672497
1756708153.8672743 1756708187.955242
