1766484855.0984545 1766485256.773202
1766485256.7732375 1766485937.1768599
1766485937.176882 1766486540.9933882
1766486540.9934118 1766486894.3324895
1766486894.332512 1766487634.6584523
1766487634.6584744 1766488027.168573
1766488027.168596 1766488546.9125469
1766488546.9125707 1766489137.9203944
1766489137.920418 1766489669.8872821
1766489669.8873055 1766490310.1921523
1766490310.192176 1766490715.9030902
1766490715.903114 1766491441.9577746
1766491441.957798 1766491884.550686
1766491884.5507092 1766492535.583187
1766492535.5832098 1766493005.2515833
1766493005.2516062 1766493523.1055615
1766493523.1055849 1766494077.4135253
1766494077.4135487 1766494590.9911559
1766494590.99118 1766495195.1711922
1766495195.1712158 1766495611.6973176
1766495611.6973345 1766496192.3656845
1766496192.365709 1766496689.3088593
1766496689.3088825 1766497357.98739
1766497357.9874122 1766497828.5283701
1766497828.5283933 1766498334.4140692
1766498334.4140923 1766498927.5080967
1766498927.5081186 1766499464.1825078
1766499464.1825304 1766500077.823319
1766500077.8233414 1766500475.1283112
1766500475.1283345 1766500887.2313669
1766500887.2313838 1766501612.3498404
1766501612.349863 1766502169.9102345
1766502169.9102576 1766502710.6714613
1766502710.6714845 1766503238.2636507
1766503238.2636738 1766503743.0816884
1766503743.08171 1766504183.786185
1766504183.7862086 1766504697.1915414
1766504697.1915646 1766505273.4378338
1766505273.4378562 1766505864.1129982
1766505864.113021 1766506395.2886615
1766506395.2886848 1766506752.8808732
1766506752.8808904 1766507470.3896637
1766507470.3896863 1766508030.3667576
1766508030.3667812 1766508590.7280862
1766508590.7281103 1766509104.8426557
1766509104.8426778 1766509554.8955204
1766509554.895543 1766510206.711147
1766510206.7111697 1766510536.8111289
1766510536.8111522 1766511149.6721296
1766511149.672148 1766511829.1795218
1766511829.179544 1766512279.6736403
1766512279.6736634 1766512800.215374
1766512800.2153976 1766513347.0904944
1766513347.090513 1766513972.1832724
1766513972.1832962 1766514405.0650966
1766514405.0651162 1766515080.1133904
1766515080.113414 1766515582.6568758
1766515582.6568987 1766516094.8899589
1766516094.889982 1766516531.6843805
1766516531.6844025 1766517129.1457381
1766517129.1457615 1766517728.8496754
1766517728.8496983 1766518178.555781
1766518178.5558043 1766518740.500205
1766518740.500228 1766519296.735168
1766519296.7351918 1766519658.843617
1766519658.843634 1766520417.6969779
1766520417.6970067 1766520945.8999965
1766520945.9000192 1766521515.3690739
1766521515.369097 1766522201.8558767
1766522201.8559015 1766522738.4352922
1766522738.4353154 1766523175.192625
1766523175.1926425 1766523754.7303941
1766523754.7304175 1766524258.1081328
1766524258.1081564 1766524762.008083
1766524762.008106 1766525223.093434
1766525223.0934572 1766525847.5123444
1766525847.5123668 1766526148.9996638
1766526148.9996867 1766526742.6704245
1766526742.670448 1766527424.9600918
1766527424.9601154 1766528035.7975566
1766528035.79758 1766528502.9242249
1766528502.924248 1766529103.0654464
1766529103.0654702 1766529600.9756932
1766529600.9757168 1766530078.1897583
1766530078.189777 1766530737.7432609
1766530737.7432854 1766531226.974952
1766531226.9749696 1766531665.883737
1766531665.8837612 1766532280.8279076
1766532280.8279314 1766532682.599915
1766532682.5999382 1766533284.4900594
1766533284.4900823 1766533684.8549259
1766533684.85495 1766534200.8263447
1766534200.8263683 1766534770.5469296
1766534770.5469532 1766535455.5457377
1766535455.5457613 1766535962.6587458
1766535962.6587694 1766536484.239795
1766536484.2398183 1766537013.9695876
1766537013.9696097 1766537617.357507
1766537617.35753 1766538255.51321
1766538255.5132334 1766538794.530436
