1766484831.3968701 1766485389.8622484
1766485389.8622735 1766485758.3841164
1766485758.384135 1766486453.4090993
1766486453.4091232 1766486884.865501
1766486884.8655255 1766487639.9325535
1766487639.9325786 1766488035.9978364
1766488035.9978595 1766488631.1227262
1766488631.122751 1766489140.501848
1766489140.5018723 1766489711.742795
1766489711.7428193 1766490289.1507938
1766490289.1508183 1766490862.033115
1766490862.0331385 1766491424.0890067
1766491424.0890317 1766491756.0844173
1766491756.0844417 1766492521.7801015
1766492521.780127 1766493055.7304451
1766493055.73047 1766493424.186686
1766493424.186708 1766493967.514213
1766493967.5142374 1766494582.8048208
1766494582.8048446 1766495167.456846
1766495167.4568703 1766495733.4535537
1766495733.4535773 1766496246.3855793
1766496246.385604 1766496739.3140545
1766496739.3140786 1766497292.9741561
1766497292.9741795 1766497790.5860581
1766497790.5860882 1766498401.6453207
1766498401.645345 1766498985.0223227
1766498985.0223458 1766499563.7713726
1766499563.7713962 1766500025.4194446
1766500025.4194674 1766500392.5360897
1766500392.5361142 1766501107.5476875
1766501107.5477102 1766501481.997134
1766501481.9971519 1766502196.736919
1766502196.736943 1766502706.7589953
1766502706.7590187 1766503064.837456
1766503064.8374743 1766503694.061748
1766503694.0617716 1766504052.719413
1766504052.7194364 1766504643.9419165
1766504643.9419417 1766505252.2673397
1766505252.2673573 1766505788.7867322
1766505788.7867634 1766506437.1496122
1766506437.1496358 1766506950.1687207
1766506950.168744 1766507397.6704235
1766507397.6704414 1766508006.52463
1766508006.5246546 1766508364.6692715
1766508364.6692948 1766509119.8046012
1766509119.8046243 1766509550.3443084
1766509550.3443322 1766510188.3102322
1766510188.3102567 1766510569.5544076
1766510569.5544312 1766511305.912129
1766511305.9121528 1766511689.8375585
1766511689.8375845 1766512381.775033
1766512381.7750568 1766512941.4729528
1766512941.4729764 1766513369.6650462
1766513369.6650705 1766513941.9286118
1766513941.9286356 1766514386.9234445
1766514386.9234693 1766515107.291679
1766515107.2917037 1766515496.822737
1766515496.8227599 1766516104.0885854
1766516104.088611 1766516669.1139412
1766516669.1139655 1766517194.9359467
1766517194.9359698 1766517647.843993
1766517647.844011 1766518158.9057615
1766518158.905786 1766518768.8795338
1766518768.8795586 1766519161.7175536
1766519161.7175727 1766519865.4417307
1766519865.4417536 1766520284.0617197
1766520284.0617428 1766521024.491353
1766521024.4913776 1766521507.7187855
1766521507.718811 1766522053.1493945
1766522053.1494184 1766522679.3791692
1766522679.379195 1766523278.861772
1766523278.8617961 1766523592.0010695
1766523592.001089 1766524320.735275
1766524320.735299 1766524741.47073
1766524741.4707544 1766525228.7173133
1766525228.7173362 1766525776.1604247
1766525776.1604419 1766526149.4299083
1766526149.4299319 1766526844.0400128
1766526844.0400372 1766527426.2904599
1766527426.2904842 1766527911.2426052
1766527911.2426305 1766528595.2858176
1766528595.2858431 1766529116.913522
1766529116.9135487 1766529648.6915882
1766529648.691613 1766530152.9868605
1766530152.9868858 1766530714.6554646
1766530714.6554885 1766531311.4671519
1766531311.4671764 1766531751.932404
1766531751.932436 1766532154.790472
1766532154.7904968 1766532654.6122355
1766532654.6122744 1766533252.8024406
1766533252.802464 1766533685.6939673
1766533685.693987 1766534198.5479743
1766534198.5479999 1766534817.4764266
1766534817.4764514 1766535205.8787825
1766535205.8788004 1766535920.9706867
1766535920.9707112 1766536419.6088219
1766536419.6088464 1766537106.9484625
1766537106.9484875 1766537708.9503534
1766537708.950378 1766538137.0720525
1766538137.0720763 1766538615.9164426
