1765006037.3212132 1765006096.5299203
1765006096.5299535 1765006152.488079
1765006152.488198 1765006192.812605
1765006192.812631 1765006224.3342783
1765006224.334304 1765006258.5479066
1765006258.547929 1765006286.8297257
1765006286.8297553 1765006324.252463
1765006324.2524874 1765006362.045419
1765006362.0454426 1765006395.9597862
1765006395.959809 1765006432.8578641
1765006432.8578918 1765006466.3749716
1765006466.3749917 1765006505.8738248
1765006505.8738487 1765006536.3038552
1765006536.3038795 1765006572.5322104
1765006572.5322301 1765006606.2386599
1765006606.238685 1765006643.8222
1765006643.8222237 1765006678.8439417
1765006678.8439734 1765006713.2984884
1765006713.2985127 1765006749.941305
1765006749.9413304 1765006788.1292806
1765006788.1293027 1765006834.675426
1765006834.6754506 1765006869.0086367
1765006869.0086548 1765006910.4156501
1765006910.4156733 1765006953.9726865
1765006953.972711 1765006988.0058458
1765006988.0058646 1765007029.1911125
1765007029.1911378 1765007065.8664427
1765007065.8664665 1765007116.2339866
1765007116.2340114 1765007173.8475418
1765007173.8475661 1765007217.7329247
1765007217.732944 1765007253.4450142
1765007253.445038 1765007294.0732539
1765007294.0732718 1765007352.2740982
1765007352.2741253 1765007404.9253364
1765007404.925359 1765007445.5497897
1765007445.5498338 1765007482.89929
1765007482.8993146 1765007527.4189153
1765007527.418938 1765007572.863406
1765007572.8634326 1765007615.9970145
1765007615.9970403 1765007659.8996894
1765007659.8997128 1765007710.8729508
1765007710.872976 1765007747.807509
1765007747.8075297 1765007795.3617437
1765007795.3617687 1765007836.370824
1765007836.3708572 1765007866.364149
1765007866.3641691 1765007903.8806393
1765007903.8806615 1765007936.429455
1765007936.4294815 1765007968.2573519
1765007968.257375 1765008008.0285983
1765008008.0286198 1765008070.3677292
1765008070.3677545 1765008129.1867557
1765008129.1867754 1765008159.3579245
1765008159.3579512 1765008189.2153585
1765008189.215379 1765008231.4363606
1765008231.4363902 1765008274.1528122
1765008274.1528385 1765008306.2298124
1765008306.2298517 1765008343.9799573
1765008343.9799821 1765008379.6165438
1765008379.616566 1765008436.1454704
1765008436.1454914 1765008487.3164983
1765008487.3165236 1765008527.8103204
1765008527.8103476 1765008563.4272823
1765008563.427303 1765008610.8449204
1765008610.8449469 1765008650.4047427
1765008650.4047675 1765008690.6157699
1765008690.6157954 1765008727.2529044
1765008727.2529244 1765008770.667941
1765008770.6679673 1765008821.968783
1765008821.9688153 1765008876.283608
1765008876.2836356 1765008934.3545232
1765008934.354549 1765008982.179237
1765008982.1792583 1765009028.7255855
1765009028.7256215 1765009068.7994478
1765009068.799475 1765009103.1497264
1765009103.1497579 1765009141.0790715
1765009141.0791066 1765009180.5503795
1765009180.5504017 1765009220.5116167
1765009220.5116432 1765009263.1426327
1765009263.1426666 1765009303.2160807
1765009303.2161012 1765009352.0891418
1765009352.0891669 1765009407.6495538
1765009407.6495812 1765009449.8276114
1765009449.8276327 1765009490.2580378
1765009490.2580671 1765009529.2484264
1765009529.2484493 1765009573.5472977
1765009573.5473275 1765009612.1465242
1765009612.1465492 1765009647.8956752
1765009647.8956978 1765009681.9437478
1765009681.9437876 1765009722.6887732
1765009722.6888087 1765009756.8786054
1765009756.8786314 1765009797.8133461
1765009797.8133702 1765009846.685874
1765009846.6858976 1765009886.8274775
1765009886.8275037 1765009929.037183
1765009929.0372026 1765009968.8629704
1765009968.8629959 1765010003.8620925
1765010003.8621123 1765010041.732908
1765010041.732934 1765010077.0340254
1765010077.0340457 1765010117.483467
1765010117.4834938 1765010161.90936
