1765006039.8500938 1765006096.2487617
1765006096.2487857 1765006155.864846
1765006155.8648705 1765006190.239213
1765006190.2392404 1765006224.4689703
1765006224.4689975 1765006255.637804
1765006255.6378286 1765006289.2796066
1765006289.279631 1765006327.1826012
1765006327.182622 1765006365.4712112
1765006365.4712358 1765006399.479876
1765006399.4799027 1765006434.5521734
1765006434.5521972 1765006468.0301964
1765006468.0302227 1765006500.3389196
1765006500.3389518 1765006537.360672
1765006537.3606927 1765006570.8503242
1765006570.8503582 1765006606.5620053
1765006606.5620315 1765006640.0770705
1765006640.0770974 1765006679.6757202
1765006679.675747 1765006714.0517817
1765006714.0518029 1765006752.7558017
1765006752.7558272 1765006789.4650235
1765006789.4650462 1765006834.483928
1765006834.4839504 1765006867.1138773
1765006867.1139011 1765006919.0481088
1765006919.0481298 1765006949.193852
1765006949.1938765 1765006991.7374341
1765006991.7374592 1765007024.355249
1765007024.3552682 1765007058.4180944
1765007058.418119 1765007119.8583078
1765007119.858326 1765007180.0658612
1765007180.065887 1765007225.4221287
1765007225.4221487 1765007261.434894
1765007261.4349196 1765007299.1544294
1765007299.154453 1765007355.0658846
1765007355.0659087 1765007402.6786513
1765007402.678676 1765007437.0958161
1765007437.095837 1765007478.8150241
1765007478.8150487 1765007517.9052122
1765007517.9052343 1765007561.1049418
1765007561.1049626 1765007609.719239
1765007609.719264 1765007652.2746825
1765007652.2747087 1765007702.2576962
1765007702.2577252 1765007755.773452
1765007755.773478 1765007790.1238973
1765007790.1239274 1765007825.99856
1765007825.9985838 1765007863.0412493
1765007863.041288 1765007901.5810544
1765007901.5810752 1765007935.4913337
1765007935.4913652 1765007969.5429964
1765007969.543019 1765008017.5975354
1765008017.5975568 1765008074.0048013
1765008074.0048265 1765008128.7161446
1765008128.7161717 1765008152.1657104
1765008152.1657467 1765008183.8429499
1765008183.8429692 1765008221.6207945
1765008221.62083 1765008261.2753057
1765008261.2753255 1765008295.655636
1765008295.655671 1765008332.440196
1765008332.440216 1765008383.6051674
1765008383.6051927 1765008432.5139368
1765008432.513964 1765008488.1421425
1765008488.1421654 1765008526.7063355
1765008526.7063594 1765008559.9130356
1765008559.9130566 1765008609.3353477
1765008609.3353727 1765008647.1174314
1765008647.1174529 1765008685.1075175
1765008685.107542 1765008721.9704201
1765008721.9704397 1765008767.0782309
1765008767.0782576 1765008823.8647
1765008823.8647306 1765008872.6795597
1765008872.679586 1765008933.8587818
1765008933.8588023 1765008982.7550871
1765008982.7551134 1765009024.4318197
1765009024.4318454 1765009071.2800481
1765009071.2800703 1765009107.6990716
1765009107.6990979 1765009143.5407715
1765009143.5407953 1765009183.7588937
1765009183.7589316 1765009229.7427645
1765009229.7427938 1765009255.6742134
1765009255.6742392 1765009310.3083198
1765009310.3083408 1765009365.1782143
1765009365.1782415 1765009404.2821956
1765009404.282222 1765009449.9755955
1765009449.9756165 1765009487.977217
1765009487.9772446 1765009523.9078045
1765009523.9078238 1765009569.866292
1765009569.8663177 1765009602.4715204
1765009602.4715464 1765009644.4679902
1765009644.4680152 1765009680.1433384
1765009680.143364 1765009722.2215693
1765009722.221597 1765009763.9714482
1765009763.9714706 1765009804.853934
1765009804.8539567 1765009841.4704432
1765009841.4704661 1765009876.5128176
1765009876.5128458 1765009930.865317
1765009930.8653407 1765009968.753878
1765009968.7539046 1765010012.9751427
1765010012.9751642 1765010048.1986163
1765010048.1986427 1765010076.8590567
1765010076.859086 1765010121.9900408
1765010121.9900665 1765010165.630803
