1765006034.791144 1765006091.6418142
1765006091.641836 1765006149.3662558
1765006149.366281 1765006185.2368066
1765006185.2368257 1765006213.4194715
1765006213.4194963 1765006249.9441524
1765006249.9441774 1765006279.8882313
1765006279.888251 1765006319.7100086
1765006319.710033 1765006358.8907285
1765006358.8907487 1765006395.495295
1765006395.4953241 1765006428.2131956
1765006428.2132154 1765006464.563977
1765006464.564002 1765006503.4243534
1765006503.4243793 1765006535.2306416
1765006535.230661 1765006568.6985748
1765006568.698604 1765006604.3601089
1765006604.360134 1765006639.58823
1765006639.5882535 1765006672.0379765
1765006672.0380034 1765006710.8141809
1765006710.8142076 1765006747.23473
1765006747.2347538 1765006784.0064874
1765006784.006538 1765006831.504784
1765006831.5048091 1765006872.8610787
1765006872.861115 1765006912.107304
1765006912.1073236 1765006951.1660392
1765006951.166065 1765006985.3432126
1765006985.3432407 1765007021.0005054
1765007021.0005307 1765007063.8204741
1765007063.8204992 1765007117.7119188
1765007117.711947 1765007175.720955
1765007175.7209826 1765007222.0888789
1765007222.0889046 1765007260.7644866
1765007260.7645073 1765007301.16979
1765007301.1698146 1765007355.575522
1765007355.5755477 1765007404.2694871
1765007404.269507 1765007440.3772414
1765007440.377266 1765007480.5347059
1765007480.5347304 1765007524.267022
1765007524.267046 1765007566.1579382
1765007566.1579597 1765007612.6528757
1765007612.6529021 1765007654.2721288
1765007654.2721558 1765007707.9702241
1765007707.9702463 1765007752.8099918
1765007752.8100183 1765007792.7115111
1765007792.7115347 1765007828.8834896
1765007828.8835118 1765007861.1726344
1765007861.17266 1765007900.116243
1765007900.1162684 1765007934.378446
1765007934.3784707 1765007969.6874683
1765007969.6874952 1765008012.2755635
1765008012.2755954 1765008068.2212498
1765008068.2212837 1765008126.7074795
1765008126.7075152 1765008157.055271
1765008157.0553079 1765008193.2596292
1765008193.2596571 1765008228.7641232
1765008228.7641459 1765008269.9948866
1765008269.9949138 1765008303.1760747
1765008303.176101 1765008343.2926333
1765008343.29267 1765008378.284812
1765008378.284839 1765008434.2170448
1765008434.2170725 1765008484.9853284
1765008484.985359 1765008524.3383224
1765008524.338342 1765008565.4189034
1765008565.4189284 1765008609.5498707
1765008609.5498974 1765008647.144075
1765008647.144108 1765008685.2660384
1765008685.2660654 1765008724.4136977
1765008724.4137273 1765008763.3982315
1765008763.3982575 1765008820.1900964
1765008820.190139 1765008869.575857
1765008869.5758815 1765008928.7691407
1765008928.7691634 1765008978.1651752
1765008978.1652026 1765009025.5649533
1765009025.5649738 1765009066.251169
1765009066.251196 1765009098.5542035
1765009098.5542288 1765009141.2906098
1765009141.2906291 1765009180.9497206
1765009180.9497478 1765009225.285068
1765009225.285107 1765009261.119008
1765009261.1190357 1765009310.7319245
1765009310.731945 1765009365.1519861
1765009365.152013 1765009405.3955152
1765009405.3955426 1765009444.249051
1765009444.2490757 1765009486.7582765
1765009486.758316 1765009520.277085
1765009520.277131 1765009575.0828853
1765009575.082913 1765009607.7085094
1765009607.7085335 1765009644.9440427
1765009644.9440653 1765009677.790408
1765009677.790433 1765009721.3097088
1765009721.3097298 1765009763.592784
1765009763.59281 1765009808.5908751
1765009808.590903 1765009846.7182715
1765009846.718293 1765009887.877298
1765009887.8773253 1765009930.6708593
1765009930.6708822 1765009971.9133532
1765009971.9133797 1765010010.809162
1765010010.8091936 1765010040.5388062
1765010040.538826 1765010079.7853785
1765010079.785405 1765010122.8070347
1765010122.8070614 1765010162.756552
