1754532395.2010968 1754532417.6556058
1754532417.6556344 1754532446.2221897
1754532446.2222118 1754532472.76467
1754532472.764688 1754532499.7151396
1754532499.7151759 1754532529.4514453
1754532529.451466 1754532565.2144403
1754532565.2144678 1754532588.1164753
1754532588.1165152 1754532618.9170122
1754532618.9170332 1754532648.8823347
1754532648.882359 1754532677.8488278
1754532677.8488483 1754532701.8647277
1754532701.8647504 1754532726.2794812
1754532726.2795002 1754532753.9320757
1754532753.9320989 1754532779.223964
1754532779.2239861 1754532809.2212043
1754532809.2212293 1754532840.6112216
1754532840.6112416 1754532875.5609252
1754532875.5609505 1754532901.2534685
1754532901.2534914 1754532928.6480072
1754532928.6480315 1754532963.9719024
1754532963.9719257 1754532990.9638042
1754532990.9638262 1754533010.32094
1754533010.320975 1754533036.932335
1754533036.932364 1754533063.6484914
1754533063.6485124 1754533091.1993113
1754533091.1993349 1754533120.1610696
1754533120.1610937 1754533147.4645276
1754533147.464548 1754533166.6348214
1754533166.6348467 1754533193.6271627
1754533193.627182 1754533224.8546968
1754533224.8547204 1754533249.8720324
1754533249.8720522 1754533273.5530782
1754533273.5531158 1754533297.7397583
1754533297.739777 1754533322.0327072
1754533322.032734 1754533346.402265
1754533346.4022927 1754533371.351072
1754533371.3510919 1754533397.6977005
1754533397.6977262 1754533431.8146734
1754533431.8146932 1754533465.1547902
1754533465.1548157 1754533503.6178744
1754533503.6178985 1754533535.0080829
1754533535.008102 1754533569.60179
1754533569.6018145 1754533600.3629699
1754533600.362991 1754533628.7950869
1754533628.7951066 1754533659.4107635
1754533659.4107995 1754533692.4626958
1754533692.4627185 1754533725.5045662
1754533725.5045915 1754533752.5756762
1754533752.5757036 1754533783.0004175
1754533783.0004401 1754533816.0119934
1754533816.0120213 1754533846.252544
1754533846.2525642 1754533873.831619
1754533873.831649 1754533902.890664
1754533902.8906858 1754533932.1698961
1754533932.1699169 1754533961.6814346
1754533961.6814606 1754533990.7366781
1754533990.7367024 1754534017.4559088
1754534017.455935 1754534046.1154313
1754534046.1154518 1754534076.4481263
1754534076.4481542 1754534108.5130072
1754534108.5130296 1754534129.3361785
1754534129.3361971 1754534160.3676977
1754534160.3677237 1754534186.1423619
1754534186.1423814 1754534213.9182928
1754534213.9183178 1754534243.825246
1754534243.825265 1754534272.995077
1754534272.9950988 1754534304.3028774
1754534304.3028986 1754534333.2110667
1754534333.2110896 1754534360.8923774
1754534360.8924012 1754534389.1808677
1754534389.1808884 1754534418.0917552
1754534418.0917804 1754534445.7238877
1754534445.7239075 1754534478.8887362
1754534478.8887632 1754534506.0179777
1754534506.017996 1754534532.9917617
1754534532.991785 1754534558.3704286
1754534558.37045 1754534583.8839526
1754534583.883971 1754534611.880629
1754534611.8806522 1754534638.9079998
1754534638.9080193 1754534668.8445194
1754534668.8445396 1754534697.3060215
1754534697.3060477 1754534726.7043953
1754534726.7044172 1754534749.7703927
1754534749.7704153 1754534779.9564815
1754534779.9565046 1754534808.803399
1754534808.8034256 1754534839.8735275
1754534839.8735487 1754534866.179043
1754534866.179067 1754534893.3386862
1754534893.3387098 1754534919.4034176
1754534919.4034383 1754534946.791661
1754534946.7916868 1754534971.5722613
1754534971.572284 1754535001.5155768
1754535001.5156205 1754535027.315193
1754535027.3152122 1754535056.9042642
1754535056.904293 1754535084.6490266
1754535084.6490493 1754535112.7390227
1754535112.7390428 1754535140.3998492
1754535140.3998716 1754535164.4034147
1754535164.4034426 1754535189.4555051
1754535189.4555254 1754535212.3514802
1754535212.3515034 1754535235.7161705
1754535235.7161958 1754535259.9752264
1754535259.975249 1754535283.1314278
1754535283.1314607 1754535314.6542132
1754535314.6542342 1754535343.1917052
1754535343.1917393 1754535375.2228813
1754535375.2229083 1754535398.468217
1754535398.4682376 1754535427.6306217
1754535427.6306446 1754535454.5602589
1754535454.5602922 1754535480.6001792
1754535480.600202 1754535506.584752
1754535506.5847743 1754535534.7885847
1754535534.7886043 1754535562.4476595
1754535562.4476845 1754535594.2564852
1754535594.256505 1754535626.9638648
1754535626.9638894 1754535659.663677
1754535659.663698 1754535690.643844
1754535690.643868 1754535726.4703557
1754535726.4703803 1754535756.0808399
1754535756.0808618 1754535789.223658
1754535789.2236845 1754535819.9497554
1754535819.9497745 1754535859.666977
1754535859.6670015 1754535886.518613
1754535886.5186315 1754535919.8215044
1754535919.8215303 1754535948.50022
1754535948.500242 1754535984.590198
1754535984.5902226 1754536014.7708118
1754536014.770843 1754536049.730799
1754536049.7308223 1754536082.341228
1754536082.34125 1754536111.1350405
1754536111.1350665 1754536142.3807597
1754536142.3807912 1754536176.508473
1754536176.5085022 1754536210.4702582
1754536210.4702835 1754536244.893695
1754536244.8937154 1754536278.2956772
1754536278.2957006 1754536305.450255
1754536305.4502776 1754536334.9243224
1754536334.9243472 1754536358.0961473
1754536358.0961685 1754536384.8344681
1754536384.8344917 1754536412.2665668
1754536412.2665935 1754536438.304952
1754536438.3049772 1754536466.0333242
1754536466.033352 1754536491.6350014
1754536491.635021 1754536514.0718555
1754536514.071883 1754536537.3039978
1754536537.3040164 1754536562.358508
1754536562.358531 1754536584.417509
1754536584.4175298 1754536608.3307574
1754536608.3307772 1754536632.1650121
1754536632.1650364 1754536655.765641
1754536655.7656617 1754536685.518886
1754536685.5189095 1754536710.2978902
1754536710.2979114 1754536731.8278718
1754536731.827893 1754536755.2641287
1754536755.2641554 1754536785.8202393
1754536785.820261 1754536808.57132
1754536808.5713418 1754536836.049505
1754536836.04953 1754536864.977398
1754536864.9774203 1754536886.111809
1754536886.111836 1754536914.4386933
1754536914.4387155 1754536939.5232515
1754536939.5232747 1754536966.295829
1754536966.295853 1754536989.1215363
1754536989.121557 1754537010.0751152
1754537010.0751455 1754537042.3559206
1754537042.3559527 1754537070.8418972
1754537070.8419206 1754537097.3768232
1754537097.3768451 1754537123.0049582
1754537123.0049798 1754537147.9097629
1754537147.9097903 1754537173.7701623
1754537173.770184 1754537200.0833347
1754537200.083357 1754537227.240064
1754537227.2400904 1754537254.644948
1754537254.6449742 1754537281.8381221
1754537281.8381634 1754537307.436988
1754537307.4370146 1754537342.731029
1754537342.7310507 1754537373.198705
1754537373.1987276 1754537403.1572614
1754537403.1572843 1754537427.0713344
1754537427.0713546 1754537453.7439198
1754537453.743951 1754537480.594132
1754537480.5941517 1754537507.9022474
1754537507.902276 1754537536.1653411
1754537536.1653628 1754537566.0512142
1754537566.0512362 1754537594.6445975
1754537594.6446269 1754537624.0418851
1754537624.041906 1754537648.3681834
1754537648.3682058 1754537677.577717
1754537677.5777445 1754537708.0974438
1754537708.097469 1754537740.8743606
1754537740.8743842 1754537771.772425
1754537771.7724528 1754537805.257468
1754537805.2574925 1754537837.8688133
1754537837.868841 1754537868.192234
1754537868.1922612 1754537898.8462143
1754537898.8462346 1754537927.9422004
1754537927.9422195 1754537964.3913803
1754537964.39141 1754538003.1502686
1754538003.1502936 1754538039.2079258
1754538039.2079475 1754538059.995634
1754538059.9956584 1754538089.2620192
1754538089.262048 1754538118.675529
1754538118.6755495 1754538143.7417476
1754538143.741776 1754538174.601908
1754538174.6019332 1754538205.6058066
1754538205.6058288 1754538237.2556183
1754538237.2556465 1754538262.541291
1754538262.5413125 1754538285.3576705
1754538285.3577137 1754538314.8542254
1754538314.8542511 1754538340.3379664
1754538340.3379858 1754538369.341308
1754538369.3413343 1754538399.125024
1754538399.1250432 1754538427.650962
1754538427.650982 1754538457.2084415
1754538457.2084742 1754538486.5238597
1754538486.5238783 1754538520.189611
1754538520.1896372 1754538546.902939
1754538546.90296 1754538573.7956843
1754538573.795705 1754538604.2820344
1754538604.2820709 1754538637.991987
1754538637.9920108 1754538679.996611
1754538679.996632 1754538707.1790626
1754538707.17909 1754538731.3582125
1754538731.3582337 1754538762.4491456
1754538762.4491754 1754538792.5383894
1754538792.5384107 1754538821.9770882
1754538821.9771104 1754538846.9441779
1754538846.944208 1754538876.9810789
1754538876.9811075 1754538904.42481
1754538904.424834 1754538933.8912761
1754538933.8913028 1754538967.1561337
1754538967.1561637 1754538992.1739056
1754538992.1739268 1754539020.3624551
1754539020.3624797 1754539049.0317729
1754539049.0318007 1754539077.982889
1754539077.9829116 1754539101.3428323
1754539101.3428552 1754539122.6363778
1754539122.6364098 1754539152.7811823
1754539152.7812016 1754539173.9507487
1754539173.9507804 1754539200.9664772
1754539200.9664981 1754539228.9982152
1754539228.9982371 1754539253.9608455
1754539253.960874 1754539280.696186
1754539280.6962225 1754539311.179762
1754539311.179805 1754539343.5575798
1754539343.557601 1754539365.1636255
1754539365.1636558 1754539390.282853
1754539390.2828906 1754539417.9992013
1754539417.9992213 1754539438.4787312
1754539438.478759 1754539463.6402338
1754539463.6402586 1754539486.8538587
1754539486.8538883 1754539509.6673865
1754539509.6674066 1754539534.1931512
1754539534.1931927 1754539562.1167862
1754539562.1168103 1754539586.419967
1754539586.4199939 1754539610.306197
1754539610.30623 1754539634.872361
1754539634.8723845 1754539658.2368283
1754539658.2368538 1754539684.4544342
1754539684.4544635 1754539705.6421182
1754539705.6421378 1754539729.496439
1754539729.4964683 1754539758.5792513
1754539758.5792718 1754539783.0697868
1754539783.069812 1754539811.888927
1754539811.8889563 1754539837.3688865
1754539837.3689072 1754539866.4294357
1754539866.429462 1754539891.7201428
1754539891.720165 1754539915.2043076
1754539915.2043319 1754539942.871175
1754539942.8712018 1754539966.7150154
1754539966.7150366 1754539993.2747188
1754539993.2747447 1754540017.8683987
1754540017.8684323 1754540045.1966383
1754540045.1966615 1754540070.776837
1754540070.7768629 1754540099.2263558
1754540099.2263768 1754540124.1324892
1754540124.1325133 1754540148.742072
1754540148.7421005 1754540171.4162998
1754540171.416325 1754540193.875012
1754540193.8750334 1754540213.5101316
1754540213.5101583 1754540239.6110768
1754540239.6110995 1754540263.4572327
1754540263.457254 1754540286.8950558
1754540286.895085 1754540309.4352078
1754540309.4352283 1754540335.8904045
1754540335.8904314 1754540362.8506637
1754540362.8506827 1754540392.8802314
1754540392.8802586 1754540422.2338681
1754540422.2338917 1754540450.4230917
1754540450.4231217 1754540476.804291
1754540476.804313 1754540498.8605623
1754540498.8605912 1754540527.3514438
1754540527.3514647 1754540555.1863055
1754540555.1863298 1754540582.102591
1754540582.1026177 1754540613.953526
1754540613.9535491 1754540652.0338244
1754540652.0338476 1754540679.4361575
1754540679.4361885 1754540708.5722916
1754540708.5723197 1754540741.4250546
1754540741.4250844 1754540774.5585303
1754540774.5585535 1754540806.0039752
1754540806.0040085 1754540836.3133137
1754540836.313351 1754540863.253491
1754540863.2535176 1754540892.1936524
1754540892.1936827 1754540920.4041338
1754540920.4041567 1754540949.5420983
1754540949.5421195 1754540976.729249
1754540976.7292778 1754541008.843286
1754541008.8433094 1754541039.4330087
1754541039.4330335 1754541068.4221766
1754541068.4222028 1754541096.9514606
1754541096.9514818 1754541128.0503051
1754541128.0503254 1754541160.0198638
1754541160.0198932 1754541191.8923159
1754541191.8923385 1754541222.155399
1754541222.1554282 1754541251.1610684
1754541251.1610916 1754541277.3176196
1754541277.3176403 1754541307.9612412
1754541307.96127 1754541338.7937455
1754541338.793769 1754541360.7153285
1754541360.7153668 1754541389.9438121
1754541389.943836 1754541423.7458503
1754541423.7458773 1754541449.757191
1754541449.7572117 1754541479.5508747
1754541479.550898 1754541500.284831
1754541500.2848523 1754541530.1357877
1754541530.135818 1754541561.616763
1754541561.6167996 1754541589.558541
1754541589.558578 1754541616.7246885
1754541616.7247174 1754541652.278734
1754541652.2787542 1754541680.1427386
1754541680.1427639 1754541705.4095008
1754541705.4095213 1754541728.5257995
1754541728.5258203 1754541758.4978242
1754541758.4978526 1754541779.1297297
1754541779.1297522 1754541804.7454555
1754541804.7454784 1754541830.0058715
1754541830.0059016 1754541855.4030027
1754541855.4030232 1754541884.3127513
1754541884.3127778 1754541908.61467
1754541908.6146998 1754541934.9343843
1754541934.9344075 1754541966.735163
1754541966.735203 1754541996.0106692
1754541996.010691 1754542025.5449574
1754542025.544984 1754542053.2686079
1754542053.2686286 1754542078.3417394
1754542078.3417656 1754542107.2001173
1754542107.2001383 1754542125.415192
1754542125.4152195 1754542161.929397
1754542161.929417 1754542181.5677319
1754542181.5677707 1754542209.3039575
1754542209.3039825 1754542240.4792068
1754542240.4792309 1754542272.6692674
1754542272.6692917 1754542306.553001
1754542306.553028 1754542339.030081
1754542339.0301015 1754542367.3975017
1754542367.39753 1754542399.6764398
1754542399.676462 1754542429.3428068
1754542429.342833 1754542465.8294542
1754542465.829474 1754542492.1439357
1754542492.1439583 1754542527.9616761
1754542527.9617016 1754542554.4122849
1754542554.4123082 1754542589.0319097
1754542589.031934 1754542616.7825093
1754542616.7825294 1754542652.252686
1754542652.2527108 1754542683.762678
1754542683.7627065 1754542720.5510135
1754542720.551033 1754542746.2671068
1754542746.2671359 1754542781.53423
1754542781.5342503 1754542810.4605582
1754542810.4605875 1754542840.1540816
1754542840.1541033 1754542868.314669
1754542868.314696 1754542896.378952
1754542896.3789752 1754542926.3065746
1754542926.3066003 1754542960.2227714
1754542960.222793 1754542987.9975138
1754542987.9975417 1754543012.3516178
1754543012.3516378 1754543042.6924722
1754543042.6924975 1754543065.9656556
1754543065.9656777 1754543090.0286224
1754543090.0286434 1754543111.3562443
1754543111.356271 1754543134.9745014
1754543134.97452 1754543158.2493927
1754543158.2494185 1754543178.9482563
1754543178.9482763 1754543203.2741523
1754543203.2741773 1754543227.1386454
1754543227.1386669 1754543252.5726163
1754543252.5726397 1754543278.2904491
1754543278.290473 1754543303.5734098
1754543303.5734293 1754543331.3193889
1754543331.3194096 1754543355.4723902
1754543355.4724169 1754543378.7668364
1754543378.7668571 1754543403.702532
1754543403.7025585 1754543433.1432571
1754543433.1432757 1754543461.3905392
1754543461.3905647 1754543487.1136637
1754543487.1136858 1754543512.7183912
1754543512.718411 1754543538.3591316
1754543538.3591568 1754543568.3343542
1754543568.3343751 1754543594.6400435
1754543594.6400688 1754543622.8512294
1754543622.8512487 1754543651.8391864
1754543651.8392131 1754543682.2338138
1754543682.2338336 1754543709.2392886
1754543709.2393138 1754543749.9642434
1754543749.9642658 1754543770.6338599
1754543770.6338875 1754543800.3265471
1754543800.3265717 1754543822.7160246
1754543822.7160466 1754543849.647919
1754543849.647946 1754543877.4007156
1754543877.4007378 1754543904.4537637
1754543904.4537928 1754543931.6026816
1754543931.6027017 1754543959.9913397
1754543959.9913611 1754543992.3575003
1754543992.35753 1754544016.4310358
1754544016.4310553 1754544041.2830052
1754544041.2830276 1754544067.5982242
1754544067.598252 1754544091.7285259
1754544091.72855 1754544119.8359964
1754544119.8360252 1754544158.73827
1754544158.7382936 1754544191.7530048
1754544191.7530274 1754544221.1872203
1754544221.1872463 1754544253.7268817
1754544253.7269032 1754544290.1935103
1754544290.1935291 1754544321.8770516
1754544321.8770738 1754544349.4513822
1754544349.4514043 1754544375.9633055
1754544375.9633272 1754544400.038514
1754544400.038539 1754544426.8370626
1754544426.837087 1754544454.7646601
1754544454.7646852 1754544482.8747234
1754544482.8747468 1754544513.153211
1754544513.1532428 1754544540.5639608
1754544540.5639868 1754544566.8699293
1754544566.8699715 1754544594.6601844
1754544594.660209 1754544623.3008962
1754544623.3009355 1754544651.4453402
1754544651.445362 1754544673.3405473
1754544673.3405921 1754544701.9672804
1754544701.9673007 1754544730.4182067
1754544730.4182355 1754544761.4568377
1754544761.456861 1754544785.6661294
1754544785.666154 1754544811.6668575
1754544811.6668785 1754544838.1458087
1754544838.1458297 1754544863.03893
1754544863.0389574 1754544888.0889695
1754544888.088993 1754544921.7620294
1754544921.7620542 1754544950.6036506
1754544950.6036806 1754544978.8681686
1754544978.868192 1754545011.7853105
1754545011.7853332 1754545040.5517337
1754545040.55176 1754545068.6561255
1754545068.6561506 1754545096.2833962
1754545096.2834253 1754545129.4920723
1754545129.4920986 1754545160.1652777
1754545160.1653037 1754545186.0258243
1754545186.0258517 1754545213.6982753
1754545213.698297 1754545241.9612894
1754545241.961315 1754545273.3828483
1754545273.382868 1754545301.783232
1754545301.7832603 1754545328.03305
1754545328.0330698 1754545358.4756923
1754545358.4757183 1754545387.45215
1754545387.4521751 1754545420.061573
1754545420.061595 1754545448.0775485
1754545448.0775816 1754545475.7405145
1754545475.7405343 1754545507.1982837
1754545507.1983092 1754545537.6781044
1754545537.6781263 1754545569.7298136
1754545569.7298393 1754545601.3354123
1754545601.335435 1754545634.9297297
1754545634.9297514 1754545665.8925734
1754545665.8926008 1754545694.1694267
1754545694.1694512 1754545718.358138
1754545718.3581626 1754545738.257351
1754545738.2573776 1754545768.2618737
1754545768.2618952 1754545795.6280348
1754545795.628064 1754545822.2218678
1754545822.2218897 1754545847.850739
1754545847.850764 1754545878.542971
1754545878.5429997 1754545910.6797955
1754545910.6798234 1754545943.560694
1754545943.5607193 1754545968.0718281
1754545968.0718513 1754545995.610829
1754545995.6108515 1754546023.2913399
1754546023.2913678 1754546049.414413
1754546049.414442 1754546078.9168186
1754546078.916847 1754546105.7033799
1754546105.7034054 1754546138.074915
1754546138.0749383 1754546165.7800822
1754546165.7801116 1754546194.1393533
1754546194.1393738 1754546223.9850042
1754546223.985032 1754546257.422474
1754546257.4224977 1754546288.4994035
1754546288.4994342 1754546311.924287
1754546311.9243104 1754546345.108613
1754546345.1086383 1754546376.8076575
1754546376.807686 1754546411.0620542
1754546411.062078 1754546443.8802207
1754546443.8802633 1754546475.1107962
1754546475.1108236 1754546509.6265132
1754546509.6265366 1754546540.920531
1754546540.9205556 1754546560.34224
1754546560.3422678 1754546588.2033398
1754546588.2033641 1754546615.4683485
1754546615.4683707 1754546641.7874672
1754546641.7875235 1754546671.5103092
1754546671.5103304 1754546702.438679
1754546702.438705 1754546728.7454083
1754546728.7454355 1754546760.6251416
1754546760.625169 1754546787.482277
1754546787.4823263 1754546816.9572816
1754546816.957322 1754546846.2804341
1754546846.280459 1754546875.2437558
1754546875.2437847 1754546905.7603166
1754546905.760344 1754546936.6681871
1754546936.6682165 1754546973.6516647
1754546973.6516883 1754547003.2630506
1754547003.2630718 1754547035.9262192
1754547035.9262476 1754547066.698119
1754547066.6981397 1754547091.981359
1754547091.981386 1754547117.503818
1754547117.503852 1754547143.8946006
1754547143.8946218 1754547178.2399318
1754547178.2399614 1754547204.2910144
1754547204.2910385 1754547233.911714
1754547233.9117403 1754547271.7088754
1754547271.708898 1754547304.4869337
1754547304.4869552 1754547336.1780574
1754547336.1780818 1754547361.3406303
1754547361.3406575 1754547390.2514613
1754547390.251484 1754547412.7547479
1754547412.754768 1754547443.345073
1754547443.3451014 1754547473.7481222
1754547473.7481434 1754547506.279139
1754547506.2791655 1754547537.7826679
1754547537.782687 1754547566.2657218
1754547566.2657518 1754547593.041255
1754547593.0412793 1754547631.7592583
1754547631.7592838 1754547661.211484
1754547661.2115066 1754547692.0872312
1754547692.087254 1754547714.657613
1754547714.6576383 1754547742.5273652
1754547742.5273907 1754547771.2048361
1754547771.2048655 1754547797.4351304
1754547797.4351532 1754547826.3666277
1754547826.3666666 1754547850.8709452
1754547850.8709848 1754547877.7833471
1754547877.783369 1754547905.7295685
1754547905.7295961 1754547930.8778727
1754547930.8779178 1754547954.8725877
1754547954.8726087 1754547980.95324
1754547980.9532838 1754548009.8311214
1754548009.8311443 1754548037.9500554
1754548037.950082 1754548065.4841404
1754548065.4841664 1754548092.322527
1754548092.3225486 1754548119.1308672
1754548119.13089 1754548144.6109233
1754548144.6109517 1754548171.5503805
1754548171.5504005 1754548199.4010313
1754548199.4010527 1754548225.5639563
1754548225.5639858 1754548252.5640547
1754548252.564078 1754548284.1154482
1754548284.1154804 1754548311.7810946
1754548311.7811232 1754548347.663247
1754548347.6632755 1754548371.6952662
1754548371.6952884 1754548398.0768998
1754548398.0769262 1754548420.7670064
1754548420.767029 1754548452.5867639
1754548452.5867858 1754548475.8138034
1754548475.813831 1754548495.0282373
1754548495.0282648 1754548525.612968
1754548525.6129923 1754548550.6779466
1754548550.677966 1754548586.2768822
1754548586.2769063 1754548608.929046
1754548608.9290774 1754548638.56264
1754548638.562661 1754548664.3412836
1754548664.3413124 1754548691.5543501
1754548691.554376 1754548718.1633396
1754548718.1633701 1754548751.050979
1754548751.0510044 1754548785.672102
1754548785.6721478 1754548812.3629107
1754548812.3629317 1754548844.2169116
1754548844.216932 1754548874.4852636
1754548874.4852917 1754548910.1245313
1754548910.1245532 1754548942.9429338
1754548942.942964 1754548975.4764376
1754548975.4764583 1754549004.1964304
1754549004.1964571 1754549033.0403602
1754549033.040381 1754549065.2372139
1754549065.2372377 1754549096.296239
1754549096.296265 1754549129.0056129
1754549129.005638 1754549158.4561393
1754549158.4561613 1754549188.8322496
1754549188.8322768 1754549215.1104674
1754549215.110493 1754549244.2234576
1754549244.2234857 1754549272.741413
1754549272.7414353 1754549302.795317
1754549302.7953413 1754549331.8133082
1754549331.8133307 1754549356.3738391
1754549356.3738604 1754549381.315049
1754549381.3150783 1754549403.1342864
1754549403.1343083 1754549433.1682274
1754549433.1682637 1754549458.0533814
1754549458.0534062 1754549486.3185034
1754549486.3185337 1754549513.0176575
1754549513.017682 1754549546.4659624
1754549546.4659874 1754549570.4725306
1754549570.472551 1754549599.2033935
1754549599.2034168 1754549627.28054
1754549627.2805622 1754549660.0998387
1754549660.0998597 1754549683.1256213
1754549683.1256497 1754549721.568385
1754549721.5684042 1754549751.7520878
1754549751.7521138 1754549781.3877912
1754549781.3878152 1754549809.1138535
1754549809.1138785 1754549832.9492662
1754549832.9492805 1754549855.321309
1754549855.3213282 1754549881.5357985
1754549881.5358257 1754549907.491885
1754549907.4919124 1754549936.7962549
1754549936.7962763 1754549963.2185307
1754549963.2185597 1754549990.3390818
1754549990.3391106 1754550021.3105888
1754550021.310609 1754550045.0537477
1754550045.0537705 1754550068.8461318
1754550068.846184 1754550094.5889971
1754550094.5890458 1754550121.9067125
1754550121.9067361 1754550148.6395354
1754550148.6395586 1754550172.5089488
1754550172.5089774 1754550199.9629474
1754550199.9629722 1754550225.4215283
1754550225.4215589 1754550248.1227708
1754550248.1227891 1754550274.2944376
1754550274.2944682 1754550295.1066363
1754550295.106655 1754550320.7492673
1754550320.7492878 1754550347.5512972
1754550347.5513237 1754550373.702977
1754550373.7029982 1754550400.0499592
1754550400.049983 1754550424.622276
1754550424.6223035 1754550452.111771
1754550452.111796 1754550477.284206
1754550477.2842302 1754550501.4454236
1754550501.4454453 1754550532.8616147
1754550532.8616455 1754550562.6041605
1754550562.6041844 1754550589.1722174
1754550589.1722424 1754550616.0421264
1754550616.0421479 1754550638.7449324
1754550638.7449574 1754550664.9131613
1754550664.9131818 1754550692.7741957
1754550692.7742198 1754550721.8700085
1754550721.8700433 1754550748.1962404
1754550748.1962805 1754550768.7914186
1754550768.791444 1754550793.946127
1754550793.9461544 1754550819.8409352
1754550819.8409593 1754550843.3053281
1754550843.305367 1754550871.4896295
1754550871.4896522 1754550898.2965229
1754550898.2965488 1754550929.7559063
1754550929.755931 1754550954.7472408
1754550954.7472622 1754550979.895964
1754550979.8959937 1754551004.843541
1754551004.843577 1754551036.0021465
1754551036.0021806 1754551060.2814362
1754551060.2814572 1754551084.8774745
1754551084.877505 1754551114.1348395
1754551114.134859 1754551138.092325
1754551138.0923545 1754551164.8248103
1754551164.8248305 1754551191.911728
1754551191.9117599 1754551218.618124
1754551218.6181548 1754551243.4443228
1754551243.4443471 1754551271.3106272
1754551271.3106546 1754551300.1586246
1754551300.1586478 1754551334.1633813
1754551334.1634033 1754551359.6603212
1754551359.6603491 1754551386.858488
1754551386.8585114 1754551414.5023677
1754551414.5023928 1754551442.1237614
1754551442.123785 1754551477.3603652
1754551477.3603864 1754551505.3844433
1754551505.3844738 1754551534.0139766
1754551534.0140104 1754551564.4498413
1754551564.449866 1754551589.3333821
1754551589.3334053 1754551618.0604756
1754551618.0604978 1754551647.8363245
1754551647.8363469 1754551677.7182813
1754551677.7183158 1754551706.3155882
1754551706.3156097 1754551735.904759
1754551735.9047933 1754551763.6681454
1754551763.6681747 1754551791.661967
1754551791.6619873 1754551811.4154189
1754551811.4154503 1754551834.4729254
1754551834.4729497 1754551856.6011024
1754551856.6011288 1754551887.8871453
1754551887.8871725 1754551911.4062464
1754551911.40627 1754551938.8656297
1754551938.8656569 1754551966.5193596
1754551966.5193799 1754551991.2552009
1754551991.2552276 1754552019.5353467
1754552019.5353677 1754552043.0607843
1754552043.0608265 1754552069.2207808
1754552069.220816 1754552092.618203
1754552092.6182323 1754552115.4677732
1754552115.4677975 1754552141.6481526
1754552141.648196 1754552168.1291356
1754552168.129175 1754552201.171366
1754552201.1713917 1754552224.5389853
1754552224.5390096 1754552257.8987713
1754552257.8987908 1754552289.2077746
1754552289.207798 1754552319.234683
1754552319.2347093 1754552348.8063664
1754552348.8063912 1754552375.4842865
1754552375.4843128 1754552398.6926365
1754552398.6926596 1754552428.9351783
1754552428.9352038 1754552464.269596
1754552464.269618 1754552490.6832268
1754552490.683258 1754552518.026138
1754552518.026161 1754552544.3232765
1754552544.323301 1754552569.5941286
1754552569.5941534 1754552599.757153
1754552599.757177 1754552625.5815747
1754552625.581603 1754552650.9406753
1754552650.9406981 1754552677.2754767
1754552677.2755075 1754552703.6722448
1754552703.6722677 1754552732.7797124
1754552732.7797427 1754552758.301258
1754552758.3012927 1754552787.651178
1754552787.6512027 1754552817.6274056
1754552817.627434 1754552843.7489643
1754552843.7489896 1754552873.7406433
1754552873.7406745 1754552905.7654562
1754552905.7654772 1754552940.6216414
1754552940.621667 1754552967.1496081
1754552967.1496294 1754552997.3360538
1754552997.3360765 1754553031.638011
1754553031.6380367 1754553059.0399337
1754553059.0399573 1754553092.4054143
1754553092.4054482 1754553124.7283561
1754553124.7283983 1754553156.1153734
1754553156.115394 1754553187.2056434
1754553187.2056746 1754553222.5440555
1754553222.5440853 1754553253.047953
1754553253.0479846 1754553276.871654
1754553276.8716812 1754553301.8737369
1754553301.8737655 1754553329.8623657
1754553329.862381 1754553359.585362
1754553359.5853875 1754553387.635144
1754553387.6351662 1754553418.410923
1754553418.410947 1754553441.6074421
1754553441.6074646 1754553466.671081
1754553466.671101 1754553490.6060436
1754553490.6060724 1754553515.8152003
1754553515.8152242 1754553541.2856503
1754553541.2856698 1754553564.923318
1754553564.923347 1754553588.180519
1754553588.1805456 1754553613.941507
1754553613.94154 1754553643.5469348
1754553643.5469646 1754553678.324708
1754553678.3247354 1754553706.50734
1754553706.5073626 1754553734.7790008
1754553734.7790308 1754553761.8082824
1754553761.8083057 1754553790.7744105
1754553790.7744405 1754553819.5341554
1754553819.534178 1754553851.7073717
1754553851.7073941 1754553885.2134614
1754553885.2134979 1754553908.3362725
1754553908.3362968 1754553936.751081
1754553936.7511065 1754553964.1291676
1754553964.1291876 1754553988.3539708
1754553988.354002 1754554013.5166032
1754554013.5166347 1754554039.6125088
1754554039.612535 1754554063.8909202
1754554063.8909466 1754554091.731969
1754554091.7319932 1754554122.56025
1754554122.5602775 1754554150.9290094
1754554150.929031 1754554177.269136
1754554177.2691576 1754554207.2603152
1754554207.2603443 1754554237.7152152
1754554237.7152407 1754554260.3383803
1754554260.3384025 1754554282.852872
1754554282.8528924 1754554308.591894
1754554308.591927 1754554333.6313434
1754554333.6313665 1754554363.687166
1754554363.687196 1754554389.0725214
1754554389.0725465 1754554414.2372541
1754554414.2372756 1754554446.6469715
1754554446.6470015 1754554471.1679664
1754554471.1679869 1754554503.0041912
1754554503.0042176 1754554541.5201387
1754554541.5201614 1754554570.1791945
1754554570.1792238 1754554607.3935714
1754554607.393599 1754554639.342976
1754554639.3429966 1754554670.1820378
1754554670.1820676 1754554700.4229984
1754554700.4230194 1754554727.7076333
1754554727.7076583 1754554759.0866132
1754554759.0866365 1754554792.5080943
1754554792.508119 1754554822.2472906
1754554822.2473218 1754554849.3277907
1754554849.3278136 1754554876.7429512
1754554876.7429812 1754554907.367184
1754554907.3672051 1754554939.0547733
1754554939.054793 1754554969.2893844
1754554969.28941 1754554997.159945
1754554997.1599653 1754555025.9039907
1754555025.9040108 1754555056.758406
1754555056.758434 1754555087.960445
1754555087.9604738 1754555115.0941079
1754555115.094134 1754555142.882596
1754555142.8826187 1754555169.476614
1754555169.4766445 1754555194.7966783
1754555194.796705 1754555223.2311816
1754555223.2312195 1754555249.4292004
1754555249.4292216 1754555273.0503829
1754555273.050408 1754555298.0215442
1754555298.021564 1754555322.2277024
1754555322.2277296 1754555345.6923473
1754555345.6923766 1754555370.1327727
1754555370.1328008 1754555401.8407848
1754555401.8408084 1754555426.395359
1754555426.39538 1754555447.2576048
1754555447.25764 1754555481.800108
1754555481.8001342 1754555509.3992686
1754555509.3992996 1754555535.8003168
1754555535.8003404 1754555560.1819448
1754555560.1819742 1754555589.4759097
1754555589.475939 1754555615.4788992
1754555615.4789193 1754555635.8797133
1754555635.879735 1754555667.5266135
1754555667.5266404 1754555709.0709772
1754555709.0710073 1754555725.282663
1754555725.282683 1754555758.4258218
1754555758.4258475 1754555790.1395938
1754555790.139615 1754555823.0664809
1754555823.0665057 1754555853.419108
1754555853.419132 1754555883.903049
1754555883.9030712 1754555925.1365156
1754555925.136539 1754555956.7202234
1754555956.7202537 1754555978.9484978
1754555978.9485192 1754556008.040077
1754556008.0401032 1754556032.9902112
1754556032.9902358 1754556064.4037514
1754556064.4037797 1754556088.2299788
1754556088.2299986 1754556117.7165048
1754556117.716531 1754556145.7700403
1754556145.7700675 1754556177.0433228
1754556177.043352 1754556207.0298014
1754556207.0298216 1754556226.1792476
1754556226.1792755 1754556253.9166873
1754556253.91671 1754556279.4336371
1754556279.4336596 1754556305.69104
1754556305.6910677 1754556332.2286713
1754556332.2286968 1754556359.0941622
1754556359.094192 1754556387.169559
1754556387.1695855 1754556416.8718307
1754556416.8718524 1754556441.4670994
1754556441.467128 1754556473.9218676
1754556473.9218905 1754556504.735853
1754556504.7358754 1754556543.7609813
1754556543.7610064 1754556566.0837276
1754556566.0837476 1754556594.206365
1754556594.2063918 1754556617.736543
1754556617.7365656 1754556644.5630221
1754556644.5630438 1754556674.6890614
1754556674.689099 1754556705.808159
1754556705.808191 1754556737.680699
1754556737.6807206 1754556762.077918
1754556762.0779457 1754556796.7218823
1754556796.721905 1754556824.882455
1754556824.8824818 1754556852.0045779
1754556852.004604 1754556882.6201797
1754556882.6202075 1754556911.9897509
1754556911.9897828 1754556944.226077
1754556944.2261024 1754556972.9740224
1754556972.974046 1754557002.634949
1754557002.6349857 1754557032.032575
1754557032.032596 1754557065.2257237
1754557065.22575 1754557097.9594371
1754557097.95946 1754557124.851367
1754557124.8513918 1754557154.0278707
1754557154.0278955 1754557181.7802052
1754557181.780229 1754557210.4289234
1754557210.4289527 1754557239.509766
1754557239.5097876 1754557265.5737207
1754557265.5737462 1754557294.4287822
1754557294.428805 1754557320.385765
1754557320.3858063 1754557352.300596
1754557352.300618 1754557380.51079
1754557380.510812 1754557404.836219
1754557404.8362534 1754557431.9446611
1754557431.9446826 1754557460.198196
1754557460.1982212 1754557489.444017
1754557489.4440386 1754557510.1060984
1754557510.1061223 1754557543.096546
1754557543.0965672 1754557563.7804086
1754557563.780435 1754557596.794577
1754557596.7945983 1754557636.6493702
1754557636.6493967 1754557664.9353223
1754557664.9353461 1754557701.8203156
1754557701.8203452 1754557732.005267
1754557732.0052862 1754557761.0546465
1754557761.0546703 1754557791.1007037
1754557791.1007252 1754557823.981667
1754557823.9816866 1754557856.3122642
1754557856.3122957 1754557887.5290995
1754557887.5291224 1754557920.5291157
1754557920.5291412 1754557952.3198805
1754557952.3199024 1754557980.2288978
1754557980.2289295 1754558012.1226237
1754558012.1226547 1754558038.7722113
1754558038.7722344 1754558062.3254395
1754558062.3254628 1754558089.879685
1754558089.8797126 1754558112.5438251
1754558112.5438476 1754558144.0656629
1754558144.0656843 1754558170.018848
1754558170.0188682 1754558194.0296686
1754558194.0296955 1754558221.3610108
1754558221.36103 1754558245.9705274
1754558245.9705608 1754558271.0602982
1754558271.0603192 1754558298.0696294
1754558298.0696495 1754558323.0011687
1754558323.001194 1754558349.205054
1754558349.2050798 1754558375.7492712
1754558375.7492933 1754558408.0649762
1754558408.0649981 1754558433.09911
1754558433.0991426 1754558457.8174717
1754558457.8175058 1754558480.9270027
1754558480.927022 1754558503.8351967
1754558503.835223 1754558532.4836855
1754558532.4837058 1754558558.9044108
1754558558.9044383 1754558580.9711795
1754558580.9711986 1754558605.1758096
1754558605.175831 1754558627.856027
1754558627.8560524 1754558655.0627193
1754558655.0627553 1754558676.4413424
1754558676.4413624 1754558700.0783737
1754558700.0783992 1754558727.6999424
1754558727.699962 1754558754.7293744
1754558754.7293985 1754558779.3910642
1754558779.3910835 1754558803.2360873
1754558803.2361133 1754558826.8853326
1754558826.8853521 1754558853.1638687
1754558853.1638927 1754558879.5238125
1754558879.5238333 1754558906.8301096
1754558906.8301415 1754558936.282015
1754558936.2820349 1754558967.4905572
1754558967.4905825 1754559005.4177685
1754559005.4178045 1754559028.9082243
1754559028.9082456 1754559057.4819896
1754559057.4820335 1754559085.4402194
1754559085.4402413 1754559111.42212
1754559111.4221532 1754559138.3047938
1754559138.304815 1754559168.3000553
1754559168.3000827 1754559195.79172
1754559195.7917442 1754559226.3972602
1754559226.397282 1754559256.505198
1754559256.5052283 1754559282.7843564
1754559282.7843788 1754559313.8578646
1754559313.8578942 1754559349.2778435
1754559349.277865 1754559373.239317
1754559373.2393386 1754559403.5500834
1754559403.5501068 1754559430.9125857
1754559430.9126072 1754559452.209123
1754559452.2091544 1754559474.2441533
1754559474.2442007 1754559499.576215
1754559499.5762382 1754559525.5095713
1754559525.50962 1754559551.439117
1754559551.4391394 1754559580.5747764
1754559580.5747993 1754559613.5966547
1754559613.5966794 1754559638.2109165
1754559638.2109423 1754559666.033017
1754559666.0330393 1754559693.4689155
1754559693.4689507 1754559715.5870855
1754559715.5871096 1754559745.0235345
1754559745.023559 1754559772.7634792
1754559772.7634993 1754559801.6678288
1754559801.6678572 1754559832.1513927
1754559832.1514132 1754559868.0448496
1754559868.0448744 1754559902.4554589
1754559902.4554777 1754559935.6585114
1754559935.658537 1754559967.232948
1754559967.232968 1754560001.0335097
1754560001.0335338 1754560034.4730678
1754560034.473092 1754560083.452251
1754560083.4522827 1754560110.1392286
1754560110.1392646 1754560138.0321944
1754560138.0322168 1754560163.0179226
1754560163.0179472 1754560192.1465015
1754560192.1465266 1754560220.305012
1754560220.3050334 1754560245.8288205
1754560245.8288481 1754560272.5688689
1754560272.5688941 1754560298.1352582
1754560298.1352816 1754560325.6175158
1754560325.6175404 1754560353.1056538
1754560353.1056805 1754560380.9313745
1754560380.9313989 1754560411.5846198
1754560411.5846393 1754560436.318178
1754560436.3182046 1754560466.4094503
1754560466.4094777 1754560493.3467357
1754560493.3467622 1754560518.732987
