1764921896.9221046 1764921919.2820933
1764921924.2872503 1764922218.5655966
1764922221.5670283 1764922539.399172
1764922544.4043593 1764922712.8918562
1764922719.898883 1764922977.983485
1764922981.9876862 1764923177.4987001
1764923179.500894 1764923662.7358496
1764923668.7388964 1764923971.5643349
1764923972.565541 1764924184.5272455
1764924193.528339 1764924508.697015
1764924517.7028854 1764924697.0399265
1764924706.041602 1764924969.9728618
1764924973.9770083 1764925152.2534783
1764925158.2588859 1764925418.7472205
1764925420.7494185 1764925677.3169355
1764925687.3271315 1764925840.0055687
1764925841.0067086 1764926031.4781399
1764926033.4803226 1764926410.5206015
1764926416.5264812 1764926756.0020099
1764926766.012196 1764926918.054939
1764926921.058067 1764927177.5401652
1764927185.5483658 1764927487.6667435
1764927491.6709445 1764927676.0596547
1764927683.0628958 1764927882.0633895
1764927883.0645757 1764928192.2382984
1764928193.2389371 1764928561.141643
1764928564.1448257 1764928783.2622874
1764928789.2684288 1764929001.3983924
1764929010.4075837 1764929178.1205175
1764929184.1228905 1764929318.9907277
1764929321.993912 1764929828.6942427
1764929832.6984339 1764930127.7955046
1764930135.8036485 1764930188.4744744
1764930193.4796398 1764930426.153643
1764930427.1547945 1764930743.247997
1764930751.254894 1764931057.0559812
1764931062.061163 1764931250.829616
1764931260.8397336 1764931564.8010314
1764931567.8042183 1764931708.7070384
1764931713.712213 1764931910.442547
1764931917.449743 1764932112.743927
1764932114.74611 1764932310.5034006
1764932310.5035381 1764932425.1282527
1764932434.137453 1764932726.1993349
1764932728.200771 1764932997.455736
1764932998.4569187 1764933117.309579
1764933119.311727 1764933580.6172597
1764933583.6204586 1764933784.9509919
1764933793.9588895 1764934033.3297777
1764934039.3356433 1764934265.2714982
1764934274.2806828 1764934422.8119643
1764934430.8200896 1764934518.3019166
1764934521.3050988 1764934799.8925512
1764934802.8943403 1764935180.309411
1764935184.310891 1764935422.8526273
1764935422.8527553 1764935579.7668307
1764935587.775022 1764935828.2429178
1764935838.2438118 1764936094.353933
1764936099.3591244 1764936347.130024
1764936355.1308208 1764936612.5185091
1764936622.5189154 1764936774.2342303
1764936781.2389066 1764937275.7512867
1764937276.752476 1764937553.700115
1764937560.707347 1764937734.7418153
1764937738.7428904 1764937981.096828
1764937984.100009 1764938262.1053262
1764938271.114519 1764938542.4852319
1764938542.4853752 1764938785.4962475
1764938795.5063877 1764939181.6822248
1764939184.6854124 1764939592.7520201
1764939593.7532015 1764939760.2602146
1764939766.266399 1764939835.4632359
1764939842.4642558 1764940020.6769714
1764940024.6810935 1764940186.8458068
1764940191.8510153 1764940401.6637704
1764940410.6728864 1764940708.3529005
1764940711.3560672 1764940966.6040208
1764940968.6061635 1764941311.0004568
1764941313.0026329 1764941489.0591958
1764941495.0653365 1764941673.1279655
1764941681.1361542 1764941866.5177543
1764941867.5188792 1764942009.232989
1764942009.2331333 1764942190.5023391
1764942195.5068781 1764942769.240987
1764942775.2471669 1764943183.0901961
1764943192.0993762 1764943417.5340698
1764943421.538226 1764943637.1859376
1764943640.1868863 1764943936.720691
1764943939.723813 1764944300.8005657
1764944302.802699 1764944613.1396844
1764944617.1438756 1764944840.8371239
1764944841.838246 1764945007.8555815
1764945010.858758 1764945294.4823127
1764945304.4925191 1764945483.693088
1764945483.6931655 1764945820.325696
1764945824.3298874 1764945969.3471687
1764945974.3523376 1764946136.5717008
1764946143.5788763 1764946324.9432993
1764946331.950493 1764946647.239137
1764946650.2423215 1764946929.8854165
