1764921895.3794208 1764921935.0734353
1764921937.0755851 1764922221.493518
1764922228.4988956 1764922449.2106733
1764922449.2107484 1764922718.0420253
1764922722.0462193 1764922931.2832139
1764922939.291418 1764923128.2093544
1764923134.2154841 1764923559.5603437
1764923563.5628982 1764923954.6566496
1764923954.656791 1764924173.4899077
1764924173.4900455 1764924495.0169733
1764924502.022899 1764924760.655201
1764924761.6563897 1764924940.9088032
1764924944.9129565 1764925158.9272165
1764925162.9309046 1764925330.6370883
1764925333.640206 1764925656.600923
1764925658.6031022 1764925924.165489
1764925929.17067 1764926092.9776158
1764926093.9787958 1764926461.0863235
1764926465.0905178 1764926729.8800633
1764926730.8812478 1764927001.8140943
1764927006.8192413 1764927243.8465703
1764927243.846702 1764927497.3591506
1764927505.3668969 1764927688.4524248
1764927688.4525547 1764927976.3920224
1764927985.4012165 1764928273.7847126
1764928276.7879002 1764928561.686278
1764928564.6869056 1764928803.8974771
1764928811.9056277 1764929051.5745227
1764929055.5787003 1764929211.301648
1764929220.3068953 1764929369.532489
1764929378.5388882 1764929675.3763835
1764929676.3775113 1764930083.7175224
1764930085.7197018 1764930330.375465
1764930336.381645 1764930448.7558336
1764930451.7588892 1764930779.990623
1764930788.9998 1764931059.673419
1764931062.6766014 1764931274.2337675
1764931283.2429588 1764931463.3923185
1764931463.3923938 1764931743.8417895
1764931751.849976 1764931856.6921926
1764931864.7003784 1764932032.6537242
1764932039.6589239 1764932295.6767108
1764932300.6788948 1764932517.0553114
1764932523.0614657 1764932744.0728862
1764932753.078891 1764932998.3453636
1764933006.3535578 1764933289.093172
1764933298.0988994 1764933445.538176
1764933454.5435028 1764933774.40822
1764933779.4133787 1764934035.0456576
1764934044.0548787 1764934229.9254153
1764934237.9276414 1764934418.617607
1764934419.6187603 1764934550.1889052
1764934560.1903443 1764934936.0404172
1764934942.0428753 1764935180.8662076
1764935186.870877 1764935401.6192663
1764935404.6223922 1764935616.7529588
1764935623.7601388 1764935873.0183077
1764935883.0285032 1764936009.6890643
1764936010.6902242 1764936232.478391
1764936237.4835403 1764936510.2082293
1764936519.2174156 1764936875.134895
1764936881.1410778 1764937082.750119
1764937087.75531 1764937449.174318
1764937456.1814356 1764937739.9380634
1764937745.9442465 1764937895.4584703
1764937896.4588888 1764938224.878011
1764938230.8842068 1764938495.930114
1764938499.9343083 1764938888.8842714
1764938898.894464 1764939224.0856543
1764939234.0958397 1764939596.5549743
1764939599.5579937 1764939736.7582343
1764939746.7683523 1764939886.8877923
1764939891.8929954 1764940062.7715347
1764940069.7748814 1764940256.5172932
1764940258.5194268 1764940369.9439344
1764940379.9541047 1764940756.0344741
1764940764.039303 1764940938.094513
1764940946.1026952 1764941221.8031209
1764941225.806888 1764941547.848702
1764941556.852174 1764941692.6147108
1764941702.6248379 1764941860.736908
1764941866.7430913 1764942018.0034058
1764942021.0065196 1764942366.897474
1764942366.8976114 1764942769.3938355
1764942777.402022 1764943168.0292802
1764943177.0348816 1764943487.3619366
1764943495.3668919 1764943793.1758926
1764943801.184086 1764944126.0826535
1764944135.0918427 1764944394.4753325
1764944394.475446 1764944694.9076343
1764944703.91678 1764944893.6461997
1764944895.6483812 1764945081.1473765
1764945084.1505594 1764945217.5784235
1764945226.5875552 1764945566.0347772
1764945575.043971 1764945860.270683
1764945870.28087 1764946026.0905604
1764946036.0988872 1764946183.8614013
1764946184.862098 1764946400.2031603
1764946403.2063403 1764946639.2950115
1764946649.305204 1764946830.9196107
