1765960384.4890878 1765960454.8409936
1765960459.8428879 1765960503.4394972
1765960504.4398375 1765960545.556728
1765960550.5617964 1765960609.1091247
1765960619.1189327 1765960667.0958464
1765960669.0977938 1765960725.1814554
1765960725.1814861 1765960772.1220987
1765960776.1262248 1765960831.2976713
1765960841.302461 1765960900.1714065
1765960909.1804826 1765960955.7325833
1765960961.73865 1765961010.1832738
1765961011.1843455 1765961068.259712
1765961072.2637851 1765961126.3779707
1765961131.3830433 1765961190.8354764
1765961198.8398902 1765961243.1767101
1765961252.1829288 1765961304.372912
1765961308.376992 1765961355.5130079
1765961356.5136282 1765961416.456788
1765961423.4588897 1765961476.0789242
1765961484.0870044 1765961530.6149752
1765961540.6250503 1765961591.20701
1765961599.2148852 1765961665.510852
1765961675.5126462 1765961733.552532
1765961743.5583491 1765961799.5297163
1765961799.52974 1765961851.802304
1765961854.8053863 1765961902.378793
1765961905.3818564 1765961955.1772704
1765961957.178891 1765962016.7039053
1765962023.7108836 1765962075.7531486
1765962084.7581253 1765962124.8876684
1765962134.8977456 1765962168.3941636
1765962171.3972623 1765962218.2973998
1765962221.2988899 1765962271.569619
1765962277.5756874 1765962325.093635
1765962329.0977101 1765962378.4959316
1765962383.5009975 1765962437.9896615
1765962437.9896917 1765962485.9357524
1765962486.936835 1765962538.245282
1765962543.2503533 1765962583.8950887
1765962587.8990002 1765962639.4894824
1765962640.4905517 1765962691.9816258
1765962693.9837089 1765962751.1178768
1765962755.118877 1765962805.9483347
1765962810.953415 1765962868.1573598
1765962871.160395 1765962931.1006832
1765962933.1027565 1765962990.1134744
1765962993.1165485 1765963041.0627356
1765963047.0687995 1765963113.9679394
1765963120.9681113 1765963160.7398536
1765963166.7459285 1765963220.4349728
1765963220.4349968 1765963275.4793067
1765963284.4796388 1765963334.56771
1765963336.5697913 1765963373.2921805
1765963373.2922027 1765963434.7718575
1765963435.7729325 1765963476.181153
1765963481.1862233 1765963533.608078
1765963543.6111193 1765963584.573656
1765963589.5787323 1765963627.9693186
1765963635.97488 1765963695.5377126
1765963695.537742 1765963748.0645099
1765963750.066577 1765963793.014029
1765963797.0144787 1765963864.885694
1765963864.8857162 1765963929.9998071
1765963929.9998295 1765963977.1164927
1765963977.1165226 1765964036.4119382
1765964037.4130762 1765964079.669247
1765964084.6708877 1765964140.4994621
1765964144.5035398 1765964187.9813552
1765964193.987421 1765964239.0179408
1765964239.017971 1765964299.3550122
1765964305.3611465 1765964355.98223
1765964364.9913135 1765964420.543097
1765964425.548176 1765964482.5058987
1765964485.5060852 1765964530.2786877
1765964530.2787173 1765964577.886945
1765964582.8920228 1765964645.7539005
1765964652.7609656 1765964700.403239
1765964708.4068923 1765964748.0716949
1765964752.075771 1765964802.1012843
1765964802.1013074 1765964853.6595583
1765964858.6628883 1765964915.3267677
1765964922.3321676 1765964972.0395539
1765964975.0426264 1765965038.0206287
1765965043.025704 1765965094.446824
1765965096.4489057 1765965159.3435953
1765965166.3468823 1765965217.6821117
1765965227.6921813 1765965281.7911358
1765965287.797209 1765965339.7188196
1765965340.719892 1765965396.6187518
1765965404.6268244 1765965452.8333342
1765965456.8374076 1765965515.0525017
1765965522.054888 1765965567.819278
1765965571.8195002 1765965624.9173868
1765965634.927466 1765965676.1061995
1765965684.1108844 1765965730.171333
1765965733.1744068 1765965792.5902069
1765965796.5942805 1765965842.6482
1765965847.6532724 1765965912.663324
1765965914.665388 1765965961.176217
1765965964.179303 1765966008.2917287
