1762943931.0512502 1762944055.2639122
1762944055.2639437 1762944230.3120062
1762944230.312033 1762944374.0160928
1762944374.0161195 1762944562.228149
1762944562.228175 1762944684.467779
1762944684.467805 1762944861.7757072
1762944861.775734 1762944979.226914
1762944979.2269456 1762945116.7648973
1762945116.7649214 1762945206.000839
1762945206.0008607 1762945389.2212129
1762945389.2212372 1762945521.635319
1762945521.6353464 1762945652.269246
1762945652.2692728 1762945782.1895301
1762945782.189556 1762945838.7733426
1762945838.773362 1762946021.8381114
1762946021.8381383 1762946146.747162
1762946146.747187 1762946279.0987499
1762946279.0987759 1762946496.7652915
1762946496.7653146 1762946652.3630397
1762946652.3630614 1762946758.5911534
1762946758.5911803 1762946917.3304524
1762946917.3304794 1762947009.74111
1762947009.7411375 1762947151.5143313
1762947151.5143547 1762947259.877839
1762947259.8778627 1762947349.8375206
1762947349.8375447 1762947488.4028904
1762947488.402915 1762947667.6415107
1762947667.6415353 1762947794.1206079
1762947794.1206334 1762947892.1088672
1762947892.1088924 1762947992.2237372
1762947992.2237659 1762948111.7527707
1762948111.7527943 1762948274.2919254
1762948274.291951 1762948386.1793725
1762948386.1794236 1762948560.2184012
1762948560.2184281 1762948655.8354392
1762948655.835461 1762948783.6515448
1762948783.651579 1762948877.890501
1762948877.8905282 1762949045.1953468
1762949045.195373 1762949176.9903321
1762949176.9903548 1762949295.6067092
1762949295.6067338 1762949445.0353758
1762949445.0354078 1762949549.3063836
1762949549.306404 1762949641.885141
1762949641.885168 1762949729.136614
1762949729.136638 1762949861.7120514
1762949861.7120838 1762949968.2338881
1762949968.2339165 1762950137.7101228
1762950137.7101479 1762950266.2196949
1762950266.2197235 1762950421.608726
1762950421.6087532 1762950546.793569
1762950546.793591 1762950691.9578285
1762950691.9578526 1762950860.292396
1762950860.2924292 1762950992.6523893
1762950992.6524189 1762951093.6882763
1762951093.6883118 1762951239.0887074
1762951239.0887349 1762951383.4178107
1762951383.417835 1762951496.338833
1762951496.3388557 1762951611.6545777
1762951611.6546042 1762951748.5789976
1762951748.5790198 1762951926.9359875
1762951926.9360166 1762952012.4827027
1762952012.4827359 1762952170.629553
1762952170.6295834 1762952276.9948359
1762952276.9948647 1762952455.6828394
1762952455.6828666 1762952673.8062243
1762952673.8062503 1762952846.6625493
1762952846.662573 1762953074.373157
1762953074.3731854 1762953238.7082477
1762953238.7082713 1762953437.3320107
1762953437.332039 1762953543.554787
1762953543.5548139 1762953727.330918
1762953727.3309395 1762953928.9659972
1762953928.9660225 1762954073.1370602
1762954073.1370869 1762954234.1663249
1762954234.1663506 1762954381.4624224
1762954381.4624443 1762954477.058642
1762954477.0586696 1762954639.707872
1762954639.707898 1762954782.8036318
1762954782.8036547 1762954923.6126802
1762954923.6127067 1762955063.0822551
1762955063.0822794 1762955221.460835
1762955221.4608614 1762955398.573375
1762955398.5733995 1762955536.1944122
1762955536.1944404 1762955694.6445491
1762955694.6445746 1762955929.0058327
1762955929.005857 1762956077.75279
1762956077.7528176 1762956221.35042
1762956221.3504448 1762956341.8933117
1762956341.8933384 1762956541.5432656
1762956541.5432932 1762956640.8722854
1762956640.872312 1762956759.955032
1762956759.9550529 1762956876.5720916
1762956876.5721185 1762957044.7175615
1762957044.7175875 1762957195.0318573
1762957195.03188 1762957350.33335
1762957350.3333774 1762957471.1144938
1762957471.1145194 1762957567.330909
1762957567.3309357 1762957635.0528283
1762957635.0528505 1762957859.0127196
1762957859.0127478 1762957921.1527584
