1762943945.770572 1762944069.1925943
1762944069.192633 1762944237.0228574
1762944237.022879 1762944377.1281087
1762944377.1281343 1762944565.6055114
1762944565.6055336 1762944700.7103949
1762944700.7104166 1762944871.6337347
1762944871.6337564 1762944979.744726
1762944979.7447524 1762945108.0962849
1762945108.0963106 1762945211.4917362
1762945211.4917595 1762945403.810044
1762945403.8100672 1762945517.0201287
1762945517.0201533 1762945653.0852394
1762945653.0852666 1762945768.0577772
1762945768.057802 1762945905.5656188
1762945905.56564 1762946002.9509459
1762946002.9509792 1762946146.3451712
1762946146.3452091 1762946270.469596
1762946270.469621 1762946512.19085
1762946512.190875 1762946657.8466709
1762946657.8467088 1762946771.8258085
1762946771.8258352 1762946898.700128
1762946898.700151 1762947021.387771
1762947021.3877983 1762947134.713324
1762947134.7133546 1762947247.3469632
1762947247.3469899 1762947355.4624205
1762947355.4624465 1762947495.6900399
1762947495.6900663 1762947672.3094897
1762947672.3095143 1762947795.1467814
1762947795.1468067 1762947889.6550155
1762947889.655047 1762947996.054433
1762947996.0544593 1762948131.0608222
1762948131.0608456 1762948269.5996473
1762948269.5996692 1762948389.1745377
1762948389.1745648 1762948513.964409
1762948513.964435 1762948656.7151885
1762948656.7152107 1762948784.0979426
1762948784.0979676 1762948888.1033
1762948888.1033418 1762949031.6109924
1762949031.6110194 1762949170.201558
1762949170.2015872 1762949307.5631993
1762949307.5632272 1762949449.8062375
1762949449.8062599 1762949534.66575
1762949534.6657765 1762949637.6747932
1762949637.6748228 1762949746.2767258
1762949746.2767506 1762949859.3878434
1762949859.3878787 1762949974.9157653
1762949974.9157937 1762950144.4323285
1762950144.4323573 1762950265.875647
1762950265.8756819 1762950425.1391866
1762950425.1392112 1762950541.6877337
1762950541.6877577 1762950693.0294352
1762950693.0294626 1762950841.1563575
1762950841.1563854 1762950989.0025833
1762950989.0026097 1762951091.130555
1762951091.130606 1762951187.8262582
1762951187.8262868 1762951359.5423281
1762951359.5423563 1762951479.6140623
1762951479.6140833 1762951615.5351832
1762951615.535211 1762951744.2685747
1762951744.2686026 1762951912.046701
1762951912.0467288 1762952047.216064
1762952047.2160933 1762952155.931893
1762952155.9319267 1762952220.4849494
1762952220.4849749 1762952474.102952
1762952474.1029758 1762952630.9054363
1762952630.905462 1762952864.3519337
1762952864.3519604 1762952983.7348459
1762952983.734872 1762953224.89552
1762953224.895545 1762953373.1681232
1762953373.1681535 1762953603.9696274
1762953603.9696546 1762953712.9712021
1762953712.971231 1762953945.7080145
1762953945.7080443 1762954066.7789843
1762954066.7790067 1762954246.4683006
1762954246.4683301 1762954377.5179484
1762954377.5179734 1762954518.159586
1762954518.1596122 1762954655.1793497
1762954655.1793854 1762954817.5129738
1762954817.5130005 1762954960.8891873
1762954960.889212 1762955068.0594192
1762955068.0594475 1762955243.997701
1762955243.9977303 1762955387.7215412
1762955387.7215626 1762955544.8085184
1762955544.8085458 1762955732.0208607
1762955732.020886 1762955923.2348428
1762955923.2348719 1762956077.0994723
1762956077.0995092 1762956221.4195228
1762956221.4195492 1762956360.3723307
1762956360.3723588 1762956521.821791
1762956521.8218122 1762956654.827185
1762956654.8272107 1762956755.8042028
1762956755.8042262 1762956877.8870943
1762956877.887119 1762957029.0173044
1762957029.0173311 1762957211.2070863
1762957211.2071135 1762957327.7839084
1762957327.7839417 1762957462.886112
1762957462.8861384 1762957583.465578
1762957583.465605 1762957694.2069309
1762957694.206959 1762957864.849729
1762957864.849755 1762957978.1257277
