1763615701.0547109 1763615895.6805265
1763615901.6867478 1763616041.2321482
1763616050.241458 1763616159.8527052
1763616169.862824 1763616258.355711
1763616267.3648689 1763616408.3052013
1763616417.314345 1763616534.9376888
1763616539.9428737 1763616679.418759
1763616680.419872 1763616806.0853095
1763616816.0954862 1763616921.5792997
1763616926.5844135 1763617043.8456845
1763617046.8488376 1763617184.9739277
1763617188.978066 1763617250.4677165
1763617253.470877 1763617436.897498
1763617439.9006321 1763617577.041589
1763617581.0457413 1763617798.6770325
1763617808.6871684 1763617893.7284749
1763617897.7309 1763618064.2762153
1763618073.276507 1763618228.633386
1763618232.6375601 1763618352.0781379
1763618362.0789075 1763618480.5794125
1763618484.5828948 1763618696.0312448
1763618700.0354354 1763618875.0378287
1763618880.0430171 1763618968.277986
1763618972.2821596 1763619080.119109
1763619082.1212316 1763619186.0826883
1763619191.0867188 1763619320.9279191
1763619325.9330723 1763619483.3435922
1763619489.3497393 1763619665.941718
1763619668.942018 1763619859.9852731
1763619869.9954596 1763619993.959882
1763620003.9668872 1763620132.0925498
1763620136.0967019 1763620227.077071
1763620228.0782306 1763620379.6949635
1763620384.700104 1763620555.303015
1763620558.3061965 1763620694.052151
1763620698.0563276 1763620832.5853565
1763620838.5914817 1763620963.3528664
1763620972.362058 1763621145.657872
1763621150.6629932 1763621398.5513177
1763621403.5565205 1763621514.359469
1763621518.3635962 1763621655.8425848
1763621659.8467588 1763621910.8954656
1763621917.902655 1763622044.6226006
1763622045.6237514 1763622132.9052296
1763622141.9143772 1763622257.3501103
1763622265.3582337 1763622357.5979855
1763622361.5988915 1763622480.025332
1763622486.0314398 1763622600.5503485
1763622609.5595403 1763622791.4520292
1763622795.4562085 1763622958.847656
1763622963.8527768 1763623086.3526385
1763623094.360813 1763623243.3752303
1763623249.3813531 1763623413.115839
1763623415.1180155 1763623571.9193933
1763623579.9275112 1763623779.7691622
1763623784.774288 1763623974.733109
1763623976.735274 1763624225.970687
1763624234.9798038 1763624389.679099
1763624392.6822681 1763624639.3715017
1763624643.3726516 1763624798.237701
1763624806.2458785 1763624995.1685445
1763625001.1746724 1763625163.3838425
1763625168.389016 1763625294.5937026
1763625297.5968826 1763625409.138553
1763625414.143668 1763625523.2170973
1763625531.2252743 1763625677.5947597
1763625677.5948427 1763625895.2780836
1763625904.2792428 1763626069.530723
1763626071.532918 1763626189.1472967
1763626189.1474328 1763626355.7449644
1763626360.750088 1763626491.9342203
1763626500.943409 1763626686.7800794
1763626692.7862692 1763626840.2850933
1763626842.287202 1763627045.3614151
1763627047.363619 1763627135.3642445
1763627143.3698232 1763627261.4585454
1763627269.4667327 1763627380.8103833
1763627381.8115616 1763627492.4836257
1763627492.483697 1763627588.2901433
1763627597.299303 1763627713.2911487
1763627720.2924957 1763627891.8189409
1763627895.8231292 1763628059.1974149
1763628061.1995728 1763628193.842092
1763628198.8472302 1763628337.625088
1763628345.6332777 1763628434.399982
1763628441.4071088 1763628603.424818
1763628613.4349434 1763628750.1104724
1763628751.1116476 1763628901.7188835
1763628908.7259984 1763629069.620635
1763629071.6228116 1763629200.4279191
1763629201.4290228 1763629347.9398446
1763629347.9399745 1763629471.4899144
1763629473.4920385 1763629594.417449
1763629601.4190629 1763629704.9181445
1763629712.9262512 1763629815.047304
1763629816.0484562 1763629958.1897223
1763629958.1898215 1763630097.9111586
1763630103.9173465 1763630316.509592
1763630321.514772 1763630489.8971713
1763630489.8972628 1763630616.815152
