1763615668.8661308 1763615863.2667522
1763615872.2759633 1763616054.8323364
1763616059.8374724 1763616180.806051
1763616188.814219 1763616298.4025729
1763616299.403741 1763616421.5827565
1763616421.582831 1763616536.7764094
1763616546.7865958 1763616664.4281034
1763616667.4312742 1763616810.2772772
1763616815.282441 1763616944.5559309
1763616953.565067 1763617046.637228
1763617047.6374524 1763617160.2988324
1763617170.306887 1763617286.8613153
1763617296.8715067 1763617460.6285665
1763617470.6296988 1763617617.6162248
1763617617.6163628 1763617787.4822006
1763617796.491372 1763617933.0733738
1763617939.078887 1763618049.4648964
1763618051.4670274 1763618194.4581523
1763618195.4593275 1763618328.2961154
1763618328.2961886 1763618477.3177314
1763618487.3279164 1763618709.673088
1763618711.6752646 1763618875.853261
1763618884.8603046 1763618965.0051136
1763618972.0108733 1763619075.4429133
1763619078.44329 1763619191.3983574
1763619194.3985317 1763619320.854118
1763619322.8563051 1763619521.0618377
1763619529.0700078 1763619642.903909
1763619652.9140463 1763619775.8560226
1763619782.863134 1763619959.217198
1763619968.2263668 1763620102.495061
1763620108.5011895 1763620223.4100087
1763620226.4131658 1763620351.9448056
1763620355.9468749 1763620506.7835855
1763620514.7840514 1763620655.4311178
1763620659.435291 1763620850.2371953
1763620859.246316 1763621008.0061855
1763621010.008363 1763621205.8463597
1763621212.8500092 1763621416.4213898
1763621424.429533 1763621515.000045
1763621517.0022182 1763621667.611973
1763621677.619536 1763621874.6559937
1763621875.657144 1763622034.9596
1763622035.9607294 1763622140.3249462
1763622142.3270643 1763622255.0034626
1763622258.0066292 1763622363.472133
1763622370.4792485 1763622480.830734
1763622485.835923 1763622618.9838178
1763622618.9838963 1763622748.242679
1763622757.2518463 1763622956.257233
1763622960.2614002 1763623122.5020483
1763623122.502138 1763623315.4480228
1763623315.4481568 1763623502.8938196
1763623510.9020038 1763623638.6299706
1763623644.6360898 1763623812.5057845
1763623819.5129595 1763624005.2279766
1763624010.2292843 1763624258.5188622
1763624267.5280526 1763624446.6551836
1763624453.662363 1763624674.681251
1763624674.681328 1763624874.684609
1763624884.6851509 1763625041.0712779
1763625046.076469 1763625144.5640273
1763625152.572138 1763625285.8520546
1763625293.860234 1763625412.666038
1763625412.666111 1763625512.2825427
1763625512.2826772 1763625652.3468778
1763625657.351999 1763625888.8125017
1763625892.816688 1763626074.4009202
1763626074.401051 1763626176.2751327
1763626185.278422 1763626363.8182306
1763626371.8264115 1763626510.4514723
1763626519.4606247 1763626651.772338
1763626657.7784798 1763626857.3022077
1763626865.3103867 1763627028.0679023
1763627034.0740223 1763627133.1647413
1763627141.1729379 1763627262.969951
1763627262.9700823 1763627371.4755406
1763627380.4846811 1763627482.3787303
1763627490.3868809 1763627581.0778446
1763627582.0790188 1763627713.372899
1763627722.3789008 1763627865.9556928
1763627868.958878 1763628103.72157
1763628112.7306955 1763628203.209316
1763628213.2194874 1763628337.3287811
1763628339.330935 1763628435.0292246
1763628445.0393548 1763628614.590778
1763628618.594951 1763628746.3328745
1763628752.3390255 1763628901.2963953
1763628906.3015313 1763629045.2928772
1763629048.2933927 1763629211.3402479
1763629215.344365 1763629334.525538
1763629341.532709 1763629476.8445084
1763629478.846666 1763629611.0770586
1763629616.082204 1763629716.3214808
1763629726.3316724 1763629813.6759381
1763629818.6810606 1763629927.9420528
1763629928.9432466 1763630071.7066102
1763630080.7157505 1763630246.5467494
1763630254.5549133 1763630427.6000588
1763630435.6082044 1763630667.1516771
