1763615728.7194233 1763615878.9625762
1763615884.9687204 1763616070.189556
1763616072.1916997 1763616179.0114985
1763616184.0166304 1763616313.221965
1763616318.2268767 1763616429.9474854
1763616436.9508846 1763616546.2601914
1763616551.260494 1763616674.6042428
1763616675.6053839 1763616814.7555506
1763616822.7636895 1763616920.6244094
1763616929.6335754 1763617066.4891794
1763617067.490312 1763617170.575674
1763617172.577823 1763617327.3423915
1763617337.3525379 1763617490.3975892
1763617493.398178 1763617621.6869557
1763617622.6873438 1763617741.6331298
1763617741.6331985 1763617905.9839585
1763617912.9911413 1763618087.9603114
1763618091.9644184 1763618232.9037485
1763618240.9119337 1763618322.1654856
1763618323.166602 1763618485.3826814
1763618488.3828893 1763618684.0285406
1763618694.0309415 1763618875.6009226
1763618878.6040761 1763618930.458912
1763618933.462051 1763619061.2113945
1763619061.21147 1763619172.8652933
1763619176.8694696 1763619280.1534197
1763619283.156534 1763619518.0831735
1763619519.0843549 1763619619.4957016
1763619621.4973361 1763619789.2592888
1763619798.2684183 1763619993.156166
1763619997.1603632 1763620124.1635215
1763620128.166889 1763620247.462312
1763620256.4714918 1763620362.9505992
1763620367.9557097 1763620547.7455661
1763620553.751761 1763620657.998855
1763620661.0019765 1763620824.9669688
1763620824.9671009 1763620980.6066568
1763620988.6147811 1763621197.6238654
1763621205.6320481 1763621388.528673
1763621392.532857 1763621508.201051
1763621508.201125 1763621668.1139984
1763621668.1141348 1763621856.8688798
1763621859.872061 1763622036.457405
1763622041.4625292 1763622146.625429
1763622155.6260998 1763622260.3687727
1763622270.3789265 1763622361.355783
1763622371.3659222 1763622489.659619
1763622489.6596935 1763622599.8763814
1763622602.8795533 1763622718.5597558
1763622723.5648735 1763622895.5260115
1763622897.528193 1763623109.2442589
1763623110.2453766 1763623328.4473307
1763623333.4525125 1763623499.206747
1763623501.2089336 1763623590.8999043
1763623592.902012 1763623833.2578123
1763623834.2589962 1763624028.2889013
1763624028.2890146 1763624250.6865635
1763624250.6866639 1763624462.4788628
1763624472.4890423 1763624667.3376195
1763624669.3397937 1763624877.134312
1763624877.1344495 1763624978.3660345
1763624980.3681464 1763625155.3871453
1763625159.3875782 1763625296.2195015
1763625304.227649 1763625412.0497437
1763625417.0549288 1763625536.3721666
1763625538.374277 1763625695.458504
1763625696.4596817 1763625856.1835985
1763625859.186759 1763626008.898817
1763626018.9089637 1763626173.0470169
1763626177.05114 1763626327.7922592
1763626332.7974334 1763626452.7054212
1763626454.70688 1763626618.003836
1763626625.011 1763626798.119223
1763626806.1273685 1763627013.3325205
1763627015.3346949 1763627128.080034
1763627128.0801046 1763627252.0283551
1763627255.0315309 1763627377.0485723
1763627379.050687 1763627467.7987776
1763627470.801968 1763627585.4576252
1763627587.459729 1763627717.1082895
1763627722.1134467 1763627837.5677612
1763627837.5678573 1763628058.300131
1763628059.301307 1763628205.806148
1763628207.8082533 1763628330.1542382
1763628331.1553876 1763628423.2946959
1763628424.2958276 1763628642.4961889
1763628652.5063672 1763628815.1658115
1763628818.1669145 1763628922.8000205
1763628927.8051395 1763629038.503185
1763629042.5073555 1763629176.0248148
1763629176.024891 1763629309.959901
1763629312.9630737 1763629447.8837297
1763629447.8838036 1763629585.8952618
1763629589.899449 1763629695.5597486
1763629703.567871 1763629811.6695378
1763629814.6727154 1763629936.9099252
1763629937.9110303 1763630084.877525
1763630089.8827102 1763630275.4497614
1763630282.4568963 1763630398.576924
1763630407.5861094 1763630683.120808
