1755334472.0000162 1755334509.7366085
1755334509.7366283 1755334536.8926551
1755334536.8926737 1755334561.4810772
1755334561.4810994 1755334593.7721782
1755334593.772203 1755334623.9450948
1755334623.9451177 1755334656.45062
1755334656.4506438 1755334687.044722
1755334687.0447404 1755334709.7003455
1755334709.7003627 1755334747.5087173
1755334747.5087395 1755334784.2633696
1755334784.2633924 1755334811.6575792
1755334811.657604 1755334845.6838467
1755334845.6838663 1755334874.8315442
1755334874.8315706 1755334908.6293602
1755334908.6293812 1755334946.0366392
1755334946.036662 1755334975.8534553
1755334975.8534935 1755334994.7829554
1755334994.7829735 1755335017.1319683
1755335017.1319847 1755335042.1539116
1755335042.1539283 1755335065.5387785
1755335065.5387993 1755335086.3881662
1755335086.388183 1755335111.0207667
1755335111.0207856 1755335134.2982233
1755335134.2982433 1755335165.3128388
1755335165.3128588 1755335186.0955737
1755335186.0956094 1755335210.6858475
1755335210.6858726 1755335233.0926967
1755335233.0927138 1755335261.0990229
1755335261.0990384 1755335281.776342
1755335281.7763672 1755335302.3351104
1755335302.3351262 1755335325.6411986
1755335325.641216 1755335356.5219529
1755335356.5219827 1755335381.016447
1755335381.0164678 1755335401.7308633
1755335401.7308884 1755335420.3668675
1755335420.3668847 1755335444.4619863
1755335444.462002 1755335478.4134483
1755335478.4134696 1755335511.597457
1755335511.5974758 1755335537.8909774
1755335537.8909984 1755335577.9523013
1755335577.9523215 1755335609.340089
1755335609.3401158 1755335644.1413808
1755335644.1413984 1755335676.423028
1755335676.4230454 1755335700.5287871
1755335700.528814 1755335729.0016813
1755335729.0016968 1755335748.9093356
1755335748.909355 1755335772.1099703
1755335772.1099927 1755335805.051886
1755335805.051903 1755335822.4122167
1755335822.4122384 1755335848.297476
1755335848.2974937 1755335867.5874836
1755335867.5875018 1755335892.4958024
1755335892.4958284 1755335920.0171754
1755335920.017193 1755335943.8753605
1755335943.8753846 1755335975.1912594
1755335975.1912842 1755336004.6927009
1755336004.692722 1755336031.8887053
1755336031.8887372 1755336056.803025
1755336056.80305 1755336087.7292137
1755336087.729231 1755336122.1339362
1755336122.1339595 1755336142.974727
1755336142.9747455 1755336170.2299607
1755336170.229978 1755336194.509752
1755336194.5097766 1755336221.0386596
1755336221.0386767 1755336248.745448
1755336248.7454722 1755336278.9854639
1755336278.985482 1755336301.9989955
1755336301.999018 1755336325.744692
1755336325.744716 1755336345.4524634
1755336345.4524877 1755336367.288322
1755336367.2883422 1755336395.6442256
1755336395.6442468 1755336422.166556
1755336422.1665792 1755336452.7769978
1755336452.7770164 1755336477.7421217
1755336477.742145 1755336508.7366817
1755336508.7367008 1755336534.3026965
1755336534.3027136 1755336561.4462948
1755336561.446319 1755336587.3969703
1755336587.3969994 1755336611.2633815
1755336611.2633996 1755336636.5169837
1755336636.5170093 1755336663.7961714
1755336663.7961977 1755336691.742213
1755336691.7422354 1755336717.2369437
1755336717.2369604 1755336746.4884357
1755336746.4884543 1755336770.8246312
1755336770.8246539 1755336800.2983701
1755336800.2983925 1755336828.461338
1755336828.4613621 1755336857.123511
1755336857.1235278 1755336883.833876
1755336883.8338978 1755336912.124422
1755336912.124443 1755336936.8793778
1755336936.8793957 1755336964.359679
1755336964.359701 1755336989.1350245
1755336989.1350446 1755337009.0428128
1755337009.042832 1755337037.6661057
1755337037.6661289 1755337064.9063764
1755337064.9063964 1755337091.4192834
1755337091.4193087 1755337112.0379574
1755337112.0379775 1755337135.2366326
1755337135.2366548 1755337160.8823254
