1755334476.5730033 1755334507.7853646
1755334507.7853878 1755334539.3098164
1755334539.3098521 1755334559.5884879
1755334559.5885186 1755334589.8543112
1755334589.8543322 1755334619.8371115
1755334619.837161 1755334649.4696028
1755334649.4696252 1755334679.7174115
1755334679.7174299 1755334709.1766922
1755334709.176718 1755334743.8108408
1755334743.8108766 1755334777.340968
1755334777.3410017 1755334813.1758778
1755334813.1759324 1755334849.464728
1755334849.4647622 1755334877.3556404
1755334877.3556767 1755334910.184288
1755334910.1843183 1755334947.5087664
1755334947.5087864 1755334977.5218272
1755334977.521862 1755334996.09239
1755334996.0924146 1755335018.4323938
1755335018.4324186 1755335043.4240217
1755335043.424046 1755335066.882748
1755335066.8827722 1755335087.6366558
1755335087.6366773 1755335115.774842
1755335115.774872 1755335139.5015638
1755335139.5015876 1755335165.2094765
1755335165.209498 1755335179.0103111
1755335179.010339 1755335205.6688597
1755335205.668883 1755335230.3291223
1755335230.3291442 1755335254.7042341
1755335254.704265 1755335278.0465379
1755335278.0465639 1755335300.321949
1755335300.3219717 1755335325.476598
1755335325.4766262 1755335354.2296424
1755335354.2296817 1755335378.3051906
1755335378.3052151 1755335402.8758614
1755335402.8758926 1755335422.018322
1755335422.0183458 1755335446.180587
1755335446.1806083 1755335481.8508394
1755335481.850867 1755335515.7504282
1755335515.7504637 1755335544.694267
1755335544.6942909 1755335584.8543987
1755335584.8544185 1755335613.2451577
1755335613.2451813 1755335649.460869
1755335649.4608898 1755335678.6941657
1755335678.6941967 1755335702.4478
1755335702.4478223 1755335729.083912
1755335729.083938 1755335752.1027083
1755335752.102727 1755335774.4900115
1755335774.490033 1755335798.9496055
1755335798.9496336 1755335824.0453327
1755335824.0453522 1755335845.889886
1755335845.889912 1755335863.2023792
1755335863.2024012 1755335892.9481585
1755335892.9481869 1755335921.4338603
1755335921.43388 1755335945.827209
1755335945.8272412 1755335979.9441767
1755335979.944202 1755336006.3798683
1755336006.379899 1755336033.4647472
1755336033.464769 1755336058.2971911
1755336058.2972152 1755336089.3714962
1755336089.3715236 1755336117.4179711
1755336117.417989 1755336141.5001907
1755336141.5002146 1755336168.8456526
1755336168.8456728 1755336193.128639
1755336193.128659 1755336222.5014694
1755336222.501506 1755336250.171626
1755336250.1716545 1755336279.4659445
1755336279.4659662 1755336300.510986
1755336300.5110178 1755336320.1215212
1755336320.121548 1755336343.113612
1755336343.1136355 1755336369.983782
1755336369.983814 1755336398.2943997
1755336398.2944267 1755336419.5656414
1755336419.565665 1755336450.6163156
1755336450.6163433 1755336480.4675944
1755336480.467623 1755336514.2680113
1755336514.2680361 1755336536.047211
1755336536.047235 1755336561.1479666
1755336561.1479933 1755336586.4410744
1755336586.441102 1755336613.6377769
1755336613.6378021 1755336640.3287537
1755336640.3288207 1755336667.1202586
1755336667.1202793 1755336696.740395
1755336696.7404234 1755336718.3043087
1755336718.3043303 1755336745.081957
1755336745.0819807 1755336773.3923993
1755336773.3924263 1755336802.046488
1755336802.0465095 1755336838.4708502
1755336838.4708781 1755336860.8316486
1755336860.8316755 1755336886.800406
1755336886.800429 1755336916.2436047
1755336916.2436285 1755336939.8183162
1755336939.818347 1755336968.9052856
1755336968.905309 1755336995.1294625
1755336995.1294832 1755337011.2237382
1755337011.2237659 1755337036.08037
1755337036.0803988 1755337062.3123956
1755337062.3124166 1755337088.2184088
1755337088.2184386 1755337113.701956
1755337113.7019832 1755337134.3073363
1755337134.3073585 1755337160.4254737
