1765259868.6797686 1765260108.2049143
1765260115.2120717 1765260284.2586374
1765260284.2586687 1765260636.4278023
1765260644.4348872 1765260960.7061257
1765260970.710904 1765261230.445794
1765261234.4498684 1765261414.6905663
1765261420.694886 1765261727.6965873
1765261736.7056608 1765262031.0196671
1765262032.0207381 1765262298.7626762
1765262299.763756 1765262479.9515262
1765262481.9535975 1765262905.3817072
1765262914.3907845 1765263383.0392525
1765263388.0428803 1765263769.4556994
1765263778.4647744 1765264027.4362764
1765264033.44235 1765264388.6731298
1765264393.6782074 1765264677.5601418
1765264679.5622199 1765264875.2605348
1765264883.265037 1765265129.2125583
1765265133.21664 1765265371.6132977
1765265379.6213655 1765265569.0153205
1765265572.0184252 1765265915.089926
1765265922.0969985 1765266263.29704
1765266265.2991111 1765266501.1159234
1765266507.1220002 1765266729.1763206
1765266732.1793926 1765266887.153232
1765266887.1532564 1765267223.7782598
1765267230.7853413 1765267572.1561654
1765267573.157233 1765267872.1774457
1765267878.1828866 1765268156.901149
1765268160.9052193 1765268415.3008885
1765268415.3009186 1765268679.1053872
1765268686.1124594 1765268877.7146454
1765268883.720721 1765269160.0896354
1765269163.0927024 1765269525.0282884
1765269532.0353684 1765269781.0080159
1765269786.010875 1765270020.3767762
1765270029.384068 1765270284.4171681
1765270285.4182408 1765270568.8725357
1765270578.8826108 1765270866.5666738
1765270866.5666995 1765271144.3027642
1765271149.3069043 1765271431.7939835
1765271432.795058 1765271661.386344
1765271670.3954093 1765272033.3051581
1765272041.3117354 1765272297.8417037
1765272304.8488004 1765272608.932807
1765272615.9348922 1765272829.5732932
1765272835.57888 1765273035.4400883
1765273040.445156 1765273273.5063984
1765273279.5124817 1765273501.4071248
1765273511.4148886 1765273728.8336372
1765273737.8427181 1765274006.6770213
1765274008.6790955 1765274278.4553006
1765274287.4643767 1765274562.2582402
1765274565.2613149 1765274721.857794
1765274726.862871 1765274921.6481113
1765274925.6521902 1765275260.0748603
1765275264.0788937 1765275414.6294882
1765275420.6355548 1765275837.6181018
1765275847.628177 1765276244.5472848
1765276246.5493484 1765276498.0581295
1765276506.0628836 1765276920.8444016
1765276924.848479 1765277077.1966994
1765277078.1977637 1765277372.0297585
1765277378.0358372 1765277766.7884607
1765277772.7909002 1765278086.7649744
1765278096.7748904 1765278230.2332826
1765278235.238349 1765278568.0964675
1765278572.100544 1765279054.8904517
1765279056.8925269 1765279313.686171
1765279317.6902447 1765279625.795374
1765279626.7964375 1765279836.1768777
1765279843.1821382 1765280244.7933986
1765280247.7964725 1765280548.7974033
1765280554.803475 1765280725.5081215
1765280735.5181894 1765281078.7779868
1765281082.7788699 1765281237.9211783
1765281240.9242516 1765281527.6321871
1765281534.639254 1765281717.6925793
1765281727.6988893 1765281964.4249656
1765281964.424997 1765282152.7244737
1765282160.7325509 1765282363.1212015
1765282372.1302729 1765282682.0847864
1765282684.0868802 1765282823.3926184
1765282828.3950899 1765283065.1832385
1765283065.183268 1765283398.4118001
1765283402.4158664 1765283677.826625
1765283683.8327005 1765283861.6774263
1765283867.683498 1765283998.8835464
1765284000.885614 1765284302.293785
1765284308.295457 1765284625.298592
1765284628.3016567 1765285004.250401
1765285012.2584808 1765285194.4808931
1765285203.4868815 1765285432.8671196
1765285441.8761926 1765285746.3160877
1765285751.3203518 1765286001.7530763
1765286004.7561471 1765286285.9916036
1765286290.996678 1765286507.071845
1765286511.0748992 1765286739.311658
1765286748.3207338 1765287001.0367107
1765287008.0437832 1765287294.9412515
