1765259878.447721 1765260067.913768
1765260067.9138598 1765260360.2877703
1765260364.2913134 1765260697.5594132
1765260706.5684881 1765260931.6957817
1765260934.6968708 1765261169.0578933
1765261179.0679731 1765261455.7144513
1765261462.7188811 1765261771.4507105
1765261780.4597988 1765262076.4148881
1765262086.4229064 1765262209.882572
1765262217.8906415 1765262545.2984602
1765262545.298496 1765263003.4456317
1765263012.4480126 1765263197.5805068
1765263205.586895 1765263627.1585772
1765263630.161644 1765263999.490128
1765264004.4949036 1765264306.0516467
1765264315.0607245 1765264669.3670566
1765264675.3731337 1765264915.9011195
1765264919.9052038 1765265129.7941225
1765265130.7951925 1765265316.6034505
1765265316.6034815 1765265581.9780915
1765265586.9831665 1765265907.570948
1765265912.576032 1765266263.195795
1765266266.196276 1765266475.6030698
1765266480.6081583 1765266728.8417962
1765266733.8468752 1765266908.811105
1765266918.821182 1765267204.4783456
1765267205.4794204 1765267539.31573
1765267544.3188782 1765267914.2490113
1765267915.250079 1765268072.6765525
1765268079.6778564 1765268374.2716358
1765268375.2726977 1765268688.0120366
1765268690.014109 1765268972.0209987
1765268979.0280752 1765269100.9467897
1765269102.9469016 1765269411.8301468
1765269420.839214 1765269717.0143979
1765269723.02047 1765269869.9948556
1765269872.997926 1765270163.044462
1765270168.0495398 1765270537.390773
1765270547.398888 1765270895.3879611
1765270900.3930414 1765271118.459821
1765271119.4609044 1765271448.779099
1765271454.7851782 1765271640.4992664
1765271650.5093408 1765272018.750126
1765272019.7511961 1765272274.0851922
1765272275.086274 1765272540.922927
1765272542.9249935 1765272768.3391469
1765272774.3425996 1765273067.0510273
1765273074.054891 1765273212.015579
1765273215.0186594 1765273451.256454
1765273452.2575192 1765273735.9141073
1765273740.9191926 1765274023.6554458
1765274023.6554759 1765274304.0294929
1765274307.0325797 1765274514.2934525
1765274516.294887 1765274732.4653766
1765274734.4668856 1765274929.2327874
1765274939.2428708 1765275252.0553079
1765275262.0653894 1765275548.6140738
1765275558.6241558 1765275852.5920856
1765275858.5981684 1765276267.3738682
1765276269.3759441 1765276602.1946397
1765276609.198892 1765276826.8494978
1765276827.8505635 1765277039.4409995
1765277045.44707 1765277426.404668
1765277431.4097457 1765277678.7901256
1765277680.7921975 1765277995.4619617
1765278004.4710417 1765278237.7980773
1765278244.8051426 1765278577.52355
1765278577.5235796 1765279047.0423768
1765279054.0468774 1765279382.2251408
1765279389.2322226 1765279666.2003791
1765279674.208445 1765279982.8837082
1765279985.8867855 1765280261.1477916
1765280265.1518676 1765280451.2449803
1765280461.2548652 1765280681.2236724
1765280690.2308996 1765280945.5728564
1765280955.5732074 1765281301.729009
1765281307.7350836 1765281574.0328357
1765281577.0348878 1765281680.7310653
1765281680.7310886 1765281933.7609646
1765281940.7680407 1765282158.3115768
1765282164.317658 1765282295.7649388
1765282297.766996 1765282584.901154
1765282585.9022238 1765282904.5290055
1765282909.530896 1765283229.9109874
1765283231.9130566 1765283461.8581865
1765283464.8588812 1765283574.9928317
1765283576.9948978 1765283869.843091
1765283872.8461628 1765284146.6712255
1765284147.6722975 1765284392.9476762
1765284393.9487517 1765284686.2970014
1765284689.3000782 1765285015.398174
1765285019.402255 1765285148.7033012
1765285150.7043505 1765285337.5182595
1765285338.518882 1765285754.8762155
1765285763.8839176 1765286034.4921024
1765286036.4941754 1765286284.8430722
1765286285.8441358 1765286446.8352365
1765286454.8433044 1765286785.9437273
1765286794.9508855 1765287048.8197215
1765287051.8227942 1765287218.2770257
