1765259814.1731617 1765260123.5414762
1765260124.5426161 1765260424.6391861
1765260430.645255 1765260696.609319
1765260702.6153905 1765260960.0945065
1765260964.0985706 1765261233.555521
1765261235.5575793 1765261466.1540406
1765261474.1589174 1765261765.621849
1765261769.625929 1765262072.7887464
1765262079.7958233 1765262261.4513898
1765262268.4584599 1765262675.0874517
1765262677.0877635 1765262921.8108416
1765262922.811916 1765263409.2509935
1765263417.2527647 1765263713.896682
1765263716.8997583 1765263905.0066292
1765263908.0067317 1765264202.7692037
1765264204.7708757 1765264582.1117222
1765264587.1168008 1765264833.499196
1765264842.5082753 1765265089.6798315
1765265098.6883304 1765265397.7526135
1765265398.752726 1765265585.4616144
1765265585.4616373 1765265846.7549844
1765265850.7588928 1765266163.5089395
1765266169.5150132 1765266457.1128101
1765266460.1158812 1765266679.6158626
1765266689.6259336 1765266930.432998
1765266931.434073 1765267077.4308867
1765267085.438877 1765267391.9559934
1765267395.9600596 1765267863.7972963
1765267873.807371 1765268167.486368
1765268167.4863987 1765268456.6973248
1765268460.7013967 1765268709.901952
1765268719.9120185 1765268920.8133507
1765268921.8144233 1765269280.3253374
1765269280.3253667 1765269556.9069703
1765269564.9148772 1765269773.3860435
1765269781.394111 1765270009.8348072
1765270018.8428862 1765270276.1875968
1765270282.193671 1765270527.1673229
1765270528.168389 1765270894.3096397
1765270901.314881 1765271153.8227386
1765271158.8278086 1765271442.0139232
1765271443.0149968 1765271680.4289963
1765271684.4330602 1765271946.959082
1765271946.9591122 1765272225.369774
1765272230.374867 1765272548.5505426
1765272550.5526037 1765272817.664957
1765272825.6730382 1765273089.5602317
1765273095.5663025 1765273179.6149418
1765273185.618894 1765273477.367982
1765273481.3720546 1765273725.6865184
1765273725.6865494 1765274021.5637882
1765274030.5697362 1765274117.7314367
1765274126.7405074 1765274438.983485
1765274440.9855478 1765274740.4077916
1765274740.407822 1765274990.657478
1765274993.6605427 1765275225.913027
1765275232.9200978 1765275530.7026544
1765275531.7037263 1765275759.6631866
1765275762.6662507 1765276224.0757382
1765276230.0788836 1765276500.2273593
1765276508.235436 1765276909.3815844
1765276914.3828957 1765277058.8311796
1765277068.8412557 1765277360.0033987
1765277362.0054755 1765277766.7074451
1765277766.7074773 1765278101.206239
1765278106.2097096 1765278352.3065517
1765278353.3076184 1765278605.6908824
1765278611.694884 1765278981.3735502
1765278987.379618 1765279230.4591157
1765279230.4591444 1765279670.6900775
1765279677.6971555 1765279992.4513795
1765279995.4544551 1765280286.899645
1765280296.909718 1765280548.1966422
1765280553.2017176 1765280729.9996932
1765280731.0007713 1765281074.7652686
1765281080.7713454 1765281234.870794
1765281242.8788676 1765281453.7577145
1765281457.7617872 1765281692.0427048
1765281697.0477793 1765281907.5108974
1765281910.5109856 1765282092.2691543
1765282092.269184 1765282358.4582744
1765282358.4583056 1765282602.0050735
1765282605.0081422 1765282884.688032
1765282887.6910973 1765283240.0506656
1765283242.0508676 1765283463.7377844
1765283470.7448654 1765283694.0230196
1765283699.028102 1765283818.338415
1765283819.3394792 1765284139.8904922
1765284143.894564 1765284452.4806376
1765284460.486893 1765284586.3993134
1765284593.4063964 1765285003.7582967
1765285008.7628973 1765285137.5910182
1765285139.593089 1765285354.81345
1765285358.8175156 1765285617.9830065
1765285621.984178 1765285946.3448865
1765285947.3459466 1765286145.958191
1765286147.9602647 1765286394.7829103
1765286403.7914233 1765286723.7884457
1765286725.7905235 1765287043.421628
1765287048.4228954 1765287366.0660062
