1765259779.9766746 1765260091.4774652
1765260101.4875782 1765260414.290759
1765260422.2925837 1765260665.4951932
1765260668.4982674 1765260907.530088
1765260910.5331597 1765261194.7884576
1765261201.7955446 1765261420.820428
1765261423.8234994 1765261697.082721
1765261701.086799 1765262047.1700068
1765262052.1750872 1765262292.6549387
1765262292.6549706 1765262672.9503694
1765262680.9584532 1765263023.971536
1765263033.9816341 1765263406.7325823
1765263413.739661 1765263667.8283863
1765263668.829455 1765264045.860588
1765264053.8686662 1765264393.8547812
1765264399.8608603 1765264626.4585102
1765264627.459585 1765264902.4441295
1765264903.445196 1765265124.0766013
1765265125.0776787 1765265264.2201304
1765265264.2201629 1765265547.9888263
1765265554.9948866 1765265926.4549818
1765265929.4580567 1765266054.8633275
1765266063.8724093 1765266398.9137816
1765266408.9237213 1765266622.9383318
1765266628.94442 1765266877.0556881
1765266881.059757 1765267111.0766037
1765267114.079675 1765267578.7820153
1765267580.782873 1765267850.2785149
1765267857.2828803 1765268056.9893315
1765268066.999409 1765268320.87286
1765268321.8739364 1765268705.188888
1765268705.1889203 1765268953.7304876
1765268963.74057 1765269295.9932604
1765269303.9994757 1765269446.5484247
1765269449.5487936 1765269783.8805897
1765269785.8826578 1765269953.8410642
1765269958.846148 1765270264.8147287
1765270265.8158062 1765270509.8251634
1765270512.8282292 1765270895.6052384
1765270895.6052713 1765271125.9510376
1765271133.9591177 1765271376.6824172
1765271385.691485 1765271695.3964577
1765271704.4028924 1765272030.6357155
1765272038.6437876 1765272315.3170304
1765272325.3271158 1765272614.7527275
1765272622.7590342 1765272844.206829
1765272848.2109144 1765273050.2490208
1765273059.2580965 1765273234.0757642
1765273238.0798323 1765273524.3245351
1765273532.3300185 1765273750.363342
1765273755.3684185 1765273995.052671
1765273997.0547469 1765274154.9201844
1765274156.9222646 1765274555.2433627
1765274557.2447708 1765274763.3690178
1765274767.3730934 1765274899.4908965
1765274908.491508 1765275126.0915444
1765275136.1016176 1765275386.4139218
1765275395.423003 1765275732.2100303
1765275732.2100573 1765276236.7369652
1765276239.7400467 1765276584.7044728
1765276586.7065506 1765276901.4172578
1765276903.4193377 1765277098.176316
1765277105.182875 1765277448.2502625
1765277451.2533317 1765277634.6854308
1765277635.6865025 1765278003.5822215
1765278009.5883026 1765278245.0496879
1765278251.0506487 1765278547.4966612
1765278556.5057428 1765279010.4624858
1765279012.4628766 1765279324.256529
1765279331.2636018 1765279699.2617242
1765279708.2708066 1765279969.0503042
1765279973.050894 1765280269.4930215
1765280272.4960985 1765280480.6596758
1765280481.6602979 1765280760.3695068
1765280767.3697035 1765281074.9987664
1765281084.000646 1765281255.7411554
1765281258.7442236 1765281573.2222881
1765281577.2263763 1765281745.9586923
1765281745.9587204 1765281926.5379453
1765281926.5379777 1765282074.1222749
1765282080.1268938 1765282405.054979
1765282409.059054 1765282652.350615
1765282652.3506489 1765282938.8215208
1765282943.8266118 1765283248.7515216
1765283253.7524853 1765283461.2878811
1765283470.2969584 1765283690.498722
1765283699.5078082 1765283846.5150187
1765283853.5153978 1765284058.3842869
1765284058.3843176 1765284450.0478094
1765284460.0549471 1765284717.7966611
1765284724.803741 1765285010.778299
1765285014.7788818 1765285193.029447
1765285202.0348978 1765285390.7951806
1765285398.7990167 1765285740.3612192
1765285744.3652983 1765285955.892065
1765285963.9001381 1765286251.5736272
1765286260.582701 1765286520.4776595
1765286522.4797323 1765286774.4091434
1765286774.4091787 1765286937.145614
1765286946.1508904 1765287364.0592864
