1752332219.017577 1752332245.6047645
1752332245.6047924 1752332260.9668093
1752332260.966829 1752332282.946403
1752332282.9464383 1752332313.66608
1752332313.6661046 1752332339.9763637
1752332339.976391 1752332370.9679606
1752332370.967985 1752332402.299992
1752332402.3000157 1752332422.398359
1752332422.3983798 1752332456.3113558
1752332456.3113806 1752332472.7978203
1752332472.7978423 1752332504.0298283
1752332504.0298536 1752332525.1392198
1752332525.1392438 1752332551.5524256
1752332551.5524473 1752332573.1277745
1752332573.1277993 1752332601.5178652
1752332601.517892 1752332627.035699
1752332627.035721 1752332653.2606583
1752332653.2606895 1752332679.8359668
1752332679.8359919 1752332703.4125276
1752332703.4125533 1752332728.8087277
1752332728.8087506 1752332750.2225544
1752332750.222579 1752332773.623772
1752332773.6237962 1752332793.911824
1752332793.9118514 1752332813.4929655
1752332813.492987 1752332839.0384684
1752332839.0385 1752332862.891319
1752332862.891342 1752332884.4128473
1752332884.4128692 1752332911.8063126
1752332911.8063486 1752332939.6597862
1752332939.6598341 1752332959.268614
1752332959.2686343 1752332989.5602171
1752332989.5602415 1752333015.4474564
1752333015.447507 1752333040.0812416
1752333040.0812738 1752333064.8378801
1752333064.8379014 1752333087.2467875
1752333087.246808 1752333118.5483215
1752333118.5483518 1752333139.431536
1752333139.4315743 1752333171.966914
1752333171.9669445 1752333192.6345851
1752333192.6346047 1752333223.612828
1752333223.6128554 1752333254.118434
1752333254.1184645 1752333277.1743078
1752333277.1743286 1752333298.476727
1752333298.4767473 1752333333.4339845
1752333333.4340096 1752333356.0954413
1752333356.0954635 1752333382.8852372
1752333382.885257 1752333413.3494635
1752333413.3494833 1752333442.7789247
1752333442.7789493 1752333472.9277804
1752333472.9278045 1752333492.8633437
1752333492.863361 1752333533.4699638
1752333533.4699914 1752333564.6712928
1752333564.6713145 1752333591.7949922
1752333591.795017 1752333618.0857465
1752333618.0857658 1752333641.8894627
1752333641.8894887 1752333672.4375741
1752333672.437601 1752333699.686707
1752333699.6867282 1752333727.3826475
1752333727.3826663 1752333755.143125
1752333755.1431475 1752333786.1039896
1752333786.1040113 1752333808.5971308
1752333808.5971534 1752333835.4574702
1752333835.4574928 1752333867.2477674
1752333867.247788 1752333888.3356588
1752333888.3356822 1752333911.0666966
1752333911.0667255 1752333932.429777
1752333932.4298058 1752333953.06057
1752333953.060589 1752333983.66238
1752333983.6624045 1752334002.8180928
1752334002.818109 1752334031.386419
1752334031.386446 1752334057.6508384
1752334057.65086 1752334082.4631674
1752334082.4631946 1752334100.9497797
1752334100.949797 1752334128.4971244
1752334128.4971504 1752334149.684272
1752334149.6842911 1752334175.978217
1752334175.9782395 1752334196.555574
1752334196.5556214 1752334218.1229172
1752334218.122948 1752334239.9218833
1752334239.9219167 1752334264.4911857
1752334264.491208 1752334287.1077847
1752334287.1078067 1752334310.0998652
1752334310.0998907 1752334338.11517
1752334338.1151924 1752334360.5633435
1752334360.5633745 1752334386.332039
1752334386.3320584 1752334412.7149186
1752334412.7149498 1752334438.2077572
1752334438.207779 1752334460.764028
1752334460.764047 1752334487.0881605
1752334487.0881872 1752334505.9961522
1752334505.9961703 1752334533.4123085
1752334533.4123378 1752334550.7901976
1752334550.7902195 1752334577.5973635
1752334577.597383 1752334604.870811
1752334604.8708358 1752334626.2353408
1752334626.2353597 1752334652.1349573
1752334652.1350052 1752334676.1657996
1752334676.1658206 1752334695.7592604
1752334695.7592785 1752334721.5829573
1752334721.5829809 1752334742.2583396
1752334742.2583606 1752334767.6929014
1752334767.6929255 1752334795.3669686
1752334795.3669899 1752334822.3909698
1752334822.3910124 1752334845.9282067
1752334845.9282432 1752334873.3988786
1752334873.3989034 1752334898.7169883
1752334898.7170072 1752334928.4040496
1752334928.404076 1752334959.167084
1752334959.1671045 1752334978.3677747
1752334978.367794 1752334998.941406
1752334998.9414358 1752335030.5530603
1752335030.5531173 1752335059.9639363
1752335059.9639583 1752335083.8011594
1752335083.8011928 1752335112.4687045
1752335112.4687335 1752335139.4222748
1752335139.4222949 1752335158.6966317
1752335158.6966498 1752335182.4405296
1752335182.4405527 1752335209.1335232
1752335209.1335495 1752335233.077395
1752335233.0774198 1752335262.2534015
1752335262.2534215 1752335293.182616
1752335293.1826391 1752335320.1217449
1752335320.121765 1752335345.7874258
1752335345.787474 1752335375.6765165
1752335375.6765442 1752335400.1645434
1752335400.1645653 1752335428.6588545
1752335428.6588802 1752335457.0775526
1752335457.0775735 1752335484.6234353
1752335484.6234546 1752335509.488461
1752335509.4884858 1752335533.4982994
1752335533.4983172 1752335556.057231
1752335556.057253 1752335580.6063771
1752335580.606397 1752335603.359721
1752335603.3597376 1752335633.233109
1752335633.2331312 1752335652.9438593
1752335652.9438841 1752335676.2930682
1752335676.2930908 1752335708.4836984
1752335708.4837172 1752335742.4609141
1752335742.460939 1752335769.7137172
1752335769.7137353 1752335792.5290759
1752335792.5290954 1752335816.1551623
1752335816.1551812 1752335849.749428
1752335849.7494566 1752335870.005427
1752335870.0054471 1752335903.5389833
1752335903.5390139 1752335927.3052497
1752335927.3052683 1752335950.488336
1752335950.4883614 1752335967.847658
1752335967.8476794 1752336002.5924008
1752336002.5924335 1752336030.2535641
1752336030.2535818 1752336046.274536
1752336046.2745564 1752336074.7846465
1752336074.7846704 1752336094.6027458
1752336094.602769 1752336120.611006
1752336120.6110249 1752336137.6623118
1752336137.662335 1752336158.844749
1752336158.844769 1752336180.2085302
1752336180.2085578 1752336204.89808
1752336204.898099 1752336226.3207211
1752336226.3207395 1752336254.828606
1752336254.8286307 1752336281.081731
1752336281.0817506 1752336306.7693324
1752336306.7693536 1752336327.3520021
1752336327.352023 1752336357.2489321
1752336357.2489598 1752336377.1597614
1752336377.159791 1752336401.7866704
1752336401.7866936 1752336421.4832985
1752336421.4833183 1752336451.8303666
1752336451.8303907 1752336474.5433128
1752336474.5433347 1752336497.7349064
1752336497.734931 1752336522.6568742
1752336522.6568983 1752336550.1012914
1752336550.1013112 1752336573.608051
1752336573.6080923 1752336591.9511898
1752336591.9512138 1752336620.9000297
1752336620.9000542 1752336642.746929
1752336642.7469487 1752336671.3589048
1752336671.358926 1752336696.5070632
1752336696.5070891 1752336719.5954156
1752336719.5954347 1752336744.5578637
1752336744.557891 1752336759.614269
1752336759.6142855 1752336789.7351635
1752336789.735188 1752336810.8615038
1752336810.8615344 1752336831.2710767
1752336831.271095 1752336854.7578733
1752336854.7578998 1752336874.4632456
1752336874.4632711 1752336903.2843878
1752336903.2844098 1752336928.1871037
1752336928.1871269 1752336942.7799342
1752336942.7799606 1752336975.8434393
1752336975.8434622 1752337003.9975529
1752337003.9975767 1752337030.430871
1752337030.4308906 1752337060.4177942
1752337060.4178405 1752337085.5572538
1752337085.557276 1752337111.5921218
1752337111.5921495 1752337141.6971638
1752337141.6971855 1752337171.5910969
1752337171.591128 1752337197.2779698
1752337197.277989 1752337219.9116554
1752337219.911679 1752337244.3404737
1752337244.3405 1752337270.678828
1752337270.6788464 1752337299.7758167
1752337299.775842 1752337335.6983733
1752337335.698401 1752337361.6931906
1752337361.693215 1752337392.9358478
1752337392.9358745 1752337410.2146795
1752337410.214697 1752337439.030725
1752337439.0307534 1752337465.5264602
1752337465.5264854 1752337491.1801133
1752337491.1801338 1752337515.1174474
1752337515.1174765 1752337538.9069538
1752337538.906973 1752337562.130677
1752337562.1307027 1752337591.7142215
1752337591.714245 1752337620.3757942
1752337620.3758235 1752337644.0270083
1752337644.0270264 1752337668.5043578
1752337668.5043797 1752337699.1755967
1752337699.1756198 1752337714.5488472
1752337714.5488687 1752337748.059461
1752337748.0594857 1752337773.369223
1752337773.3693035 1752337798.6859083
1752337798.6859274 1752337825.8477101
1752337825.8477368 1752337853.746904
1752337853.7469244 1752337881.3042445
1752337881.304274 1752337902.2286782
1752337902.2287025 1752337932.492251
1752337932.4922738 1752337961.6489506
1752337961.648975 1752337980.1401083
1752337980.140125 1752338001.2668436
1752338001.2668664 1752338034.4818597
1752338034.481882 1752338047.9048069
1752338047.9048374 1752338076.007308
1752338076.0073347 1752338099.9624662
1752338099.962494 1752338119.4410617
1752338119.441081 1752338151.8027294
1752338151.802746 1752338178.777395
1752338178.7774212 1752338210.9019926
1752338210.902011 1752338241.6112976
1752338241.611327 1752338269.0069315
1752338269.0069523 1752338294.7075503
1752338294.7075994 1752338316.6242628
1752338316.6242921 1752338337.3778222
1752338337.3778424 1752338363.2497516
1752338363.2497892 1752338380.0853236
1752338380.0853426 1752338402.818238
1752338402.8182619 1752338435.1272724
1752338435.1272914 1752338453.6823432
1752338453.6823657 1752338476.6556685
1752338476.655699 1752338498.6693094
1752338498.6693263 1752338528.3548527
1752338528.3548753 1752338549.871809
1752338549.871828 1752338576.172425
1752338576.1724508 1752338605.2895563
1752338605.2895772 1752338623.9111216
1752338623.9111385 1752338660.2441814
1752338660.2442048 1752338680.5907707
1752338680.590806 1752338707.5642135
1752338707.564249 1752338726.200188
1752338726.2002065 1752338762.3507931
1752338762.3508217 1752338790.571279
1752338790.571299 1752338816.3401608
1752338816.3401856 1752338841.8764474
1752338841.876466 1752338866.2433338
1752338866.2433527 1752338898.7719042
1752338898.7719295 1752338915.8402116
1752338915.84023 1752338943.0620177
1752338943.0620441 1752338967.574829
1752338967.574857 1752338988.5749626
1752338988.5749817 1752339019.9270627
1752339019.9270902 1752339048.7969084
1752339048.7969353 1752339069.9530234
1752339069.953044 1752339090.716845
1752339090.7168665 1752339115.3443208
1752339115.344342 1752339146.2380838
1752339146.2381213 1752339171.2350683
1752339171.2350976 1752339197.6619492
1752339197.6619868 1752339220.102783
1752339220.1028275 1752339244.762215
1752339244.762238 1752339273.025446
1752339273.0254743 1752339292.7303064
1752339292.7303326 1752339313.324397
1752339313.324425 1752339333.1786702
1752339333.1786935 1752339355.0066235
1752339355.0066435 1752339374.8891876
1752339374.889209 1752339408.4356549
1752339408.4356856 1752339434.72809
1752339434.728111 1752339458.61817
1752339458.618199 1752339481.908856
1752339481.9088814 1752339508.5156868
1752339508.5157192 1752339531.9755025
1752339531.9755204 1752339559.7504835
1752339559.750519 1752339580.8278115
1752339580.8278341 1752339611.3810182
1752339611.381036 1752339635.9270568
1752339635.927082 1752339656.6397483
1752339656.6397693 1752339685.6982908
1752339685.698318 1752339702.244798
1752339702.2448165 1752339728.1988184
1752339728.1988492 1752339756.7928333
1752339756.7928553 1752339781.666707
1752339781.6667385 1752339807.29628
1752339807.2963095 1752339836.7864091
1752339836.7864285 1752339860.7623029
1752339860.7623324 1752339880.1791675
1752339880.1791914 1752339913.2952144
1752339913.2952409 1752339930.0388958
1752339930.0389144 1752339956.2203915
1752339956.2204206 1752339982.8813493
1752339982.8813696 1752340001.0532181
1752340001.053238 1752340023.3128312
1752340023.3128526 1752340051.5416524
1752340051.5416746 1752340075.160285
1752340075.1603053 1752340099.2634332
1752340099.2634687 1752340125.6185513
1752340125.6185725 1752340150.9088776
1752340150.908899 1752340174.4565256
1752340174.4565518 1752340193.8103647
1752340193.8103883 1752340222.3264954
1752340222.3265197 1752340251.792816
1752340251.7928448 1752340276.3306315
1752340276.3306553 1752340298.8875816
1752340298.8876295 1752340319.1842875
1752340319.184308 1752340343.4414244
1752340343.4414487 1752340368.0904846
1752340368.0905032 1752340392.8641603
1752340392.8641872 1752340416.6891136
1752340416.6891437 1752340444.7347815
1752340444.734802 1752340463.7941682
1752340463.7941854 1752340490.6903818
1752340490.6904025 1752340524.3666873
1752340524.3667161 1752340538.4943738
1752340538.494394 1752340571.551917
1752340571.551937 1752340597.0409799
1752340597.0410013 1752340628.9748394
1752340628.9748685 1752340655.1675234
1752340655.1675496 1752340679.8709538
1752340679.8709733 1752340704.6147537
1752340704.6147728 1752340730.8785462
1752340730.8785715 1752340760.3234987
1752340760.323518 1752340784.7173324
1752340784.7173553 1752340809.4449244
1752340809.4449494 1752340831.5961215
1752340831.5961554 1752340855.2492254
1752340855.2492485 1752340871.6006083
1752340871.6006308 1752340906.7592342
1752340906.7592595 1752340936.009394
1752340936.009414 1752340960.465512
1752340960.465532 1752340993.000977
1752340993.0010042 1752341018.9910674
1752341018.9910877 1752341042.8072653
1752341042.8072817 1752341071.7551746
1752341071.7552116 1752341095.9362075
1752341095.9362328 1752341119.612575
1752341119.6126103 1752341145.15494
1752341145.154957 1752341170.9286458
1752341170.9286876 1752341194.9524362
1752341194.9524558 1752341226.2163353
1752341226.2163649 1752341247.9125047
1752341247.9125247 1752341277.090928
1752341277.0909643 1752341301.5486705
1752341301.5486932 1752341327.3759344
1752341327.37596 1752341351.8967547
1752341351.8967893 1752341377.779295
1752341377.7793217 1752341404.2409785
1752341404.2410035 1752341430.5974076
1752341430.5974267 1752341462.615981
1752341462.6160073 1752341480.304762
1752341480.3047788 1752341516.5971653
1752341516.5971904 1752341540.897425
1752341540.8974433 1752341566.740601
1752341566.740626 1752341595.0899093
1752341595.089934 1752341622.0023527
1752341622.0023775 1752341647.2912002
1752341647.2912207 1752341673.280396
1752341673.2804222 1752341700.716848
1752341700.7168715 1752341733.7714827
1752341733.7715025 1752341752.9341097
1752341752.934137 1752341779.796286
1752341779.79631 1752341803.538703
1752341803.538721 1752341823.1126394
1752341823.112672 1752341842.9392958
1752341842.9393158 1752341871.528364
1752341871.5283847 1752341895.871942
1752341895.87197 1752341920.7214444
1752341920.7214668 1752341942.5359554
1752341942.5359828 1752341967.5453575
1752341967.5453799 1752341988.9832377
1752341988.9832642 1752342015.6959562
1752342015.6959796 1752342036.3546138
1752342036.3546329 1752342060.075066
1752342060.0751016 1752342081.565787
1752342081.5658064 1752342120.7632031
1752342120.7632294 1752342144.4558737
1752342144.4558928 1752342173.9184017
1752342173.918421 1752342199.757883
1752342199.7579024 1752342228.821696
1752342228.8217313 1752342250.0413857
1752342250.0414042 1752342279.806921
1752342279.8069463 1752342300.056545
1752342300.05658 1752342328.2803612
1752342328.2803812 1752342346.3190374
1752342346.3190658 1752342376.0207984
1752342376.0208175 1752342394.9116251
1752342394.9116507 1752342421.2883346
1752342421.2883525 1752342444.2465723
1752342444.2465954 1752342476.8384848
1752342476.838508 1752342497.32212
1752342497.3221426 1752342522.232281
1752342522.2323067 1752342550.4717083
1752342550.471728 1752342576.260544
1752342576.2605705 1752342603.1550457
1752342603.1550727 1752342626.6994119
1752342626.6994333 1752342644.3919587
1752342644.3919823 1752342674.2850766
1752342674.2851274 1752342698.247136
1752342698.2471542 1752342721.739814
1752342721.739842 1752342748.5779603
1752342748.5779784 1752342768.0560014
1752342768.056028 1752342788.9817302
1752342788.98175 1752342817.7302148
1752342817.7302423 1752342836.906165
1752342836.906185 1752342861.8812592
1752342861.8812857 1752342893.1234074
1752342893.1234286 1752342916.944097
1752342916.9441218 1752342937.7500026
1752342937.7500298 1752342963.8700793
1752342963.870098 1752342986.222004
1752342986.222037 1752343001.9462225
1752343001.9462447 1752343030.991023
1752343030.9910424 1752343054.3161724
1752343054.3161907 1752343082.7189178
1752343082.7189422 1752343106.7258494
1752343106.7258694 1752343125.17771
1752343125.177728 1752343153.4717824
1752343153.4718115 1752343180.965821
1752343180.965839 1752343201.048762
1752343201.0487804 1752343225.8738103
1752343225.8738434 1752343246.875687
1752343246.875707 1752343260.9023073
1752343260.9023347 1752343286.2228973
1752343286.2229214 1752343313.6338859
1752343313.633911 1752343337.5316076
1752343337.5316336 1752343358.623355
1752343358.6233807 1752343389.1829877
1752343389.1830058 1752343418.9526484
1752343418.9526696 1752343438.859078
1752343438.8591008 1752343465.9430144
1752343465.943037 1752343490.7498884
1752343490.7499125 1752343514.2061527
1752343514.2061803 1752343537.2560499
1752343537.2560692 1752343563.331352
1752343563.3313758 1752343586.7952943
1752343586.7953339 1752343606.4142065
1752343606.414224 1752343634.9796338
1752343634.9796636 1752343655.8860135
1752343655.8860445 1752343677.2853634
1752343677.2853851 1752343699.4608514
1752343699.4608834 1752343727.6577175
1752343727.657761 1752343749.3985646
1752343749.3986013 1752343776.517678
1752343776.5177019 1752343795.94323
1752343795.9432514 1752343817.9411817
1752343817.9412022 1752343838.5451791
1752343838.5452032 1752343873.2918918
1752343873.2919164 1752343898.2032633
1752343898.203287 1752343930.7282352
1752343930.7282598 1752343959.556289
1752343959.5563197 1752343988.2721808
1752343988.272199 1752344019.4177954
1752344019.4178195 1752344048.9209213
1752344048.9209476 1752344077.8667164
1752344077.866741 1752344103.8336709
1752344103.8336923 1752344130.3002806
1752344130.3003073 1752344155.9449613
1752344155.9449923 1752344177.1248658
1752344177.1248941 1752344199.02124
1752344199.021261 1752344220.3738654
1752344220.3738832 1752344252.427486
1752344252.427517 1752344275.2451184
1752344275.2451434 1752344296.2343805
1752344296.234407 1752344321.1762545
1752344321.1762807 1752344342.9712546
1752344342.9713054 1752344365.9637673
1752344365.963793 1752344399.7240682
1752344399.7240953 1752344427.1587307
1752344427.1587524 1752344448.2115278
1752344448.2115571 1752344475.3274038
1752344475.3274288 1752344500.0935419
1752344500.0935674 1752344525.3863316
1752344525.386356 1752344554.6987896
1752344554.6988099 1752344576.4400773
1752344576.4401023 1752344596.8671129
1752344596.8671305 1752344622.200034
1752344622.2000592 1752344650.7024088
1752344650.702432 1752344674.4916556
1752344674.4916847 1752344695.7512121
1752344695.751247 1752344721.646252
1752344721.6462739 1752344748.7218416
1752344748.7218618 1752344772.7220206
1752344772.722049 1752344798.7679534
1752344798.7679749 1752344822.1473644
1752344822.147383 1752344848.6890802
1752344848.6891057 1752344868.7051325
1752344868.7051566 1752344895.7337925
1752344895.7338188 1752344915.4130898
1752344915.413111 1752344944.9625235
1752344944.9625468 1752344957.8200202
1752344957.820037 1752344983.3222177
1752344983.322242 1752345009.889212
1752345009.8892384 1752345024.115311
1752345024.1153324 1752345051.7076962
1752345051.7077193 1752345077.5753634
1752345077.575384 1752345101.080267
1752345101.080292 1752345130.616066
1752345130.616086 1752345154.797127
1752345154.7971537 1752345184.2976758
1752345184.2977004 1752345209.6167579
1752345209.6167903 1752345233.105511
1752345233.1055284 1752345259.8963668
1752345259.8963919 1752345278.735832
1752345278.7358494 1752345311.9725568
1752345311.972583 1752345336.1340725
1752345336.1340902 1752345357.9492824
1752345357.949323 1752345381.5213845
1752345381.5214093 1752345404.9683075
1752345404.968328 1752345426.8680158
1752345426.8680413 1752345445.352658
1752345445.3526766 1752345471.0000675
1752345471.0000997 1752345494.1169586
1752345494.1169782 1752345515.65259
1752345515.6526172 1752345536.9960413
1752345536.996062 1752345559.1459823
1752345559.146001 1752345584.4034805
1752345584.4035048 1752345608.1342225
1752345608.1342516 1752345631.7622936
1752345631.762313 1752345656.4905896
1752345656.4906137 1752345679.1140895
1752345679.114112 1752345705.2945163
1752345705.294554 1752345728.766675
1752345728.7667003 1752345752.7747476
1752345752.774779 1752345772.975558
1752345772.97559 1752345797.976973
1752345797.9770136 1752345825.377288
1752345825.3773146 1752345847.3154178
1752345847.3154378 1752345868.156533
1752345868.156553 1752345891.6079304
1752345891.6079588 1752345913.618098
1752345913.6181166 1752345939.3390949
1752345939.3391185 1752345969.7778852
1752345969.7779043 1752345985.1075532
1752345985.1075985 1752346020.34194
1752346020.341962 1752346037.9325354
1752346037.9325588 1752346069.8353317
1752346069.83536 1752346090.2821019
1752346090.282122 1752346116.2245722
1752346116.2245972 1752346141.3456988
1752346141.3457184 1752346163.9952676
1752346163.9952898 1752346188.5326447
1752346188.5326715 1752346206.765337
1752346206.7653594 1752346236.082664
1752346236.082689 1752346263.4516973
1752346263.4517167 1752346282.0390959
1752346282.039112 1752346323.3087125
1752346323.3087773 1752346344.9654639
1752346344.9654837 1752346371.89075
1752346371.890774 1752346396.328095
1752346396.3281145 1752346428.7352386
1752346428.7352645 1752346459.6004944
1752346459.600514 1752346488.2022128
1752346488.2022328 1752346519.560202
1752346519.5602243 1752346547.623944
1752346547.6239653 1752346570.0589225
1752346570.058947 1752346596.9576042
1752346596.957623 1752346624.8516698
1752346624.851694 1752346649.7059298
1752346649.7059488 1752346678.6927466
1752346678.6927724 1752346702.4484787
1752346702.448499 1752346735.0625246
1752346735.0625489 1752346754.5354085
1752346754.535426 1752346789.4473252
1752346789.4473522 1752346816.3918455
1752346816.3918717 1752346841.5670207
1752346841.5670416 1752346866.9205165
1752346866.9205403 1752346882.8972812
1752346882.897305 1752346922.9812298
1752346922.981254 1752346950.242079
1752346950.2421043 1752346979.4979599
1752346979.4979842 1752347005.0960593
1752347005.0960834 1752347027.7408175
1752347027.7408397 1752347059.5302622
1752347059.530282 1752347079.5529184
1752347079.552937 1752347107.7326996
1752347107.732725 1752347136.9696136
1752347136.9696531 1752347153.9958062
1752347153.995833 1752347186.2173588
1752347186.2173865 1752347215.357779
1752347215.3577998 1752347240.9038785
1752347240.9038966 1752347268.3986764
1752347268.398709 1752347286.0530965
1752347286.053115 1752347317.8081477
1752347317.8081758 1752347345.337994
1752347345.3380132 1752347367.1168962
1752347367.116921 1752347390.8986888
1752347390.898712 1752347421.0094151
1752347421.009449 1752347449.2345264
1752347449.2345564 1752347473.3557339
1752347473.355754 1752347495.0593128
1752347495.0593383 1752347525.8342836
1752347525.834309 1752347551.0967565
1752347551.0967808 1752347579.6107924
1752347579.6108148 1752347605.6666758
1752347605.666697 1752347636.7472405
1752347636.7472737 1752347657.9057188
1752347657.9057393 1752347682.9094415
1752347682.909466 1752347715.4961526
1752347715.4961782 1752347735.3967144
1752347735.3967352 1752347759.86137
1752347759.8614068 1752347789.8972003
1752347789.897223 1752347810.2464476
1752347810.2464678 1752347834.316974
1752347834.3169992 1752347860.7682629
1752347860.7682838 1752347880.8113039
1752347880.8113275 1752347912.9889555
1752347912.9889748 1752347937.1912954
1752347937.191315 1752347959.2997222
1752347959.2997472 1752347982.370516
1752347982.3705366 1752348005.6229248
1752348005.6229417 1752348027.044662
1752348027.0446815 1752348039.8808875
1752348039.8809097 1752348066.5716536
1752348066.5716746 1752348084.2632382
1752348084.2632554 1752348120.6367736
1752348120.636801 1752348145.4387803
1752348145.4388008 1752348172.1856894
1752348172.1857152 1752348196.6206598
1752348196.6206822 1752348220.7197962
1752348220.7198176 1752348242.430776
1752348242.4308019 1752348264.463928
1752348264.4639497 1752348287.6778944
1752348287.6779242 1752348310.5590987
1752348310.559117 1752348327.427226
1752348327.4272442 1752348359.355675
1752348359.3556986 1752348388.7391915
1752348388.7392135 1752348417.1924498
1752348417.1924698 1752348440.654109
1752348440.654132 1752348469.676239
1752348469.6762578 1752348499.5311472
1752348499.531172 1752348525.9310582
1752348525.9310846 1752348554.0067384
1752348554.0067656 1752348585.5759254
1752348585.575944 1752348611.9190254
1752348611.9190512 1752348638.5306003
1752348638.5306203 1752348663.9491997
1752348663.9492223 1752348688.192007
1752348688.1920388 1752348709.298691
1752348709.2987123 1752348739.706368
1752348739.7063887 1752348763.6990795
1752348763.6991007 1752348785.0149112
1752348785.0149436 1752348804.5597446
1752348804.559768 1752348827.4631562
1752348827.4631748 1752348850.3907943
1752348850.3908167 1752348876.6227093
1752348876.6227345 1752348892.6186275
1752348892.618646 1752348919.4623423
1752348919.4623647 1752348943.2231107
1752348943.223138 1752348969.697046
1752348969.6970673 1752348989.8069723
1752348989.8070004 1752349017.5924377
1752349017.5924613 1752349037.7852056
1752349037.785224 1752349063.6041343
1752349063.6041722 1752349093.936224
1752349093.9362447 1752349117.4523013
1752349117.452321 1752349140.711379
1752349140.7114093 1752349165.649982
1752349165.6500113 1752349190.4342008
1752349190.4342422 1752349215.1299822
1752349215.1300032 1752349237.206445
1752349237.2064657 1752349266.9459682
1752349266.9459984 1752349293.412059
1752349293.412081 1752349313.864191
1752349313.8642151 1752349345.7018197
1752349345.7018435 1752349370.1360147
1752349370.1360407 1752349397.0393221
1752349397.0393448 1752349419.2451901
1752349419.2452087 1752349447.626178
1752349447.6262043 1752349472.834808
1752349472.8348284 1752349500.3103237
1752349500.310348 1752349527.9480493
1752349527.9480703 1752349548.962274
1752349548.9623003 1752349573.925691
1752349573.9257112 1752349599.9867225
1752349599.9867516 1752349625.5257854
1752349625.5258121 1752349652.9583507
1752349652.9583745 1752349674.0084915
1752349674.008518 1752349698.108482
1752349698.1085143 1752349721.53928
1752349721.539309 1752349745.2232542
1752349745.2232718 1752349769.0214517
1752349769.0214937 1752349796.562268
1752349796.5622995 1752349820.7951753
1752349820.795201 1752349839.844739
1752349839.844763 1752349871.598046
1752349871.5980673 1752349899.1435134
1752349899.1435392 1752349918.9687235
1752349918.968749 1752349949.1950011
1752349949.1950254 1752349971.8919687
1752349971.8919926 1752349996.1569777
1752349996.1570044 1752350021.5065029
1752350021.5065296 1752350039.922518
1752350039.9225373 1752350069.3017912
1752350069.3018181 1752350097.050163
1752350097.0501893 1752350122.5172145
1752350122.5172446 1752350142.326154
1752350142.326172 1752350170.1600196
1752350170.1600647 1752350197.2467885
1752350197.246809 1752350218.6002057
1752350218.6002302 1752350237.8982837
1752350237.898311 1752350262.1907928
1752350262.1908197 1752350282.8259587
1752350282.8259776 1752350315.791692
1752350315.7917252 1752350344.3644552
1752350344.3644788 1752350369.4975383
1752350369.4975572 1752350399.5887969
1752350399.5888398 1752350418.4074008
1752350418.407418 1752350448.1444457
1752350448.1444693 1752350471.2041678
1752350471.2041945 1752350493.5511937
1752350493.5512133 1752350512.0391035
1752350512.039133 1752350535.7885072
1752350535.7885325 1752350554.6999695
1752350554.700001 1752350570.8000646
1752350570.8000956 1752350587.2829785
1752350587.2829962 1752350614.7984302
1752350614.798487 1752350635.9724448
1752350635.9724693 1752350662.332439
1752350662.3324587 1752350681.8895998
1752350681.8896172 1752350707.2888467
1752350707.288875 1752350725.39001
1752350725.390029 1752350749.8041174
1752350749.8041418 1752350776.4006476
1752350776.400674 1752350797.550058
1752350797.5500762 1752350826.8745039
1752350826.874532 1752350851.6507463
1752350851.6507726 1752350879.2582529
1752350879.2582788 1752350898.4718277
1752350898.471852 1752350925.6265385
1752350925.6265604 1752350958.998321
1752350958.998342 1752350986.994013
1752350986.994045 1752351012.3016074
1752351012.3016264 1752351034.5553493
1752351034.5553794 1752351056.354179
1752351056.3541994 1752351078.7818546
1752351078.781874 1752351101.2088597
1752351101.208885 1752351126.4076724
1752351126.4076931 1752351150.20527
1752351150.2052934 1752351169.076669
1752351169.0766897 1752351196.7411122
1752351196.7411427 1752351223.261416
1752351223.261435 1752351251.3501482
1752351251.3501668 1752351275.5535204
1752351275.5535462 1752351300.6751025
1752351300.675144 1752351326.1316361
1752351326.1316648 1752351349.3645885
1752351349.3646188 1752351371.9082
1752351371.908223 1752351398.683763
1752351398.6838236 1752351419.1166666
1752351419.1166856 1752351455.0359964
1752351455.036021 1752351483.3925707
1752351483.3925943 1752351505.4789255
1752351505.4789424 1752351529.0689867
1752351529.069011 1752351553.7657945
1752351553.7658298 1752351572.77497
1752351572.7749927 1752351598.3098872
1752351598.3099082 1752351624.9556386
1752351624.9556658 1752351655.1910622
1752351655.191081 1752351679.5003603
1752351679.50039 1752351708.7411993
1752351708.7412288 1752351731.921439
1752351731.9214592 1752351752.135833
1752351752.1358545 1752351786.6993327
1752351786.6993558 1752351809.5061522
1752351809.5061712 1752351830.0176687
1752351830.0176911 1752351857.7972429
1752351857.7972732 1752351880.1357975
1752351880.1358178 1752351907.2324467
1752351907.2324746 1752351933.3801508
1752351933.3801754 1752351961.5202694
1752351961.52029 1752351985.786474
1752351985.7865005 1752352014.6378198
1752352014.6378493 1752352041.6240685
1752352041.6240919 1752352068.5529902
1752352068.5530105 1752352103.2240915
1752352103.2241201 1752352131.8419652
1752352131.8419893 1752352154.4087026
1752352154.4087281 1752352178.9918432
1752352178.991864 1752352198.8661947
1752352198.8662205 1752352226.568894
1752352226.5689175 1752352255.4255733
1752352255.425594 1752352282.53824
1752352282.538264 1752352310.4527197
1752352310.4527392 1752352333.6387346
1752352333.6387553 1752352364.6111207
1752352364.6111465 1752352383.2953107
1752352383.295339 1752352398.4454093
1752352398.445432 1752352428.6037133
1752352428.6037333 1752352448.2465262
1752352448.246551 1752352472.8237414
1752352472.8237665 1752352498.8441186
1752352498.8441384 1752352525.496529
1752352525.4965522 1752352551.8517346
1752352551.8517573 1752352572.1398125
1752352572.139828 1752352597.586586
1752352597.586609 1752352630.2781682
1752352630.278194 1752352656.9715085
1752352656.9715433 1752352681.0927746
1752352681.0928159 1752352700.8455544
1752352700.8455713 1752352732.5281096
1752352732.5281367 1752352755.0491803
1752352755.0491984 1752352785.6831286
1752352785.6831512 1752352809.440395
1752352809.4404147 1752352842.3326554
1752352842.3326828 1752352868.7455664
1752352868.7455888 1752352896.2063942
1752352896.2064147 1752352921.7526143
1752352921.752639 1752352940.8169394
1752352940.8169627 1752352972.199144
1752352972.1991708 1752352991.4032912
1752352991.403309 1752353024.114384
1752353024.1144056 1752353045.0507638
1752353045.0507832 1752353071.178703
1752353071.1787264 1752353095.9302714
1752353095.9302955 1752353115.4265
1752353115.4265244 1752353145.329991
1752353145.330013 1752353168.4937012
1752353168.4937198 1752353197.8365374
1752353197.836572 1752353221.6592984
1752353221.6593182 1752353247.8200908
1752353247.8201206 1752353267.4831674
1752353267.4831836 1752353290.7914634
1752353290.7914822 1752353315.7466955
1752353315.7467182 1752353338.2598522
1752353338.2598722 1752353364.9586296
1752353364.9586606 1752353390.9015238
1752353390.9015439 1752353411.7379136
1752353411.737934 1752353438.8965576
1752353438.896583 1752353467.7628381
1752353467.7628686 1752353497.521482
1752353497.5215015 1752353523.0473268
1752353523.0473483 1752353540.4099634
1752353540.4099882 1752353566.8561466
1752353566.8561716 1752353597.4872756
1752353597.4872968 1752353624.833877
1752353624.8338993 1752353656.4861937
1752353656.4862213 1752353685.150908
1752353685.1509273 1752353710.8290799
1752353710.8291543 1752353733.130904
1752353733.1309364 1752353757.1520023
1752353757.1520371 1752353784.105692
1752353784.1057127 1752353809.2440197
1752353809.244046 1752353830.712854
1752353830.7128792 1752353850.1482418
1752353850.148264 1752353869.8370757
1752353869.8371 1752353890.033498
1752353890.0335152 1752353917.1526062
1752353917.1526265 1752353943.5131664
1752353943.5131907 1752353970.9925644
1752353970.9925904 1752353992.7138345
1752353992.7138565 1752354020.3261685
1752354020.3261898 1752354044.5896082
1752354044.5896745 1752354069.2469232
1752354069.2469463 1752354093.44784
1752354093.4478607 1752354114.5893636
1752354114.5894194 1752354130.3809774
1752354130.3809946 1752354157.581459
1752354157.5814776 1752354179.430711
1752354179.4307358 1752354200.0113258
1752354200.0113518 1752354225.4460437
1752354225.4460618 1752354253.3055112
1752354253.3055398 1752354279.3144162
1752354279.3144372 1752354306.29807
1752354306.2980993 1752354327.360474
1752354327.3605022 1752354350.144895
1752354350.1449125 1752354381.783877
1752354381.7839038 1752354401.2141652
1752354401.2141824 1752354434.5097065
1752354434.5097277 1752354462.4350443
1752354462.4350708 1752354489.8168309
1752354489.8168585 1752354515.7308419
1752354515.730866 1752354546.2794516
1752354546.2794802 1752354569.709689
1752354569.7097073 1752354604.9684432
1752354604.9684682 1752354630.3683403
1752354630.3683612 1752354660.9791493
1752354660.9791698 1752354688.5660713
1752354688.566102 1752354710.5795207
1752354710.5795412 1752354737.686396
1752354737.686423 1752354765.8866718
1752354765.8866918 1752354790.7273147
1752354790.7273335 1752354816.0488355
1752354816.048862 1752354838.5018415
1752354838.5018597 1752354861.8868544
1752354861.8868785 1752354883.088399
1752354883.0884194 1752354908.6688402
1752354908.6688688 1752354930.80525
1752354930.8052795 1752354961.361689
1752354961.3617144 1752354988.163554
1752354988.163597 1752355009.6546552
1752355009.6546743 1752355035.8569636
1752355035.8569896 1752355056.5591483
1752355056.5591674 1752355071.6160524
1752355071.6160786 1752355103.3233695
1752355103.3233888 1752355120.913492
1752355120.9135168 1752355147.9818997
1752355147.981919 1752355164.1990168
1752355164.1990387 1752355197.0339758
1752355197.0339994 1752355222.5993412
1752355222.599364 1752355239.5098014
1752355239.509821 1752355267.7424643
1752355267.7424905 1752355289.412903
1752355289.4129248 1752355316.200179
1752355316.200205 1752355337.0312984
1752355337.0313232 1752355360.4419303
1752355360.4419708 1752355385.4345624
1752355385.4345846 1752355395.409434
1752355395.4094498 1752355429.7380004
1752355429.7380242 1752355457.8632917
1752355457.863317 1752355475.2687497
1752355475.2687695 1752355498.8882117
1752355498.888235 1752355521.7749858
1752355521.7750037 1752355550.1948738
1752355550.1949005 1752355575.7416778
1752355575.7416964 1752355601.649209
1752355601.649232 1752355628.9105408
1752355628.910562 1752355659.2824552
1752355659.282489 1752355676.0736191
1752355676.0736387 1752355703.8138778
1752355703.8139052 1752355729.5258973
1752355729.5259173 1752355752.1811619
1752355752.1812093 1752355776.653298
1752355776.6533232 1752355795.385821
1752355795.3858423 1752355818.7862458
1752355818.7862709 1752355840.058794
1752355840.0588193 1752355861.5093744
1752355861.5094006 1752355885.5948446
1752355885.5948725 1752355908.0770078
1752355908.0770442 1752355925.950316
1752355925.9503422 1752355957.0123749
1752355957.0123982 1752355983.1613176
1752355983.161344 1752356008.704264
1752356008.7042894 1752356033.8462915
1752356033.8463123 1752356054.4087508
1752356054.4087794 1752356075.1180336
1752356075.1180537 1752356095.300752
1752356095.3008108 1752356117.6402721
1752356117.6402988 1752356137.1876254
1752356137.187663 1752356155.0165846
1752356155.0166106 1752356173.7199826
1752356173.720001 1752356205.7430274
1752356205.743052 1752356229.9442039
1752356229.944227 1752356255.7378387
1752356255.7378628 1752356281.2979167
1752356281.2979412 1752356308.0714004
1752356308.0714233 1752356330.221621
1752356330.2216449 1752356359.2518528
1752356359.2518735 1752356382.0559726
1752356382.0559995 1752356405.477293
1752356405.4773142 1752356429.1348321
1752356429.1348538 1752356454.4477081
1752356454.44774 1752356486.0908096
1752356486.090834 1752356506.5705402
1752356506.5705633 1752356527.935224
1752356527.935246 1752356556.6405485
1752356556.6405668 1752356582.39201
1752356582.3920333 1752356606.974656
1752356606.974675 1752356636.0220723
1752356636.022093 1752356660.2992918
1752356660.2993143 1752356680.8715541
1752356680.8716211 1752356709.832711
1752356709.8327298 1752356737.6149147
1752356737.614947 1752356763.7679808
1752356763.768001 1752356792.775855
1752356792.775884 1752356823.998139
1752356823.9981592 1752356841.2294605
1752356841.2294822 1752356876.3026907
1752356876.3027117 1752356899.6514924
1752356899.6515167 1752356925.743544
1752356925.7436764 1752356952.112982
1752356952.1130059 1752356976.1418493
1752356976.14187 1752357008.0647602
1752357008.064783 1752357032.3903952
1752357032.3904133 1752357060.9289503
1752357060.9289792 1752357086.1622264
1752357086.1622472 1752357110.954448
1752357110.9544718 1752357136.7615354
1752357136.7615542 1752357161.976431
1752357161.9764624 1752357188.2478993
1752357188.2479217 1752357216.447283
1752357216.4473088 1752357232.6630518
1752357232.663076 1752357260.4556217
1752357260.4556472 1752357282.2301884
1752357282.2302084 1752357305.1717594
