1756735715.7521048 1756735777.0038688
1756735777.0039 1756735822.393711
1756735822.3937314 1756735867.205092
1756735867.205131 1756735922.8692017
1756735922.8692389 1756735973.582746
1756735973.5827713 1756736036.3033843
1756736036.303411 1756736099.2642467
1756736099.2642713 1756736174.7842379
1756736174.7842677 1756736228.2902231
1756736228.2902513 1756736296.121405
1756736296.121427 1756736346.3381493
1756736346.3381774 1756736417.2702665
1756736417.2703028 1756736480.7053592
1756736480.7053876 1756736535.0932682
1756736535.0932949 1756736585.1523535
1756736585.1523852 1756736634.9199033
1756736634.919928 1756736676.0616114
1756736676.0616415 1756736717.5922751
1756736717.5922952 1756736765.501874
1756736765.5019057 1756736822.2917573
1756736822.2917778 1756736861.1036954
1756736861.1037316 1756736949.0001183
1756736949.0001426 1756736991.8593671
1756736991.8593924 1756737034.7509608
1756737034.7509804 1756737081.6020725
1756737081.6020982 1756737127.0989301
1756737127.0989525 1756737185.4736278
1756737185.4736638 1756737246.355042
1756737246.3550622 1756737299.1244779
1756737299.124519 1756737370.5181723
1756737370.5181978 1756737412.3406541
1756737412.340678 1756737465.1366398
1756737465.1366677 1756737505.5251873
1756737505.52522 1756737536.7967687
1756737536.7967896 1756737586.910353
1756737586.910378 1756737629.4638238
1756737629.4638486 1756737670.6529193
1756737670.6529498 1756737731.5406983
1756737731.5407262 1756737795.9954603
1756737795.9954832 1756737851.5624714
1756737851.5624964 1756737895.757088
1756737895.7571135 1756737951.4427843
1756737951.4428117 1756738008.6393864
1756738008.6394134 1756738052.6486192
1756738052.6486573 1756738101.3014796
1756738101.3015 1756738165.1033726
1756738165.1034014 1756738216.2188027
1756738216.2188282 1756738281.9811327
1756738281.9811573 1756738329.0576978
1756738329.0577216 1756738367.8414052
1756738367.8414295 1756738407.6197195
1756738407.6197426 1756738463.9619539
1756738463.9619815 1756738503.956068
1756738503.9560912 1756738565.9318676
1756738565.9318917 1756738623.5242407
1756738623.524271 1756738664.675018
1756738664.6750376 1756738708.1127725
1756738708.1128156 1756738745.773259
1756738745.773283 1756738788.6652005
1756738788.665241 1756738842.6612198
1756738842.6612546 1756738896.5253177
1756738896.5253415 1756738957.3554723
1756738957.3555021 1756739017.553856
1756739017.5538783 1756739087.7425125
1756739087.7425363 1756739124.9831703
1756739124.9831913 1756739180.774525
1756739180.7745519 1756739223.8290336
1756739223.8290572 1756739288.7682242
1756739288.7682455 1756739370.648175
1756739370.6482005 1756739427.5360994
1756739427.536126 1756739481.5182586
1756739481.5182793 1756739533.1625216
1756739533.1625469 1756739585.0372427
1756739585.0372696 1756739657.2780726
1756739657.2781003 1756739709.1791499
1756739709.1791685 1756739785.6226432
1756739785.622671 1756739834.531736
1756739834.5317576 1756739884.888214
1756739884.8882444 1756739927.3478906
1756739927.347921 1756739964.947094
1756739964.9471176 1756740003.1451046
1756740003.145129 1756740040.3193634
1756740040.3193867 1756740088.3792531
1756740088.3792787 1756740133.5835502
1756740133.5836232 1756740196.4914396
1756740196.491468 1756740258.6443782
1756740258.6444016 1756740303.760587
1756740303.7606227 1756740364.684812
1756740364.6848323 1756740417.5864305
1756740417.5864549 1756740487.0905347
1756740487.0905597 1756740543.2813277
1756740543.281349 1756740594.2258039
1756740594.225833 1756740655.9667816
1756740655.9668074 1756740707.454483
1756740707.4545114 1756740757.4279912
1756740757.428018 1756740811.772441
1756740811.7724633 1756740881.891594
1756740881.8916225 1756740945.7582023
1756740945.7582347 1756740991.2740178
1756740991.2740479 1756741029.7674634
