1756735715.8561325 1756735777.1161768
1756735777.116204 1756735822.731528
1756735822.7315495 1756735867.759902
1756735867.7599456 1756735923.5213358
1756735923.5213552 1756735971.57758
1756735971.5776196 1756736037.4644213
1756736037.4644613 1756736098.5570476
1756736098.5570796 1756736174.5231473
1756736174.5232 1756736225.5094671
1756736225.509502 1756736296.9613411
1756736296.9613647 1756736342.3152902
1756736342.3153148 1756736413.293626
1756736413.2936542 1756736470.9686787
1756736470.9687047 1756736531.311177
1756736531.3112116 1756736578.3722563
1756736578.3722806 1756736629.8782587
1756736629.8782873 1756736670.465509
1756736670.4655354 1756736716.5387225
1756736716.538749 1756736766.7588105
1756736766.7588422 1756736818.6037598
1756736818.603784 1756736861.2024617
1756736861.2024896 1756736940.2089233
1756736940.208947 1756736990.9605083
1756736990.960542 1756737034.2770083
1756737034.277031 1756737076.5752459
1756737076.5752666 1756737120.4531798
1756737120.453204 1756737181.4144094
1756737181.4144316 1756737243.598097
1756737243.5981305 1756737298.8842015
1756737298.884237 1756737369.6566002
1756737369.6566272 1756737409.3209698
1756737409.3209941 1756737458.5517669
1756737458.5517912 1756737500.8033993
1756737500.8034248 1756737536.1379976
1756737536.1380188 1756737578.5022633
1756737578.5022886 1756737625.6313226
1756737625.6313632 1756737670.5798774
1756737670.5798998 1756737725.081607
1756737725.0816355 1756737792.3665519
1756737792.366574 1756737850.4672472
1756737850.467275 1756737894.2262645
1756737894.2262905 1756737943.2739575
1756737943.27398 1756738006.7745287
1756738006.7745574 1756738045.8085694
1756738045.8085938 1756738100.4245608
1756738100.4245884 1756738159.861995
1756738159.8620148 1756738211.4665966
1756738211.4666233 1756738275.1926057
1756738275.19263 1756738326.5592365
1756738326.5592673 1756738365.5432613
1756738365.543291 1756738408.9974205
1756738408.997454 1756738460.888159
1756738460.8881829 1756738502.2707353
1756738502.270763 1756738560.8118105
1756738560.8118343 1756738621.654493
1756738621.6545224 1756738659.6768243
1756738659.6768444 1756738702.9996827
1756738702.9997082 1756738743.3953605
1756738743.3953838 1756738783.9741151
1756738783.974137 1756738840.138328
1756738840.1383557 1756738889.445477
1756738889.445497 1756738955.953817
1756738955.9538434 1756739009.07248
1756739009.0725083 1756739092.5825393
1756739092.5825677 1756739131.3150067
1756739131.315034 1756739181.3521767
1756739181.352201 1756739223.138885
1756739223.1389105 1756739294.2649672
1756739294.264993 1756739371.8784125
1756739371.8784335 1756739426.335966
1756739426.3359964 1756739471.644486
1756739471.644512 1756739530.4017248
1756739530.401748 1756739578.7380285
1756739578.7380521 1756739647.1452706
1756739647.145292 1756739701.421398
1756739701.421424 1756739776.5762432
1756739776.576263 1756739828.9925902
1756739828.9926155 1756739883.8584836
1756739883.8585136 1756739927.3107154
1756739927.3107429 1756739964.7193856
1756739964.7194088 1756740004.1541297
1756740004.154153 1756740040.0720432
1756740040.0720706 1756740085.4363353
1756740085.4363654 1756740133.985792
1756740133.9858153 1756740197.606244
1756740197.6062698 1756740258.0581756
1756740258.0582037 1756740296.7012517
1756740296.7012753 1756740357.8807266
1756740357.8807526 1756740410.6670213
1756740410.6670437 1756740483.1271734
1756740483.127197 1756740537.6041112
1756740537.6041393 1756740591.2146013
1756740591.2146237 1756740652.7697322
1756740652.7697628 1756740702.1463592
1756740702.1463847 1756740754.7661653
1756740754.7661939 1756740800.7679415
1756740800.7679648 1756740883.8772483
1756740883.8772757 1756740942.9719145
1756740942.9719396 1756740985.9988291
1756740985.998854 1756741022.4349344
