1776408381.8614922 1776408407.6457777
1776408408.6469216 1776408432.5538986
1776408436.5580635 1776408473.8141937
1776408481.822356 1776408503.4176023
1776408510.424765 1776408524.7748199
1776408524.7749524 1776408554.0513482
1776408557.0544338 1776408585.1977084
1776408592.2048738 1776408612.804131
1776408617.809315 1776408641.8714027
1776408649.8795168 1776408669.0386617
1776408678.0478265 1776408696.610365
1776408696.610497 1776408725.4780345
1776408727.4801424 1776408755.9668071
1776408759.9710598 1776408778.1918805
1776408778.1919472 1776408810.0413575
1776408811.0424674 1776408846.352188
1776408856.362363 1776408875.609828
1776408880.6149263 1776408911.3307538
1776408912.3319218 1776408940.7077053
1776408950.7178097 1776408975.5727253
1776408984.5819068 1776409006.7516756
1776409016.7584295 1776409039.9499002
1776409046.9503288 1776409078.8082297
1776409080.8103306 1776409101.5235953
1776409102.524762 1776409141.3205867
1776409146.3257759 1776409172.5708888
1776409180.5790095 1776409206.813276
1776409208.814326 1776409235.982943
1776409244.992051 1776409265.7043817
1776409266.705529 1776409294.594001
1776409295.5951226 1776409324.0904922
1776409328.0946324 1776409350.7594483
1776409355.7623382 1776409375.593773
1776409381.5998983 1776409396.333826
1776409401.3383293 1776409427.0929642
1776409434.10009 1776409459.4762259
1776409462.4793727 1776409488.4140322
1776409494.4201639 1776409518.7582092
1776409525.7623389 1776409544.6038494
1776409544.6039367 1776409576.1858358
1776409583.1929965 1776409601.8215175
1776409609.8263872 1776409626.5210667
1776409630.5252385 1776409658.5184321
1776409661.5201035 1776409688.3499215
1776409697.359102 1776409715.1137493
1776409719.1178648 1776409746.3294325
1776409749.330349 1776409770.6771576
1776409779.6862702 1776409798.7923245
1776409803.7974198 1776409825.5812323
1776409829.5854213 1776409853.7552855
1776409859.761399 1776409881.8018198
1776409885.8060024 1776409915.5326545
1776409921.5387664 1776409944.7176783
1776409952.7258527 1776409973.9034567
1776409974.9045632 1776409994.300164
1776410003.3093417 1776410020.9440863
1776410024.9482703 1776410049.4647164
1776410059.4744072 1776410073.8850644
1776410074.8862288 1776410102.073778
1776410107.07896 1776410128.3144
1776410137.3235343 1776410152.794406
1776410153.7955167 1776410179.980749
1776410179.9808893 1776410199.0797417
1776410203.0838537 1776410223.572386
1776410226.5743294 1776410252.6876884
1776410252.6877594 1776410282.872935
1776410292.882346 1776410312.4917195
1776410321.4983327 1776410342.7963965
1776410343.797561 1776410373.8715887
1776410373.871665 1776410400.7269216
1776410400.7269895 1776410425.8986046
1776410433.9057853 1776410458.5482473
1776410465.5553613 1776410490.850066
1776410498.8543148 1776410517.3850517
1776410523.3911717 1776410552.926963
1776410558.9311686 1776410575.609576
1776410578.6126966 1776410607.5552695
1776410609.5574403 1776410640.8467505
1776410642.8488657 1776410676.3366044
1776410682.342784 1776410708.7274127
1776410715.7306643 1776410738.7856498
1776410740.7877939 1776410765.081381
1776410766.0825148 1776410794.7172618
1776410794.7173405 1776410816.3575647
1776410821.3584423 1776410854.8664007
1776410858.8703375 1776410883.794269
1776410884.7954059 1776410911.82267
1776410913.8247747 1776410941.3411727
1776410946.346276 1776410970.7285624
1776410977.7298636 1776410997.0958674
1776411005.1038067 1776411030.7349167
1776411038.7430902 1776411060.176072
1776411062.1781783 1776411081.0375555
1776411091.047718 1776411111.908636
1776411114.9118063 1776411137.0257888
1776411137.0258589 1776411169.5138195
1776411172.5170023 1776411194.8000314
1776411197.8031337 1776411225.5282576
1776411226.529401 1776411252.0602958
1776411262.066369 1776411280.3272283
