1752027017.3140826 1752027048.2185075
1752027048.2185414 1752027072.5528936
1752027072.552915 1752027105.9783866
1752027105.9784079 1752027140.2494135
1752027140.2494364 1752027171.6642492
1752027171.6642714 1752027208.1883533
1752027208.1883748 1752027238.9470005
1752027238.9470243 1752027270.9426703
1752027270.9427044 1752027301.914052
1752027301.9140747 1752027327.9792628
1752027327.979283 1752027354.8377945
1752027354.837816 1752027383.3557775
1752027383.3558009 1752027416.232237
1752027416.232256 1752027460.2467942
1752027460.2468157 1752027489.6478393
1752027489.6478682 1752027515.8540177
1752027515.8540509 1752027551.367259
1752027551.3672793 1752027570.7844987
1752027570.784516 1752027595.4169629
1752027595.4169967 1752027616.292852
1752027616.2928717 1752027650.8394618
1752027650.8394814 1752027683.7414305
1752027683.7414637 1752027709.4338584
1752027709.4338815 1752027739.5610218
1752027739.5610435 1752027771.862297
1752027771.8623173 1752027792.0958042
1752027792.0958226 1752027825.1511312
1752027825.1511564 1752027862.1405683
1752027862.1405919 1752027886.4829338
1752027886.482967 1752027911.3385203
1752027911.3385365 1752027940.9861403
1752027940.9861822 1752027969.6467695
1752027969.6468077 1752027997.4324586
1752027997.432479 1752028033.829116
1752028033.8291388 1752028065.868893
1752028065.868917 1752028088.8826218
1752028088.882646 1752028113.0551312
1752028113.0551496 1752028150.3659647
1752028150.365983 1752028179.5125332
1752028179.5125499 1752028214.8873177
1752028214.8873384 1752028240.9044793
1752028240.9045055 1752028273.0731597
1752028273.0731819 1752028296.6810703
1752028296.6810892 1752028328.920167
1752028328.920191 1752028358.577402
1752028358.5774255 1752028389.518687
1752028389.5187125 1752028426.4828296
1752028426.4828613 1752028462.9305813
1752028462.9306066 1752028498.6736581
1752028498.6736841 1752028524.950419
1752028524.9504352 1752028565.5044997
1752028565.504521 1752028598.62285
1752028598.6228716 1752028631.2786865
1752028631.2787156 1752028662.5383668
1752028662.5383894 1752028691.3291748
1752028691.3292012 1752028712.146368
1752028712.1463866 1752028747.4465296
1752028747.446571 1752028776.5559347
1752028776.5559628 1752028798.0017934
1752028798.0018308 1752028819.740941
1752028819.7409606 1752028848.149567
1752028848.1495876 1752028875.4705067
1752028875.4705243 1752028900.99631
1752028900.9963534 1752028931.0124447
1752028931.0124671 1752028959.6038682
1752028959.6038895 1752028995.7411716
1752028995.7411952 1752029027.2507784
1752029027.2508037 1752029054.657154
1752029054.6571717 1752029083.1175833
1752029083.117607 1752029114.8093572
1752029114.8093836 1752029152.0976102
1752029152.0976353 1752029172.4433327
1752029172.4433517 1752029203.1402035
1752029203.1402295 1752029238.4199688
1752029238.4199944 1752029263.2541747
1752029263.2541943 1752029295.8523564
1752029295.8523777 1752029330.6586266
1752029330.6586506 1752029355.624852
1752029355.6248767 1752029384.4593887
1752029384.4594066 1752029415.1511524
1752029415.1511772 1752029446.700174
1752029446.7001958 1752029478.9680269
1752029478.9680765 1752029510.344598
1752029510.344619 1752029537.8284729
1752029537.8284981 1752029563.7931063
1752029563.7931287 1752029589.9768853
1752029589.9769135 1752029616.5722647
1752029616.5722907 1752029637.6155422
1752029637.615561 1752029667.423288
1752029667.4233136 1752029694.1064541
1752029694.1064754 1752029723.2493272
1752029723.2493598 1752029759.9805057
1752029759.9805322 1752029790.9132638
1752029790.9132845 1752029816.6904337
1752029816.6904616 1752029842.8651123
1752029842.8651354 1752029872.0338073
1752029872.0338275 1752029904.5104232
1752029904.5104446 1752029929.0239568
1752029929.0239773 1752029962.5841959
1752029962.5842397 1752029990.3623278
1752029990.3623528 1752030021.586882
1752030021.5869012 1752030066.0256104
1752030066.0256314 1752030090.9859223
1752030090.985943 1752030124.506207
1752030124.5062315 1752030153.5911715
1752030153.591201 1752030183.0337052
1752030183.0337293 1752030212.6797097
1752030212.6797326 1752030245.57736
1752030245.5773783 1752030285.9209886
1752030285.9210362 1752030323.8380816
1752030323.838104 1752030352.1854637
1752030352.1854863 1752030387.0389647
1752030387.0389857 1752030415.509435
1752030415.5094662 1752030445.2701936
1752030445.2702138 1752030469.7127428
1752030469.7127688 1752030508.9473202
1752030508.9473608 1752030538.4291596
1752030538.4291847 1752030567.7546072
1752030567.7546263 1752030599.2817287
1752030599.2817576 1752030630.5480523
1752030630.5480752 1752030651.9760542
1752030651.976073 1752030682.4240632
1752030682.4240925 1752030713.8923783
1752030713.8924017 1752030743.1441348
1752030743.1441612 1752030776.946782
1752030776.9468057 1752030796.7283704
1752030796.728387 1752030838.0316565
1752030838.0316846 1752030863.767385
1752030863.7674112 1752030888.9466069
1752030888.9466248 1752030914.9655616
1752030914.9655862 1752030946.8878756
1752030946.8878975 1752030977.014003
1752030977.0140243 1752031004.953957
1752031004.9539845 1752031030.8869793
1752031030.886997 1752031064.5329583
1752031064.53299 1752031091.584831
1752031091.584857 1752031121.2888913
1752031121.2889216 1752031150.8731318
1752031150.8731554 1752031173.4961104
1752031173.4961412 1752031202.7983315
1752031202.798358 1752031239.0223327
1752031239.0223572 1752031260.822841
1752031260.8228574 1752031306.3862538
1752031306.3862896 1752031340.0226276
1752031340.0226493 1752031375.909686
1752031375.9097111 1752031404.405999
1752031404.406023 1752031440.5161803
1752031440.5162017 1752031470.6538768
1752031470.6538968 1752031508.6302881
1752031508.630312 1752031543.6570492
1752031543.6570776 1752031585.7191043
1752031585.719128 1752031609.2723784
1752031609.2723954 1752031648.5900977
1752031648.5901217 1752031687.619182
1752031687.6192133 1752031726.0754898
1752031726.0755115 1752031755.8948264
1752031755.8948474 1752031783.7072449
1752031783.7072701 1752031815.085436
1752031815.0854623 1752031844.5175483
1752031844.517583 1752031870.0347264
1752031870.0347576 1752031897.2561414
1752031897.25617 1752031928.243325
1752031928.2433486 1752031952.7319324
1752031952.7319577 1752031978.878579
1752031978.8786013 1752032012.474623
1752032012.4746544 1752032042.0907109
1752032042.0907345 1752032066.6951313
1752032066.6951532 1752032096.2364478
1752032096.2364674 1752032122.6444561
1752032122.6444876 1752032152.885065
1752032152.885091 1752032175.9672854
1752032175.9673026 1752032202.1746824
1752032202.1747057 1752032233.091625
1752032233.0916498 1752032263.1768286
1752032263.1768613 1752032296.5655935
1752032296.565612 1752032319.3231406
1752032319.3231642 1752032357.098588
1752032357.0986178 1752032384.45228
1752032384.4523003 1752032414.555516
1752032414.5555408 1752032455.7023911
1752032455.702416 1752032481.2367442
1752032481.236764 1752032515.446687
1752032515.4467134 1752032547.0889482
1752032547.0889733 1752032576.0586658
1752032576.0586998 1752032611.780483
1752032611.780511 1752032635.748265
1752032635.7482915 1752032672.2818227
1752032672.281848 1752032700.387282
1752032700.387307 1752032717.461874
1752032717.4618952 1752032750.8010848
1752032750.8011053 1752032775.1718264
1752032775.1718566 1752032803.0026293
1752032803.002647 1752032832.4485657
1752032832.4485917 1752032868.998773
1752032868.9987974 1752032902.2427495
1752032902.2427707 1752032920.2225056
1752032920.2225285 1752032951.8927643
1752032951.8927894 1752032987.8467705
1752032987.8467898 1752033015.668203
1752033015.668232 1752033047.4201183
1752033047.4201415 1752033082.0150304
1752033082.0150497 1752033108.0736203
1752033108.0736449 1752033142.481607
1752033142.4816322 1752033167.9430084
1752033167.9430377 1752033201.3746693
1752033201.374693 1752033226.7134323
1752033226.7134538 1752033252.7508638
1752033252.7508836 1752033287.8363662
1752033287.8363914 1752033309.0738127
1752033309.0738318 1752033340.7522576
1752033340.7522852 1752033371.6569874
1752033371.6570153 1752033404.913568
1752033404.9135883 1752033426.0484588
1752033426.048481 1752033458.152309
1752033458.1523325 1752033480.6618445
1752033480.6618779 1752033507.30351
1752033507.303531 1752033527.669946
1752033527.669969 1752033562.0493803
1752033562.0493977 1752033589.6835008
1752033589.683528 1752033616.3151548
1752033616.3151803 1752033643.5202045
1752033643.5202363 1752033671.9468782
1752033671.9469037 1752033703.1617315
1752033703.161749 1752033733.6919208
1752033733.6919508 1752033760.5248716
1752033760.5248978 1752033788.0647252
1752033788.064751 1752033813.154411
1752033813.1544352 1752033848.8331757
1752033848.8332055 1752033876.43571
1752033876.4357312 1752033908.5609884
1752033908.5610123 1752033941.2579746
1752033941.257996 1752033960.56443
1752033960.5644555 1752033997.0672002
1752033997.067219 1752034033.462803
1752034033.4628305 1752034061.596263
1752034061.5962882 1752034086.9682698
1752034086.9682877 1752034115.7212486
1752034115.721279 1752034143.4334095
1752034143.4334302 1752034165.5393155
1752034165.539343 1752034192.7283046
1752034192.7283413 1752034222.6614296
1752034222.6614478 1752034251.158064
1752034251.1580923 1752034273.485134
1752034273.4851496 1752034306.0503764
1752034306.050403 1752034337.2171044
1752034337.2171264 1752034367.7002285
1752034367.7002509 1752034397.4616997
1752034397.4617217 1752034426.2606466
1752034426.2606688 1752034452.769373
1752034452.7693944 1752034479.5205781
1752034479.520611 1752034511.841515
1752034511.841553 1752034539.1208477
1752034539.1208723 1752034583.6903636
1752034583.6903818 1752034607.147364
1752034607.1473877 1752034640.751681
1752034640.7516987 1752034673.336148
1752034673.3361754 1752034698.1253104
1752034698.1253326 1752034732.7595913
1752034732.759625 1752034761.3460314
1752034761.3460605 1752034791.6582541
1752034791.6582704 1752034825.1480148
1752034825.1480427 1752034853.2539656
1752034853.253988 1752034877.5257201
1752034877.5257444 1752034905.601108
1752034905.6011264 1752034932.8640997
1752034932.8641262 1752034961.9528635
1752034961.95289 1752034982.8021424
1752034982.8021612 1752035018.0798588
1752035018.0798852 1752035044.2509637
1752035044.2509844 1752035081.7014825
1752035081.7015066 1752035105.7803805
1752035105.7804062 1752035138.6916418
1752035138.6916769 1752035162.0826662
1752035162.082686 1752035187.29137
1752035187.2913935 1752035216.7739682
1752035216.7739875 1752035244.741162
1752035244.7411852 1752035280.7854314
1752035280.7854583 1752035307.2632482
1752035307.263266 1752035340.6753807
1752035340.6754072 1752035370.8351805
1752035370.835204 1752035399.2055795
1752035399.2055984 1752035433.489269
1752035433.4892962 1752035458.6596756
1752035458.6596937 1752035493.1311405
1752035493.1311667 1752035517.649339
1752035517.6493561 1752035546.4352243
1752035546.435248 1752035592.3180912
1752035592.3181188 1752035616.9076917
1752035616.9077196 1752035647.9001122
1752035647.900136 1752035676.314299
1752035676.3143253 1752035704.3191125
1752035704.3191583 1752035732.2186189
1752035732.2186358 1752035767.9718254
1752035767.9718666 1752035800.3319528
1752035800.331974 1752035837.4483387
1752035837.4483647 1752035872.4583015
1752035872.4583259 1752035900.4499927
1752035900.4500368 1752035925.1453133
1752035925.1453314 1752035964.6122282
1752035964.6122537 1752036001.2510908
1752036001.2511168 1752036037.2898357
1752036037.2898686 1752036069.299264
1752036069.2992945 1752036104.8365996
1752036104.8366284 1752036132.841214
1752036132.8412378 1752036168.9531116
1752036168.9531307 1752036199.3353739
1752036199.3353996 1752036222.1813374
1752036222.1813564 1752036254.9903476
1752036254.9903896 1752036289.580826
1752036289.5808485 1752036322.3216252
1752036322.3216522 1752036350.598516
1752036350.5985363 1752036378.361067
1752036378.3610911 1752036404.3743346
1752036404.3743594 1752036444.2363524
1752036444.2363772 1752036479.1069844
1752036479.1070137 1752036513.713185
1752036513.7132075 1752036534.4028802
1752036534.4028993 1752036570.4058135
1752036570.4058304 1752036598.9853475
1752036598.985373 1752036624.1088104
1752036624.1088269 1752036665.3678243
1752036665.3678532 1752036686.4877894
1752036686.4878082 1752036719.7413964
1752036719.74142 1752036750.8651054
1752036750.8651302 1752036772.8209333
1752036772.820955 1752036829.414679
1752036829.4146967 1752036860.0526648
1752036860.0526905 1752036890.754399
1752036890.754428 1752036918.163431
1752036918.163452 1752036951.5710416
1752036951.5710626 1752036985.046571
1752036985.046595 1752037004.047743
1752037004.047767 1752037026.8048623
1752037026.80488 1752037054.356648
1752037054.3566775 1752037077.7981164
1752037077.798138 1752037109.0306177
1752037109.030643 1752037146.0208588
1752037146.0208845 1752037184.2813065
1752037184.2813315 1752037217.3916864
1752037217.3917117 1752037246.3739536
1752037246.3739712 1752037286.4323764
1752037286.4324076 1752037319.510956
1752037319.5109813 1752037346.46591
1752037346.4659383 1752037377.2870667
1752037377.2870843 1752037402.3843417
1752037402.3843677 1752037434.9638567
1752037434.9638734 1752037461.7310655
1752037461.7310882 1752037498.678873
1752037498.6788938 1752037526.4270527
1752037526.427076 1752037557.1255107
1752037557.1255288 1752037581.1416776
1752037581.141703 1752037610.3140452
1752037610.3140798 1752037638.0416892
1752037638.041715 1752037663.007756
1752037663.007803 1752037690.7552722
1752037690.7552958 1752037722.0475516
1752037722.0476034 1752037751.8615816
1752037751.8616028 1752037778.7176027
1752037778.7176208 1752037819.2164912
1752037819.2165315 1752037843.1621413
1752037843.1621625 1752037870.340374
1752037870.3403926 1752037899.8091083
1752037899.80913 1752037930.890203
1752037930.8902338 1752037960.6449323
1752037960.6449547 1752037982.5683331
1752037982.568353 1752038004.7193735
1752038004.7193952 1752038042.9206161
1752038042.9206414 1752038070.0214891
1752038070.0215113 1752038105.1753888
1752038105.1754048 1752038139.6873865
1752038139.6874132 1752038166.2020626
1752038166.2020802 1752038197.3761039
1752038197.376133 1752038222.5811439
1752038222.5811648 1752038253.3251276
1752038253.3251464 1752038285.3688786
1752038285.3689034 1752038314.939302
1752038314.9393191 1752038349.9746642
1752038349.97469 1752038372.0296543
1752038372.029676 1752038410.63384
1752038410.6338665 1752038437.1360953
1752038437.136137 1752038473.3376834
1752038473.337702 1752038495.2475843
1752038495.2476242 1752038527.8936574
1752038527.8936808 1752038558.0160313
1752038558.0160596 1752038588.1970305
1752038588.197065 1752038612.4032152
1752038612.4032404 1752038641.15128
1752038641.1513076 1752038672.399898
1752038672.3999252 1752038699.4472718
1752038699.4473002 1752038724.9657633
1752038724.9657798 1752038751.3375492
1752038751.3375714 1752038784.1816537
1752038784.1816761 1752038808.527579
1752038808.5275996 1752038838.6234202
1752038838.6234396 1752038867.8227265
1752038867.8227541 1752038895.3667643
1752038895.3667798 1752038927.9402266
1752038927.940251 1752038960.189636
1752038960.1896584 1752038993.1298819
1752038993.1299121 1752039032.4016497
1752039032.4016774 1752039056.7858853
1752039056.7859015 1752039099.671936
1752039099.67196 1752039114.8255785
1752039114.8255978 1752039149.6980016
1752039149.6980195 1752039187.9310977
1752039187.9311225 1752039221.5693545
1752039221.569378 1752039247.2665884
1752039247.2666047 1752039273.4740713
1752039273.4740963 1752039298.7224178
1752039298.722434 1752039331.8588715
1752039331.8588943 1752039360.046344
1752039360.0463793 1752039392.5591843
1752039392.5592039 1752039422.4954202
1752039422.495458 1752039450.2956944
1752039450.2957184 1752039481.1685064
1752039481.1685276 1752039515.0169818
1752039515.016998 1752039547.368864
1752039547.3688924 1752039569.470318
1752039569.470343 1752039598.8031585
1752039598.8031783 1752039626.001279
1752039626.0013046 1752039655.0824478
1752039655.082468 1752039683.795156
1752039683.7951772 1752039719.6188364
1752039719.618862 1752039742.565692
1752039742.5657103 1752039777.9477088
1752039777.9477332 1752039803.0503266
1752039803.0503454 1752039829.169427
1752039829.1694498 1752039861.2173605
1752039861.2173843 1752039885.4140487
1752039885.4140713 1752039922.9268026
1752039922.926825 1752039950.4370797
1752039950.4371068 1752039976.1570127
1752039976.1570287 1752040017.5848432
1752040017.5848792 1752040051.638415
1752040051.638434 1752040084.4231465
1752040084.4231715 1752040113.1834059
1752040113.183432 1752040132.6103547
1752040132.6103785 1752040166.0384943
1752040166.0385199 1752040191.1364264
1752040191.1364439 1752040223.4436529
1752040223.443682 1752040260.7381985
1752040260.738217 1752040290.5047202
1752040290.504744 1752040313.6069064
1752040313.6069243 1752040347.0335279
1752040347.0335512 1752040372.4166672
1752040372.416686 1752040404.5486808
1752040404.5487123 1752040430.7218153
1752040430.7218373 1752040462.15035
1752040462.150376 1752040496.743877
1752040496.743915 1752040536.72093
1752040536.7209492 1752040563.9004502
1752040563.9004734 1752040598.8254342
1752040598.8254514 1752040629.8179717
1752040629.818002 1752040656.9205956
1752040656.9206142 1752040691.7833908
1752040691.7834156 1752040720.396389
1752040720.396409 1752040748.4216824
1752040748.4217103 1752040775.1299832
1752040775.1300085 1752040816.3612099
1752040816.361232 1752040832.1742928
1752040832.1743178 1752040867.9893386
1752040867.9893618 1752040888.758703
1752040888.7587192 1752040922.7460952
1752040922.7461195 1752040954.8409438
1752040954.8409624 1752040989.4372456
1752040989.4372723 1752041018.1716335
1752041018.1716516 1752041044.7711296
1752041044.771155 1752041067.5094886
1752041067.5095086 1752041101.037583
1752041101.0376074 1752041138.6188955
1752041138.6189191 1752041172.079722
1752041172.0797427 1752041197.4105864
1752041197.410617 1752041224.0736992
1752041224.0737193 1752041255.2879846
1752041255.2880104 1752041285.832848
1752041285.8328722 1752041325.0016031
1752041325.0016258 1752041356.232605
1752041356.2326326 1752041388.8820896
1752041388.8821108 1752041416.2539725
1752041416.2540007 1752041439.469577
1752041439.4695954 1752041478.678218
1752041478.6782432 1752041503.4334695
1752041503.4334874 1752041535.980513
1752041535.9805386 1752041565.9698071
1752041565.9698246 1752041598.6671941
1752041598.6672196 1752041628.6784227
1752041628.678441 1752041652.3829603
1752041652.3829813 1752041684.8186247
1752041684.8186417 1752041709.5025063
1752041709.5025332 1752041746.8343914
1752041746.8344233 1752041774.1690655
1752041774.1690938 1752041805.5935123
1752041805.5935335 1752041831.9116137
1752041831.911636 1752041865.3338933
1752041865.3339128 1752041888.6387875
1752041888.6388097 1752041911.524328
1752041911.5243533 1752041942.3036027
1752041942.303628 1752041973.4037418
1752041973.4037755 1752041998.343516
1752041998.3435404 1752042027.2287724
1752042027.228794 1752042054.3976552
1752042054.3976789 1752042079.436595
1752042079.436613 1752042113.4284365
1752042113.4284637 1752042141.338095
1752042141.3381138 1752042177.8376594
1752042177.8376818 1752042204.88222
1752042204.8822434 1752042240.9872053
1752042240.9872239 1752042274.8398054
1752042274.8398423 1752042302.8412254
1752042302.8412466 1752042324.1904294
1752042324.1904519 1752042363.8515878
1752042363.8516083 1752042391.1972349
1752042391.1972554 1752042425.5274115
1752042425.5274315 1752042452.267103
1752042452.2671237 1752042487.5429494
1752042487.5429761 1752042522.9354312
1752042522.9354563 1752042549.9394329
1752042549.9394515 1752042587.479151
1752042587.4791777 1752042611.3243873
1752042611.3244107 1752042633.756876
1752042633.7568948 1752042672.5399582
1752042672.5399835 1752042701.5408845
1752042701.54091 1752042729.2928274
1752042729.2928457 1752042758.4186683
1752042758.4186916 1752042785.6645412
1752042785.664563 1752042814.8775756
1752042814.8775988 1752042849.992631
1752042849.9926536 1752042877.0358071
1752042877.0358324 1752042909.1585958
1752042909.1586196 1752042937.1863558
1752042937.1863794 1752042961.311359
1752042961.3113825 1752042988.0497634
1752042988.049782 1752043029.8965127
1752043029.896541 1752043057.0313592
1752043057.0313785 1752043085.486715
1752043085.486742 1752043118.8838584
1752043118.8838785 1752043139.4187381
1752043139.4187577 1752043180.9185057
1752043180.9185236 1752043201.4735327
1752043201.4735491 1752043234.8222158
1752043234.82224 1752043258.7874935
1752043258.7875166 1752043286.6110048
1752043286.6110306 1752043314.525722
1752043314.525746 1752043344.6845577
1752043344.6845784 1752043378.1314619
1752043378.131487 1752043405.367361
1752043405.3673797 1752043436.7913015
1752043436.7913241 1752043458.1670136
1752043458.1670346 1752043487.98561
1752043487.985637 1752043519.7094886
1752043519.709506 1752043552.0454657
1752043552.0454874 1752043570.0616398
1752043570.0616632 1752043594.865282
1752043594.865301 1752043618.060305
1752043618.0603266 1752043645.309307
1752043645.309326 1752043684.6479762
1752043684.6480026 1752043707.5212703
1752043707.5213032 1752043745.8384235
1752043745.8384502 1752043769.3476303
1752043769.3476632 1752043796.1107304
1752043796.110766 1752043821.9812763
1752043821.981301 1752043843.7565253
1752043843.7565465 1752043876.0532482
1752043876.0532787 1752043909.1082067
1752043909.1082268 1752043932.1029086
1752043932.1029356 1752043961.592509
1752043961.592531 1752043979.208757
1752043979.208777 1752044019.1264772
1752044019.1264975 1752044047.9109929
1752044047.9110148 1752044078.906447
1752044078.9064693 1752044107.9063585
1752044107.906389 1752044136.4733043
1752044136.473325 1752044168.4740884
1752044168.4741066 1752044198.8926034
1752044198.8926346 1752044228.586915
1752044228.5869324 1752044250.441616
1752044250.4416409 1752044278.9420476
1752044278.9420664 1752044304.9539647
1752044304.9539886 1752044335.0993083
1752044335.0993266 1752044363.1276608
1752044363.1276832 1752044387.3193216
1752044387.3193462 1752044430.2336795
1752044430.2336984 1752044454.6607568
1752044454.6607783 1752044498.160578
1752044498.1606011 1752044521.1888335
1752044521.1888583 1752044550.6405835
1752044550.6406052 1752044580.057824
1752044580.057848 1752044608.463761
1752044608.4637809 1752044652.239117
1752044652.2391405 1752044676.4682672
1752044676.4682882 1752044706.7971797
1752044706.797202 1752044731.5088484
1752044731.508867 1752044760.517431
1752044760.517459 1752044781.958713
1752044781.958732 1752044813.5381172
1752044813.5381467 1752044840.9879086
1752044840.9879327 1752044877.4898324
1752044877.4898524 1752044906.610925
1752044906.6109464 1752044936.7695596
1752044936.7695808 1752044969.387485
1752044969.3875082 1752044997.929343
1752044997.929362 1752045024.5510874
1752045024.5511322 1752045058.3765385
1752045058.3765566 1752045081.5893066
1752045081.5893326 1752045114.9659748
1752045114.9659953 1752045139.8566577
1752045139.8566866 1752045171.7580247
1752045171.7580411 1752045194.4649923
1752045194.4650228 1752045221.7616007
1752045221.7616189 1752045251.230005
1752045251.2300444 1752045278.734074
1752045278.7340975 1752045301.7499378
1752045301.7499585 1752045325.1635878
1752045325.1636138 1752045347.2853281
1752045347.2853446 1752045384.8858938
1752045384.8859282 1752045414.6296597
1752045414.6296768 1752045441.1044214
1752045441.1044445 1752045478.334427
1752045478.3344538 1752045518.17541
1752045518.175431 1752045537.7781496
1752045537.7781694 1752045563.787708
1752045563.7877343 1752045592.987095
1752045592.987111 1752045624.7069662
1752045624.706992 1752045651.601678
1752045651.6016977 1752045683.503209
1752045683.50323 1752045711.0341215
1752045711.0341454 1752045733.5687985
1752045733.5688176 1752045763.7032256
1752045763.7032428 1752045801.422611
1752045801.4226432 1752045835.3394647
1752045835.3394828 1752045863.9987574
1752045863.9987774 1752045902.8546634
1752045902.854687 1752045929.1163983
1752045929.1164184 1752045956.046454
1752045956.0464745 1752045991.1051843
1752045991.105204 1752046024.7477393
1752046024.747765 1752046056.8841684
1752046056.8841927 1752046089.5486057
1752046089.5486255 1752046123.5218596
1752046123.5218835 1752046154.8321712
1752046154.83219 1752046181.4325066
1752046181.432533 1752046211.6249273
1752046211.6249454 1752046248.716403
1752046248.7164288 1752046272.4949057
1752046272.494927 1752046308.01258
1752046308.0126207 1752046338.3569558
1752046338.3569727 1752046362.9916794
1752046362.9917166 1752046388.7916002
1752046388.7916183 1752046424.2086284
1752046424.208652 1752046457.553166
1752046457.5531821 1752046478.357599
1752046478.3576212 1752046512.2690306
1752046512.269048 1752046551.313011
1752046551.3130383 1752046571.5487673
1752046571.5488002 1752046601.9911907
1752046601.9912138 1752046641.9712064
1752046641.9712377 1752046666.4964273
1752046666.496454 1752046698.090246
1752046698.0902667 1752046730.6762772
1752046730.676319 1752046758.5126772
1752046758.5126991 1752046793.2399392
1752046793.2399633 1752046814.5816753
1752046814.581702 1752046846.296166
1752046846.2961833 1752046882.4375613
1752046882.4375846 1752046906.8796995
1752046906.8797216 1752046935.1370926
1752046935.1371164 1752046971.4649699
1752046971.4649928 1752047005.4341626
1752047005.4341846 1752047036.3701959
1752047036.3702128 1752047065.5066252
1752047065.5066528 1752047095.9883933
1752047095.9884143 1752047134.3240223
1752047134.3240488 1752047146.9774773
1752047146.977495 1752047183.7395265
1752047183.7395518 1752047218.759361
1752047218.7593808 1752047243.7633133
1752047243.7633421 1752047268.737106
1752047268.7371244 1752047304.0736759
1752047304.0737014 1752047325.3929691
1752047325.3929927 1752047357.802345
1752047357.8023632 1752047386.7061698
1752047386.7061942 1752047428.3508945
1752047428.3509202 1752047453.457642
1752047453.457658 1752047480.495596
1752047480.495621 1752047509.093212
1752047509.0932415 1752047532.958561
1752047532.9585946 1752047564.56988
1752047564.5698988 1752047595.0139751
1752047595.0140028 1752047616.5174122
1752047616.517434 1752047637.375817
1752047637.3758385 1752047668.869782
1752047668.8697999 1752047698.2667773
1752047698.266797 1752047736.8390372
1752047736.839064 1752047774.7084746
1752047774.7085032 1752047793.9245636
1752047793.9245815 1752047833.729163
1752047833.7291903 1752047863.4643183
1752047863.4643414 1752047885.5353947
1752047885.5354164 1752047920.6763825
1752047920.6764052 1752047950.3543072
1752047950.354343 1752047978.6855109
1752047978.6855314 1752048017.2406766
1752048017.2407062 1752048047.2065353
1752048047.206555 1752048081.3362668
1752048081.336285 1752048110.3179083
1752048110.3179321 1752048139.1783347
1752048139.178352 1752048173.8948658
1752048173.894894 1752048201.7854142
1752048201.7854383 1752048229.874807
1752048229.8748336 1752048254.876678
1752048254.876698 1752048285.667642
1752048285.6676674 1752048317.3397434
1752048317.3397646 1752048347.9821012
1752048347.9821255 1752048378.8273227
1752048378.827352 1752048408.6235414
1752048408.6235716 1752048440.2360892
1752048440.2361145 1752048473.6211722
1752048473.6211946 1752048495.9061317
1752048495.906164 1752048524.490828
1752048524.490845 1752048561.3451526
1752048561.3451803 1752048594.036117
1752048594.0361369 1752048626.9774437
1752048626.9774673 1752048657.107267
1752048657.1072896 1752048682.2193625
1752048682.219386 1752048711.4741085
1752048711.4741273 1752048748.670178
1752048748.6702077 1752048778.5490813
1752048778.5491073 1752048804.08364
1752048804.083669 1752048838.046054
1752048838.0460782 1752048871.2498512
1752048871.2498763 1752048891.7755766
1752048891.7755964 1752048929.432873
1752048929.432897 1752048957.736813
1752048957.7368317 1752048985.8848941
1752048985.8849216 1752049021.5715837
1752049021.5716023 1752049054.773627
1752049054.7736502 1752049086.2779708
1752049086.2779891 1752049120.1076338
1752049120.1076555 1752049158.4066052
1752049158.4066293 1752049193.8902407
1752049193.8902612 1752049225.0383549
1752049225.0383832 1752049257.8800585
1752049257.880085 1752049291.9553328
1752049291.9553578 1752049315.8101914
1752049315.8102133 1752049350.3246417
1752049350.3246763 1752049380.5494726
1752049380.54949 1752049405.520833
1752049405.5208595 1752049443.9192796
1752049443.919302 1752049470.8249044
1752049470.8249254 1752049495.521364
1752049495.5213833 1752049532.862772
1752049532.862799 1752049567.3915281
1752049567.3915472 1752049593.7407894
1752049593.7408257 1752049618.1925097
1752049618.1925266 1752049652.6883888
1752049652.688415 1752049682.686919
1752049682.6869478 1752049718.582045
1752049718.5820653 1752049737.3467164
1752049737.3467405 1752049763.80585
1752049763.805873 1752049784.713318
1752049784.7133467 1752049812.1857219
1752049812.1857395 1752049841.106555
1752049841.1065812 1752049864.8763053
1752049864.8763227 1752049887.8043766
1752049887.8044 1752049918.3004317
1752049918.3004518 1752049944.0486467
1752049944.0486703 1752049971.9579768
1752049971.9579983 1752050000.8565166
1752050000.856538 1752050031.7411313
1752050031.741154 1752050051.2634192
1752050051.2634387 1752050087.7817411
1752050087.781767 1752050106.9059248
1752050106.9059443 1752050150.093508
1752050150.0935311 1752050177.8677697
1752050177.8677883 1752050205.7496455
1752050205.749666 1752050226.3132055
1752050226.313226 1752050257.676785
1752050257.6768215 1752050297.1844356
1752050297.184455 1752050325.7921011
1752050325.7921274 1752050357.619428
1752050357.6194508 1752050385.244248
1752050385.2442663 1752050417.9780958
1752050417.9781165 1752050454.0905514
1752050454.0905719 1752050479.5294044
1752050479.5294285 1752050513.9582477
1752050513.9582698 1752050534.9420643
1752050534.9420946 1752050562.890994
1752050562.8910136 1752050591.621077
1752050591.6211019 1752050613.942597
1752050613.9426196 1752050652.7748983
1752050652.7749164 1752050678.6263096
1752050678.626336 1752050703.0070279
1752050703.0070567 1752050722.359985
1752050722.3600025 1752050755.1900518
1752050755.190076 1752050788.9771526
1752050788.9771712 1752050815.6017296
1752050815.601754 1752050846.696133
1752050846.6961515 1752050870.6476514
1752050870.647679 1752050904.7074785
1752050904.7074986 1752050941.9030116
1752050941.903052 1752050969.0071998
1752050969.0072165 1752051002.5282195
1752051002.5282373 1752051039.702508
1752051039.7025433 1752051074.0472858
1752051074.0473032 1752051102.7489119
1752051102.7489338 1752051126.8525403
1752051126.8525624 1752051150.489702
1752051150.4897242 1752051178.53789
1752051178.5379102 1752051209.0783312
1752051209.078356 1752051235.6533391
1752051235.6533568 1752051265.8161516
1752051265.8161793 1752051299.9624417
1752051299.9624593 1752051326.1556766
1752051326.1557062 1752051347.3282115
1752051347.328229 1752051377.7152963
1752051377.7153206 1752051406.6417103
1752051406.6417272 1752051445.8440847
1752051445.84411 1752051470.306976
1752051470.306996 1752051499.7230127
1752051499.723035 1752051524.1650636
1752051524.1650834 1752051555.2729583
1752051555.2730086 1752051584.8254797
1752051584.825497 1752051618.9651737
1752051618.965195 1752051643.7850015
1752051643.7850256 1752051673.6991463
1752051673.6991663 1752051702.2770648
1752051702.2770898 1752051729.5389073
1752051729.5389245 1752051758.4443338
1752051758.4443738 1752051787.322111
1752051787.3221269 1752051824.8348982
1752051824.8349242 1752051860.1670249
1752051860.1670432 1752051879.6649065
1752051879.6649323 1752051922.1519248
1752051922.1519635 1752051948.7971258
1752051948.797151 1752051985.3239183
1752051985.3239367 1752052010.098497
1752052010.0985203 1752052030.4727075
1752052030.472731 1752052071.1425972
1752052071.1426165 1752052091.3779192
1752052091.3779442 1752052119.5511568
1752052119.551177 1752052149.9887462
1752052149.9887714 1752052181.2865694
1752052181.2865872 1752052217.452069
1752052217.4520934 1752052251.6694732
1752052251.6694932 1752052285.0610678
1752052285.0610905 1752052307.9006972
1752052307.9007497 1752052334.016886
1752052334.0169113 1752052364.9348626
1752052364.9348881 1752052394.5628152
1752052394.562853 1752052424.941613
1752052424.9416327 1752052445.9823194
1752052445.9823432 1752052480.9527578
1752052480.952787 1752052509.1913376
1752052509.1913621 1752052546.4996445
1752052546.4996693 1752052578.2250698
1752052578.2250903 1752052603.1155844
1752052603.1156313 1752052630.652908
1752052630.65293 1752052662.3196785
1752052662.319703 1752052690.7660983
1752052690.7661202 1752052720.1399436
1752052720.1399753 1752052743.3919203
1752052743.391939 1752052779.038015
1752052779.038041 1752052801.1983976
1752052801.1984153 1752052837.629028
1752052837.6290567 1752052865.2168202
1752052865.2168398 1752052894.990919
1752052894.990947 1752052918.8366568
1752052918.8366768 1752052949.955617
1752052949.9556606 1752052981.745999
1752052981.7460177 1752053021.8158362
1752053021.8158703 1752053055.8829546
1752053055.8829796 1752053077.8547056
1752053077.8547266 1752053109.5755248
1752053109.5755494 1752053137.4676838
1752053137.4677024 1752053173.7885551
1752053173.7885904 1752053189.5310268
1752053189.5310526 1752053214.3315148
1752053214.331534 1752053243.8490834
1752053243.8491025 1752053271.6162672
1752053271.6162903 1752053305.611243
1752053305.61127 1752053333.2752984
1752053333.275321 1752053359.823013
1752053359.8230321 1752053401.5856552
1752053401.5856812 1752053423.8139677
1752053423.814 1752053464.7485716
1752053464.7485895 1752053492.2131639
1752053492.2131925 1752053524.9441667
1752053524.9441934 1752053553.803066
1752053553.8030853 1752053585.0319018
1752053585.0319269 1752053617.3487191
1752053617.34874 1752053650.551272
1752053650.5512953 1752053680.8836782
1752053680.883699 1752053710.3252165
1752053710.32524 1752053745.5021567
1752053745.5021775 1752053780.738438
1752053780.7384703 1752053809.0274193
1752053809.0274386 1752053846.7205322
1752053846.720564 1752053873.5233054
1752053873.5233274 1752053909.5773604
1752053909.5773842 1752053941.265815
1752053941.2658367 1752053976.8768957
1752053976.8769236 1752054003.0235167
1752054003.0235372 1752054028.496781
1752054028.4968066 1752054061.8347197
1752054061.8347378 1752054092.1423957
1752054092.1424253 1752054121.765214
1752054121.765234 1752054150.4703794
1752054150.4704044 1752054181.0541232
1752054181.0541441 1752054212.6493537
1752054212.6493757 1752054246.3420784
1752054246.3420987 1752054276.3808937
1752054276.380917 1752054311.255917
1752054311.255935 1752054344.3761783
1752054344.3762097 1752054382.8488507
1752054382.848874 1752054412.1267977
1752054412.1268225 1752054448.356804
1752054448.3568242 1752054480.308734
1752054480.3087544 1752054506.216615
1752054506.2166603 1752054545.446816
1752054545.446838 1752054573.5009859
1752054573.5010207 1752054596.51866
1752054596.5186787 1752054625.1853702
1752054625.185398 1752054655.955913
1752054655.9559314 1752054695.2962694
1752054695.296322 1752054723.1838553
1752054723.1838841 1752054756.0783465
1752054756.0783765 1752054788.4696078
1752054788.4696338 1752054816.8781962
1752054816.878229 1752054846.1964126
1752054846.1964345 1752054878.8954144
1752054878.895434 1752054918.540509
1752054918.5405307 1752054956.1485112
1752054956.1485362 1752054988.5903304
1752054988.5903542 1752055015.946489
1752055015.946513 1752055042.5317333
1752055042.5317512 1752055072.2866395
1752055072.2866645 1752055098.6252306
1752055098.625248 1752055137.552431
1752055137.5524704 1752055168.5036638
1752055168.5036845 1752055195.2716527
1752055195.2716768 1752055230.8344467
1752055230.8344674 1752055261.9728358
1752055261.9728613 1752055293.271009
1752055293.2710316 1752055314.0532515
1752055314.053271 1752055345.0673075
1752055345.0673413 1752055379.782432
1752055379.782457 1752055407.4142635
1752055407.4142802 1752055438.1882873
1752055438.1883209 1752055464.5489633
1752055464.5489807 1752055494.439274
1752055494.4393103 1752055521.6410034
1752055521.6410203 1752055560.9046042
1752055560.9046333 1752055592.3833284
1752055592.3833528 1752055625.1137733
1752055625.1137938 1752055647.9361706
1752055647.9361963 1752055679.5675743
1752055679.5675936 1752055698.3429594
1752055698.3429852 1752055725.2570946
1752055725.257124 1752055749.766364
1752055749.7663875 1752055781.0246806
1752055781.0247009 1752055806.8922036
1752055806.892232 1752055826.1697607
1752055826.1697843 1752055864.672537
1752055864.6725543 1752055890.9985669
1752055890.998591 1752055910.1099577
1752055910.109978 1752055943.7310011
1752055943.7310295 1752055968.9934285
1752055968.9934523 1752055994.0500908
1752055994.0501266 1752056022.929854
1752056022.929873 1752056051.3173683
1752056051.3173919 1752056068.8639784
1752056068.8639967 1752056094.4628885
1752056094.4629104 1752056120.6047423
1752056120.6047585 1752056159.242052
1752056159.2420762 1752056191.0049791
1752056191.004997 1752056222.414075
1752056222.4140987 1752056246.113245
1752056246.113263 1752056270.0150473
1752056270.0150723 1752056303.7970288
1752056303.7970493 1752056328.8199415
1752056328.819969 1752056358.1423557
1752056358.1423788 1752056383.2363722
1752056383.2363968 1752056408.8103585
1752056408.8103778 1752056437.9353502
1752056437.935384 1752056465.6382558
1752056465.6382766 1752056493.183545
1752056493.1835876 1752056528.658218
1752056528.6582353 1752056548.8367412
1752056548.8367796 1752056575.86293
1752056575.8629656 1752056597.578759
1752056597.5787828 1752056619.4529867
1752056619.453003 1752056645.5522428
1752056645.5522652 1752056681.7719676
1752056681.7719882 1752056714.9313607
1752056714.9313858 1752056744.9873173
1752056744.987338 1752056767.2226756
1752056767.2226942 1752056796.6893148
1752056796.6893353 1752056832.1488178
1752056832.1488395 1752056860.397643
1752056860.3976724 1752056887.0519714
