1776572150.6770203 1776572222.2554998
1776572222.2555242 1776572277.2406783
1776572277.2407017 1776572323.3158805
1776572323.315904 1776572379.8657453
1776572379.8657691 1776572471.4963238
1776572471.4963486 1776572524.6456892
1776572524.6457067 1776572617.4274154
1776572617.42744 1776572686.8503256
1776572686.8503494 1776572755.6447911
1776572755.6448104 1776572815.0640423
1776572815.0640666 1776572876.7703986
1776572876.7704215 1776572965.101351
1776572965.1013737 1776573024.7327685
1776573024.7327924 1776573082.9520874
1776573082.9521136 1776573164.1778533
1776573164.177877 1776573222.022444
1776573222.022468 1776573270.5545142
1776573270.5545323 1776573333.1138175
1776573333.1138406 1776573398.7169132
1776573398.7169373 1776573462.5745265
1776573462.5745444 1776573514.4273076
1776573514.4273305 1776573569.3196726
1776573569.3196898 1776573637.9168699
1776573637.9168942 1776573702.385398
1776573702.3854222 1776573745.9608514
1776573745.9608684 1776573830.6801858
1776573830.6802104 1776573897.4391296
1776573897.4391534 1776573953.399428
1776573953.399456 1776574011.586217
1776574011.586236 1776574063.703523
1776574063.703546 1776574133.5698564
1776574133.5698888 1776574189.42898
1776574189.429 1776574266.0046167
1776574266.0046408 1776574328.3084643
1776574328.3084865 1776574383.2713542
1776574383.2713728 1776574441.5528097
1776574441.5528345 1776574510.9717798
1776574510.9718168 1776574577.5466254
1776574577.546643 1776574644.9596727
1776574644.959696 1776574698.0025122
1776574698.0025346 1776574766.6158025
1776574766.6158268 1776574820.824377
1776574820.8244014 1776574882.9069784
1776574882.9069946 1776574934.545761
1776574934.5457833 1776574995.252788
1776574995.2528052 1776575060.4295437
1776575060.4295683 1776575116.4937456
1776575116.4937687 1776575193.487838
1776575193.487858 1776575249.8826287
1776575249.8826537 1776575306.288912
1776575306.288953 1776575366.8323042
1776575366.8323224 1776575427.3028233
1776575427.302846 1776575481.5867393
1776575481.5867636 1776575558.8901203
1776575558.8901448 1776575623.7272527
1776575623.7272696 1776575686.3679724
1776575686.367996 1776575768.5328414
1776575768.532864 1776575824.9913177
1776575824.991337 1776575900.8407338
1776575900.8407562 1776575948.624319
1776575948.6243365 1776576008.3450112
1776576008.3450358 1776576085.9422543
1776576085.9422772 1776576141.032948
1776576141.0329652 1776576221.1157694
1776576221.115794 1776576282.7382505
1776576282.7382743 1776576356.2656536
1776576356.2656772 1776576416.6722279
1776576416.6722574 1776576480.8650773
1776576480.8651025 1776576538.4078112
1776576538.4078298 1776576612.717733
1776576612.7177556 1776576679.0390334
1776576679.0390582 1776576740.748723
1776576740.748755 1776576818.7464333
1776576818.7464519 1776576866.5843196
1776576866.5843434 1776576931.6893454
1776576931.6893685 1776577014.1268184
1776577014.1268556 1776577088.6402771
1776577088.6402993 1776577147.2716994
1776577147.271723 1776577214.7956583
1776577214.795683 1776577268.2991977
1776577268.299232 1776577340.7151008
1776577340.7151263 1776577403.129156
1776577403.1291814 1776577453.5601263
1776577453.5601437 1776577505.7476757
1776577505.7477005 1776577569.3557656
1776577569.3557847 1776577630.1741273
1776577630.174151 1776577691.9416246
1776577691.9416492 1776577756.5398266
1776577756.5398512 1776577809.3125956
1776577809.312614 1776577887.4947913
1776577887.4948158 1776577950.0028653
1776577950.0028896 1776578032.2748284
1776578032.2748537 1776578095.586098
1776578095.5861166 1776578158.04886
1776578158.0488827 1776578225.8506966
1776578225.8507202 1776578289.0905373
1776578289.0905607 1776578372.7013173
1776578372.701341 1776578430.8967264
1776578430.896745 1776578502.714428
1776578502.7144518 1776578575.666367
