1776572139.1123421 1776572222.6667342
1776572222.6667569 1776572280.9189224
1776572280.9189487 1776572337.810282
1776572337.810308 1776572402.166495
1776572402.1665187 1776572462.2399127
1776572462.239937 1776572534.2460313
1776572534.2460554 1776572614.795312
1776572614.7953374 1776572692.2675657
1776572692.2675858 1776572750.287224
1776572750.2872553 1776572807.9763792
1776572807.9764042 1776572872.7625558
1776572872.7625785 1776572937.6359124
1776572937.6359315 1776573035.5112193
1776573035.5112424 1776573089.4796402
1776573089.4796658 1776573158.377842
1776573158.3778791 1776573219.2866185
1776573219.2866416 1776573275.3490632
1776573275.3490803 1776573338.7667117
1776573338.7667344 1776573400.9779255
1776573400.977951 1776573460.9794307
1776573460.979449 1776573514.456875
1776573514.456899 1776573570.5569777
1776573570.5570006 1776573639.9094272
1776573639.909447 1776573706.174347
1776573706.174371 1776573764.6450808
1776573764.645105 1776573834.5273561
1776573834.5273848 1776573885.9271748
1776573885.9271991 1776573944.1287022
1776573944.1287198 1776574017.4817605
1776574017.4817853 1776574075.60441
1776574075.6044357 1776574135.700032
1776574135.700053 1776574197.3603172
1776574197.3603423 1776574261.7176497
1776574261.717671 1776574322.0609238
1776574322.06095 1776574372.9318438
1776574372.9318624 1776574447.4735055
1776574447.47353 1776574515.9070184
1776574515.9070394 1776574579.0101879
1776574579.0102108 1776574638.9764218
1776574638.9764445 1776574708.6935644
1776574708.6935828 1776574755.8333983
1776574755.8334234 1776574806.3380005
1776574806.338024 1776574879.957426
1776574879.9574492 1776574924.1867359
1776574924.1867585 1776574992.6499557
1776574992.6499789 1776575055.3798358
1776575055.379854 1776575121.037489
1776575121.0375137 1776575196.150238
1776575196.1502619 1776575236.7929823
1776575236.793 1776575306.4708948
1776575306.470919 1776575360.643747
1776575360.6437645 1776575432.448783
1776575432.448807 1776575480.3911808
1776575480.391205 1776575559.2784708
1776575559.2784958 1776575624.7919476
1776575624.7919724 1776575698.2696264
1776575698.2696533 1776575768.8649528
1776575768.8649764 1776575816.6886477
1776575816.6886723 1776575888.745864
1776575888.745894 1776575954.7662265
1776575954.7662456 1776575999.4292603
1776575999.429278 1776576086.5983624
1776576086.598392 1776576150.8059363
1776576150.80596 1776576214.4855027
1776576214.4855263 1776576272.8590643
1776576272.859082 1776576345.3809211
1776576345.380946 1776576409.2997725
1776576409.2997918 1776576476.7450135
1776576476.745038 1776576555.7596724
1776576555.7596967 1776576616.3798027
1776576616.379827 1776576679.239602
1776576679.2396207 1776576731.001724
1776576731.0017474 1776576805.6890564
1776576805.6890814 1776576878.3236492
1776576878.3236704 1776576947.278037
1776576947.2780602 1776577019.785216
1776577019.7852342 1776577088.5417829
1776577088.5418062 1776577159.1817093
1776577159.1817343 1776577198.0222068
1776577198.0222313 1776577267.0316522
1776577267.031677 1776577326.1816087
1776577326.1816318 1776577403.256198
1776577403.2562304 1776577460.9145763
1776577460.9145966 1776577501.7573814
1776577501.7574003 1776577568.0502377
1776577568.0502608 1776577629.2900057
1776577629.2900305 1776577691.6894572
1776577691.689478 1776577760.317568
1776577760.3175988 1776577819.9510412
1776577819.951059 1776577888.1095135
1776577888.109538 1776577961.183742
1776577961.1837604 1776578033.1939385
1776578033.193962 1776578105.0598283
1776578105.059847 1776578161.6215594
1776578161.6215794 1776578220.457115
1776578220.4571385 1776578300.4497442
1776578300.4497714 1776578363.6840022
1776578363.6840265 1776578425.228332
1776578425.2283504 1776578509.5627887
1776578509.5628126 1776578574.2891626
