1776572139.4798188 1776572208.5637963
1776572208.5638227 1776572280.7173495
1776572280.7173786 1776572334.6767545
1776572334.6767912 1776572395.5093691
1776572395.5093951 1776572468.9478214
1776572468.947855 1776572538.565717
1776572538.5657353 1776572615.7884552
1776572615.7884839 1776572685.4332638
1776572685.4332833 1776572743.9711463
1776572743.9711716 1776572820.2120416
1776572820.212068 1776572879.340804
1776572879.3408258 1776572955.2044759
1776572955.2045012 1776573026.1840174
1776573026.1840446 1776573099.893381
1776573099.8934016 1776573163.117307
1776573163.117333 1776573221.898349
1776573221.898368 1776573262.0101025
1776573262.0101287 1776573336.470418
1776573336.4704442 1776573386.0553198
1776573386.0553384 1776573461.3860137
1776573461.3860435 1776573510.2097583
1776573510.2097917 1776573570.3633945
1776573570.363419 1776573630.1376135
1776573630.137635 1776573689.8994286
1776573689.8994544 1776573764.76298
1776573764.7630064 1776573818.741932
1776573818.7419496 1776573886.6603787
1776573886.6604047 1776573954.4681625
1776573954.4681973 1776573998.3390684
1776573998.3390946 1776574074.782529
1776574074.7825482 1776574131.4058177
1776574131.4058442 1776574191.1060698
1776574191.1060958 1776574262.4899774
1776574262.4900124 1776574316.4006286
1776574316.4006484 1776574375.858679
1776574375.8586981 1776574447.3943784
1776574447.394406 1776574505.1883028
1776574505.18833 1776574577.2002861
1776574577.2003117 1776574645.1546786
1776574645.154707 1776574709.1959534
1776574709.195979 1776574767.5269604
1776574767.5269876 1776574822.535605
1776574822.535626 1776574871.971453
1776574871.9714804 1776574930.650972
1776574930.650994 1776574992.9986486
1776574992.9986677 1776575061.1145363
1776575061.1145627 1776575124.736456
1776575124.736481 1776575192.2283916
1776575192.2284214 1776575242.3800144
1776575242.3800414 1776575281.4333365
1776575281.4333541 1776575363.946993
1776575363.9470184 1776575432.423057
1776575432.4230764 1776575491.7667959
1776575491.7668304 1776575562.3153856
1776575562.3154056 1776575625.5892303
1776575625.589257 1776575682.864707
1776575682.8647277 1776575760.9259264
1776575760.9259527 1776575817.2358212
1776575817.2358482 1776575897.4095545
1776575897.40958 1776575948.6250312
1776575948.6250565 1776576010.516917
1776576010.5169363 1776576086.4166715
1776576086.416697 1776576150.6206238
1776576150.6206517 1776576218.9701424
1776576218.9701626 1776576281.727005
1776576281.7270234 1776576348.7709382
1776576348.770965 1776576419.5996933
1776576419.5997124 1776576476.704042
1776576476.7040696 1776576541.6835139
1776576541.6835344 1776576600.6264791
1776576600.626506 1776576669.7465115
1776576669.7465386 1776576741.4151423
1776576741.415162 1776576806.1403275
1776576806.1403544 1776576877.0228164
1776576877.022836 1776576934.6863122
1776576934.6863375 1776577011.1005838
1776577011.1006052 1776577081.9920955
1776577081.9921215 1776577157.866708
1776577157.8667352 1776577211.4206276
1776577211.4206514 1776577270.0282817
1776577270.0283012 1776577329.0897593
1776577329.089786 1776577399.9971406
1776577399.9971669 1776577442.9874644
1776577442.987483 1776577512.6484191
1776577512.6484454 1776577570.2337475
1776577570.2337682 1776577637.6179087
1776577637.6179354 1776577705.730123
1776577705.7301424 1776577765.5350807
1776577765.5351 1776577826.808988
1776577826.809015 1776577888.6509614
1776577888.6509871 1776577955.638386
1776577955.6384048 1776578035.1837049
1776578035.1837306 1776578084.775036
1776578084.7750568 1776578163.5999358
1776578163.5999625 1776578217.3425775
1776578217.3425999 1776578292.8997731
1776578292.8997974 1776578367.97036
1776578367.9703817 1776578412.7053719
1776578412.7053993 1776578499.6835873
1776578499.6836102 1776578564.1143966
