1766312998.2829828 1766313061.0855217
1766313061.085549 1766313118.956225
1766313118.9562454 1766313188.5396452
1766313188.5396764 1766313272.4483263
1766313272.4483502 1766313345.8532493
1766313345.85327 1766313414.3630674
1766313414.3630912 1766313494.2965825
1766313494.2966075 1766313567.1487043
1766313567.148728 1766313634.067874
1766313634.0678937 1766313703.9487042
1766313703.9487295 1766313788.9081576
1766313788.9081903 1766313849.5544758
1766313849.5544956 1766313900.6916106
1766313900.6916344 1766313973.4599683
1766313973.4599938 1766314039.5375075
1766314039.5375242 1766314109.756667
1766314109.756691 1766314188.2886064
1766314188.2886305 1766314259.2421074
1766314259.2421331 1766314334.875346
1766314334.8753629 1766314392.2710538
1766314392.2710776 1766314452.7355347
1766314452.7355509 1766314522.7048259
1766314522.7048502 1766314595.8743622
1766314595.8743854 1766314644.5992959
1766314644.5993166 1766314704.1332767
1766314704.1332965 1766314774.2453408
1766314774.2453716 1766314850.1134098
1766314850.1134336 1766314902.9722908
1766314902.9723089 1766314976.0889287
1766314976.088953 1766315051.962367
1766315051.962392 1766315110.4024837
1766315110.4025023 1766315174.1348813
1766315174.134906 1766315249.7263186
1766315249.726341 1766315323.6726644
1766315323.6726875 1766315377.8609908
1766315377.8610094 1766315451.1699724
1766315451.1699975 1766315517.1969283
1766315517.1969564 1766315583.8217063
1766315583.821724 1766315665.9496596
1766315665.9496841 1766315745.4102635
1766315745.4102905 1766315789.3745751
1766315789.3745928 1766315849.9701436
1766315849.9701688 1766315914.88683
1766315914.8868601 1766315973.6712494
1766315973.6712744 1766316046.5933845
1766316046.5934074 1766316108.0464478
1766316108.0464714 1766316181.2561047
1766316181.2561257 1766316238.4707072
1766316238.4707322 1766316313.5489712
1766316313.5489895 1766316392.34502
1766316392.345045 1766316457.951624
1766316457.951647 1766316549.786804
1766316549.7868297 1766316624.3522618
1766316624.3522778 1766316678.8549623
1766316678.8549864 1766316754.8281825
1766316754.8281999 1766316826.6518047
1766316826.6518297 1766316902.4429944
1766316902.4430127 1766316983.3114238
1766316983.3114483 1766317038.4453058
1766317038.4453301 1766317105.2248373
1766317105.2248542 1766317175.229618
1766317175.2296433 1766317246.9996736
1766317246.9996922 1766317305.3513215
1766317305.3513458 1766317389.053928
1766317389.053953 1766317453.3776648
1766317453.3776832 1766317524.068993
1766317524.0690174 1766317591.6320844
1766317591.6321032 1766317657.684959
1766317657.6849966 1766317723.1550853
1766317723.155104 1766317791.2131574
1766317791.2131817 1766317853.6634283
1766317853.6634452 1766317945.293588
1766317945.293613 1766318004.1453965
1766318004.1454165 1766318089.5995593
1766318089.5995772 1766318155.5296223
1766318155.5296474 1766318232.3792737
1766318232.379298 1766318298.9388447
1766318298.938863 1766318353.5595267
1766318353.5595515 1766318416.4011414
1766318416.4011676 1766318486.9048293
1766318486.9048471 1766318546.5045764
1766318546.5046003 1766318616.5006108
1766318616.50063 1766318694.4658809
1766318694.4659038 1766318763.858005
1766318763.8580227 1766318839.4982855
1766318839.4983094 1766318910.4672592
1766318910.4672859 1766318985.4432998
1766318985.4433246 1766319044.8580923
1766319044.8581097 1766319114.3421052
1766319114.3421288 1766319175.393965
1766319175.3939824 1766319236.0115259
1766319236.0115502 1766319314.658074
1766319314.658098 1766319379.3288155
1766319379.3288338 1766319458.5024064
1766319458.5024297 1766319534.1876693
1766319534.1876945 1766319606.0070262
1766319606.007046 1766319660.0618496
1766319660.061873 1766319748.7603781
1766319748.7604032 1766319829.6441536
1766319829.6441772 1766319883.3213563
