1766313015.3697238 1766313067.6966734
1766313067.6967144 1766313127.7227147
1766313127.7227755 1766313210.216204
1766313210.2162325 1766313274.7822907
1766313274.782339 1766313351.595005
1766313351.5950367 1766313421.318898
1766313421.318918 1766313502.6595092
1766313502.6595345 1766313574.1050344
1766313574.1050594 1766313635.6291714
1766313635.629191 1766313708.4853647
1766313708.4853885 1766313780.4880562
1766313780.488081 1766313849.7768672
1766313849.7768922 1766313922.3512754
1766313922.351299 1766313992.4261775
1766313992.426202 1766314051.7118542
1766314051.7118773 1766314128.4580631
1766314128.458087 1766314192.9450588
1766314192.9450805 1766314259.403098
1766314259.4031222 1766314343.7426631
1766314343.7426894 1766314396.090079
1766314396.0901027 1766314462.720729
1766314462.7207494 1766314538.2247012
1766314538.2247267 1766314603.4372237
1766314603.4372485 1766314662.5483196
1766314662.5483444 1766314713.5769389
1766314713.57696 1766314776.0345638
1766314776.0345838 1766314855.9581225
1766314855.9581473 1766314915.9505348
1766314915.9505599 1766314978.8351386
1766314978.8351622 1766315051.9831803
1766315051.9832067 1766315113.53839
1766315113.5384192 1766315169.5206566
1766315169.520681 1766315250.5995512
1766315250.5995762 1766315321.2412915
1766315321.2413118 1766315382.9257739
1766315382.9257977 1766315452.5672646
1766315452.5672894 1766315528.3815355
1766315528.3815598 1766315597.381366
1766315597.38139 1766315670.1606913
1766315670.160715 1766315746.3730052
1766315746.373031 1766315792.990128
1766315792.9901469 1766315854.4932802
1766315854.4933066 1766315918.4474466
1766315918.4474719 1766315978.840389
1766315978.8404078 1766316047.8741097
1766316047.874136 1766316111.4306283
1766316111.4306533 1766316182.4681807
1766316182.4682028 1766316250.6018198
1766316250.6018457 1766316308.3882287
1766316308.3882558 1766316391.7854576
1766316391.7854853 1766316476.7444875
1766316476.7445068 1766316552.4398427
1766316552.439867 1766316624.6719565
1766316624.671987 1766316680.4042854
1766316680.4043107 1766316763.1449742
1766316763.144999 1766316829.427243
1766316829.4272726 1766316891.0408218
1766316891.0408432 1766316973.9344413
1766316973.9344645 1766317045.0801027
1766317045.080127 1766317116.9853303
1766317116.9853542 1766317175.7363877
1766317175.736412 1766317253.130612
1766317253.1306329 1766317325.673149
1766317325.6731722 1766317383.297815
1766317383.2978399 1766317449.9223871
1766317449.9224114 1766317528.7859347
1766317528.7859604 1766317590.0832913
1766317590.083313 1766317650.0380106
1766317650.0380368 1766317727.4852865
1766317727.4853103 1766317787.6882071
1766317787.6882286 1766317863.1563685
1766317863.1563942 1766317946.9689581
1766317946.9689794 1766318005.2397418
1766318005.2397656 1766318069.616245
1766318069.6162653 1766318164.3985734
1766318164.398598 1766318223.992795
1766318223.9928153 1766318289.119945
1766318289.1199696 1766318353.86353
1766318353.8635538 1766318418.90474
1766318418.904763 1766318492.9658194
1766318492.965844 1766318559.6881359
1766318559.6881566 1766318628.117055
1766318628.1170826 1766318696.7919858
1766318696.7920115 1766318753.0025096
1766318753.002533 1766318836.696909
1766318836.6969306 1766318901.4268537
1766318901.4268796 1766318985.9425974
1766318985.9426215 1766319039.9300387
1766319039.9300594 1766319111.0826924
1766319111.082718 1766319176.4339736
1766319176.4339998 1766319246.248649
1766319246.2486744 1766319300.5972898
1766319300.5973086 1766319385.881402
1766319385.8814275 1766319454.14401
1766319454.1440375 1766319539.9311433
1766319539.9311705 1766319597.1454678
1766319597.1454897 1766319665.2313101
1766319665.2313347 1766319739.7903755
1766319739.7903996 1766319819.487571
1766319819.4875922 1766319889.49098
