1754834612.4370923 1754834630.3611023
1754834630.3611228 1754834664.2320132
1754834664.232041 1754834690.3165607
1754834690.316594 1754834717.986359
1754834717.9863873 1754834741.3664799
1754834741.3665104 1754834762.3851054
1754834762.385128 1754834787.5887327
1754834787.5887694 1754834816.0894575
1754834816.0894887 1754834836.8948846
1754834836.8949046 1754834864.5718558
1754834864.5718815 1754834893.8619804
1754834893.8620007 1754834909.6168664
1754834909.6168885 1754834942.3791873
1754834942.3792102 1754834967.9403589
1754834967.9403813 1754834995.9318414
1754834995.93187 1754835013.7157435
1754835013.7157643 1754835045.7476647
1754835045.747685 1754835076.4089506
1754835076.4089918 1754835102.280597
1754835102.2806287 1754835119.9153101
1754835119.9153316 1754835148.584976
1754835148.5850348 1754835171.756099
1754835171.7561219 1754835187.8568118
1754835187.856835 1754835217.311499
1754835217.3115199 1754835245.4090996
1754835245.409126 1754835269.1280882
1754835269.1281137 1754835292.158561
1754835292.1585846 1754835320.2862058
1754835320.286233 1754835347.8159952
1754835347.816016 1754835374.0821223
1754835374.0821488 1754835401.0807393
1754835401.0807655 1754835421.3484042
1754835421.3484282 1754835449.3693798
1754835449.3693993 1754835475.5138235
1754835475.5138693 1754835502.3823395
1754835502.3823621 1754835524.8320425
1754835524.8320754 1754835545.0018115
1754835545.0018337 1754835574.7536964
1754835574.7537186 1754835600.1468444
1754835600.1468685 1754835626.0563872
1754835626.0564096 1754835643.9792883
1754835643.979307 1754835669.885086
1754835669.8851132 1754835695.3456192
1754835695.3456511 1754835716.060766
1754835716.0608015 1754835746.3896017
1754835746.3896246 1754835776.856297
1754835776.8563318 1754835804.8922527
1754835804.8922791 1754835836.237186
1754835836.2372074 1754835858.471968
1754835858.471988 1754835877.6394105
1754835877.639434 1754835907.969751
1754835907.9697757 1754835931.6195555
1754835931.619615 1754835961.315086
1754835961.315121 1754835984.8949883
1754835984.8950102 1754836005.3526797
1754836005.3527007 1754836024.440345
1754836024.4403691 1754836057.1715372
1754836057.1715991 1754836079.7951016
1754836079.7951243 1754836102.9679978
1754836102.9680316 1754836125.1866283
1754836125.1866548 1754836157.035517
1754836157.0355365 1754836177.2760973
1754836177.2761176 1754836206.1770716
1754836206.1770983 1754836229.6978776
1754836229.6979046 1754836259.4528522
1754836259.452878 1754836285.2335246
1754836285.2335458 1754836310.7077208
1754836310.7077446 1754836340.6901455
1754836340.6901665 1754836361.78011
1754836361.7801356 1754836385.956221
1754836385.9562407 1754836415.6092086
1754836415.6092358 1754836440.831554
1754836440.8315887 1754836465.9203162
1754836465.9203403 1754836488.7202501
1754836488.7202806 1754836515.660796
1754836515.6608198 1754836536.5805159
1754836536.5805445 1754836562.3387394
1754836562.3387706 1754836586.359276
1754836586.3593016 1754836607.7406225
1754836607.7406487 1754836633.9310136
1754836633.9310338 1754836657.2468946
1754836657.2469234 1754836683.4047263
1754836683.404756 1754836708.8102534
1754836708.8102794 1754836735.9440172
1754836735.9440446 1754836756.3765733
1754836756.3766038 1754836783.3260303
1754836783.3260584 1754836807.4302094
1754836807.4302342 1754836831.1865947
1754836831.1866164 1754836857.5680778
1754836857.5681038 1754836885.5473268
1754836885.547349 1754836913.9012544
1754836913.9012759 1754836942.9117417
1754836942.9117694 1754836969.2468994
1754836969.2469227 1754836993.9814548
1754836993.9814832 1754837022.8590713
1754837022.85909 1754837042.3927605
1754837042.39279 1754837061.2055805
1754837061.205601 1754837089.1652608
1754837089.1652856 1754837113.5946617
1754837113.5946875 1754837131.4354417
