1764917344.4122357 1764917380.6285915
1764917390.6387234 1764917415.5811388
1764917419.5837038 1764917458.4923487
1764917466.4988823 1764917498.8786845
1764917500.8807597 1764917538.3064039
1764917542.3105562 1764917579.6946926
1764917586.6989734 1764917619.798102
1764917620.7988873 1764917658.9783053
1764917659.9788752 1764917700.064336
1764917703.0669305 1764917733.745871
1764917735.7479537 1764917772.2252874
1764917782.2348754 1764917813.1453462
1764917816.14842 1764917854.3487
1764917856.350778 1764917895.4557543
1764917897.4561934 1764917935.9564066
1764917939.9568903 1764917980.2273772
1764917990.2370415 1764918026.786815
1764918033.7939243 1764918073.5081685
1764918073.5081937 1764918123.6378894
1764918132.6470563 1764918170.389487
1764918175.3909328 1764918215.3310475
1764918216.3321023 1764918268.0276344
1764918277.0367188 1764918308.9109335
1764918318.9188855 1764918361.2339118
1764918361.2339437 1764918386.2006228
1764918388.2026892 1764918424.2712865
1764918427.274362 1764918477.8125072
1764918483.8185902 1764918519.9565144
1764918528.9656024 1764918553.8959093
1764918559.8989346 1764918595.3623707
1764918602.367116 1764918634.3262103
1764918638.326904 1764918669.9135633
1764918670.914635 1764918701.7934308
1764918703.7954886 1764918736.2046807
1764918741.2097676 1764918778.1114898
1764918788.1189704 1764918828.0852396
1764918830.0868826 1764918857.540886
1764918867.5411046 1764918890.735551
1764918895.740634 1764918941.387054
1764918941.3870792 1764918982.0777373
1764918992.0868855 1764919017.4354985
1764919024.4394448 1764919047.3582425
1764919055.3663309 1764919080.9352493
1764919088.9429736 1764919119.4851882
1764919128.4918003 1764919157.7106917
1764919160.71088 1764919193.759468
1764919195.7616417 1764919233.0634816
1764919237.0668962 1764919267.4979
1764919274.5049658 1764919305.8927133
1764919311.894926 1764919340.8961296
1764919350.9028854 1764919381.4079769
1764919385.4120712 1764919423.0796955
1764919433.0897653 1764919465.9144216
1764919469.9145904 1764919500.744447
1764919505.749515 1764919537.1458018
1764919538.1468813 1764919571.999439
1764919575.0025165 1764919611.8583968
1764919616.8595405 1764919646.1357052
1764919647.13606 1764919681.4863646
1764919691.4964378 1764919721.5173435
1764919725.518875 1764919762.3094525
1764919772.319534 1764919806.7471426
1764919812.753216 1764919839.424566
1764919840.4256537 1764919875.5170622
1764919875.5171144 1764919914.4471076
1764919916.4478629 1764919957.1627786
1764919960.1628828 1764920003.64755
1764920005.6496656 1764920045.5959015
1764920054.6031363 1764920088.6104386
1764920090.6108816 1764920130.8484583
1764920133.8510013 1764920175.1828723
1764920185.1909003 1764920222.2193465
1764920226.2228856 1764920261.645894
1764920269.6539576 1764920299.2061305
1764920299.206169 1764920332.8887415
1764920342.8950818 1764920366.2600276
1764920371.2628958 1764920409.8803928
1764920419.8808806 1764920441.8767085
1764920444.878885 1764920490.5743423
1764920497.578861 1764920532.3334036
1764920533.3339367 1764920577.8998213
1764920586.9029684 1764920614.4518514
1764920621.458949 1764920656.2094545
1764920662.2155428 1764920692.5967636
1764920701.6059456 1764920749.14643
1764920754.1510162 1764920790.2673407
1764920800.2750087 1764920827.1513572
1764920835.1581948 1764920856.3842933
1764920863.384794 1764920895.4764597
1764920896.4775317 1764920936.3665037
1764920941.3713284 1764920980.3258326
1764920990.3269043 1764921021.9299858
1764921021.9300187 1764921057.5201223
1764921061.52037 1764921096.335441
1764921102.3388877 1764921127.990346
1764921132.995435 1764921170.9953456
1764921177.998892 1764921205.1486447
1764921214.1557488 1764921243.4363189
1764921246.4388938 1764921273.414784
1764921276.4150116 1764921312.5702312
