1764917345.1108751 1764917382.9117985
1764917384.9140654 1764917419.5475998
1764917419.5476677 1764917463.5183303
1764917468.5228868 1764917502.1346354
1764917506.134891 1764917543.8599937
1764917551.8681943 1764917583.1831436
1764917588.188223 1764917623.297978
1764917623.2980115 1764917661.7355022
1764917667.7416842 1764917701.9397826
1764917709.9479032 1764917739.065221
1764917749.0696445 1764917774.5731845
1764917777.576262 1764917816.0827625
1764917826.0909357 1764917855.9868677
1764917861.987732 1764917896.0451283
1764917904.0468855 1764917937.2409637
1764917941.2451098 1764917980.5460153
1764917990.5510292 1764918027.9579637
1764918035.9629846 1764918075.9418378
1764918075.9418716 1764918126.7763357
1764918128.7784207 1764918174.5734434
1764918179.5748892 1764918219.9188967
1764918220.9199731 1764918271.042779
1764918276.0469804 1764918310.6080396
1764918318.6109862 1764918359.29138
1764918366.2984812 1764918399.2256737
1764918404.2307549 1764918434.5696204
1764918442.570266 1764918485.5373926
1764918490.5425696 1764918528.842772
1764918535.8469787 1764918565.0023909
1764918574.0109394 1764918604.254986
1764918610.2588835 1764918638.844455
1764918639.8447917 1764918668.0533607
1764918668.0533867 1764918706.9621048
1764918715.970984 1764918744.2688634
1764918750.2748935 1764918780.9201512
1764918784.924223 1764918824.706684
1764918825.7077599 1764918861.3917246
1764918862.3920367 1764918894.2734323
1764918904.283616 1764918945.2843335
1764918950.286926 1764918983.4416919
1764918991.4469948 1764919018.1421666
1764919022.146372 1764919049.200901
1764919059.210932 1764919078.3615594
1764919085.3668857 1764919122.9562848
1764919130.9569848 1764919153.8658686
1764919154.8668876 1764919194.9072735
1764919197.9103463 1764919235.2769551
1764919236.2780912 1764919267.8970668
1764919267.8971083 1764919307.979091
1764919307.9791183 1764919342.6635773
1764919343.6646562 1764919383.4228141
1764919390.423119 1764919426.0725636
1764919430.0766883 1764919467.1359606
1764919473.1420884 1764919502.8005123
1764919506.8029351 1764919536.7209864
1764919538.7230217 1764919573.1312022
1764919581.1388776 1764919610.6968389
1764919610.6968756 1764919647.4847362
1764919647.4847736 1764919677.7175965
1764919681.7188835 1764919711.1297457
1764919717.134889 1764919762.3987398
1764919767.4028883 1764919805.7118096
1764919806.7128682 1764919843.27619
1764919853.2769482 1764919876.6657116
1764919877.6667776 1764919917.8706174
1764919926.8763146 1764919958.9530466
1764919963.954933 1764919999.8907404
1764920005.8953037 1764920051.8446362
1764920051.844668 1764920089.0991786
1764920090.1002626 1764920131.0303018
1764920138.0305529 1764920175.964898
1764920179.9689922 1764920220.0194836
1764920228.0249848 1764920262.6872683
1764920272.697441 1764920298.2495086
1764920308.2589755 1764920330.2727697
1764920339.2730608 1764920361.7964795
1764920369.8033967 1764920417.8190625
1764920422.8242369 1764920448.8929331
1764920448.8929646 1764920493.9790132
1764920503.9881258 1764920536.36983
1764920540.3739393 1764920578.7505703
1764920585.754885 1764920618.9073515
1764920621.9080887 1764920659.6996186
1764920661.7016954 1764920704.3908927
1764920712.3989904 1764920748.6716678
1764920756.6788757 1764920800.4206018
1764920808.4287398 1764920835.3491962
1764920838.35227 1764920867.1925423
1764920869.1946173 1764920903.1146739
1764920912.115277 1764920943.913318
1764920945.9154146 1764920983.9179022
1764920983.917938 1764921024.8894234
1764921034.8991697 1764921060.5055811
1764921060.5056138 1764921099.1702888
1764921100.170881 1764921136.3998568
1764921138.4019265 1764921172.6519904
1764921174.6540656 1764921205.0657647
1764921205.0657902 1764921244.6692252
1764921251.6749465 1764921280.6482315
1764921282.6503327 1764921310.8527787
