1764917347.264349 1764917380.8801913
1764917386.8863232 1764917417.1447263
1764917421.1488125 1764917460.4855943
1764917462.4887865 1764917499.7481096
1764917503.750875 1764917539.3030314
1764917547.3039384 1764917581.277943
1764917587.282884 1764917613.558788
1764917617.559148 1764917659.8922002
1764917668.898975 1764917698.722112
1764917703.7269387 1764917733.3808196
1764917737.3849068 1764917772.817133
1764917776.8188806 1764917815.5269544
1764917818.530024 1764917851.0111885
1764917855.014888 1764917895.2950974
1764917895.295136 1764917934.9327462
1764917943.9389439 1764917979.365783
1764917984.3684478 1764918027.5216699
1764918036.5269651 1764918071.252016
1764918080.259001 1764918122.3965962
1764918129.4036744 1764918168.4120624
1764918178.4123964 1764918218.018784
1764918222.0229201 1764918268.3063974
1764918271.3094978 1764918309.6587467
1764918309.658779 1764918361.7607448
1764918366.7658236 1764918395.9758685
1764918398.9788713 1764918434.090574
1764918436.0910711 1764918478.2830718
1764918482.2876196 1764918523.7830186
1764918529.7848742 1764918563.2085748
1764918564.2095306 1764918598.3665915
1764918600.3686624 1764918635.080723
1764918641.0868087 1764918678.3171341
1764918680.319207 1764918709.1079073
1764918710.1079977 1764918746.7237575
1764918747.724825 1764918787.5432572
1764918795.551337 1764918827.4860866
1764918831.4902124 1764918860.4545922
1764918865.4550464 1764918892.8840272
1764918898.88688 1764918941.312262
1764918945.3163466 1764918981.4781783
1764918986.4830272 1764919018.460452
1764919026.4668837 1764919049.1986446
1764919057.206813 1764919081.3524194
1764919088.3589737 1764919123.4026206
1764919132.4029024 1764919158.0663257
1764919168.0764062 1764919194.6426785
1764919199.6477437 1764919229.7823098
1764919234.7873838 1764919268.6904333
1764919272.6908858 1764919307.0702531
1764919313.0748847 1764919346.3296773
1764919346.3297007 1764919380.708902
1764919389.7179754 1764919422.5354798
1764919424.5375667 1764919463.716512
1764919472.7228858 1764919497.5441096
1764919500.5471785 1764919528.4356463
1764919537.4447181 1764919568.1149156
1764919571.1156228 1764919609.5397239
1764919616.546402 1764919648.1116872
1764919649.1127694 1764919682.0609493
1764919689.0669427 1764919721.094006
1764919727.1000946 1764919760.8974025
1764919760.8974264 1764919807.1457021
1764919808.146783 1764919839.148465
1764919843.1508825 1764919876.1294022
1764919878.1308856 1764919914.94206
1764919919.9424577 1764919960.019178
1764919961.020249 1764920002.6054168
1764920011.614482 1764920049.2243192
1764920054.229043 1764920084.5425346
1764920093.5509903 1764920120.6099403
1764920120.6099696 1764920172.393175
1764920177.3949409 1764920215.0122678
1764920220.014887 1764920260.467621
1764920268.475684 1764920301.7026732
1764920309.708763 1764920333.1564865
1764920333.1565204 1764920367.2515645
1764920371.2517962 1764920404.1622634
1764920412.1669433 1764920446.4166868
1764920447.417289 1764920490.2749846
1764920498.283075 1764920532.7883656
1764920535.7914393 1764920575.6151333
1764920576.6155555 1764920613.3139267
1764920615.3141432 1764920656.1660757
1764920658.1669548 1764920697.9685228
1764920702.9731913 1764920746.312971
1764920756.3228884 1764920788.8328242
1764920797.8419878 1764920829.5087483
1764920836.5158393 1764920860.4157581
1764920870.4229274 1764920903.5088043
1764920908.5090256 1764920940.23356
1764920949.2426436 1764920981.2537432
1764920985.2578166 1764921022.9180202
1764921023.9188957 1764921061.1079152
1764921061.1079414 1764921097.7722754
1764921107.7823517 1764921132.5440016
1764921135.5469203 1764921168.3866189
1764921175.3909838 1764921205.8131282
1764921212.8188741 1764921240.624734
1764921242.6263008 1764921276.6732314
1764921277.6744127 1764921312.428393
