1765705771.7233574 1765705807.7623641
1765705807.762402 1765705831.5953114
1765705831.5953443 1765705855.1498125
1765705855.149848 1765705882.2572505
1765705882.2572844 1765705909.5777411
1765705909.5777805 1765705933.7974577
1765705933.7974832 1765705958.0806828
1765705958.0807183 1765705984.9250164
1765705984.9250493 1765706012.088573
1765706012.088599 1765706044.0029032
1765706044.002936 1765706073.412452
1765706073.4124832 1765706098.9780602
1765706098.9780862 1765706126.046813
1765706126.0468485 1765706157.7697957
1765706157.7698379 1765706184.9473915
1765706184.9474092 1765706224.6917288
1765706224.6917543 1765706257.7197013
1765706257.7197278 1765706299.227733
1765706299.2277594 1765706330.5898845
1765706330.5899105 1765706366.4341688
1765706366.4341934 1765706402.0736945
1765706402.073714 1765706432.8630624
1765706432.8630924 1765706467.6059086
1765706467.6059344 1765706493.0501325
1765706493.0501494 1765706523.664776
1765706523.6648011 1765706556.8113458
1765706556.8113656 1765706597.9970937
1765706597.9971201 1765706620.6424809
1765706620.6425006 1765706651.5587728
1765706651.5587983 1765706679.4278457
1765706679.4278643 1765706707.1996698
1765706707.1996953 1765706736.2823675
1765706736.2824018 1765706768.569535
1765706768.569561 1765706810.3381
1765706810.3381248 1765706838.896232
1765706838.8962576 1765706866.8813128
1765706866.8813307 1765706901.9543893
1765706901.9544168 1765706928.4250832
1765706928.4251087 1765706954.8736863
1765706954.8737123 1765706990.2922738
1765706990.292299 1765707026.0144143
1765707026.014432 1765707055.9089537
1765707055.9089801 1765707084.894446
1765707084.8944683 1765707116.8030722
1765707116.8030999 1765707152.3207088
1765707152.320736 1765707185.0423348
1765707185.0423539 1765707225.2413158
1765707225.241343 1765707266.8229945
1765707266.8230224 1765707288.7319407
1765707288.7319605 1765707331.8075747
1765707331.8076262 1765707372.3635986
1765707372.3636248 1765707405.9247825
1765707405.924807 1765707440.9842527
1765707440.9842765 1765707474.4256873
1765707474.42571 1765707502.8254669
1765707502.8255024 1765707545.342819
1765707545.3428671 1765707589.559056
1765707589.559114 1765707615.503002
1765707615.5030322 1765707649.9243536
1765707649.9243877 1765707686.9233868
1765707686.9234192 1765707731.4612198
1765707731.461251 1765707763.0068445
1765707763.0068774 1765707796.542777
1765707796.542801 1765707831.2039936
1765707831.2040167 1765707867.5987475
1765707867.5987754 1765707905.760449
1765707905.7604778 1765707941.1262834
1765707941.1263096 1765707978.3165896
1765707978.3166134 1765708016.1753588
1765708016.175383 1765708049.8135486
1765708049.8135736 1765708088.3500412
1765708088.3500667 1765708131.51005
1765708131.510073 1765708167.407201
1765708167.4072268 1765708195.5826209
1765708195.582644 1765708242.8334925
1765708242.833514 1765708293.6700938
1765708293.6701195 1765708335.4620514
1765708335.462078 1765708379.510011
1765708379.5100348 1765708422.6626573
1765708422.6626787 1765708463.5340097
1765708463.5340352 1765708504.4373336
1765708504.4373624 1765708544.6700785
1765708544.6701033 1765708590.3010085
1765708590.3010406 1765708636.2390318
1765708636.2390568 1765708669.692287
1765708669.692312 1765708693.7572956
1765708693.7573142 1765708716.9192255
1765708716.9192493 1765708750.6811535
1765708750.681179 1765708780.481136
1765708780.48116 1765708805.6128552
1765708805.6128793 1765708830.0590475
1765708830.0590713 1765708856.501916
1765708856.5019364 1765708887.4403803
1765708887.4404047 1765708918.1762738
1765708918.1762989 1765708946.0414588
1765708946.0414786 1765708974.156822
1765708974.156858 1765709006.1104124
1765709006.1104407 1765709041.025101
1765709041.0251217 1765709068.5555453
1765709068.5555701 1765709099.2039804
