1765705779.4222202 1765705800.3851132
1765705800.3851385 1765705830.2109973
1765705830.2110236 1765705852.4150457
1765705852.415066 1765705877.3254178
1765705877.325437 1765705907.310709
1765705907.3107321 1765705929.3673792
1765705929.3674033 1765705958.4076319
1765705958.407656 1765705984.0880184
1765705984.088038 1765706011.0591016
1765706011.0591247 1765706041.1670122
1765706041.167032 1765706070.7479813
1765706070.7480056 1765706098.2641072
1765706098.2641366 1765706125.3627002
1765706125.362725 1765706154.5776768
1765706154.5776944 1765706192.7930517
1765706192.7930763 1765706220.265408
1765706220.2654264 1765706259.992238
1765706259.992262 1765706290.772174
1765706290.7721913 1765706330.5983882
1765706330.598413 1765706361.3224874
1765706361.3225052 1765706401.1844695
1765706401.1844938 1765706432.000455
1765706432.0004716 1765706463.903202
1765706463.9032273 1765706492.8871572
1765706492.8871808 1765706526.965357
1765706526.965391 1765706557.440094
1765706557.440118 1765706584.7356253
1765706584.7356417 1765706618.7138476
1765706618.7138696 1765706646.21608
1765706646.2160997 1765706678.384196
1765706678.3842146 1765706707.4616416
1765706707.4616642 1765706736.441554
1765706736.44158 1765706764.9947696
1765706764.9947865 1765706797.3450072
1765706797.3450296 1765706829.1204824
1765706829.1205037 1765706862.7057424
1765706862.705765 1765706893.0317464
1765706893.0317652 1765706928.7603023
1765706928.7603273 1765706958.0967288
1765706958.0967534 1765706992.0926013
1765706992.0926263 1765707019.258951
1765707019.2589684 1765707050.0062199
1765707050.0062459 1765707079.7983427
1765707079.7983594 1765707113.079374
1765707113.0793974 1765707148.4354863
1765707148.4355056 1765707183.4012382
1765707183.4012625 1765707218.6639555
1765707218.6639738 1765707258.8733594
1765707258.8733823 1765707293.085082
1765707293.0851018 1765707330.232245
1765707330.232269 1765707368.263818
1765707368.2638364 1765707404.1392624
1765707404.1392868 1765707433.4876842
1765707433.4877114 1765707464.191035
1765707464.1910543 1765707508.973126
1765707508.9731495 1765707541.253746
1765707541.2537706 1765707573.900041
1765707573.9000666 1765707611.4008174
1765707611.400843 1765707644.906788
1765707644.9068189 1765707687.5699687
1765707687.569987 1765707723.7928455
1765707723.7928674 1765707761.4374566
1765707761.4374804 1765707795.0733106
1765707795.0733285 1765707828.1908875
1765707828.1909168 1765707864.6672256
1765707864.667261 1765707897.3513637
1765707897.3513882 1765707939.1090627
1765707939.1090815 1765707973.3957067
1765707973.3957298 1765708015.8550432
1765708015.855063 1765708045.1378784
1765708045.1379023 1765708087.1793368
1765708087.1793616 1765708129.467254
1765708129.4672716 1765708165.6957777
1765708165.6958098 1765708195.5247233
1765708195.524742 1765708239.1225946
1765708239.122618 1765708290.7952461
1765708290.7952657 1765708334.7399247
1765708334.739943 1765708374.5808415
1765708374.5808659 1765708421.751674
1765708421.7516928 1765708460.3572996
1765708460.3573258 1765708503.242261
1765708503.242279 1765708540.2289035
1765708540.2289264 1765708582.3671846
1765708582.3672135 1765708631.795297
1765708631.7953231 1765708664.4930618
1765708664.4930806 1765708691.9931874
1765708691.9932075 1765708716.9227884
1765708716.922812 1765708749.170892
1765708749.1709108 1765708768.1797383
1765708768.1797616 1765708799.4495416
1765708799.4495592 1765708825.8182802
1765708825.8183024 1765708850.8011093
1765708850.8011303 1765708873.9563754
1765708873.9563942 1765708911.6418808
1765708911.6419048 1765708946.8815558
1765708946.8815808 1765708971.8203692
1765708971.8203871 1765709008.3252351
1765709008.3252606 1765709035.2533925
1765709035.253411 1765709065.9725633
1765709065.9725876 1765709094.070666
