1762836421.235143 1762836448.937047
1762836448.9370685 1762836480.3000958
1762836480.3001437 1762836508.9640281
1762836508.9640696 1762836533.0578883
1762836533.0579278 1762836548.0913205
1762836548.0913393 1762836582.0156293
1762836582.0156627 1762836607.022657
1762836607.0226822 1762836635.6282313
1762836635.6282527 1762836669.1383376
1762836669.1383672 1762836699.9585311
1762836699.9585786 1762836726.1948
1762836726.1948216 1762836765.4092605
1762836765.4092922 1762836795.1426609
1762836795.1426876 1762836820.0000117
1762836820.0000415 1762836846.7570972
1762836846.7571287 1762836870.7937753
1762836870.793802 1762836895.3434346
1762836895.3434608 1762836919.385577
1762836919.3856153 1762836944.9244108
1762836944.9244466 1762836966.2429845
1762836966.2430134 1762836988.205984
1762836988.2060132 1762837017.6873507
1762837017.6873834 1762837035.3693848
1762837035.369407 1762837059.12754
1762837059.127579 1762837080.9684472
1762837080.9684708 1762837104.9336805
1762837104.9337103 1762837129.264831
1762837129.2648547 1762837148.4961321
1762837148.4961674 1762837170.9708982
1762837170.9709284 1762837196.2081442
1762837196.2081757 1762837228.588628
1762837228.5886598 1762837254.4560957
1762837254.4561253 1762837284.0710886
1762837284.0711167 1762837313.2926936
1762837313.292721 1762837334.57318
1762837334.5732012 1762837366.8445783
1762837366.8446078 1762837394.71738
1762837394.7174141 1762837418.617896
1762837418.617918 1762837446.6810448
1762837446.681076 1762837469.9257894
1762837469.9258256 1762837492.9879005
1762837492.9879568 1762837516.7175643
1762837516.7175956 1762837546.6152854
1762837546.6153095 1762837571.7504256
1762837571.750463 1762837599.3620114
1762837599.36204 1762837632.6140103
1762837632.6140354 1762837667.9001775
1762837667.900206 1762837697.8581157
1762837697.8581502 1762837724.4569585
1762837724.4569902 1762837753.3958004
1762837753.3958306 1762837773.434496
1762837773.4345171 1762837804.1946456
1762837804.1946762 1762837834.883487
1762837834.8835156 1762837860.4773204
1762837860.4773514 1762837889.8817816
1762837889.8818147 1762837916.045734
1762837916.04576 1762837947.463416
1762837947.4634447 1762837980.3358088
1762837980.3358362 1762838008.1051295
1762838008.1051517 1762838035.122248
1762838035.122297 1762838068.2610722
1762838068.2611074 1762838099.6829803
1762838099.6830134 1762838146.3240714
1762838146.3241093 1762838174.3627498
1762838174.362773 1762838205.806117
1762838205.80614 1762838239.9133177
1762838239.9133484 1762838269.087945
1762838269.0879683 1762838300.0309966
1762838300.0310218 1762838332.3528385
1762838332.3528628 1762838370.4524763
1762838370.452518 1762838403.3521504
1762838403.3521817 1762838433.0826778
1762838433.0827053 1762838469.3611233
1762838469.361174 1762838506.0397081
1762838506.0397358 1762838534.4900668
1762838534.4901066 1762838557.274114
1762838557.2741532 1762838593.445839
1762838593.4458675 1762838622.5466766
1762838622.5467055 1762838649.8476753
1762838649.8477006 1762838680.8846273
1762838680.8846848 1762838701.842273
1762838701.8422956 1762838728.148573
1762838728.1485975 1762838758.0891507
1762838758.0891817 1762838784.4427533
1762838784.4427886 1762838809.9880486
1762838809.988086 1762838830.2179701
1762838830.2179928 1762838857.5460782
1762838857.5461106 1762838883.3140373
1762838883.3140702 1762838907.3379066
1762838907.3379352 1762838936.92899
1762838936.929027 1762838971.5668993
1762838971.5669281 1762839000.0324945
1762839000.0325198 1762839027.3298717
1762839027.3299012 1762839051.4766386
1762839051.4766626 1762839086.5784423
1762839086.5784755 1762839107.2620344
1762839107.2620654 1762839135.7170105
1762839135.7170482 1762839158.3382707
1762839158.3382928 1762839190.8724594
1762839190.872487 1762839215.8125467
