1752423414.6369474 1752423440.386378
1752423440.3864064 1752423458.5682561
1752423458.5682752 1752423488.8691301
1752423488.8691566 1752423515.992266
1752423515.9923105 1752423533.939526
1752423533.939545 1752423564.369813
1752423564.3698366 1752423589.5618658
1752423589.5618865 1752423615.3386097
1752423615.3386323 1752423638.485326
1752423638.4853487 1752423664.8016684
1752423664.8016906 1752423693.8849819
1752423693.8850057 1752423714.480317
1752423714.4803486 1752423736.1191003
1752423736.1191297 1752423755.430042
1752423755.4300606 1752423777.6498673
1752423777.6498904 1752423803.898426
1752423803.8984487 1752423830.2516146
1752423830.2516418 1752423852.755516
1752423852.7555377 1752423881.084986
1752423881.085008 1752423905.6573076
1752423905.6573331 1752423933.746446
1752423933.7464697 1752423958.965429
1752423958.9654572 1752423981.1045024
1752423981.104527 1752424012.307528
1752424012.30755 1752424035.788157
1752424035.7881825 1752424058.7441385
1752424058.74416 1752424086.3370495
1752424086.3370714 1752424111.554203
1752424111.5542297 1752424138.005596
1752424138.0056226 1752424161.521649
1752424161.5216672 1752424191.3990357
1752424191.3990598 1752424215.5057318
1752424215.5057526 1752424244.5971854
1752424244.5972068 1752424268.420649
1752424268.4206736 1752424293.4269516
1752424293.4269726 1752424309.89799
1752424309.8980124 1752424337.6888828
1752424337.6889036 1752424362.7617064
1752424362.7617273 1752424385.2265959
1752424385.2266228 1752424413.3191772
1752424413.3192 1752424430.9137762
1752424430.913802 1752424456.9532351
1752424456.953262 1752424481.5714197
1752424481.571443 1752424506.1718242
1752424506.1718507 1752424531.122752
1752424531.1227775 1752424555.5275571
1752424555.5275881 1752424575.5282338
1752424575.5282605 1752424604.612946
1752424604.612969 1752424628.2355714
1752424628.235619 1752424653.7810698
1752424653.7810946 1752424678.0557866
1752424678.0558116 1752424702.8432162
1752424702.8432486 1752424718.2801006
1752424718.2801235 1752424750.0684366
1752424750.068463 1752424776.8261049
1752424776.8261263 1752424801.5449576
1752424801.5449817 1752424824.3454497
1752424824.3454711 1752424853.6706128
1752424853.6706388 1752424876.6030676
1752424876.6030908 1752424900.6684115
1752424900.6684341 1752424924.1630135
1752424924.1630359 1752424951.0495596
1752424951.0495944 1752424975.3821561
1752424975.3821776 1752424996.7856305
1752424996.7856522 1752425027.3514025
1752425027.3514278 1752425052.6803842
1752425052.6804094 1752425069.3619742
1752425069.3619943 1752425096.4473562
1752425096.4473782 1752425124.8306885
1752425124.83071 1752425146.34611
1752425146.346138 1752425167.3122241
1752425167.312246 1752425183.204994
1752425183.205013 1752425210.105612
1752425210.1056345 1752425238.8989708
1752425238.8989973 1752425255.719184
1752425255.7192042 1752425288.8258557
1752425288.8258853 1752425314.6889424
1752425314.688965 1752425338.1019723
1752425338.1019928 1752425368.6864939
1752425368.6865163 1752425391.5484593
1752425391.548483 1752425412.3113222
1752425412.3113456 1752425431.2692285
1752425431.2692485 1752425452.9114227
1752425452.9114459 1752425488.1008768
1752425488.1009052 1752425516.3444142
1752425516.3444421 1752425538.4243557
1752425538.424378 1752425564.8669074
1752425564.8669312 1752425592.0930681
1752425592.0930915 1752425616.538937
1752425616.5389583 1752425642.155264
1752425642.1552963 1752425667.8785856
1752425667.8786116 1752425683.3214474
1752425683.321469 1752425706.3653278
1752425706.365347 1752425729.3973634
1752425729.397385 1752425761.720026
1752425761.7200558 1752425787.8771527
1752425787.877175 1752425807.9063716
1752425807.9063969 1752425830.4660075
1752425830.4660287 1752425856.7915215
1752425856.791542 1752425885.268863
1752425885.26889 1752425910.5375342
1752425910.5375574 1752425933.511742
1752425933.5117757 1752425953.8576028
1752425953.857641 1752425975.872803
1752425975.8728237 1752425993.7094715
1752425993.7094946 1752426028.9485343
1752426028.9485638 1752426054.6425748
1752426054.642596 1752426075.6296382
1752426075.629663 1752426107.6773973
1752426107.6774192 1752426132.4964218
1752426132.4964743 1752426159.1225743
1752426159.1226044 1752426176.6424344
1752426176.6424565 1752426206.4867005
1752426206.4867237 1752426234.2305143
1752426234.2305357 1752426261.0551443
1752426261.0551686 1752426284.6621315
1752426284.6621592 1752426308.6652775
1752426308.6653016 1752426333.082084
1752426333.0821102 1752426361.8852978
1752426361.8853195 1752426384.8659618
1752426384.8659816 1752426417.1391628
1752426417.1391888 1752426443.6151567
1752426443.6151786 1752426466.4858825
1752426466.4859083 1752426490.8712819
1752426490.8713107 1752426509.5073435
1752426509.5073655 1752426538.6590178
1752426538.6590407 1752426567.475193
1752426567.4752154 1752426593.5810463
1752426593.5810754 1752426624.7780716
1752426624.7781022 1752426650.187346
1752426650.187371 1752426677.7638838
1752426677.7639062 1752426706.4185827
1752426706.4186099 1752426727.840723
1752426727.8407798 1752426753.7798135
1752426753.779844 1752426773.4348173
1752426773.4348426 1752426803.1287084
1752426803.1287339 1752426829.5116534
1752426829.5116866 1752426850.6823487
1752426850.6823747 1752426870.7799823
1752426870.7800066 1752426901.5287037
1752426901.5287254 1752426924.8780887
1752426924.8781188 1752426954.5427766
1752426954.5427988 1752426983.514645
1752426983.5146728 1752427010.3095803
1752427010.3096087 1752427035.0232458
1752427035.0232673 1752427066.86474
1752427066.8647661 1752427092.9642577
1752427092.9642856 1752427111.5616124
1752427111.5616345 1752427141.433438
1752427141.4334617 1752427164.691605
1752427164.6916337 1752427191.457015
1752427191.4570372 1752427207.876492
1752427207.8765311 1752427231.2903044
1752427231.2903268 1752427254.6952257
1752427254.695246 1752427288.1563988
1752427288.1564283 1752427313.6248822
1752427313.6249137 1752427334.4979804
1752427334.4980295 1752427358.1216462
1752427358.1216743 1752427380.5697198
1752427380.5697408 1752427403.276766
1752427403.2767975 1752427424.8786237
1752427424.8786576 1752427448.0982423
1752427448.0982711 1752427473.1801302
1752427473.1801534 1752427497.5026867
1752427497.5027092 1752427524.425555
1752427524.4255807 1752427554.5243957
1752427554.5244215 1752427583.229751
1752427583.2297742 1752427599.792395
1752427599.7924182 1752427630.6291995
1752427630.6292388 1752427653.3286686
1752427653.3286908 1752427680.980171
1752427680.980203 1752427712.409249
1752427712.4092731 1752427738.4577136
1752427738.457743 1752427758.5513518
1752427758.5513778 1752427785.4992087
1752427785.4992332 1752427810.9992337
1752427810.9992583 1752427842.345465
1752427842.3454869 1752427867.4715014
1752427867.4715295 1752427896.6607332
1752427896.6607559 1752427914.8709855
1752427914.8710067 1752427939.017171
1752427939.0171988 1752427962.852185
1752427962.8522153 1752427984.0127892
1752427984.0128253 1752428012.6073256
1752428012.6073518 1752428038.0190215
1752428038.0190487 1752428058.249979
1752428058.249999 1752428081.1987379
1752428081.1987658 1752428107.288032
1752428107.2880628 1752428129.6462462
1752428129.64627 1752428154.4663339
1752428154.4663577 1752428180.328958
1752428180.3289862 1752428205.2107265
1752428205.2107537 1752428223.5842516
1752428223.5842757 1752428258.7580614
1752428258.7580917 1752428276.1596987
1752428276.15972 1752428300.570573
1752428300.5706024 1752428323.9593146
1752428323.9593399 1752428352.5490618
1752428352.549085 1752428378.7599325
1752428378.7599833 1752428390.204521
1752428390.204545 1752428419.5706873
1752428419.5707269 1752428438.9701018
1752428438.9701262 1752428466.272362
1752428466.272391 1752428490.5766742
1752428490.5767024 1752428511.5803154
1752428511.5803435 1752428541.5879393
1752428541.5879645 1752428564.2640622
1752428564.2641022 1752428586.4987636
1752428586.4987857 1752428606.0419698
1752428606.0419946 1752428634.0418003
1752428634.0418384 1752428656.0896537
1752428656.0896807 1752428684.0777578
1752428684.0777876 1752428707.9647021
1752428707.9647288 1752428733.9444923
1752428733.9445224 1752428750.990726
1752428750.9907517 1752428788.0643141
1752428788.0643413 1752428813.6654649
1752428813.6654925 1752428843.9307635
1752428843.9307923 1752428872.852297
1752428872.852324 1752428892.3244717
1752428892.3244946 1752428923.8897674
1752428923.889794 1752428951.3697078
1752428951.3697305 1752428972.2870407
1752428972.2870617 1752429003.814593
1752429003.81462 1752429021.4638178
1752429021.463844 1752429045.1155765
1752429045.1156178 1752429069.5778687
1752429069.5778909 1752429099.000876
1752429099.000899 1752429125.54216
1752429125.5421896 1752429147.3774624
1752429147.3774834 1752429178.2061765
1752429178.206208 1752429200.645747
1752429200.6457684 1752429223.409796
1752429223.4098332 1752429255.063333
1752429255.0633767 1752429274.0412989
1752429274.0413198 1752429299.611438
1752429299.611466 1752429322.1516602
1752429322.1516855 1752429346.731392
1752429346.731415 1752429372.7815306
1752429372.7815595 1752429394.3835123
1752429394.3835325 1752429420.0134776
1752429420.0135057 1752429450.0623658
1752429450.062391 1752429476.9768329
1752429476.9768558 1752429502.926098
1752429502.9261217 1752429522.6853967
1752429522.6854186 1752429549.754309
1752429549.7543309 1752429572.287846
1752429572.2878985 1752429596.8128119
1752429596.8128405 1752429622.0644093
1752429622.0644383 1752429641.6338618
1752429641.633886 1752429671.4352663
1752429671.4352887 1752429700.843956
1752429700.843986 1752429729.8375618
1752429729.8375838 1752429754.500122
1752429754.5001473 1752429777.6262465
1752429777.626275 1752429799.4641654
1752429799.4641912 1752429830.316323
1752429830.3163564 1752429842.287674
1752429842.2876961 1752429871.106952
1752429871.1069791 1752429897.1021926
1752429897.1022341 1752429916.9555044
1752429916.9555323 1752429951.3474178
1752429951.3474467 1752429971.6177845
1752429971.617811 1752429995.566
1752429995.5660264 1752430022.1206872
1752430022.1207101 1752430041.2992625
1752430041.2992892 1752430066.4247425
1752430066.424771 1752430095.8556857
1752430095.8557131 1752430120.0746155
1752430120.0746386 1752430144.4809108
1752430144.4809632 1752430168.867417
1752430168.8674417 1752430195.958904
1752430195.9589326 1752430217.3552668
1752430217.3552992 1752430250.0439644
1752430250.0439975 1752430268.7118866
1752430268.711911 1752430296.7263849
1752430296.7264116 1752430320.7651415
1752430320.7651687 1752430345.8334653
1752430345.833487 1752430369.4350505
1752430369.4350755 1752430400.0082316
1752430400.0082555 1752430423.2105415
1752430423.2105615 1752430458.4257567
1752430458.4257777 1752430479.6271892
1752430479.6272166 1752430494.7165573
1752430494.7165763 1752430526.1420746
1752430526.1421027 1752430546.043516
1752430546.0435364 1752430568.9742498
1752430568.974283 1752430594.7327545
1752430594.732778 1752430623.870877
1752430623.870902 1752430650.5259597
1752430650.5259836 1752430667.3376496
1752430667.33767 1752430702.252551
1752430702.252579 1752430730.4702575
1752430730.4702814 1752430754.279036
1752430754.2790616 1752430774.5288832
1752430774.528912 1752430801.2488432
1752430801.2488692 1752430820.0840776
1752430820.084102 1752430834.0249028
1752430834.0249228 1752430863.257272
1752430863.2572997 1752430883.3715568
1752430883.3716063 1752430909.6934617
1752430909.6934924 1752430933.8181968
1752430933.8182352 1752430959.989608
1752430959.989644 1752430977.2860866
1752430977.2861073 1752431004.0944843
1752431004.09451 1752431031.9646096
1752431031.9646323 1752431058.8051388
1752431058.8051648 1752431085.9579363
1752431085.9579613 1752431114.1049595
1752431114.1049838 1752431139.2798402
1752431139.2798736 1752431154.3493886
1752431154.3494182 1752431179.2486365
1752431179.2486603 1752431203.9262283
1752431203.9262564 1752431222.4188159
1752431222.4188392 1752431252.6359148
1752431252.6359446 1752431277.8108504
1752431277.8108747 1752431302.2167444
1752431302.216768 1752431324.0561604
1752431324.0561922 1752431348.5750308
1752431348.575054 1752431376.155636
1752431376.1556618 1752431399.8138015
1752431399.813824 1752431428.2292578
1752431428.229283 1752431454.85346
1752431454.85348 1752431476.0501668
1752431476.0501878 1752431501.944044
1752431501.9440715 1752431522.0801601
1752431522.0801864 1752431546.7972746
1752431546.7972984 1752431563.5582743
1752431563.558308 1752431592.9081798
1752431592.908207 1752431621.182027
1752431621.182046 1752431647.4025168
1752431647.4025486 1752431673.916819
1752431673.9168603 1752431690.9113889
1752431690.9114087 1752431724.9440665
1752431724.9440894 1752431744.7314026
1752431744.7314258 1752431772.5373251
1752431772.5373552 1752431796.81298
1752431796.8130043 1752431818.0139184
1752431818.0139396 1752431836.3285968
1752431836.3286216 1752431857.2787423
1752431857.278762 1752431894.7586951
1752431894.7587268 1752431916.2180576
1752431916.2180884 1752431942.1749318
1752431942.1749532 1752431960.3814504
1752431960.3814752 1752431987.4755025
1752431987.475533 1752432010.4900787
1752432010.4901152 1752432031.11956
1752432031.1195908 1752432058.5414608
1752432058.5414855 1752432084.9202228
1752432084.9202487 1752432108.9945006
1752432108.9945204 1752432124.2824583
1752432124.282483 1752432155.2215052
1752432155.2215357 1752432178.7214358
1752432178.721464 1752432201.88386
1752432201.8838823 1752432222.648854
1752432222.6488738 1752432255.7833195
1752432255.7833488 1752432281.7606058
1752432281.7606373 1752432311.4545162
1752432311.4545398 1752432337.3155196
1752432337.3155577 1752432362.8858452
1752432362.8858666 1752432383.1864188
1752432383.1864412 1752432415.2728667
1752432415.2728922 1752432440.1181455
1752432440.1181731 1752432466.129964
1752432466.1299837 1752432483.5395095
1752432483.5395293 1752432507.9362307
1752432507.936259 1752432531.4563725
1752432531.4564042 1752432548.6035125
1752432548.6035383 1752432564.9951684
1752432564.995193 1752432596.8798227
1752432596.8798478 1752432618.6680841
1752432618.6681118 1752432639.822382
1752432639.8224058 1752432666.1952457
1752432666.1952684 1752432691.1519608
1752432691.1519961 1752432708.0649385
1752432708.064958 1752432732.0029585
1752432732.0029824 1752432770.9969893
1752432770.9970138 1752432794.1433244
1752432794.143348 1752432820.766668
1752432820.7666957 1752432842.2444685
1752432842.2445126 1752432868.0331635
1752432868.0331953 1752432890.8678288
1752432890.867851 1752432919.9109008
1752432919.9109256 1752432942.5262074
1752432942.5262334 1752432966.5493646
1752432966.5493896 1752432993.9550753
1752432993.9551063 1752433019.3853102
1752433019.3853366 1752433048.7032444
1752433048.7032745 1752433077.6833317
1752433077.6833522 1752433097.8206575
1752433097.8206854 1752433118.7077956
1752433118.70783 1752433144.3430786
1752433144.3431008 1752433163.2890096
1752433163.2890368 1752433189.730384
1752433189.7304056 1752433214.2094471
1752433214.2094712 1752433236.3616385
1752433236.3616645 1752433259.9551957
1752433259.9552233 1752433287.597998
1752433287.5980265 1752433315.9527166
1752433315.9527454 1752433340.957578
1752433340.9575992 1752433359.1555982
1752433359.1556268 1752433383.355378
1752433383.3553967 1752433415.5390022
1752433415.5390313 1752433442.0963643
1752433442.096396 1752433467.518741
1752433467.5187643 1752433490.3539975
1752433490.354028 1752433515.929964
1752433515.9299943 1752433543.6681676
1752433543.6681955 1752433569.3208578
1752433569.320881 1752433590.1453547
1752433590.1453753 1752433623.8034077
1752433623.8034534 1752433652.7093945
1752433652.709418 1752433679.7694986
1752433679.7695267 1752433707.4271102
1752433707.4271338 1752433731.3135912
1752433731.3136184 1752433760.2381473
1752433760.2381725 1752433785.796741
1752433785.7967691 1752433814.9888644
1752433814.9888985 1752433838.9851127
1752433838.9851418 1752433862.8234015
1752433862.8234346 1752433885.6461692
1752433885.6461914 1752433910.1112885
1752433910.111315 1752433934.8031697
1752433934.8031936 1752433960.058377
1752433960.0584002 1752433986.959878
1752433986.959899 1752434015.5986056
1752434015.5986285 1752434034.4752626
1752434034.475287 1752434059.3767452
1752434059.3767757 1752434083.160081
1752434083.1601114 1752434111.256475
1752434111.2564967 1752434140.0848987
1752434140.0849245 1752434160.7930915
1752434160.7931128 1752434180.5998566
1752434180.599877 1752434213.2640734
1752434213.2641237 1752434242.155571
1752434242.1555927 1752434262.5689847
1752434262.5690079 1752434282.9362032
1752434282.936243 1752434306.2677765
1752434306.2678037 1752434331.3954341
1752434331.3954544 1752434351.2974198
1752434351.2974432 1752434381.0345495
1752434381.0345705 1752434407.8218694
1752434407.821892 1752434441.2131503
1752434441.2131896 1752434467.8832722
1752434467.8832958 1752434492.4867513
1752434492.4867742 1752434515.2668588
1752434515.2668803 1752434533.7039495
1752434533.7039754 1752434552.792946
1752434552.7929654 1752434586.2923412
1752434586.2923672 1752434611.9887424
1752434611.9887652 1752434636.6236997
1752434636.6237233 1752434659.3906558
1752434659.3906803 1752434680.4070132
1752434680.407038 1752434699.2637343
1752434699.2637534 1752434721.8448129
1752434721.8448381 1752434750.2183464
1752434750.2183707 1752434773.7186096
1752434773.718631 1752434800.2182117
1752434800.2182372 1752434829.0071476
1752434829.0071745 1752434855.9466867
1752434855.9467134 1752434879.634511
1752434879.634531 1752434910.536895
1752434910.5369155 1752434930.4342773
1752434930.434302 1752434946.0770125
1752434946.0770366 1752434976.0009913
1752434976.0010164 1752435002.5161345
1752435002.5161602 1752435028.7948022
1752435028.7948349 1752435051.1036656
1752435051.1036892 1752435081.4162133
1752435081.4162405 1752435107.9632306
1752435107.963253 1752435136.003347
1752435136.003368 1752435162.0684078
1752435162.0684426 1752435191.441144
1752435191.4411707 1752435218.049955
1752435218.0499759 1752435242.396795
1752435242.3968287 1752435263.26146
1752435263.261486 1752435297.175952
1752435297.1759734 1752435317.574563
1752435317.5745852 1752435346.350242
1752435346.3502681 1752435366.7909582
1752435366.790981 1752435392.6559143
1752435392.6559396 1752435407.855656
1752435407.8556798 1752435437.8863947
1752435437.886421 1752435463.4917343
1752435463.4917583 1752435486.9464867
1752435486.9465096 1752435512.5034096
1752435512.503438 1752435527.3964028
1752435527.3964233 1752435549.7553575
1752435549.7553806 1752435577.545453
1752435577.5454865 1752435597.8337278
1752435597.8337536 1752435622.6831238
1752435622.6831498 1752435645.8699799
1752435645.87001 1752435669.011362
1752435669.0113819 1752435700.3426926
1752435700.3427234 1752435724.4314148
1752435724.4314394 1752435751.1157286
1752435751.1157582 1752435776.746762
1752435776.7467873 1752435801.2736716
1752435801.2736917 1752435821.4520845
1752435821.4521062 1752435847.28442
1752435847.2844458 1752435880.5897143
1752435880.5897403 1752435909.1757913
1752435909.1758232 1752435934.1285481
1752435934.1285822 1752435957.7787766
1752435957.7787976 1752435973.20244
1752435973.202463 1752436001.1982198
1752436001.19825 1752436028.0816638
1752436028.0816839 1752436050.3536272
1752436050.3536558 1752436084.1753204
1752436084.175343 1752436111.221928
1752436111.2219572 1752436137.6224084
1752436137.6224368 1752436166.157481
1752436166.157506 1752436185.55778
1752436185.557804 1752436220.581534
1752436220.581556 1752436236.9370131
1752436236.937035 1752436263.6988459
1752436263.698874 1752436286.6472373
1752436286.6472704 1752436309.0935674
1752436309.0935926 1752436337.3182724
1752436337.3182952 1752436362.414286
1752436362.414312 1752436393.63656
1752436393.6365793 1752436425.4218295
1752436425.4218528 1752436453.8106408
1752436453.8106647 1752436489.942159
1752436489.942179 1752436506.633086
1752436506.633109 1752436536.6370995
1752436536.637124 1752436564.173333
1752436564.1733496 1752436589.3320765
1752436589.3320994 1752436618.3928723
1752436618.392903 1752436642.724559
1752436642.7245862 1752436666.331947
1752436666.3319738 1752436680.495678
1752436680.4957054 1752436704.5181792
1752436704.5182028 1752436726.8295398
1752436726.8295658 1752436756.654892
1752436756.6549218 1752436781.5210683
1752436781.5210896 1752436799.8205905
1752436799.8206096 1752436827.3632855
1752436827.3633192 1752436852.8561876
1752436852.856217 1752436880.7861857
1752436880.7862113 1752436910.950388
1752436910.9504266 1752436934.38931
1752436934.3893409 1752436954.6744397
1752436954.6744628 1752436976.1522393
1752436976.1522808 1752437004.2531624
1752437004.2531855 1752437030.6888266
1752437030.6888516 1752437056.3334172
1752437056.3334491 1752437086.230479
1752437086.2305057 1752437112.6888201
1752437112.6888459 1752437132.6343586
1752437132.6344082 1752437157.215877
1752437157.2159038 1752437179.4412704
1752437179.4412932 1752437204.792687
1752437204.7927148 1752437225.9864602
1752437225.9864829 1752437250.2633085
1752437250.2633364 1752437282.4451728
1752437282.4452012 1752437307.6578376
1752437307.6578734 1752437327.3193276
1752437327.3193483 1752437356.199608
1752437356.1996353 1752437378.0227804
1752437378.0228198 1752437405.8314505
1752437405.8314745 1752437430.8533762
1752437430.8534 1752437457.676478
1752437457.6765044 1752437482.8382638
1752437482.8382857 1752437503.2674809
1752437503.2675052 1752437531.9632473
1752437531.9632733 1752437552.7929173
1752437552.7929387 1752437576.8277745
1752437576.8277986 1752437604.38085
1752437604.3808808 1752437628.3088045
1752437628.308838 1752437656.7178311
1752437656.7178564 1752437681.5467463
1752437681.546772 1752437709.1963706
1752437709.1963944 1752437739.2078955
1752437739.207922 1752437771.3473856
1752437771.3474147 1752437790.9721084
1752437790.9721296 1752437820.3216808
1752437820.3217106 1752437845.832479
1752437845.8325021 1752437868.4367557
1752437868.4367785 1752437895.078708
1752437895.078735 1752437920.0226142
1752437920.022638 1752437940.7015405
1752437940.7015603 1752437968.0131342
1752437968.0131629 1752437993.9353712
1752437993.9353976 1752438015.1359966
1752438015.136019 1752438037.042851
1752438037.0428772 1752438055.1626632
1752438055.1626863 1752438080.738566
1752438080.7385955 1752438101.3354619
1752438101.335489 1752438125.8863034
1752438125.8863301 1752438155.7562654
1752438155.7562869 1752438180.9688957
1752438180.968922 1752438206.9356518
1752438206.9356813 1752438234.4090893
1752438234.409121 1752438259.2185118
1752438259.2185347 1752438280.7391891
1752438280.7392137 1752438308.96485
1752438308.9648726 1752438336.2700782
1752438336.2701125 1752438358.656721
1752438358.6567423 1752438386.9003546
1752438386.900384 1752438411.6500213
1752438411.65007 1752438438.7466652
1752438438.7466905 1752438454.1864097
1752438454.186432 1752438479.7852309
1752438479.7852914 1752438504.8172424
1752438504.817267 1752438529.110392
1752438529.1104145 1752438555.9569886
1752438555.9570155 1752438584.5109582
1752438584.5109794 1752438613.5406613
1752438613.5406895 1752438636.7906225
1752438636.790643 1752438668.8526132
1752438668.8526397 1752438691.2468815
1752438691.2469049 1752438711.5545638
1752438711.5545857 1752438738.1163638
1752438738.1163864 1752438765.3520725
1752438765.3521 1752438791.6637936
1752438791.6638167 1752438815.3071458
1752438815.3071694 1752438837.9461703
1752438837.9461951 1752438862.7490075
1752438862.7490368 1752438883.3390658
1752438883.3390918 1752438907.8696811
1752438907.8697035 1752438931.699832
1752438931.699868 1752438952.6805193
1752438952.6805465 1752438974.8302574
1752438974.8302803 1752439004.6714501
1752439004.671475 1752439035.4247508
1752439035.4247737 1752439057.903448
1752439057.9034808 1752439085.0981724
1752439085.0981967 1752439106.026073
1752439106.0261014 1752439128.3186326
1752439128.3186529 1752439150.7162411
1752439150.7162688 1752439172.7764573
1752439172.7764783 1752439203.5902052
1752439203.5902371 1752439226.7393906
1752439226.7394133 1752439247.550632
1752439247.5506556 1752439275.143052
1752439275.1430762 1752439295.7866368
1752439295.7866614 1752439316.9965303
1752439316.9965572 1752439339.2403667
1752439339.2403905 1752439360.2326841
1752439360.23271 1752439383.44221
1752439383.4422386 1752439405.9807568
1752439405.9807823 1752439429.4523485
1752439429.4523747 1752439450.665385
1752439450.6654055 1752439476.1364295
1752439476.1364582 1752439500.3305047
1752439500.3305278 1752439522.2874255
1752439522.2874506 1752439543.6314695
1752439543.6314914 1752439566.3929894
1752439566.3930213 1752439592.0332935
1752439592.0333197 1752439617.4464746
1752439617.4464986 1752439650.2244763
1752439650.2245052 1752439676.7476013
1752439676.7476287 1752439694.201939
1752439694.2019618 1752439717.0246716
1752439717.0246994 1752439735.3717697
1752439735.3718007 1752439767.2494566
1752439767.24948 1752439789.3472934
1752439789.347316 1752439815.5161192
1752439815.516142 1752439846.9108999
1752439846.9109423 1752439871.868935
1752439871.8689606 1752439897.3800125
1752439897.3800724 1752439924.0985253
1752439924.0985587 1752439951.6234062
1752439951.6234322 1752439969.8521264
1752439969.8521502 1752440004.1849768
1752440004.1850092 1752440024.7405179
1752440024.7405393 1752440052.372364
1752440052.3723874 1752440078.7053456
1752440078.7053742 1752440109.5082994
1752440109.5083218 1752440135.9001555
1752440135.9001784 1752440160.5664415
1752440160.5664706 1752440183.7400873
1752440183.740116 1752440211.531116
1752440211.5311477 1752440231.1589694
1752440231.1589897 1752440255.594699
1752440255.5947323 1752440281.4861832
1752440281.4862232 1752440304.9781225
1752440304.9781508 1752440332.1031325
1752440332.1031587 1752440354.9453604
1752440354.9453866 1752440376.8032699
1752440376.803298 1752440402.9337413
1752440402.9337654 1752440428.3478603
1752440428.3479 1752440455.5222125
1752440455.522235 1752440480.757775
1752440480.7578044 1752440506.0195704
1752440506.019598 1752440531.5844603
1752440531.5844924 1752440549.7402086
1752440549.7402308 1752440576.1022315
1752440576.1022606 1752440603.473566
1752440603.4735875 1752440622.1123877
1752440622.112415 1752440645.3044271
1752440645.304451 1752440677.014584
1752440677.014611 1752440705.7861063
1752440705.78614 1752440729.6070042
1752440729.6070368 1752440756.0503635
1752440756.0503912 1752440782.728826
1752440782.728849 1752440802.9589107
1752440802.9589386 1752440819.2521496
1752440819.2521706 1752440842.6824477
1752440842.682477 1752440872.290266
1752440872.2902887 1752440893.6149318
1752440893.614961 1752440922.8004365
1752440922.8004603 1752440945.7986968
1752440945.798726 1752440967.6624959
1752440967.6625178 1752440993.8206248
1752440993.8206487 1752441020.241697
1752441020.241728 1752441039.5404549
1752441039.540476 1752441074.457012
1752441074.4570358 1752441094.622592
1752441094.6226156 1752441116.3188963
1752441116.3189223 1752441145.4142916
1752441145.4143481 1752441156.6817243
1752441156.6817431 1752441185.6274405
1752441185.6274683 1752441207.2727797
1752441207.2728012 1752441227.7195876
1752441227.7196085 1752441255.5902622
1752441255.5902936 1752441277.007367
1752441277.0073884 1752441297.5400684
1752441297.5400956 1752441321.6782782
1752441321.6783142 1752441349.3277428
1752441349.327767 1752441371.2746801
1752441371.2747035 1752441393.286617
1752441393.2866368 1752441419.2712805
1752441419.2713072 1752441439.9570892
1752441439.9571111 1752441461.4142892
1752441461.4143145 1752441486.0044394
1752441486.0044649 1752441513.4045327
1752441513.4045568 1752441535.2960174
1752441535.2960458 1752441558.2050967
1752441558.205121 1752441580.789222
1752441580.7892468 1752441606.734412
1752441606.734433 1752441631.2175758
1752441631.2176015 1752441659.235589
1752441659.2356105 1752441679.8283105
1752441679.8283386 1752441708.5518086
1752441708.551836 1752441732.0751414
1752441732.0751731 1752441758.3919258
1752441758.3919501 1752441783.7567337
1752441783.7567573 1752441807.6892898
1752441807.6893163 1752441830.0197513
1752441830.019804 1752441853.8077366
1752441853.807776 1752441882.866273
1752441882.8662975 1752441908.9367852
1752441908.9368129 1752441935.4059477
1752441935.4059694 1752441958.7815294
1752441958.781555 1752441985.6722062
1752441985.6722443 1752442009.4219193
1752442009.421942 1752442035.087834
1752442035.0878556 1752442059.8382351
1752442059.8382668 1752442081.7712188
1752442081.7712405 1752442103.6762698
1752442103.6762996 1752442131.7140899
1752442131.7141154 1752442156.4745727
1752442156.474596 1752442169.655462
1752442169.6554856 1752442203.3194911
1752442203.3195188 1752442229.3226852
1752442229.3227067 1752442254.809195
1752442254.8092163 1752442283.5631142
1752442283.563144 1752442309.566534
1752442309.566556 1752442331.1410632
1752442331.1410923 1752442351.6829104
1752442351.6829305 1752442379.5120192
1752442379.512049 1752442412.0380962
1752442412.0381305 1752442433.5705488
1752442433.5705833 1752442452.0033815
1752442452.0034096 1752442477.8693812
1752442477.8694203 1752442496.56754
1752442496.5675743 1752442519.5988438
1752442519.5988672 1752442538.6356895
1752442538.6357164 1752442564.2546687
1752442564.2546914 1752442589.2489262
1752442589.2489545 1752442608.8256195
1752442608.8256435 1752442636.3356445
1752442636.3356743 1752442663.8505096
1752442663.850535 1752442687.7865276
1752442687.7865584 1752442707.9178607
1752442707.917886 1752442736.9868329
1752442736.9868572 1752442765.0240254
1752442765.024057 1752442785.689033
1752442785.6890564 1752442809.2865946
1752442809.2866306 1752442832.6632075
1752442832.663233 1752442850.4965603
1752442850.4965882 1752442875.797029
1752442875.7970586 1752442901.5417454
1752442901.5417712 1752442920.7816536
1752442920.7816741 1752442951.5647337
1752442951.5647576 1752442977.2862008
1752442977.2862372 1752443001.0601301
1752443001.060154 1752443022.4508424
1752443022.4508636 1752443052.0638108
1752443052.0638397 1752443081.9053178
1752443081.905343 1752443109.5069633
1752443109.5069895 1752443136.2112575
1752443136.2112844 1752443167.5212355
1752443167.5212643 1752443191.505516
1752443191.5055404 1752443210.261346
1752443210.2613702 1752443235.5048816
1752443235.504902 1752443272.0844567
1752443272.0844853 1752443297.2069342
1752443297.2069569 1752443324.3650155
1752443324.3650417 1752443348.4700613
1752443348.470094 1752443373.4498994
1752443373.4499211 1752443396.5336316
1752443396.5336592 1752443422.5265477
1752443422.5265737 1752443445.863517
1752443445.86354 1752443471.5137994
1752443471.5138228 1752443492.8958127
1752443492.8958352 1752443518.1437142
1752443518.143736 1752443547.1306965
1752443547.1307232 1752443570.979008
1752443570.9790406 1752443590.5701337
1752443590.5701585 1752443622.2769628
1752443622.276984 1752443639.0390134
1752443639.0390363 1752443663.1981213
1752443663.1981494 1752443689.944617
1752443689.9446461 1752443712.2105372
1752443712.2105634 1752443741.4581163
1752443741.4581358 1752443760.622854
1752443760.6228812 1752443785.240661
1752443785.240689 1752443811.2783473
1752443811.2783718 1752443837.6923509
1752443837.6923826 1752443864.3568902
1752443864.3569098 1752443880.1703162
1752443880.1703408 1752443908.266787
1752443908.2668107 1752443933.1491592
1752443933.1491864 1752443957.0163953
1752443957.016417 1752443970.3772683
1752443970.3772867 1752443997.0463727
1752443997.0463996 1752444023.4204638
1752444023.420486 1752444050.4723415
1752444050.47237 1752444071.3638504
1752444071.363879 1752444095.4817164
1752444095.481739 1752444123.2784684
1752444123.2784953 1752444148.470853
1752444148.4708736 1752444172.46411
1752444172.4641387 1752444193.207467
1752444193.207488 1752444222.4289553
1752444222.4289825 1752444241.0800216
1752444241.0800467 1752444269.78813
1752444269.7881615 1752444286.7428916
1752444286.7429132 1752444314.2196405
1752444314.2196677 1752444337.5262048
1752444337.5262277 1752444361.2344618
1752444361.234483 1752444388.644434
1752444388.644462 1752444412.9855518
1752444412.9855719 1752444438.73499
1752444438.7350361 1752444461.2968967
1752444461.2969182 1752444478.5799656
1752444478.5799909 1752444515.8508394
1752444515.850862 1752444536.4611971
1752444536.4612184 1752444558.6985786
1752444558.6986089 1752444579.0768266
1752444579.0768492 1752444606.9100113
1752444606.9100366 1752444640.3758018
1752444640.375824 1752444668.8564434
1752444668.8564646 1752444687.1637623
1752444687.1637874 1752444715.6297946
1752444715.629815 1752444745.384851
1752444745.384886 1752444768.1772528
1752444768.177273 1752444788.823126
1752444788.823149 1752444814.2727814
1752444814.272816 1752444841.2445028
1752444841.2445314 1752444863.3523664
1752444863.3523889 1752444894.8281844
1752444894.828213 1752444919.3045356
1752444919.3045573 1752444948.7699075
1752444948.7699444 1752444970.4779859
1752444970.4780123 1752444990.208081
1752444990.2081032 1752445020.0600722
1752445020.0601 1752445046.8193548
1752445046.819377 1752445068.6869268
1752445068.6869473 1752445089.3771327
1752445089.377156 1752445118.3012908
1752445118.3013172 1752445144.7531679
1752445144.7531955 1752445170.1219983
1752445170.1220193 1752445195.366146
1752445195.3661723 1752445218.4759061
1752445218.4759302 1752445238.152882
1752445238.1529157 1752445259.3903012
1752445259.390322 1752445283.6609013
1752445283.6609278 1752445308.3962305
1752445308.396258 1752445328.7381594
1752445328.7381823 1752445356.7399142
1752445356.739946 1752445380.8898814
1752445380.889911 1752445398.2571647
1752445398.2571857 1752445434.5136607
1752445434.5136857 1752445451.1665852
1752445451.1666095 1752445486.2379768
1752445486.2379997 1752445515.8905716
1752445515.8905993 1752445541.9610226
1752445541.9610543 1752445570.3069828
1752445570.307009 1752445600.3888645
1752445600.3888903 1752445631.4613125
1752445631.4613404 1752445649.463922
1752445649.4639516 1752445663.1837206
1752445663.183749 1752445692.846797
1752445692.84682 1752445712.0770812
1752445712.0771093 1752445741.6375632
1752445741.6375842 1752445769.3905382
1752445769.3905642 1752445790.4881244
1752445790.488149 1752445812.8776855
1752445812.8777063 1752445830.5003319
1752445830.500356 1752445853.7685826
1752445853.7686064 1752445880.0034027
1752445880.0034273 1752445907.3795123
1752445907.3795342 1752445939.2435575
1752445939.243597 1752445965.230615
1752445965.2306345 1752445992.496281
1752445992.4963083 1752446010.2265737
1752446010.2265937 1752446038.741263
1752446038.7412882 1752446063.333922
1752446063.3339446 1752446091.8587844
1752446091.8588073 1752446110.2916713
1752446110.2916954 1752446132.7591941
1752446132.7592177 1752446153.8099344
1752446153.8099566 1752446184.7642808
1752446184.7643046 1752446209.6671638
1752446209.6671865 1752446233.5306485
1752446233.5306714 1752446259.474039
1752446259.4740667 1752446282.2807593
1752446282.2807817 1752446314.704464
1752446314.7044868 1752446336.1450322
1752446336.1450553 1752446366.6654167
1752446366.6654418 1752446396.5550997
1752446396.5551236 1752446423.4371417
1752446423.437164 1752446444.6853223
1752446444.6853502 1752446467.7081635
1752446467.7081888 1752446488.0836234
1752446488.0836601 1752446512.9417436
1752446512.941792 1752446535.4210606
1752446535.4210875 1752446562.8428214
1752446562.8428504 1752446587.6596782
1752446587.6596997 1752446611.4880013
1752446611.4880323 1752446639.5240512
1752446639.5240767 1752446669.1889184
1752446669.1889453 1752446692.0283897
1752446692.028415 1752446719.438096
1752446719.4381235 1752446742.708253
1752446742.708279 1752446774.0533664
1752446774.0533948 1752446796.9969172
1752446796.9969456 1752446823.741362
1752446823.7413933 1752446847.6634846
1752446847.663508 1752446875.6668305
1752446875.666855 1752446898.030132
1752446898.0301614 1752446922.1840186
1752446922.1840491 1752446946.6766899
1752446946.6767178 1752446961.6644633
1752446961.6644866 1752446988.9886425
1752446988.9886682 1752447009.2932456
1752447009.2932687 1752447033.2724552
1752447033.272481 1752447055.4307258
1752447055.4307537 1752447084.5212023
1752447084.521231 1752447108.597217
1752447108.5972455 1752447141.3958557
1752447141.3958807 1752447162.539927
1752447162.5399477 1752447184.0090582
1752447184.0090818 1752447212.4791589
1752447212.479179 1752447235.2500353
1752447235.2500644 1752447256.2911541
1752447256.2911744 1752447284.7377546
1752447284.7377894 1752447310.8534918
1752447310.8535185 1752447327.7465994
1752447327.7466211 1752447358.3135655
1752447358.313591 1752447377.9236624
1752447377.9236903 1752447402.4605672
1752447402.4605906 1752447427.1684418
1752447427.1684647 1752447448.2383635
1752447448.2383826 1752447471.788654
1752447471.7887793 1752447491.87861
1752447491.8786378 1752447511.2971637
1752447511.2971842 1752447539.9872143
1752447539.98724 1752447559.2607973
1752447559.2608235 1752447588.1185887
1752447588.1186252 1752447615.522226
1752447615.5222533 1752447636.890205
1752447636.8902266 1752447664.7992659
1752447664.7992988 1752447680.7574544
1752447680.7574747 1752447717.5976288
1752447717.5976539 1752447737.8047419
1752447737.8047705 1752447766.2590895
1752447766.2591186 1752447791.630612
1752447791.630635 1752447811.4003386
1752447811.4003696 1752447831.2261183
1752447831.2261405 1752447861.0749292
1752447861.0749512 1752447883.4304876
1752447883.4305153 1752447912.9631138
1752447912.9631386 1752447938.510807
1752447938.510828 1752447962.2667959
1752447962.2668226 1752447991.521945
1752447991.521977 1752448015.3115547
1752448015.3115928 1752448034.4692526
1752448034.4692733 1752448064.961286
1752448064.9613175 1752448089.9114218
1752448089.9114604 1752448109.4049656
1752448109.4049876 1752448136.0893657
1752448136.0893917 1752448165.9917746
1752448165.9918015 1752448197.1272802
1752448197.1273015 1752448221.3833694
1752448221.3833995 1752448241.36939
