1755577415.962322 1755577446.4718068
1755577446.471828 1755577469.6459875
1755577469.6460104 1755577495.9262567
1755577495.9262812 1755577530.0907443
1755577530.0907667 1755577557.6948574
1755577557.6948817 1755577590.3792508
1755577590.379274 1755577622.4145703
1755577622.414592 1755577664.041458
1755577664.0414772 1755577698.2206428
1755577698.2206683 1755577725.6312437
1755577725.631265 1755577757.1899157
1755577757.1899374 1755577787.9384723
1755577787.9384894 1755577822.4426908
1755577822.442715 1755577863.0901651
1755577863.0901885 1755577892.6225526
1755577892.6225743 1755577923.430127
1755577923.430153 1755577951.084901
1755577951.0849319 1755577992.3928318
1755577992.3928645 1755578024.1189806
1755578024.1190083 1755578053.044677
1755578053.0447083 1755578092.3043053
1755578092.3043375 1755578120.1729898
1755578120.1730258 1755578146.514541
1755578146.5145667 1755578179.3624904
1755578179.362512 1755578219.173029
1755578219.1730564 1755578255.374326
1755578255.3743453 1755578278.3925877
1755578278.3926153 1755578316.8343563
1755578316.834377 1755578352.7110267
1755578352.7110517 1755578380.7500339
1755578380.7500627 1755578417.0910356
1755578417.0910647 1755578440.977208
1755578440.977226 1755578474.930521
1755578474.9305408 1755578514.1104488
1755578514.1104727 1755578543.2627141
1755578543.2627466 1755578571.5048366
1755578571.5048676 1755578601.944484
1755578601.9445083 1755578631.5090158
1755578631.509042 1755578658.2623594
1755578658.2623801 1755578691.1180432
1755578691.1180818 1755578730.7058945
1755578730.7059262 1755578773.7452054
1755578773.745229 1755578805.7800126
1755578805.7800322 1755578839.3661122
1755578839.3661406 1755578871.4394286
1755578871.4394515 1755578899.9474735
1755578899.9475014 1755578930.3742888
1755578930.3743145 1755578965.2287326
1755578965.2287621 1755578996.2347567
1755578996.234775 1755579031.0081031
1755579031.0081296 1755579061.316391
1755579061.316418 1755579094.158836
1755579094.1588616 1755579117.9285233
1755579117.9285436 1755579144.4786003
1755579144.478625 1755579182.1363678
1755579182.1363916 1755579215.2959049
1755579215.2959445 1755579253.0155036
1755579253.015535 1755579285.5521698
1755579285.5521889 1755579312.9069169
1755579312.906938 1755579344.8407338
1755579344.8407576 1755579379.8447797
1755579379.844801 1755579409.6842487
1755579409.6842742 1755579441.2316713
1755579441.2316937 1755579464.5779452
1755579464.5779648 1755579500.9238794
1755579500.9239044 1755579524.8449945
1755579524.8450136 1755579558.5916371
1755579558.5916605 1755579587.4017837
1755579587.4018044 1755579618.3001418
1755579618.3001735 1755579642.5330925
1755579642.5331118 1755579678.1767423
1755579678.1767666 1755579712.9163954
1755579712.9164178 1755579746.2991028
1755579746.2991238 1755579776.1136951
1755579776.1137192 1755579808.5132062
1755579808.5132298 1755579844.5123878
1755579844.5124073 1755579875.1201558
1755579875.1201828 1755579910.6246085
1755579910.6246278 1755579944.9092681
1755579944.9092925 1755579972.096944
1755579972.0969715 1755580004.1164505
1755580004.1164703 1755580042.7010322
1755580042.7010539 1755580066.867741
1755580066.8677635 1755580098.7592497
1755580098.7592752 1755580138.7019694
1755580138.7019873 1755580164.860969
1755580164.8609948 1755580206.4873025
1755580206.4873233 1755580246.8576386
1755580246.8576632 1755580272.7032883
1755580272.703306 1755580309.9277384
1755580309.927766 1755580337.7070887
1755580337.7071102 1755580369.830867
1755580369.8308892 1755580394.3020582
1755580394.3020837 1755580426.7745254
1755580426.7745454 1755580459.0887208
1755580459.088747 1755580496.066276
1755580496.0662968 1755580531.6827395
1755580531.6827607 1755580566.835126
1755580566.835158 1755580587.644353
1755580587.6443732 1755580630.6881394
