1755577413.9638348 1755577447.328333
1755577447.3283644 1755577467.9584935
1755577467.9585347 1755577498.7004337
1755577498.7004602 1755577525.9592972
1755577525.9593232 1755577560.4652119
1755577560.4652445 1755577594.6569915
1755577594.6570148 1755577628.453755
1755577628.4537826 1755577663.0103302
1755577663.0103528 1755577700.2499712
1755577700.2499998 1755577728.5809944
1755577728.5810258 1755577762.2297177
1755577762.2297475 1755577789.7141511
1755577789.7141807 1755577825.6407578
1755577825.6407874 1755577862.320241
1755577862.320264 1755577893.3189166
1755577893.3189442 1755577921.9430637
1755577921.9430904 1755577950.2796512
1755577950.2796788 1755577984.9437184
1755577984.9437406 1755578019.100353
1755578019.1003783 1755578055.1647406
1755578055.1647658 1755578095.3019464
1755578095.3019767 1755578121.1131063
1755578121.1131325 1755578147.3946145
1755578147.3946376 1755578178.314142
1755578178.3141644 1755578221.434638
1755578221.4346707 1755578256.3817127
1755578256.3817413 1755578285.228713
1755578285.2287421 1755578316.5588605
1755578316.5588825 1755578353.5107207
1755578353.5107436 1755578380.4462225
1755578380.446253 1755578418.317317
1755578418.317343 1755578444.2304842
1755578444.2305129 1755578477.43355
1755578477.4335744 1755578507.907628
1755578507.9076536 1755578543.617523
1755578543.6175485 1755578570.3172336
1755578570.317265 1755578601.237964
1755578601.2379842 1755578636.0284326
1755578636.028461 1755578662.9073296
1755578662.907366 1755578694.1591651
1755578694.1591876 1755578733.6281657
1755578733.6281962 1755578764.6320093
1755578764.6320322 1755578804.1157553
1755578804.115781 1755578842.0138757
1755578842.0138948 1755578871.4824874
1755578871.4825182 1755578897.032738
1755578897.0327613 1755578938.5725956
1755578938.5726244 1755578963.7628407
1755578963.7628694 1755578993.7232685
1755578993.7232893 1755579030.81087
1755579030.8108962 1755579058.0863667
1755579058.0863879 1755579095.3416507
1755579095.3416831 1755579122.1940718
1755579122.1940942 1755579144.0478687
1755579144.0478973 1755579180.9205458
1755579180.920571 1755579211.3505068
1755579211.3505352 1755579252.6622732
1755579252.6622963 1755579286.0350828
1755579286.0351088 1755579311.8744135
1755579311.8744445 1755579347.6949508
1755579347.6949744 1755579376.6374006
1755579376.6374238 1755579407.4627972
1755579407.4628174 1755579441.5195756
1755579441.5196166 1755579470.761339
1755579470.7613893 1755579501.5020983
1755579501.5021214 1755579524.076142
1755579524.07617 1755579559.5135558
1755579559.5135777 1755579588.2255528
1755579588.2255814 1755579619.7036152
1755579619.703637 1755579644.6175494
1755579644.617575 1755579673.6775281
1755579673.6775591 1755579716.0344708
1755579716.0344949 1755579751.2272582
1755579751.2272835 1755579781.2560651
1755579781.2560894 1755579811.7918377
1755579811.791868 1755579843.9912422
1755579843.9912658 1755579877.102679
1755579877.102714 1755579908.3444543
1755579908.344477 1755579944.8691568
1755579944.8691843 1755579970.8561063
1755579970.8561306 1755579998.650571
1755579998.6505919 1755580039.973078
1755580039.9731073 1755580069.9395356
1755580069.9395747 1755580098.354623
1755580098.3546486 1755580138.5663216
1755580138.5663457 1755580166.2997963
1755580166.2998245 1755580209.9890761
1755580209.9890988 1755580248.0088458
1755580248.0088675 1755580273.088257
1755580273.0882854 1755580309.3703723
1755580309.3704066 1755580337.817725
1755580337.8177567 1755580371.2856143
1755580371.2856388 1755580394.5714731
1755580394.5714972 1755580432.4977167
1755580432.497738 1755580463.4299517
1755580463.4299812 1755580499.1186602
1755580499.118686 1755580533.165438
1755580533.1654656 1755580562.7924807
1755580562.7925017 1755580594.9383729
1755580594.9384005 1755580637.6579037
