42.95754861831665
37.92353081703186
27.19736671447754
28.59666919708252
24.33781123161316
28.344127655029297
24.57317590713501
28.251317739486694
29.17156457901001
27.977630615234375
23.422393560409546
33.70332670211792
32.469093322753906
31.87563991546631
35.39039707183838
28.956974506378174
38.66736054420471
30.861495971679688
32.85465216636658
35.273618936538696
33.67974257469177
32.35116672515869
33.995094299316406
35.21804857254028
27.169722080230713
26.981412887573242
28.215495109558105
26.60675811767578
37.924835205078125
33.96488881111145
30.459927558898926
27.453378200531006
31.527923583984375
23.98578405380249
28.77336311340332
25.86293935775757
25.09160041809082
26.779906749725342
30.4032986164093
28.228025197982788
30.246022701263428
31.344149827957153
24.207058429718018
26.09967851638794
24.90449857711792
34.47154784202576
26.226154804229736
26.769874334335327
26.2578182220459
30.378082513809204
29.41628623008728
32.88520002365112
23.879689931869507
33.647629499435425
22.551450729370117
43.22895169258118
20.844808101654053
33.13022541999817
24.078219890594482
26.229118585586548
31.717974424362183
25.576111316680908
23.665835857391357
29.634542226791382
28.182819604873657
31.568530082702637
36.56216382980347
25.172523498535156
27.769540548324585
28.560997247695923
29.83636736869812
28.720978260040283
29.43345332145691
21.929169178009033
31.48096489906311
25.823001384735107
31.933746099472046
28.523586988449097
26.598351001739502
27.093056678771973
36.37247395515442
27.317502737045288
26.850688934326172
31.48328733444214
40.188133001327515
46.388657331466675
37.71172642707825
26.656900644302368
21.888944149017334
26.468266010284424
19.616449117660522
25.325355768203735
27.509509563446045
24.315312147140503
27.00266146659851
29.608173370361328
33.86224007606506
25.955976724624634
26.178827047348022
24.32201361656189
2944.6313445568085
