1763467779.2992036 1763467814.8240387
1763467814.8240576 1763467850.1379354
1763467850.1379526 1763467884.3347845
1763467884.3348067 1763467911.2944086
1763467911.294426 1763467939.8905053
1763467939.8905272 1763467964.824181
1763467964.8241968 1763467992.3464837
1763467992.3465056 1763468019.3315754
1763468019.3315918 1763468045.4428132
1763468045.4428442 1763468071.2395427
1763468071.239563 1763468099.57916
1763468099.5791776 1763468130.5495183
1763468130.5495389 1763468162.4631367
1763468162.4631543 1763468197.2487838
1763468197.2488048 1763468223.2092652
1763468223.209288 1763468261.1768498
1763468261.1768668 1763468298.4530478
1763468298.4530714 1763468331.509482
1763468331.509504 1763468364.878774
1763468364.878792 1763468397.355598
1763468397.3556204 1763468432.370067
1763468432.370083 1763468466.1164322
1763468466.116456 1763468500.3207598
1763468500.3207808 1763468535.6059382
1763468535.6059608 1763468563.397358
1763468563.3973756 1763468588.9179838
1763468588.9180176 1763468612.9493644
1763468612.9493823 1763468645.008241
1763468645.0082626 1763468683.1629148
1763468683.1629312 1763468717.3305426
1763468717.3305635 1763468748.055745
1763468748.0557618 1763468766.6209726
1763468766.6209922 1763468801.8212502
1763468801.8212676 1763468832.2202501
1763468832.2202668 1763468860.6499927
1763468860.6500146 1763468887.5230093
1763468887.5230258 1763468912.8063693
1763468912.8063915 1763468936.0710974
1763468936.0711148 1763468964.3919225
1763468964.3919458 1763468995.5436554
1763468995.5436761 1763469026.051398
1763469026.051418 1763469058.2872202
1763469058.2872376 1763469083.0219414
1763469083.0219638 1763469109.8317523
1763469109.8317685 1763469136.2609067
1763469136.2609298 1763469164.8874316
1763469164.8874483 1763469191.9185278
1763469191.9185503 1763469223.9568613
1763469223.9568777 1763469253.5203164
1763469253.5203393 1763469275.4221776
1763469275.4221976 1763469302.5784965
1763469302.578514 1763469330.6802468
1763469330.6802642 1763469360.9652658
1763469360.965288 1763469388.3398995
1763469388.339918 1763469420.7344894
1763469420.7345126 1763469456.0163727
1763469456.01639 1763469485.4401655
1763469485.440182 1763469509.6538522
1763469509.6538754 1763469536.3382504
1763469536.338268 1763469569.1992009
1763469569.1992242 1763469599.0021813
1763469599.002198 1763469623.074287
1763469623.0743058 1763469644.542184
1763469644.5422018 1763469678.261204
1763469678.2612252 1763469705.2971284
1763469705.2971454 1763469740.8884797
1763469740.8885014 1763469775.2497714
1763469775.249789 1763469800.2118845
1763469800.2119086 1763469829.6268857
1763469829.6269026 1763469858.1516483
1763469858.1516702 1763469887.866472
1763469887.8664904 1763469914.1186664
1763469914.1186848 1763469940.4863503
1763469940.4863741 1763469968.4452972
1763469968.4453146 1763469998.903158
1763469998.9031801 1763470025.7771406
1763470025.7771602 1763470059.8315701
1763470059.8315935 1763470087.3375504
1763470087.3375728 1763470114.1345935
1763470114.134613 1763470140.461788
1763470140.4618099 1763470170.526526
1763470170.526543 1763470199.1533885
1763470199.153427 1763470228.3195465
1763470228.3195648 1763470259.12754
1763470259.1275656 1763470303.14309
1763470303.1431074 1763470347.462055
1763470347.4620786 1763470384.6803405
1763470384.6803615 1763470408.0340297
1763470408.0340514 1763470432.7013361
1763470432.701352 1763470458.848177
1763470458.848202 1763470481.447946
1763470481.4479618 1763470507.0124297
1763470507.0124602 1763470534.4489987
1763470534.449029 1763470559.162662
1763470559.162684 1763470584.9156215
1763470584.91564 1763470614.9967709
1763470614.9967885 1763470646.1968784
1763470646.196902 1763470675.737612
1763470675.737629 1763470701.6021929
1763470701.602215 1763470724.2275088
