1763467779.4450529 1763467817.2342436
1763467817.2342637 1763467852.4295158
1763467852.4295347 1763467884.1331246
1763467884.1331422 1763467914.9354174
1763467914.935442 1763467940.451731
1763467940.451777 1763467967.6723785
1763467967.672398 1763467992.3413358
1763467992.3413594 1763468020.7813005
1763468020.7813244 1763468048.9866989
1763468048.986722 1763468072.989276
1763468072.9892943 1763468101.1554847
1763468101.1555078 1763468134.9019165
1763468134.9019346 1763468164.4128776
1763468164.4129007 1763468199.3877282
1763468199.3877463 1763468228.6348906
1763468228.634915 1763468263.8088067
1763468263.808824 1763468300.1058874
1763468300.105911 1763468330.2218611
1763468330.2218845 1763468366.7588286
1763468366.7588608 1763468399.6333866
1763468399.6334093 1763468432.9718819
1763468432.9719021 1763468464.9510663
1763468464.9510891 1763468500.4263687
1763468500.4263868 1763468536.2113795
1763468536.2114034 1763468563.3607504
1763468563.3607728 1763468591.0829823
1763468591.0830028 1763468616.6461184
1763468616.6461415 1763468650.578153
1763468650.5781987 1763468685.2849772
1763468685.2850006 1763468712.679897
1763468712.6799161 1763468745.4079611
1763468745.4079835 1763468775.0925374
1763468775.0925553 1763468803.1519542
1763468803.151977 1763468832.7006178
1763468832.7006364 1763468855.8424308
1763468855.842452 1763468884.1721592
1763468884.1721792 1763468912.9925418
1763468912.9925668 1763468934.1821005
1763468934.1821191 1763468968.975976
1763468968.976002 1763468998.232481
1763468998.232505 1763469023.870852
1763469023.8708763 1763469057.9530537
1763469057.9530714 1763469084.3575184
1763469084.3575418 1763469111.4218018
1763469111.4218276 1763469136.1685662
1763469136.1685896 1763469166.8643527
1763469166.8643823 1763469189.8505046
1763469189.8505225 1763469220.6651957
1763469220.6652193 1763469250.322707
1763469250.3227246 1763469278.4693127
1763469278.469336 1763469306.0295885
1763469306.0296068 1763469329.7006385
1763469329.7006626 1763469358.944308
1763469358.944326 1763469392.447363
1763469392.4473815 1763469422.6878996
1763469422.6879244 1763469454.1202781
1763469454.120297 1763469482.1718183
1763469482.1718442 1763469518.3214593
1763469518.3214774 1763469543.9119492
1763469543.9119723 1763469574.2479615
1763469574.2479835 1763469599.0232217
1763469599.0232415 1763469628.5584636
1763469628.5584862 1763469647.6463983
1763469647.6464186 1763469678.8691976
1763469678.869221 1763469700.0099597
1763469700.0099838 1763469738.8710995
1763469738.8711233 1763469772.654175
1763469772.6541913 1763469803.4900951
1763469803.4901192 1763469827.9745293
1763469827.9745538 1763469855.452126
1763469855.4521446 1763469883.3875852
1763469883.3876042 1763469917.6544862
1763469917.6545115 1763469942.550103
1763469942.5501266 1763469969.3384657
1763469969.3384857 1763470001.331337
1763470001.3313613 1763470024.0232146
1763470024.0232344 1763470050.9370456
1763470050.937065 1763470080.0729988
1763470080.073023 1763470112.5283363
1763470112.5283556 1763470130.3733966
1763470130.3734205 1763470169.5871856
1763470169.587205 1763470201.388267
1763470201.388292 1763470229.2083006
1763470229.2083187 1763470263.4052963
1763470263.4053214 1763470302.7682168
1763470302.7682416 1763470345.8981028
1763470345.898122 1763470382.8176491
1763470382.8176725 1763470407.894196
1763470407.894219 1763470429.1937292
1763470429.1937509 1763470459.0288625
1763470459.0288835 1763470480.1010866
1763470480.1011093 1763470506.4738786
1763470506.4738998 1763470534.0163176
1763470534.0163422 1763470559.5829546
1763470559.5829744 1763470585.5262752
1763470585.526301 1763470613.7490625
1763470613.7490816 1763470647.4479964
1763470647.4480212 1763470671.555638
1763470671.5556571 1763470699.9421113
1763470699.9421299 1763470722.3811738
