1763467776.6363254 1763467812.988513
1763467812.9885383 1763467849.8845158
1763467849.8845341 1763467883.0179434
1763467883.0179791 1763467911.53418
1763467911.5341964 1763467937.0576653
1763467937.0576868 1763467962.11635
1763467962.1163664 1763467990.0565438
1763467990.0565655 1763468016.6872666
1763468016.6872866 1763468043.6705964
1763468043.670615 1763468068.0712886
1763468068.0713055 1763468101.1976526
1763468101.1976743 1763468128.9144502
1763468128.9144793 1763468156.750403
1763468156.750425 1763468195.0220199
1763468195.022037 1763468220.7678041
1763468220.7678263 1763468257.8393595
1763468257.8393762 1763468296.0854275
1763468296.0854497 1763468330.4741132
1763468330.4741306 1763468361.8324752
1763468361.832496 1763468395.4964828
1763468395.4965007 1763468429.528747
1763468429.528764 1763468466.5508113
1763468466.5508485 1763468498.2836504
1763468498.2836683 1763468532.7870097
1763468532.7870305 1763468561.2011402
1763468561.201163 1763468589.6049764
1763468589.6049936 1763468618.503928
1763468618.5039504 1763468647.5886846
1763468647.5887043 1763468682.7407434
1763468682.7407653 1763468716.4549487
1763468716.4549658 1763468746.3642857
1763468746.3643076 1763468771.728822
1763468771.7288387 1763468801.032306
1763468801.0323286 1763468836.686002
1763468836.686017 1763468859.864199
1763468859.864215 1763468884.0461457
1763468884.0461688 1763468911.3671842
1763468911.3672082 1763468932.7148674
1763468932.7148855 1763468968.1704829
1763468968.17051 1763468994.9464378
1763468994.9464624 1763469020.5729303
1763469020.5729535 1763469052.0338893
1763469052.033906 1763469082.4836068
1763469082.4836287 1763469110.577203
1763469110.5772212 1763469137.7354052
1763469137.7354283 1763469165.0687156
1763469165.0687366 1763469193.3271778
1763469193.3271976 1763469224.0558295
1763469224.0558567 1763469250.7369707
1763469250.7369936 1763469276.0559435
1763469276.0559602 1763469304.1457114
1763469304.145727 1763469334.650796
1763469334.6508183 1763469358.068646
1763469358.068662 1763469391.8642855
1763469391.864309 1763469422.6653137
1763469422.6653376 1763469455.1113746
1763469455.1113958 1763469480.0791974
1763469480.079221 1763469513.0418632
1763469513.041886 1763469543.3705518
1763469543.3705697 1763469560.7611465
1763469560.7611692 1763469592.4643753
1763469592.464398 1763469624.962558
1763469624.962574 1763469650.2654967
1763469650.265514 1763469678.0085206
1763469678.0085502 1763469707.2280176
1763469707.2280345 1763469740.758519
1763469740.7585423 1763469774.1977122
1763469774.197728 1763469804.6922078
1763469804.6922307 1763469831.2159672
1763469831.2159848 1763469856.7111113
1763469856.7111351 1763469885.3861706
1763469885.3861887 1763469914.43451
1763469914.4345329 1763469941.5983658
1763469941.5983834 1763469969.1572373
1763469969.157261 1763469998.0603778
1763469998.0603948 1763470021.311433
1763470021.3114552 1763470056.648918
1763470056.6489377 1763470085.997048
1763470085.997072 1763470109.5321655
1763470109.532184 1763470137.14492
1763470137.1449494 1763470163.0194402
1763470163.0194566 1763470197.6178317
1763470197.6178548 1763470228.3880286
1763470228.3880458 1763470258.6433864
1763470258.6434093 1763470300.93559
1763470300.9356065 1763470345.991731
1763470345.9917536 1763470382.8316932
1763470382.8317146 1763470409.4023
1763470409.4023223 1763470432.9478054
1763470432.947827 1763470459.5933177
1763470459.5933414 1763470482.3523617
1763470482.3523786 1763470502.4957364
1763470502.4957538 1763470526.870843
1763470526.8708673 1763470554.732534
1763470554.7325509 1763470583.9096417
1763470583.9096653 1763470614.0874114
1763470614.0874283 1763470643.7020097
1763470643.702033 1763470673.8323493
1763470673.8323662 1763470704.0053017
1763470704.0053253 1763470721.974271
