1765694940.8872073 1765694969.2024877
1765694977.2107835 1765694999.0766566
1765695000.0778186 1765695032.5573962
1765695039.5630443 1765695063.1658866
1765695066.1692164 1765695094.899256
1765695101.899614 1765695129.789712
1765695134.7949312 1765695161.9571967
1765695170.9664185 1765695191.6902301
1765695194.6908772 1765695224.152639
1765695232.1607873 1765695256.1123066
1765695262.1184525 1765695289.161294
1765695295.1668806 1765695326.950852
1765695330.954882 1765695360.8427896
1765695364.8469734 1765695392.7686775
1765695402.7788734 1765695432.5931349
1765695439.5997753 1765695463.8463936
1765695466.8469336 1765695500.3524888
1765695503.3548975 1765695529.9485383
1765695538.9577081 1765695560.6345088
1765695561.6347857 1765695593.192249
1765695593.1923428 1765695622.2910883
1765695631.2988935 1765695656.557218
1765695666.567402 1765695689.2619896
1765695697.266888 1765695719.5911725
1765695728.6003218 1765695752.267263
1765695754.2694356 1765695784.267162
1765695792.2748907 1765695822.6840987
1765695822.6842182 1765695859.7943485
1765695869.8044875 1765695902.0141747
1765695906.014876 1765695934.733581
1765695936.7354746 1765695972.0242662
1765695977.0269246 1765696009.2864609
1765696015.290885 1765696056.8270717
1765696058.8292058 1765696093.598287
1765696095.6004713 1765696130.6582978
1765696133.661412 1765696161.9286494
1765696165.932822 1765696194.223501
1765696202.2308898 1765696224.627658
1765696229.6308782 1765696256.345728
1765696257.3468692 1765696300.139182
1765696303.1393592 1765696343.4355326
1765696345.4376981 1765696380.7263975
1765696389.7283838 1765696424.0600715
1765696430.0628898 1765696465.9329884
1765696467.9348862 1765696502.623678
1765696511.6328864 1765696543.6748917
1765696543.6749809 1765696578.2638998
1765696578.2640247 1765696618.9239902
1765696620.9261608 1765696656.31609
1765696659.318884 1765696693.6582613
1765696703.6668818 1765696729.434824
1765696738.4440129 1765696766.270832
1765696772.2770152 1765696807.7643812
1765696813.7669284 1765696838.2813203
1765696845.287107 1765696865.67422
1765696870.6788824 1765696896.6552722
1765696905.6643891 1765696927.7215962
1765696936.7268817 1765696955.0157917
1765696955.0159233 1765696987.682992
1765696993.6891348 1765697022.9215143
1765697022.92164 1765697054.3443153
1765697063.3535435 1765697089.8158796
1765697098.825061 1765697124.807584
1765697133.8167846 1765697165.8184912
1765697171.8228998 1765697197.6507497
1765697200.6511223 1765697228.4943979
1765697229.4955504 1765697256.7943923
1765697262.8005369 1765697286.039663
1765697288.0418153 1765697317.4015536
1765697319.4028885 1765697350.9713058
1765697358.9788895 1765697385.6809049
1765697391.6870909 1765697418.3414643
1765697424.3475885 1765697453.0194316
1765697457.0228796 1765697486.139081
1765697494.1468825 1765697520.0236936
1765697528.0309432 1765697556.3236132
1765697558.3255098 1765697593.4124436
1765697598.4148843 1765697631.488863
1765697641.4990778 1765697663.880715
1765697665.882884 1765697700.2804153
1765697706.2825267 1765697737.565636
1765697737.565731 1765697767.8458893
1765697767.8459733 1765697801.4617403
1765697803.4628897 1765697832.0174544
1765697834.019579 1765697877.7065506
1765697879.7086704 1765697912.3251414
1765697916.3276293 1765697955.3646607
1765697964.3668995 1765697996.9846787
1765697996.9847703 1765698040.1111434
1765698040.1113157 1765698078.2768812
1765698083.2797725 1765698118.5528917
1765698125.558901 1765698167.015344
1765698177.0254846 1765698205.6014833
1765698213.6096156 1765698236.8739753
1765698236.874101 1765698281.4753032
1765698281.4753857 1765698324.169556
1765698327.1726854 1765698365.3012314
1765698374.3104124 1765698409.6704857
1765698419.6788905 1765698449.0668938
1765698459.076067 1765698484.9041102
