1754920834.3639145 1754920861.5840886
1754920861.5841122 1754920893.1542141
1754920893.1542323 1754920925.9261634
1754920925.926189 1754920955.0265985
1754920955.026618 1754920985.6261942
1754920985.626216 1754921017.7624621
1754921017.7624831 1754921051.2794719
1754921051.2794967 1754921079.3926828
1754921079.392704 1754921108.2362628
1754921108.2362866 1754921134.2951663
1754921134.29519 1754921172.0819523
1754921172.0819714 1754921199.2100701
1754921199.2100937 1754921226.1336114
1754921226.1336403 1754921256.455447
1754921256.4554787 1754921291.5054185
1754921291.5054421 1754921310.6290617
1754921310.6290903 1754921334.441997
1754921334.4420166 1754921372.708343
1754921372.708367 1754921386.303177
1754921386.3032074 1754921415.3338354
1754921415.3338554 1754921443.093199
1754921443.0932178 1754921477.5316885
1754921477.5317225 1754921511.6569316
1754921511.6569486 1754921547.1031044
1754921547.1031268 1754921573.2904806
1754921573.290511 1754921607.0176
1754921607.0176215 1754921630.5114353
1754921630.5114603 1754921657.5422308
1754921657.5422602 1754921681.8982441
1754921681.8982654 1754921715.8773727
1754921715.8774064 1754921739.088119
1754921739.0881445 1754921772.7521825
1754921772.7522042 1754921800.331303
1754921800.3313274 1754921835.6993237
1754921835.699348 1754921862.6878297
1754921862.687851 1754921891.977618
1754921891.9776359 1754921916.5395403
1754921916.5395691 1754921938.944305
1754921938.9443324 1754921968.8031385
1754921968.8031611 1754922003.8693662
1754922003.869386 1754922042.0299916
1754922042.0300117 1754922074.739416
1754922074.739438 1754922095.443624
1754922095.4436457 1754922129.4359283
1754922129.435948 1754922158.746438
1754922158.7464569 1754922187.0168786
1754922187.0169034 1754922219.954742
1754922219.9547675 1754922248.6663
1754922248.6663208 1754922272.700639
1754922272.7006564 1754922304.7551289
1754922304.7551525 1754922336.362791
1754922336.3628104 1754922365.7360523
1754922365.7360773 1754922390.5763164
1754922390.5763402 1754922430.1331384
1754922430.1331553 1754922460.9331942
1754922460.9332185 1754922491.5178354
1754922491.5178568 1754922521.9575188
1754922521.9575377 1754922550.7918031
1754922550.7918265 1754922576.0197124
1754922576.0197382 1754922614.8980212
1754922614.8980563 1754922636.9168153
1754922636.916843 1754922668.9203176
1754922668.9203384 1754922698.5937943
1754922698.5938225 1754922738.106624
1754922738.1066458 1754922766.7717073
1754922766.7717333 1754922805.3807478
1754922805.3807714 1754922828.851853
1754922828.8518736 1754922861.6870177
1754922861.68704 1754922896.694274
1754922896.694297 1754922926.3927999
1754922926.3928323 1754922958.0361004
1754922958.0361264 1754922986.053859
1754922986.0538785 1754923031.7940657
1754923031.7940905 1754923048.9608812
1754923048.9609 1754923088.0924692
1754923088.092493 1754923127.9354136
1754923127.9354334 1754923164.7991705
1754923164.7991924 1754923192.3457727
1754923192.3457959 1754923226.4605663
1754923226.4605873 1754923259.1508322
1754923259.1508548 1754923288.2732463
1754923288.2732646 1754923320.7189422
1754923320.7189655 1754923349.6696014
1754923349.6696205 1754923368.752762
1754923368.7527988 1754923386.3762329
1754923386.3762534 1754923415.5309536
1754923415.5309792 1754923447.3317947
1754923447.3318148 1754923486.7028441
1754923486.7028682 1754923521.2884843
1754923521.2885017 1754923558.1887589
1754923558.188787 1754923585.8180618
1754923585.8180895 1754923614.12189
1754923614.12191 1754923645.208467
1754923645.208493 1754923672.6723003
1754923672.672318 1754923693.332523
1754923693.3325467 1754923726.4815397
1754923726.48156 1754923755.3481178
1754923755.3481438 1754923783.9112687
1754923783.9112911 1754923811.239848
1754923811.2398696 1754923839.3618796
