1757040973.4648578 1757040998.228466
1757041003.2336926 1757041025.4327762
1757041035.4396052 1757041052.8171237
1757041053.818254 1757041086.8868115
1757041094.8949716 1757041119.2725403
1757041123.2756557 1757041146.7227569
1757041151.727929 1757041175.8209484
1757041184.8236856 1757041207.6078596
1757041208.6089795 1757041236.8868833
1757041241.8916328 1757041269.8551798
1757041271.855668 1757041299.8957071
1757041303.8996172 1757041333.5790105
1757041340.5836148 1757041364.3017068
1757041365.3028257 1757041395.9025486
1757041399.906664 1757041424.3451278
1757041432.351617 1757041456.300497
1757041464.3076022 1757041485.161306
1757041485.161341 1757041513.816863
1757041514.8179262 1757041539.8427925
1757041542.8459132 1757041576.0178053
1757041579.0196705 1757041601.730819
1757041602.731955 1757041627.9102957
1757041634.9156752 1757041654.685705
1757041658.689882 1757041687.769049
1757041688.7701752 1757041717.195702
1757041717.1957257 1757041746.4015927
1757041752.4077287 1757041772.1727378
1757041781.180364 1757041805.2346027
1757041815.2436612 1757041826.6125016
1757041835.6197457 1757041861.8119886
1757041867.8173904 1757041892.8162856
1757041900.8237548 1757041922.0120225
1757041923.013071 1757041953.6600325
1757041955.6621714 1757041983.504132
1757041984.505207 1757042013.786055
1757042020.793174 1757042039.906382
1757042049.915667 1757042065.6262813
1757042070.627874 1757042102.4534504
1757042109.4596653 1757042127.724056
1757042129.7261198 1757042162.2256744
1757042170.2316103 1757042193.4456444
1757042193.4456728 1757042218.7790618
1757042225.7836626 1757042250.0763602
1757042260.0836384 1757042276.9194407
1757042279.9197395 1757042305.4106107
1757042310.4156086 1757042331.1856813
1757042332.1868114 1757042360.3999345
1757042369.4090633 1757042396.5517788
1757042400.5559049 1757042423.2172868
1757042427.2214203 1757042459.126637
1757042467.1316571 1757042489.0870347
1757042491.087638 1757042514.780783
1757042523.7836747 1757042543.7373376
1757042551.7436857 1757042579.2255478
1757042588.2316692 1757042608.3800447
1757042615.3871758 1757042636.5762506
1757042637.5773876 1757042674.437227
1757042677.440347 1757042707.1047478
1757042716.1138632 1757042733.406092
1757042743.4156497 1757042764.7419472
1757042764.7419724 1757042800.209961
1757042804.2116632 1757042826.2619855
1757042831.2636828 1757042855.5165937
1757042865.52667 1757042884.5781333
1757042887.5811968 1757042910.7444034
1757042913.7474885 1757042940.436359
1757042950.4436605 1757042978.7969291
1757042981.8000476 1757043010.3253567
1757043011.3264883 1757043041.5068908
1757043044.507671 1757043072.4001868
1757043077.4040325 1757043099.5261354
1757043109.5317538 1757043135.803026
1757043144.812142 1757043166.7586052
1757043171.7636855 1757043197.0928833
1757043207.0996473 1757043225.5076206
1757043229.511602 1757043256.4784513
1757043258.4796197 1757043286.2297866
1757043289.2316625 1757043313.8717225
1757043322.8796616 1757043349.0395403
1757043357.0476692 1757043378.6662254
1757043379.66729 1757043408.9956625
1757043411.9958978 1757043436.5292459
1757043446.5356395 1757043465.244716
1757043469.247657 1757043495.491987
1757043504.4996457 1757043519.4251509
1757043522.4282267 1757043543.8542662
1757043544.8553615 1757043579.8988225
1757043583.9029627 1757043598.5683453
1757043608.5784898 1757043630.9687269
1757043639.9756622 1757043663.0773695
1757043671.0836577 1757043695.3049865
1757043703.3116665 1757043721.672845
1757043723.6749609 1757043746.765065
1757043754.7731998 1757043774.2527423
1757043780.258907 1757043806.3273554
1757043808.3292012 1757043835.5062864
1757043840.5076163 1757043863.4899225
1757043867.491608 1757043894.302668
1757043895.3036108 1757043927.1510715
1757043933.157203 1757043955.6123562
