1757040974.9784946 1757041000.420258
1757041001.42138 1757041026.7583773
1757041033.7636747 1757041055.8574922
1757041057.8596072 1757041080.7747498
1757041090.7837584 1757041116.1330564
1757041126.1432688 1757041144.2042623
1757041145.205336 1757041177.6198895
1757041184.626983 1757041207.6353672
1757041211.6356773 1757041235.2142634
1757041241.219938 1757041270.4232025
1757041275.4278114 1757041295.3030703
1757041300.3076198 1757041331.9820948
1757041337.9836354 1757041364.7254684
1757041364.7254944 1757041395.9962425
1757041398.9993384 1757041424.9232233
1757041424.9232502 1757041453.1200523
1757041453.1200795 1757041485.546475
1757041489.5506146 1757041511.7027473
1757041517.7089148 1757041544.3743489
1757041552.3796122 1757041572.9434252
1757041579.9505782 1757041600.9602625
1757041602.9624023 1757041625.89825
1757041625.8982785 1757041659.961976
1757041663.9636843 1757041687.321711
1757041690.3248003 1757041716.5448687
1757041722.5476243 1757041745.7343845
1757041745.7344205 1757041775.4806008
1757041783.488725 1757041804.826146
1757041809.831303 1757041833.1440392
1757041840.147666 1757041863.4699817
1757041866.4731228 1757041893.069445
1757041902.0762832 1757041923.4284728
1757041929.4345982 1757041949.059308
1757041950.0604424 1757041982.1282322
1757041984.1303325 1757042009.6136787
1757042009.6137068 1757042042.9472587
1757042046.9513366 1757042069.6225307
1757042075.6276608 1757042102.7266743
1757042110.727669 1757042131.5589833
1757042141.5636778 1757042163.4687278
1757042168.47182 1757042191.025727
1757042195.0277224 1757042221.5016618
1757042225.5057383 1757042246.7557957
1757042247.75687 1757042279.5203373
1757042280.5214746 1757042307.8890674
1757042314.895665 1757042337.557223
1757042346.566358 1757042365.5753803
1757042369.5795302 1757042388.316536
1757042393.320053 1757042423.5089388
1757042423.5089798 1757042458.7322295
1757042466.7403288 1757042479.9834127
1757042487.9876723 1757042518.8295314
1757042525.8356147 1757042540.1285765
1757042540.1286194 1757042578.8097162
1757042580.8116155 1757042610.3748624
1757042618.3830042 1757042642.223026
1757042642.223064 1757042680.2606122
1757042684.2647512 1757042697.9201686
1757042705.927714 1757042734.3462017
1757042743.3533852 1757042765.3756914
1757042768.378782 1757042797.214107
1757042807.22421 1757042828.281605
1757042835.288703 1757042859.7154796
1757042863.7156136 1757042885.3350313
1757042887.3371754 1757042906.8974595
1757042908.8975606 1757042941.7941632
1757042943.795662 1757042976.490492
1757042982.4966333 1757043011.4693305
1757043021.471398 1757043034.9212556
1757043042.9294364 1757043072.485469
1757043079.4916809 1757043103.5534892
1757043111.5596797 1757043126.6378028
1757043133.644881 1757043165.4009736
1757043170.40379 1757043198.0811741
1757043205.0876362 1757043228.146536
1757043228.1465707 1757043256.6407611
1757043258.6428893 1757043284.1188722
1757043294.127861 1757043312.4319375
1757043322.442107 1757043340.9413147
1757043342.9434555 1757043379.4895253
1757043379.4895499 1757043406.6060574
1757043408.6081705 1757043439.1469455
1757043445.1530936 1757043463.1213388
1757043466.1242764 1757043495.401347
1757043500.4064806 1757043522.379412
1757043528.3836744 1757043547.4046223
1757043554.4117634 1757043581.4178252
1757043588.4196858 1757043605.3408523
1757043609.3436692 1757043632.8977365
1757043642.9076111 1757043665.5190933
1757043671.5252428 1757043694.9206638
1757043698.9236279 1757043722.4621558
1757043724.4642854 1757043745.1075327
1757043752.111622 1757043777.086322
1757043780.0877483 1757043804.015945
1757043808.0200105 1757043832.890562
1757043836.8916426 1757043863.4549112
1757043867.4590132 1757043898.102954
1757043901.106088 1757043929.0118275
1757043935.0141077 1757043954.912483
