1757040974.3406897 1757040994.2397003
1757041001.2436717 1757041027.4933743
1757041029.4954793 1757041056.8375008
1757041064.8456352 1757041086.16256
1757041090.1639507 1757041119.7770665
1757041125.783139 1757041149.6716094
1757041154.675661 1757041173.2945433
1757041179.3006656 1757041202.6077325
1757041207.611691 1757041238.2003741
1757041240.2012675 1757041265.4696712
1757041273.4777937 1757041299.5522876
1757041301.554411 1757041330.2086902
1757041339.216182 1757041359.2556353
1757041361.257794 1757041396.3874462
1757041397.3876064 1757041422.3769264
1757041425.3798463 1757041449.888223
1757041450.8893359 1757041485.7668543
1757041489.7709765 1757041515.841918
1757041517.8436685 1757041545.1274514
1757041549.1315317 1757041573.657159
1757041580.6636713 1757041599.7172768
1757041607.7236996 1757041624.1991284
1757041624.1991544 1757041659.59002
1757041661.5921412 1757041686.8987515
1757041690.899667 1757041714.912787
1757041723.9219127 1757041742.697359
1757041749.7035916 1757041773.74025
1757041781.7483222 1757041802.2175639
1757041808.2237504 1757041832.5034764
1757041833.5040011 1757041862.7889822
1757041868.795117 1757041891.7630742
1757041899.7676437 1757041923.5466776
1757041923.5466988 1757041953.4094913
1757041957.4116633 1757041976.0399916
1757041976.040014 1757042015.0800035
1757042017.0821276 1757042041.8114278
1757042050.8196843 1757042070.74146
1757042076.7469363 1757042103.590569
1757042112.592057 1757042131.8075294
1757042134.8106418 1757042161.6606157
1757042170.6677015 1757042183.1494732
1757042186.1526 1757042223.2761881
1757042227.2796042 1757042244.47605
1757042253.483687 1757042279.4865746
1757042288.491881 1757042310.2321572
1757042310.2321794 1757042336.9696796
1757042343.9758828 1757042363.6080244
1757042369.614148 1757042386.6965418
1757042393.7036715 1757042425.2305984
1757042435.23967 1757042457.3298001
1757042463.3356426 1757042487.8198292
1757042491.823606 1757042516.0733488
1757042519.0756707 1757042542.2545812
1757042546.2556765 1757042576.3133216
1757042576.3133538 1757042603.0022666
1757042606.0053866 1757042638.0917447
1757042648.0997133 1757042677.0976954
1757042683.1038241 1757042706.4029622
1757042711.407661 1757042732.733542
1757042737.7356315 1757042763.9904056
1757042771.995662 1757042794.7263825
1757042794.7264059 1757042824.6440325
1757042829.649163 1757042852.0615306
1757042857.066691 1757042878.6186738
1757042879.6197894 1757042911.6031752
1757042915.603647 1757042944.7184873
1757042944.7185106 1757042972.9351275
1757042972.9351478 1757043009.1692123
1757043016.1763372 1757043036.4217675
1757043036.421787 1757043072.6827674
1757043079.6898913 1757043104.0611823
1757043111.0676668 1757043132.4680357
1757043133.4690988 1757043160.5064695
1757043162.5076647 1757043194.8305063
1757043202.8316681 1757043228.8796055
1757043229.8807137 1757043254.486281
1757043260.4915884 1757043287.6297116
1757043293.6357872 1757043314.923946
1757043323.933068 1757043350.8357143
1757043353.838777 1757043372.8775337
1757043378.8836098 1757043402.0072656
1757043403.0083997 1757043439.5800848
1757043439.5801105 1757043464.8888295
1757043464.888853 1757043493.9585736
1757043497.9626932 1757043520.9431922
1757043524.9473286 1757043551.39751
1757043558.4045837 1757043580.9398806
1757043590.9476664 1757043603.950774
1757043608.9557047 1757043632.8197753
1757043641.8276687 1757043658.960317
1757043668.9704404 1757043696.1170845
1757043704.1236072 1757043717.9666417
1757043721.967936 1757043744.595216
1757043751.6023383 1757043778.263825
1757043784.2699494 1757043807.7932327
1757043815.799829 1757043837.3113976
1757043839.311663 1757043865.4617517
1757043875.4716809 1757043896.1360738
1757043901.1396546 1757043927.708098
1757043927.7081282 1757043954.701084
