1756813447.4537814 1756813471.5127466
1756813471.5127695 1756813496.5321321
1756813496.5321593 1756813520.4083493
1756813520.4083703 1756813544.1280413
1756813544.1280663 1756813577.018425
1756813577.0184584 1756813600.7778354
1756813600.7778535 1756813628.1858222
1756813628.1858535 1756813655.9502485
1756813655.9502697 1756813685.1259205
1756813685.1259432 1756813710.0935152
1756813710.0935414 1756813730.829672
1756813730.8296943 1756813769.334733
1756813769.334757 1756813788.0441053
1756813788.0441258 1756813819.3536222
1756813819.3536477 1756813855.3452556
1756813855.3452768 1756813873.2493556
1756813873.2493794 1756813905.2135077
1756813905.2135324 1756813927.9799426
1756813927.9799628 1756813955.9766529
1756813955.9766777 1756813975.6394973
1756813975.6395142 1756814012.725424
1756814012.725448 1756814043.4616475
1756814043.4616675 1756814063.0050747
1756814063.0050962 1756814093.6827824
1756814093.6828053 1756814119.5532916
1756814119.553315 1756814143.005246
1756814143.0052667 1756814171.1775327
1756814171.1775548 1756814193.569161
1756814193.5691829 1756814221.3804526
1756814221.3804765 1756814255.8561134
1756814255.8561397 1756814282.0399673
1756814282.0399923 1756814309.3980803
1756814309.398106 1756814342.6162293
1756814342.6162481 1756814368.1613512
1756814368.1613712 1756814392.6842318
1756814392.6842628 1756814416.262233
1756814416.26225 1756814450.7063844
1756814450.7064095 1756814483.46857
1756814483.4685922 1756814510.1523457
1756814510.1523697 1756814530.5602617
1756814530.5602798 1756814567.6242044
1756814567.6242297 1756814591.3641016
1756814591.3641202 1756814617.5414305
1756814617.541456 1756814639.9273462
1756814639.927368 1756814669.1889253
1756814669.188948 1756814701.7374258
1756814701.7374644 1756814722.9820876
1756814722.982111 1756814753.6596708
1756814753.6597004 1756814793.885052
1756814793.885075 1756814806.3684025
1756814806.368424 1756814834.3444514
1756814834.3444715 1756814855.6434355
1756814855.6434572 1756814895.9423723
1756814895.9423895 1756814918.176123
1756814918.1761572 1756814943.2686381
1756814943.2686658 1756814977.5191705
1756814977.519191 1756815005.6703105
1756815005.6703336 1756815037.5770035
1756815037.577028 1756815060.1516824
1756815060.1517076 1756815078.3956409
1756815078.3956623 1756815103.9767365
1756815103.976759 1756815138.2841365
1756815138.2841551 1756815171.9808164
1756815171.9808474 1756815199.0394201
1756815199.039444 1756815226.366429
1756815226.3664474 1756815254.7353363
1756815254.7353592 1756815278.10051
1756815278.1005287 1756815315.4972777
1756815315.4973016 1756815349.2676625
1756815349.2676854 1756815378.5532708
1756815378.5532925 1756815405.2744486
1756815405.2744777 1756815436.7934763
1756815436.7934976 1756815466.32093
1756815466.3209558 1756815496.0669727
1756815496.0669963 1756815515.3344324
1756815515.33445 1756815546.131269
1756815546.1312952 1756815568.8573055
1756815568.8573244 1756815600.4369583
1756815600.4369843 1756815628.3385384
1756815628.3385596 1756815655.1569839
1756815655.1570063 1756815684.7797258
1756815684.7797515 1756815712.614344
1756815712.614365 1756815738.0579424
1756815738.057962 1756815765.6034448
1756815765.6034737 1756815782.451445
1756815782.451467 1756815813.900847
1756815813.900875 1756815843.5546994
1756815843.5547194 1756815871.7847252
1756815871.7847514 1756815892.3764992
1756815892.3765185 1756815933.557283
1756815933.557313 1756815949.4137383
1756815949.4137638 1756815983.4600348
1756815983.460061 1756816002.9385288
1756816002.9385593 1756816028.6301105
1756816028.630143 1756816057.3451393
1756816057.3451648 1756816085.9872139
1756816085.9872375 1756816110.2668426
1756816110.266863 1756816146.0924022
1756816146.0924401 1756816164.9681966
1756816164.9682143 1756816199.4860277
