1756789707.2475257 1756789758.9629743
1756789758.9630022 1756789808.9318473
1756789808.931871 1756789864.491151
1756789864.4911742 1756789913.6872487
1756789913.6872735 1756789964.1045005
1756789964.1045218 1756790025.1312284
1756790025.1312592 1756790083.6220605
1756790083.6220827 1756790151.9800134
1756790151.98004 1756790197.186577
1756790197.1866171 1756790250.3185894
1756790250.3186276 1756790327.4819188
1756790327.4819472 1756790379.1043396
1756790379.1043625 1756790446.3754115
1756790446.375445 1756790497.6763995
1756790497.6764238 1756790561.8641381
1756790561.8641653 1756790621.219495
1756790621.2195132 1756790680.7452726
1756790680.7452948 1756790749.0703752
1756790749.0704005 1756790815.1048603
1756790815.1048827 1756790872.4083319
1756790872.408357 1756790916.2552943
1756790916.2553215 1756790963.3551545
1756790963.355177 1756791016.3693647
1756791016.369389 1756791070.1645546
1756791070.164583 1756791131.792128
1756791131.7921546 1756791184.413435
1756791184.413458 1756791242.9986677
1756791242.9986944 1756791299.4436424
1756791299.4436681 1756791353.0808215
1756791353.0808418 1756791423.5233066
1756791423.5233295 1756791477.6304977
1756791477.6305218 1756791547.0040636
1756791547.0040839 1756791604.3239408
1756791604.3239708 1756791659.956641
1756791659.9566746 1756791716.6198156
1756791716.6198366 1756791786.9039907
1756791786.9040122 1756791847.0833945
1756791847.0834208 1756791907.1912348
1756791907.1912637 1756791952.8974361
1756791952.8974564 1756792000.4105341
1756792000.410559 1756792050.30653
1756792050.3065789 1756792088.357238
1756792088.3572767 1756792132.0930939
1756792132.093115 1756792199.025756
1756792199.025783 1756792247.6441474
1756792247.6441765 1756792303.5156927
1756792303.5157125 1756792379.588971
1756792379.5889924 1756792463.015161
1756792463.0151849 1756792550.176117
1756792550.1761498 1756792596.205815
1756792596.205837 1756792662.0884285
1756792662.0884576 1756792715.9132671
1756792715.913293 1756792784.9473593
1756792784.9473813 1756792833.9624505
1756792833.9624815 1756792892.6083293
1756792892.6083543 1756792967.2079017
1756792967.207927 1756793032.5776162
1756793032.5776448 1756793098.7939994
1756793098.794027 1756793148.809939
1756793148.8099616 1756793199.5982878
1756793199.5983121 1756793262.561017
1756793262.5610363 1756793335.107632
1756793335.1076598 1756793386.4975085
1756793386.4975367 1756793439.6709623
1756793439.6709862 1756793491.733489
1756793491.7335143 1756793561.5007176
1756793561.5007474 1756793635.608889
1756793635.6089156 1756793704.284361
1756793704.2843816 1756793784.206407
1756793784.2064364 1756793840.6509268
1756793840.650949 1756793897.0775192
1756793897.0775485 1756793965.0232713
1756793965.0232983 1756794046.463119
1756794046.4631486 1756794112.6184819
1756794112.6185145 1756794164.9786284
1756794164.978653 1756794201.4034681
1756794201.4034898 1756794264.3082297
1756794264.308259 1756794335.7649388
1756794335.7649665 1756794394.3613963
1756794394.3614285 1756794447.7170892
1756794447.7171113 1756794511.3625755
1756794511.3626068 1756794570.7897
1756794570.7897341 1756794640.6309087
1756794640.6309297 1756794692.408343
1756794692.4083703 1756794751.2882257
1756794751.288249 1756794828.413066
1756794828.4130888 1756794897.583172
1756794897.5831943 1756794974.9483266
1756794974.9483492 1756795026.489694
1756795026.4897492 1756795086.8207157
1756795086.8207467 1756795152.7534447
1756795152.753466 1756795231.9604552
1756795231.960477 1756795301.3842435
1756795301.384276 1756795372.0282218
1756795372.0282423 1756795415.340845
1756795415.34087 1756795488.8714707
1756795488.8715036 1756795546.1375756
1756795546.1375983 1756795598.323401
1756795598.3234258 1756795645.0264463
1756795645.0264683 1756795709.013956
