1776496511.3047209 1776496565.8487422
1776496572.8559914 1776496629.922614
1776496639.9303432 1776496697.6000996
1776496705.6005177 1776496770.106406
1776496772.1084828 1776496841.8032265
1776496845.807296 1776496903.4962053
1776496909.5022762 1776496982.3027542
1776496988.308826 1776497054.6564803
1776497055.6568863 1776497136.3780077
1776497136.378038 1776497216.7116015
1776497217.712677 1776497295.326127
1776497299.330199 1776497369.9810221
1776497377.989107 1776497462.2592194
1776497472.2692957 1776497544.8104587
1776497549.8155231 1776497613.3738124
1776497616.374336 1776497702.0550377
1776497710.0628412 1776497782.1272993
1776497783.1283755 1776497872.2605882
1776497876.2623336 1776497956.2748282
1776497961.278325 1776498030.7523797
1776498036.758339 1776498095.4764814
1776498100.478423 1776498173.8615177
1776498174.8625836 1776498236.3961651
1776498246.402337 1776498283.7612922
1776498287.7653558 1776498379.9929974
1776498383.9943433 1776498443.59699
1776498448.5976222 1776498509.2551043
1776498512.2552996 1776498581.4761407
1776498586.4783423 1776498652.8150856
1776498655.8157358 1776498724.454196
1776498731.461268 1776498798.870185
1776498806.8782449 1776498878.5081131
1776498886.5143287 1776498957.556878
1776498958.557942 1776499027.6020992
1776499035.606438 1776499120.9251106
1776499129.9306679 1776499190.7382326
1776499191.7383332 1776499254.6797523
1776499254.6797764 1776499336.429919
1776499345.4303322 1776499411.519116
1776499421.5291877 1776499470.9948456
1776499474.9983807 1776499551.193688
1776499552.1947675 1776499614.5411675
1776499621.5465512 1776499701.315162
1776499711.3252354 1776499782.2040002
1776499788.2100677 1776499839.3232944
1776499841.3235219 1776499931.9921305
1776499937.998207 1776500003.976818
1776500003.9768488 1776500082.9997838
1776500086.0028477 1776500134.5860546
1776500141.5932395 1776500217.902009
1776500226.911087 1776500283.0130415
1776500288.0181038 1776500333.9536624
1776500338.9573898 1776500441.5544858
1776500446.5595603 1776500523.1194148
1776500531.1259165 1776500592.848722
1776500600.8550158 1776500687.9546866
1776500694.961764 1776500759.0578942
1776500763.06197 1776500816.1637566
1776500824.163939 1776500902.8942513
1776500910.9023218 1776500974.4441633
1776500977.4442854 1776501060.437578
1776501061.4386454 1776501131.571781
1776501140.5808454 1776501204.244209
1776501214.2451177 1776501289.2454464
1776501294.246023 1776501381.875738
1776501387.8818097 1776501467.049632
1776501471.0537071 1776501532.5200684
1776501533.5203316 1776501608.6187475
1776501613.6239142 1776501683.094663
1776501693.104752 1776501753.5999608
1776501763.6063344 1776501827.9948385
1776501836.002341 1776501906.185892
1776501906.1859229 1776501985.405358
1776501987.407436 1776502056.817854
1776502064.8259292 1776502125.5678422
1776502135.577927 1776502207.7624133
1776502214.7695036 1776502286.010203
1776502287.0112722 1776502347.2319946
1776502357.2383995 1776502424.8587787
1776502424.8588083 1776502488.2303307
1776502496.2384057 1776502542.3114924
1776502544.3135636 1776502624.9600546
1776502630.9661303 1776502695.3829153
1776502695.3829408 1776502770.8398793
1776502772.8419528 1776502844.350204
1776502847.3503418 1776502928.5944371
1776502936.5983434 1776502998.077141
1776503007.086213 1776503073.858679
1776503078.8637502 1776503143.377918
1776503150.3849912 1776503200.0464594
1776503203.0495205 1776503277.744169
1776503280.7472608 1776503344.5854688
1776503352.5935476 1776503397.3765607
1776503407.3864 1776503503.8527281
1776503503.8527586 1776503562.559141
1776503569.562344 1776503628.3267086
1776503637.3357816 1776503706.585073
1776503713.59214 1776503777.878839
1776503782.8837328 1776503855.4358523
1776503859.4383392 1776503925.6843925
