1755353294.3692856 1755353324.1126316
1755353324.1126516 1755353352.5947175
1755353352.5947347 1755353383.875935
1755353383.875958 1755353405.3391545
1755353405.3391762 1755353435.479334
1755353435.4793584 1755353465.8605464
1755353465.8605793 1755353496.7264116
1755353496.7264366 1755353521.6327496
1755353521.6327686 1755353553.7677596
1755353553.7677796 1755353580.5161796
1755353580.5162005 1755353608.3363597
1755353608.3363886 1755353637.2704484
1755353637.270466 1755353664.0483294
1755353664.0483549 1755353703.118208
1755353703.1182268 1755353730.1643722
1755353730.1643991 1755353764.2312508
1755353764.2312822 1755353787.7998686
1755353787.799895 1755353810.3907588
1755353810.390783 1755353837.0175662
1755353837.0175865 1755353855.3697338
1755353855.3697548 1755353878.801258
1755353878.801281 1755353905.1553802
1755353905.155407 1755353930.8123236
1755353930.8123462 1755353959.434599
1755353959.4346218 1755353978.3705857
1755353978.3706043 1755354012.1983824
1755354012.1984046 1755354035.2802703
1755354035.2802958 1755354064.5988152
1755354064.5988324 1755354090.5467227
1755354090.546744 1755354117.2122667
1755354117.21229 1755354151.075711
1755354151.075731 1755354184.2249122
1755354184.2249312 1755354217.3833685
1755354217.383392 1755354242.6887898
1755354242.6888056 1755354280.4628427
1755354280.4628692 1755354318.7225807
1755354318.7225997 1755354350.9951963
1755354350.995222 1755354384.120676
1755354384.1207042 1755354412.449236
1755354412.4492714 1755354445.1232188
1755354445.1232467 1755354472.806329
1755354472.8063512 1755354497.6017692
1755354497.6017938 1755354524.2822702
1755354524.2822917 1755354552.1738036
1755354552.1738286 1755354576.1866515
1755354576.186676 1755354599.89362
1755354599.893636 1755354621.3720977
1755354621.3721209 1755354648.9465697
1755354648.9465983 1755354667.06362
1755354667.0636418 1755354693.8381064
1755354693.8381233 1755354717.1809711
1755354717.1809971 1755354750.0508769
1755354750.050907 1755354774.5659556
1755354774.5659804 1755354807.5459251
1755354807.5459402 1755354837.807685
1755354837.8077104 1755354866.9759257
1755354866.9759436 1755354897.4825377
1755354897.4825587 1755354929.3729384
1755354929.372955 1755354959.1148717
1755354959.114888 1755354987.4338439
1755354987.4338677 1755355018.0475054
1755355018.0475256 1755355044.7366288
1755355044.7366486 1755355073.6646914
1755355073.6647148 1755355102.9430163
1755355102.943036 1755355121.686379
1755355121.6864054 1755355147.314781
1755355147.3148065 1755355176.9841075
1755355176.9841352 1755355202.3574255
1755355202.3574433 1755355228.216609
1755355228.2166302 1755355257.3857987
1755355257.3858204 1755355288.5405095
1755355288.540542 1755355325.6790886
1755355325.6791153 1755355354.8134995
1755355354.813523 1755355379.831262
1755355379.8312862 1755355402.94551
1755355402.9455638 1755355429.8845077
1755355429.884528 1755355458.2196505
1755355458.2196803 1755355487.0742366
1755355487.0742629 1755355508.1767943
1755355508.17682 1755355533.49004
1755355533.4900742 1755355559.7443452
1755355559.7443674 1755355577.4096584
1755355577.40968 1755355594.8819518
1755355594.8819745 1755355621.9966722
1755355621.996695 1755355651.4170215
1755355651.4170487 1755355687.7067492
1755355687.7067645 1755355716.5333266
1755355716.5333521 1755355749.6803243
1755355749.6803458 1755355775.5520923
1755355775.552115 1755355801.402886
1755355801.4029214 1755355826.319402
1755355826.3194282 1755355850.4686315
1755355850.4686513 1755355869.1501026
1755355869.1501315 1755355891.072687
1755355891.0727048 1755355922.6217453
1755355922.6217673 1755355953.6451485
1755355953.645172 1755355987.0965116
1755355987.0965326 1755356008.0492225
1755356008.04924 1755356033.306188
1755356033.3062105 1755356066.7437954
