1751986011.2862403 1751986035.9136434
1751986035.9136648 1751986075.1333675
1751986075.1333916 1751986100.3414028
1751986100.3414216 1751986132.4000213
1751986132.4000485 1751986157.6598487
1751986157.6598687 1751986201.8164313
1751986201.8164556 1751986227.4067662
1751986227.4067905 1751986260.7817657
1751986260.78179 1751986284.8860638
1751986284.8860872 1751986321.438009
1751986321.4380333 1751986350.5147245
1751986350.5147462 1751986377.9515965
1751986377.9516234 1751986408.0374146
1751986408.037435 1751986438.9408033
1751986438.940824 1751986472.3331976
1751986472.3332255 1751986498.0842059
1751986498.084228 1751986527.0180879
1751986527.0181324 1751986542.9092145
1751986542.9092321 1751986568.9099028
1751986568.909926 1751986607.782867
1751986607.782891 1751986634.623414
1751986634.6234326 1751986670.785533
1751986670.785568 1751986703.2337823
1751986703.233808 1751986723.438507
1751986723.4385304 1751986751.415257
1751986751.4152799 1751986778.2576451
1751986778.2576764 1751986805.330016
1751986805.3300416 1751986835.4195738
1751986835.4196126 1751986866.001181
1751986866.0012043 1751986897.6806934
1751986897.680722 1751986932.4491408
1751986932.4491634 1751986960.4078786
1751986960.4079025 1751986986.5250537
1751986986.5250888 1751987018.9970112
1751987018.997034 1751987061.8169506
1751987061.8169763 1751987089.26972
1751987089.2697382 1751987117.7276325
1751987117.727661 1751987154.9849749
1751987154.9849985 1751987182.1117415
1751987182.1117709 1751987218.2292173
1751987218.2292402 1751987248.826911
1751987248.8269339 1751987282.2791266
1751987282.2791522 1751987315.3066475
1751987315.3066714 1751987348.1899772
1751987348.1899993 1751987383.5792348
1751987383.5792596 1751987415.7467103
1751987415.7467315 1751987445.7726815
1751987445.772708 1751987476.3263986
1751987476.3264234 1751987510.814005
1751987510.8140268 1751987542.7434454
1751987542.7434847 1751987571.2994013
1751987571.2994218 1751987616.181894
1751987616.1819184 1751987650.4735532
1751987650.4735773 1751987675.654092
1751987675.6541097 1751987711.221483
1751987711.2215078 1751987735.1961272
1751987735.1961522 1751987762.4330788
1751987762.4331055 1751987784.8541944
1751987784.8542147 1751987823.8996572
1751987823.8996866 1751987847.8974361
1751987847.8974562 1751987878.5112455
1751987878.5112717 1751987903.8173482
1751987903.8173654 1751987934.105124
1751987934.1051486 1751987960.401841
1751987960.4018598 1751987984.7273502
1751987984.7273748 1751988010.8733428
1751988010.87336 1751988036.703682
1751988036.7037086 1751988068.1403217
1751988068.140367 1751988095.3773804
1751988095.37741 1751988122.7638807
1751988122.7638996 1751988157.9580147
1751988157.9580402 1751988189.3428664
1751988189.3428874 1751988216.3602188
1751988216.3602498 1751988247.7613928
1751988247.761422 1751988285.614012
1751988285.6140327 1751988305.4980562
1751988305.4980803 1751988338.4973607
1751988338.4973814 1751988373.065387
1751988373.0654144 1751988397.7408864
1751988397.740913 1751988425.55795
1751988425.557973 1751988459.8927844
1751988459.8928103 1751988490.793373
1751988490.7933965 1751988519.5268812
1751988519.5269141 1751988544.2832053
1751988544.2832346 1751988572.8493237
1751988572.8493483 1751988606.8678255
1751988606.8678513 1751988634.2470946
1751988634.247115 1751988659.2321208
1751988659.2321467 1751988684.6253548
1751988684.6253788 1751988717.263094
1751988717.2631173 1751988737.6810572
1751988737.6810844 1751988767.468903
1751988767.4689336 1751988797.1776876
1751988797.1777134 1751988820.9544227
1751988820.9544418 1751988846.3778558
1751988846.3778825 1751988872.685829
1751988872.6858492 1751988908.0025504
1751988908.0025759 1751988927.806108
1751988927.8061285 1751988962.122175
1751988962.1222017 1751988998.9594033
1751988998.959423 1751989028.4975884
1751989028.4976137 1751989054.45403
1751989054.4540513 1751989087.3020084
1751989087.3020446 1751989108.9127553
1751989108.9127777 1751989150.2983525
1751989150.2983794 1751989173.5582829
1751989173.5583062 1751989218.4231954
1751989218.4232166 1751989250.715012
1751989250.71504 1751989274.4937334
1751989274.493765 1751989309.0664942
1751989309.0665133 1751989341.9529321
1751989341.952957 1751989372.4931262
1751989372.4931448 1751989398.540428
1751989398.5404508 1751989431.7145154
1751989431.7145398 1751989467.858199
1751989467.8582258 1751989492.6488287
1751989492.6488483 1751989536.4300563
1751989536.4300797 1751989562.9269016
1751989562.9269319 1751989596.9835062
1751989596.9835303 1751989633.9326828
1751989633.9327145 1751989662.0305552
1751989662.0305777 1751989706.2993236
1751989706.2993455 1751989727.857802
1751989727.857829 1751989756.1718428
1751989756.1718693 1751989783.4151454
1751989783.4151683 1751989814.219397
1751989814.2194233 1751989835.2613087
1751989835.2613294 1751989873.3988798
1751989873.3989036 1751989903.4327006
1751989903.432735 1751989933.8436646
1751989933.8436887 1751989969.7318554
1751989969.7318866 1751989999.3904412
1751989999.390471 1751990023.3656852
1751990023.3657076 1751990054.7084916
1751990054.7085128 1751990087.0969167
1751990087.0969446 1751990114.5781236
1751990114.5781455 1751990142.0018585
1751990142.0018823 1751990173.5885084
1751990173.5885346 1751990209.6938806
1751990209.6939 1751990231.9697645
1751990231.9697883 1751990268.9670422
1751990268.9670646 1751990297.3617823
1751990297.3618078 1751990321.786027
1751990321.7860496 1751990356.8100104
1751990356.8100312 1751990379.8343945
1751990379.8344257 1751990403.8441496
1751990403.8441694 1751990439.74765
1751990439.7476764 1751990464.149941
1751990464.1499608 1751990502.4641728
1751990502.4641979 1751990528.954757
1751990528.9547782 1751990563.4349203
1751990563.4349446 1751990592.9792147
1751990592.9792397 1751990618.1879401
1751990618.187961 1751990649.9754229
1751990649.9754486 1751990673.8846343
1751990673.8846557 1751990709.8951175
1751990709.8951433 1751990733.858028
1751990733.8580577 1751990758.6721861
1751990758.672208 1751990793.8221867
1751990793.8222253 1751990820.5325637
1751990820.532595 1751990852.6376343
1751990852.6376586 1751990880.3131723
1751990880.3131926 1751990910.342515
1751990910.3425415 1751990941.8531666
1751990941.8531883 1751990979.011049
1751990979.0110903 1751991006.2450552
1751991006.2450767 1751991042.4090679
1751991042.4090943 1751991077.506739
1751991077.506761 1751991103.7326822
1751991103.7327108 1751991131.5671568
1751991131.5671785 1751991156.3198895
1751991156.3199167 1751991182.094338
1751991182.0943594 1751991214.745119
1751991214.7451441 1751991239.2230365
1751991239.2230575 1751991274.6894429
1751991274.689464 1751991308.6485114
1751991308.6485372 1751991338.594156
1751991338.5941777 1751991374.3369992
1751991374.3370397 1751991405.9316952
1751991405.931712 1751991434.5797153
1751991434.579742 1751991462.2763085
1751991462.2763333 1751991487.6759932
1751991487.6760182 1751991522.3348935
1751991522.3349183 1751991551.1289527
1751991551.1289768 1751991581.0684326
1751991581.0684638 1751991611.376195
1751991611.3762188 1751991651.0192277
1751991651.0192556 1751991676.4042168
1751991676.4042413 1751991708.6642861
1751991708.6643095 1751991732.88331
1751991732.8833444 1751991771.827823
1751991771.827846 1751991792.3292704
1751991792.3293047 1751991821.1395328
1751991821.1395535 1751991857.2491236
1751991857.249151 1751991885.950866
1751991885.9508939 1751991916.8029063
1751991916.8029354 1751991948.4779844
1751991948.478022 1751991974.3021054
1751991974.3021278 1751992006.409705
1751992006.4097261 1751992031.9018626
1751992031.901897 1751992070.2967052
1751992070.2967312 1751992100.2042367
1751992100.2042632 1751992128.8673346
1751992128.8673544 1751992158.415833
1751992158.4158862 1751992184.7980933
1751992184.7981226 1751992221.3502817
1751992221.350316 1751992256.3442855
1751992256.3443213 1751992289.9498417
1751992289.949871 1751992328.0586352
1751992328.0586765 1751992363.6932874
1751992363.6933103 1751992392.8744717
1751992392.8744996 1751992422.048409
1751992422.0484276 1751992463.8743386
1751992463.8743732 1751992492.522764
1751992492.5227883 1751992517.9978545
1751992517.9978788 1751992551.5288174
1751992551.5288363 1751992579.1455755
1751992579.1456125 1751992613.5508668
1751992613.5509007 1751992634.618664
1751992634.6186848 1751992671.178256
1751992671.1782832 1751992704.5276911
1751992704.5277247 1751992727.599032
1751992727.599067 1751992770.2530882
1751992770.2531106 1751992802.6741054
1751992802.6741362 1751992834.8338225
1751992834.8338463 1751992872.439873
1751992872.4399002 1751992893.2934847
1751992893.293508 1751992932.4379423
1751992932.4379687 1751992957.7971282
1751992957.7971554 1751992987.682744
1751992987.6827636 1751993018.2485402
1751993018.248571 1751993055.050021
1751993055.0500429 1751993083.3043563
1751993083.304387 1751993110.2167063
1751993110.2167315 1751993134.3792002
1751993134.3792264 1751993159.107944
1751993159.1079686 1751993198.2054596
1751993198.2054915 1751993225.625761
1751993225.625788 1751993257.9910772
1751993257.9910986 1751993284.7434607
1751993284.7434883 1751993315.055477
1751993315.0555048 1751993341.5754695
1751993341.5754952 1751993371.1398568
1751993371.1398828 1751993399.9237783
1751993399.9237993 1751993428.8671758
1751993428.8672051 1751993448.8365026
1751993448.8365228 1751993479.9733703
1751993479.9733965 1751993510.155746
1751993510.1557672 1751993548.0597062
1751993548.0597322 1751993578.0252736
1751993578.025291 1751993609.3475611
1751993609.3476143 1751993632.3353477
1751993632.3353653 1751993659.9574301
1751993659.9574537 1751993691.2107427
1751993691.2107902 1751993720.1502938
1751993720.150319 1751993749.6788993
1751993749.6789238 1751993780.6631637
1751993780.663184 1751993802.0813046
1751993802.0813324 1751993830.261534
1751993830.2615535 1751993859.6270773
1751993859.6271076 1751993888.72049
1751993888.7205095 1751993918.4125512
1751993918.412578 1751993945.7269409
1751993945.7269607 1751993973.2599328
1751993973.259966 1751994005.4392307
1751994005.4392548 1751994038.2295535
1751994038.22958 1751994065.457768
1751994065.4577863 1751994100.9384863
1751994100.9385185 1751994132.2259164
1751994132.2259336 1751994163.3744967
1751994163.374522 1751994184.2779882
1751994184.2780085 1751994214.9396126
1751994214.9396436 1751994249.0785184
1751994249.0785387 1751994275.7097712
1751994275.7098067 1751994304.383982
1751994304.384004 1751994335.379411
1751994335.3794403 1751994360.62182
1751994360.6218424 1751994393.7311392
1751994393.7311647 1751994422.6304145
1751994422.6304371 1751994451.2809193
1751994451.2809427 1751994487.7983193
1751994487.7983472 1751994516.077652
1751994516.0776784 1751994549.5043275
1751994549.5043507 1751994580.1535845
1751994580.1536164 1751994601.5748475
1751994601.5748749 1751994637.6718626
1751994637.6718915 1751994657.5482955
1751994657.548316 1751994688.7536857
1751994688.7537117 1751994721.431424
1751994721.4314454 1751994750.0966806
1751994750.0967124 1751994781.8862436
1751994781.8862722 1751994810.205579
1751994810.2056038 1751994836.288519
1751994836.2885525 1751994863.530111
1751994863.53014 1751994892.0535629
1751994892.0535817 1751994920.1247482
1751994920.1247718 1751994947.849042
1751994947.8490665 1751994969.6520503
1751994969.652072 1751994995.341464
1751994995.3414917 1751995026.0437293
1751995026.0437496 1751995057.5370688
1751995057.5370948 1751995091.4931953
1751995091.493213 1751995119.783325
1751995119.7833505 1751995160.984415
1751995160.9844384 1751995181.2273161
1751995181.2273347 1751995222.2016273
1751995222.2016497 1751995250.482184
1751995250.482205 1751995272.6562681
1751995272.6562905 1751995316.2892418
1751995316.2892609 1751995351.4357953
1751995351.4358203 1751995375.9891417
1751995375.9891722 1751995401.5175128
1751995401.5175364 1751995441.9724464
1751995441.9724693 1751995464.9957545
1751995464.9957798 1751995497.1347742
1751995497.1348035 1751995526.8718767
1751995526.8719072 1751995564.1538644
1751995564.1538923 1751995591.302468
1751995591.302488 1751995622.358897
1751995622.3589232 1751995656.3389351
1751995656.3389592 1751995688.8522937
1751995688.85232 1751995719.1147187
1751995719.1147468 1751995757.8120387
1751995757.812061 1751995775.591529
1751995775.5915532 1751995814.4818492
1751995814.4818742 1751995843.5785306
1751995843.5785518 1751995876.135203
1751995876.1352258 1751995907.5388432
1751995907.5388734 1751995943.0611718
1751995943.0611947 1751995970.5969296
1751995970.5969553 1751995996.2901275
1751995996.2901545 1751996028.1719058
1751996028.1719317 1751996056.7158465
1751996056.715873 1751996091.7313483
1751996091.7313693 1751996119.4161477
1751996119.41617 1751996156.802415
1751996156.8024354 1751996197.7076905
1751996197.7077155 1751996229.473157
1751996229.4731808 1751996260.3030841
1751996260.3031113 1751996287.9621258
1751996287.9621494 1751996316.0922298
1751996316.0922575 1751996348.488
1751996348.4880204 1751996374.9700763
1751996374.9701002 1751996416.42862
1751996416.4286456 1751996449.578096
1751996449.5781198 1751996477.3799431
1751996477.3799725 1751996509.6896927
1751996509.6897213 1751996533.2844782
1751996533.2845018 1751996570.0957117
1751996570.0957406 1751996597.8167636
1751996597.8167846 1751996631.7436059
1751996631.7436326 1751996672.8462136
1751996672.8462446 1751996700.8549736
1751996700.855003 1751996729.3365133
1751996729.3365333 1751996754.2170491
1751996754.217073 1751996791.9237447
1751996791.9237647 1751996817.3931937
1751996817.3932202 1751996843.4486887
1751996843.4487095 1751996873.663725
1751996873.663752 1751996897.1729753
1751996897.1729975 1751996915.945128
1751996915.9451513 1751996954.7531767
1751996954.7532005 1751996981.214234
1751996981.2142575 1751997009.8849347
1751997009.8849595 1751997042.5130017
1751997042.513026 1751997078.725278
1751997078.7253006 1751997110.0831454
1751997110.083174 1751997140.1333992
1751997140.1334221 1751997161.0816653
1751997161.081687 1751997197.6628122
1751997197.6628346 1751997230.6223056
1751997230.6223304 1751997256.039073
1751997256.0391064 1751997282.747055
1751997282.747074 1751997306.2120428
1751997306.2120697 1751997333.8749452
1751997333.8749654 1751997366.127613
1751997366.1276474 1751997388.6118088
1751997388.6118398 1751997414.2988513
1751997414.2988703 1751997453.40523
1751997453.4052637 1751997482.0259182
1751997482.025951 1751997510.629624
1751997510.629646 1751997551.147204
1751997551.14723 1751997577.87067
1751997577.8706934 1751997609.2568152
1751997609.2568371 1751997636.1603165
1751997636.1603434 1751997666.7464414
1751997666.7464633 1751997692.5421424
1751997692.5421693 1751997719.3050578
1751997719.3050785 1751997751.3253136
1751997751.3253393 1751997779.313282
1751997779.313302 1751997805.7536542
1751997805.7536924 1751997839.2074547
1751997839.2074735 1751997859.930537
1751997859.9305584 1751997890.5674632
1751997890.5674863 1751997915.4955428
1751997915.495575 1751997937.1020334
1751997937.1020534 1751997961.2170084
1751997961.2170331 1751997990.6811247
1751997990.681143 1751998015.727499
1751998015.727524 1751998047.4739914
1751998047.4740126 1751998072.6325035
1751998072.632534 1751998105.6031063
1751998105.6031296 1751998141.3249233
1751998141.324945 1751998171.7273593
1751998171.7273855 1751998198.66698
1751998198.6669986 1751998225.4592667
1751998225.4592888 1751998255.5865474
1751998255.5865705 1751998295.74755
1751998295.7475832 1751998322.6121018
1751998322.612124 1751998352.216308
1751998352.2163332 1751998376.7180808
1751998376.7181041 1751998404.7865307
1751998404.7865508 1751998438.6096404
1751998438.609664 1751998464.956054
1751998464.956074 1751998500.3524187
1751998500.3524487 1751998520.4083853
1751998520.408404 1751998544.6251278
1751998544.6251628 1751998581.3203254
1751998581.3203475 1751998606.106787
1751998606.1068108 1751998636.4624057
1751998636.462437 1751998669.9389517
1751998669.9389832 1751998696.0922775
1751998696.0922983 1751998724.80211
1751998724.8021355 1751998753.5822887
1751998753.5823078 1751998782.0742097
1751998782.0742323 1751998819.7456727
1751998819.7456958 1751998842.8703408
1751998842.8703704 1751998877.2970686
1751998877.2970972 1751998903.2780814
1751998903.2781053 1751998925.864039
1751998925.8640606 1751998959.360457
1751998959.3604898 1751998984.3065598
1751998984.3065813 1751999022.5438733
1751999022.543902 1751999053.237473
1751999053.2375 1751999085.5833309
1751999085.583361 1751999110.2329965
1751999110.2330165 1751999144.8675497
1751999144.8675768 1751999163.182278
1751999163.182323 1751999205.587182
1751999205.5872028 1751999232.2218945
1751999232.2219152 1751999258.5914948
1751999258.5915163 1751999282.5649195
1751999282.5649447 1751999311.3654823
1751999311.3655012 1751999343.5434973
1751999343.5435233 1751999372.5637176
1751999372.5637407 1751999413.3629386
1751999413.3629599 1751999442.3321104
1751999442.332133 1751999471.1000135
1751999471.1000369 1751999503.0927339
1751999503.0927641 1751999536.5084548
1751999536.5084817 1751999559.8963485
1751999559.8963706 1751999595.785882
1751999595.785905 1751999630.5860918
1751999630.586118 1751999668.3519518
1751999668.3519742 1751999693.267107
1751999693.2671335 1751999717.3864453
1751999717.3864686 1751999745.4430268
1751999745.4430482 1751999774.146063
1751999774.1460893 1751999800.509525
1751999800.5095513 1751999828.474983
1751999828.475005 1751999846.5834856
1751999846.583507 1751999873.9452357
1751999873.9452574 1751999902.1708987
1751999902.1709204 1751999939.5034273
1751999939.503453 1751999966.586786
1751999966.5868192 1752000006.6375928
1752000006.6376145 1752000029.0868905
1752000029.086933 1752000050.6140618
1752000050.6140847 1752000078.3936765
1752000078.3936992 1752000119.1801476
1752000119.1801786 1752000144.0905678
1752000144.0905857 1752000173.9418721
1752000173.9418952 1752000204.227678
1752000204.2277033 1752000236.0692391
1752000236.0693123 1752000260.6898613
1752000260.689882 1752000286.6679623
1752000286.6679907 1752000315.3293793
1752000315.3293986 1752000340.7406383
1752000340.7406607 1752000368.0809057
1752000368.0809355 1752000388.364265
1752000388.364294 1752000419.3201904
1752000419.3202207 1752000449.3425498
1752000449.3425689 1752000481.7236683
1752000481.723695 1752000509.3340955
1752000509.3341148 1752000545.6159678
1752000545.6159995 1752000568.0022233
1752000568.0022418 1752000595.343517
1752000595.34354 1752000625.9580996
1752000625.9581196 1752000651.5235407
1752000651.5235684 1752000695.3693867
1752000695.3694093 1752000730.445782
1752000730.445805 1752000757.2828512
1752000757.282871 1752000789.24041
1752000789.2404354 1752000811.4395504
1752000811.4395773 1752000839.8178964
1752000839.8179202 1752000865.8072865
1752000865.8073084 1752000894.8393707
1752000894.8393958 1752000926.5279493
1752000926.5279758 1752000951.3938565
1752000951.3938968 1752000978.293482
1752000978.2935002 1752000998.8246067
1752000998.824631 1752001036.0088387
1752001036.0088644 1752001066.8061965
1752001066.8062313 1752001095.5157084
1752001095.5157366 1752001125.9219508
1752001125.9219725 1752001161.3394063
1752001161.3394284 1752001187.296329
1752001187.296355 1752001213.1281338
1752001213.1281676 1752001242.9684408
1752001242.9684672 1752001270.8535957
1752001270.8536189 1752001298.2203257
1752001298.2203581 1752001320.2301934
1752001320.2302148 1752001350.9770117
1752001350.977077 1752001378.5270507
1752001378.527075 1752001412.8969107
1752001412.8969321 1752001440.7242222
1752001440.7242494 1752001464.544752
1752001464.5447736 1752001495.0634696
1752001495.0635018 1752001519.047235
1752001519.0472531 1752001549.8852112
1752001549.8852348 1752001581.7436945
1752001581.7437224 1752001611.4979239
1752001611.4979494 1752001637.934508
1752001637.934527 1752001667.9219563
1752001667.9219818 1752001698.3066027
1752001698.306629 1752001726.13382
1752001726.133841 1752001757.0589056
1752001757.058933 1752001787.1967804
1752001787.1968124 1752001814.9218955
1752001814.9219196 1752001843.0903666
1752001843.0903904 1752001874.2132099
1752001874.213234 1752001903.0382824
1752001903.0383053 1752001935.6050885
1752001935.6051297 1752001975.2237127
1752001975.2237384 1752002007.2389572
1752002007.238988 1752002036.270247
1752002036.270268 1752002068.599724
1752002068.5997624 1752002090.586104
1752002090.5861344 1752002117.250521
1752002117.2505472 1752002149.0044174
1752002149.0044436 1752002180.0623605
1752002180.0623817 1752002206.7341704
1752002206.7341912 1752002244.2379065
1752002244.2379339 1752002266.2829518
1752002266.2829728 1752002300.4471834
1752002300.4472163 1752002325.6380894
1752002325.6381145 1752002357.156495
1752002357.1565177 1752002388.7101378
1752002388.710163 1752002423.9818146
1752002423.9818335 1752002453.2218313
1752002453.2218597 1752002485.7256353
1752002485.725665 1752002515.7246785
1752002515.724706 1752002546.4320042
1752002546.4320254 1752002575.366526
1752002575.366552 1752002609.4866483
1752002609.4866686 1752002650.6380608
1752002650.6380863 1752002688.4952672
1752002688.4952884 1752002720.3416996
1752002720.3417234 1752002750.3812592
1752002750.3812976 1752002780.3960383
1752002780.3960679 1752002812.7424097
1752002812.7424405 1752002843.6770737
1752002843.6770978 1752002874.1606057
1752002874.1606328 1752002901.3160663
1752002901.3160892 1752002934.6416678
1752002934.6416862 1752002972.456102
1752002972.4561298 1752003003.0169232
1752003003.0169475 1752003027.9292572
1752003027.9292781 1752003061.4857445
1752003061.4857666 1752003098.949084
1752003098.9491072 1752003128.9908829
1752003128.9909077 1752003165.668264
1752003165.6682835 1752003194.2583652
1752003194.2583935 1752003221.9607751
1752003221.9608126 1752003256.820996
1752003256.8210156 1752003287.036059
1752003287.0360847 1752003319.2610414
1752003319.261065 1752003350.353988
1752003350.3540096 1752003377.9086783
1752003377.908714 1752003408.8863275
1752003408.886349 1752003434.3367188
1752003434.3367453 1752003457.488078
1752003457.488099 1752003491.248407
1752003491.2484338 1752003526.3941932
1752003526.3942163 1752003557.8975759
1752003557.8976007 1752003582.9119363
1752003582.911957 1752003616.684237
1752003616.6842644 1752003648.0273728
1752003648.0274057 1752003679.983782
1752003679.9838052 1752003708.8800282
1752003708.8800719 1752003733.6711614
1752003733.671188 1752003768.2745852
1752003768.2746098 1752003802.6731913
1752003802.6732175 1752003823.2787716
1752003823.2788014 1752003853.0203726
1752003853.0203965 1752003885.0811367
1752003885.0811625 1752003910.6989107
1752003910.6989315 1752003944.8387372
1752003944.8387618 1752003972.08631
1752003972.0863307 1752003999.079988
1752003999.0800152 1752004027.5204723
1752004027.520493 1752004059.0662987
1752004059.0663412 1752004084.8554032
1752004084.8554251 1752004114.7179146
1752004114.7179446 1752004146.0494702
1752004146.0494885 1752004170.5384905
1752004170.5385156 1752004212.5024033
1752004212.5024254 1752004232.7084115
1752004232.7084353 1752004273.3209026
1752004273.3209271 1752004297.725637
1752004297.725661 1752004332.784391
1752004332.7844148 1752004372.4923499
1752004372.492374 1752004402.8934135
1752004402.8934355 1752004432.9086118
1752004432.9086373 1752004461.6122162
1752004461.612239 1752004490.1667237
1752004490.1667564 1752004515.1314518
1752004515.1314747 1752004550.0651097
1752004550.0651321 1752004574.4471607
1752004574.447182 1752004609.3267887
1752004609.3268135 1752004641.9882889
1752004641.9883082 1752004677.6014555
1752004677.6014807 1752004710.9268713
1752004710.9268982 1752004732.9877477
1752004732.9877696 1752004765.2772985
1752004765.2773197 1752004794.5016012
1752004794.5016236 1752004821.8943415
1752004821.894372 1752004846.6467676
1752004846.6467872 1752004876.154979
1752004876.1550057 1752004905.4746099
1752004905.4746308 1752004940.0426476
1752004940.0426738 1752004970.549928
1752004970.549949 1752005005.4183865
1752005005.4184139 1752005030.4163365
1752005030.4163623 1752005060.2799916
1752005060.2800148 1752005091.1216993
1752005091.12172 1752005122.0430696
1752005122.0430963 1752005153.6458094
1752005153.645827 1752005172.5737243
1752005172.5737479 1752005196.620344
1752005196.6203651 1752005226.1336627
1752005226.1337144 1752005267.0586543
1752005267.0586767 1752005289.8148284
1752005289.8148508 1752005324.4649296
1752005324.4649532 1752005363.1581786
1752005363.1581998 1752005394.4493403
1752005394.4493678 1752005429.9749708
1752005429.9749923 1752005456.6447706
1752005456.6448095 1752005495.32546
1752005495.3254795 1752005523.1632779
1752005523.1633103 1752005555.8690934
1752005555.8691263 1752005579.414843
1752005579.4148657 1752005617.5769837
1752005617.5770035 1752005655.5888724
1752005655.5888984 1752005678.7934318
1752005678.7934556 1752005706.6582744
1752005706.6582923 1752005746.9201512
1752005746.9201806 1752005770.899413
1752005770.8994367 1752005797.6106076
1752005797.6106272 1752005829.2031565
1752005829.2031817 1752005863.4067023
1752005863.4067247 1752005891.7181544
1752005891.7181818 1752005918.2175117
1752005918.2175405 1752005947.076897
1752005947.0769224 1752005980.8912573
1752005980.891277 1752006015.5247319
1752006015.5247614 1752006042.981363
1752006042.9813926 1752006069.7841735
1752006069.7841933 1752006101.3121612
1752006101.3122015 1752006134.061068
1752006134.0611043 1752006160.9882188
1752006160.988246 1752006180.8528142
1752006180.8528497 1752006212.6074588
1752006212.6074827 1752006243.1929045
1752006243.1929264 1752006268.119792
1752006268.1198194 1752006290.6071417
1752006290.607179 1752006321.9441009
1752006321.9441257 1752006363.058641
1752006363.0586696 1752006399.0781405
1752006399.0781658 1752006428.50116
1752006428.5011842 1752006454.8587267
1752006454.8587506 1752006484.196173
1752006484.1962006 1752006513.128271
1752006513.1282933 1752006541.6379137
1752006541.6379385 1752006566.0972798
1752006566.0972977 1752006599.2010565
1752006599.2010818 1752006637.0133178
1752006637.0133412 1752006659.2123394
1752006659.2123628 1752006688.5544202
1752006688.5544431 1752006717.0392025
1752006717.0392268 1752006749.2354805
1752006749.2355149 1752006778.2869904
1752006778.2870154 1752006807.9418387
1752006807.941862 1752006834.867532
1752006834.867554 1752006862.9538329
1752006862.9538622 1752006892.2672026
1752006892.2672272 1752006927.282455
1752006927.2824783 1752006955.332183
1752006955.332207 1752006987.7566364
1752006987.756664 1752007014.8189318
1752007014.818964 1752007046.66935
1752007046.6693792 1752007074.9577827
1752007074.9578032 1752007111.3680081
1752007111.3680348 1752007146.6598716
1752007146.6598952 1752007160.1042066
1752007160.104227 1752007188.8562152
1752007188.8562431 1752007226.7119405
1752007226.7119615 1752007248.9030259
1752007248.9030492 1752007279.176892
1752007279.1769147 1752007310.074788
1752007310.0748138 1752007324.1453261
1752007324.1453474 1752007354.0303855
1752007354.0304132 1752007381.0262876
1752007381.0263057 1752007413.6537397
1752007413.65377 1752007440.3227146
1752007440.322731 1752007480.564266
1752007480.564294 1752007499.257212
1752007499.2572336 1752007535.3923557
1752007535.392384 1752007567.9902403
1752007567.9902666 1752007605.5011082
1752007605.501129 1752007635.237845
1752007635.2378955 1752007663.2014842
1752007663.2015114 1752007690.8896663
1752007690.8896916 1752007724.8225703
1752007724.8225935 1752007757.4176295
1752007757.4176557 1752007786.5052712
1752007786.5052905 1752007813.435154
1752007813.435182 1752007844.7930605
1752007844.7930815 1752007877.7281458
1752007877.7281733 1752007906.4266472
1752007906.4266653 1752007933.2440147
1752007933.2440424 1752007978.0118022
1752007978.0118206 1752008008.1577744
1752008008.1577976 1752008039.833211
1752008039.83323 1752008063.4913094
1752008063.4913325 1752008103.1207342
1752008103.1207666 1752008130.2654583
1752008130.2654848 1752008160.5402246
1752008160.5402458 1752008194.1746593
1752008194.174688 1752008221.7176108
1752008221.7176304 1752008253.8830974
1752008253.8831224 1752008283.865889
1752008283.8659077 1752008323.771115
1752008323.7711515 1752008354.7559528
1752008354.7559755 1752008393.6985066
1752008393.6985314 1752008410.306807
1752008410.3068275 1752008449.4094453
1752008449.4094894 1752008473.1319919
1752008473.1320262 1752008498.5197148
1752008498.519746 1752008525.5292542
1752008525.5292804 1752008551.744986
1752008551.7450078 1752008574.3552644
1752008574.3552885 1752008607.2325523
1752008607.2325795 1752008633.3886752
1752008633.3886967 1752008662.770452
1752008662.7704735 1752008691.2830553
1752008691.283084 1752008724.0105293
1752008724.010556 1752008756.3700025
1752008756.3700342 1752008777.7349966
1752008777.735021 1752008811.9738064
1752008811.9738257 1752008841.616736
1752008841.6167603 1752008884.2931924
1752008884.2932143 1752008917.8367608
1752008917.8367856 1752008947.4746132
1752008947.4746416 1752008969.8909748
1752008969.890995 1752009000.5762408
1752009000.5762672 1752009028.8871968
1752009028.8872128 1752009061.3655353
1752009061.3655665 1752009087.3690763
1752009087.3690948 1752009121.999171
1752009121.999196 1752009148.7516372
1752009148.7516587 1752009178.1939287
1752009178.1939557 1752009211.047357
1752009211.0473876 1752009252.7285576
1752009252.7285855 1752009287.2781703
1752009287.278197 1752009314.270742
1752009314.270768 1752009340.1490827
1752009340.1491036 1752009365.1824508
1752009365.1824763 1752009395.3186445
1752009395.3186638 1752009427.0193458
1752009427.0193746 1752009448.6977935
1752009448.6978123 1752009473.1986861
1752009473.1987095 1752009506.8298118
1752009506.8298333 1752009539.065816
1752009539.0658395 1752009575.756515
1752009575.7565355 1752009595.8140593
1752009595.8140838 1752009634.0218043
1752009634.0218232 1752009658.5125592
1752009658.5125852 1752009688.4742665
1752009688.47429 1752009722.8677094
1752009722.8677409 1752009751.8042808
1752009751.8043053 1752009784.7152305
1752009784.7152529 1752009814.421053
1752009814.4210765 1752009849.9451554
1752009849.9451833 1752009882.7594266
1752009882.7594557 1752009915.2320435
1752009915.2320647 1752009938.105508
1752009938.1055336 1752009965.4835029
1752009965.4835272 1752009989.7426648
1752009989.7426867 1752010025.7913253
1752010025.7913656 1752010052.2050369
1752010052.205057 1752010082.5805788
1752010082.580606 1752010119.0707595
1752010119.0707862 1752010143.0166173
1752010143.0166378 1752010169.112619
1752010169.1126416 1752010211.1423771
1752010211.1423988 1752010242.0824852
1752010242.0825088 1752010273.6060982
1752010273.6061313 1752010288.4012165
1752010288.401238 1752010319.3032134
1752010319.3032355 1752010350.2338464
1752010350.2338738 1752010377.2197225
1752010377.2197428 1752010410.0671494
1752010410.0671782 1752010432.773472
1752010432.7734919 1752010464.505433
1752010464.505474 1752010493.8677363
1752010493.8677573 1752010528.43593
1752010528.435958 1752010556.9657295
1752010556.9657493 1752010586.111311
1752010586.1113374 1752010618.3615985
1752010618.3616261 1752010646.2584202
1752010646.258439 1752010672.547315
1752010672.5473425 1752010700.5646353
1752010700.564656 1752010726.2199402
1752010726.2199736 1752010749.270825
1752010749.2708597 1752010775.7589126
1752010775.7589383 1752010798.7911787
1752010798.791198 1752010825.8122299
1752010825.8122575 1752010855.2945833
1752010855.2946095 1752010887.3563368
1752010887.3563635 1752010920.7033513
1752010920.703378 1752010943.1033685
1752010943.1033907 1752010977.0072687
1752010977.0072935 1752011006.9018342
1752011006.9018586 1752011035.185101
1752011035.1851397 1752011071.3193874
1752011071.319406 1752011098.3952513
1752011098.3952842 1752011129.5072658
1752011129.5072904 1752011160.196012
1752011160.196036 1752011197.411388
1752011197.4114113 1752011227.1175668
1752011227.1175857 1752011248.572674
1752011248.5726986 1752011286.2111244
1752011286.2111547 1752011324.1276646
1752011324.1277065 1752011353.0903518
1752011353.0903766 1752011381.3888
1752011381.3888233 1752011407.964897
1752011407.9649212 1752011432.3594646
1752011432.359499 1752011456.759226
1752011456.7592733 1752011483.5153418
1752011483.5153637 1752011517.2246137
1752011517.2246501 1752011540.3870537
1752011540.3870952 1752011572.103328
1752011572.1033506 1752011602.641964
1752011602.6419864 1752011626.5197155
1752011626.519742 1752011664.6626644
1752011664.662685 1752011686.960176
1752011686.9601989 1752011721.2920156
1752011721.2920368 1752011742.787792
1752011742.7878168 1752011776.6218715
1752011776.6218965 1752011811.1136518
1752011811.1136794 1752011837.2361662
1752011837.2361941 1752011863.4776945
1752011863.477717 1752011897.3392105
1752011897.3392372 1752011929.2937493
1752011929.2937768 1752011959.7737978
1752011959.773818 1752011997.772533
1752011997.7725606 1752012025.1224084
1752012025.1224306 1752012049.1993606
1752012049.1993842 1752012083.0189967
1752012083.0190191 1752012112.5391362
1752012112.5391653 1752012140.7527516
1752012140.7527761 1752012171.5004888
1752012171.5005267 1752012196.1219525
1752012196.1219802 1752012222.6156726
1752012222.6157036 1752012249.4898434
1752012249.4898694 1752012274.4591296
1752012274.4591548 1752012298.2058904
1752012298.2059174 1752012322.180465
1752012322.1804872 1752012358.1821263
1752012358.182157 1752012389.0815458
1752012389.0815666 1752012421.4988158
1752012421.4988408 1752012452.349282
1752012452.349303 1752012490.9136393
1752012490.913668 1752012524.2367125
1752012524.2367508 1752012545.6898804
1752012545.689906 1752012573.4563098
1752012573.456337 1752012600.9914682
1752012600.9914954 1752012634.096548
1752012634.096577 1752012665.1465359
1752012665.1465564 1752012687.123736
1752012687.1237638 1752012713.3587632
1752012713.3587892 1752012740.442503
1752012740.442531 1752012769.4890444
1752012769.489072 1752012796.521552
1752012796.5215724 1752012826.88522
1752012826.885247 1752012862.408121
1752012862.4081504 1752012898.6924512
1752012898.692474 1752012920.1302958
1752012920.130323 1752012949.081123
1752012949.0811443 1752012980.8763192
1752012980.8763556 1752013012.3198006
1752013012.3198242 1752013038.6575427
1752013038.6575665 1752013071.1440334
1752013071.144055 1752013105.1880867
1752013105.1881154 1752013134.656196
1752013134.6562216 1752013166.6898842
1752013166.6899095 1752013204.2797692
1752013204.279801 1752013234.9013865
1752013234.9014118 1752013270.2206962
1752013270.2207217 1752013295.6215444
1752013295.6215699 1752013337.25152
1752013337.2515433 1752013373.8773518
1752013373.8773742 1752013405.5720263
1752013405.5720513 1752013445.4892738
1752013445.4892948 1752013476.2538958
1752013476.2539275 1752013503.3990974
1752013503.3991194 1752013524.7677557
1752013524.7677853 1752013559.578603
1752013559.5786216 1752013594.201941
1752013594.201967 1752013620.6796033
1752013620.6796288 1752013648.7295117
1752013648.7295408 1752013685.1748638
1752013685.1748903 1752013716.6987827
1752013716.6988175 1752013747.8775957
1752013747.8776205 1752013777.91027
1752013777.9102938 1752013809.5008538
1752013809.5008802 1752013836.7468028
1752013836.7468262 1752013871.1181884
1752013871.1182182 1752013907.1214828
1752013907.1215107 1752013939.5347803
1752013939.5348063 1752013965.4163873
1752013965.4164178 1752013993.7154105
1752013993.7154384 1752014020.6930244
1752014020.6930685 1752014054.852924
1752014054.8529537 1752014084.5096378
1752014084.509666 1752014118.607145
1752014118.607166 1752014147.3331528
1752014147.3331785 1752014175.5687897
1752014175.5688155 1752014209.2937877
1752014209.293812 1752014237.86812
1752014237.8681524 1752014275.180615
1752014275.18065 1752014299.6379743
1752014299.6379957 1752014335.1916928
1752014335.1917255 1752014361.3907058
1752014361.390733 1752014395.0150633
1752014395.0150917 1752014422.5977342
1752014422.597756 1752014454.9719
1752014454.9719365 1752014480.053966
1752014480.0539877 1752014517.1865315
1752014517.1865559 1752014543.0111845
1752014543.0112054 1752014578.1049938
1752014578.1050184 1752014612.28464
1752014612.2846718 1752014656.1708088
1752014656.1708283 1752014684.4269354
1752014684.426963 1752014712.29784
1752014712.2978618 1752014743.8576863
1752014743.857711 1752014782.669261
1752014782.6692822 1752014812.3619733
1752014812.3620005 1752014838.732105
1752014838.7321303 1752014861.2331812
1752014861.2332096 1752014893.7987292
1752014893.7987564 1752014911.103225
1752014911.1032484 1752014940.8869886
1752014940.88701 1752014970.2433085
1752014970.243331 1752014997.2396088
1752014997.239632 1752015024.39245
1752015024.392474 1752015054.8961315
1752015054.8961618 1752015087.2611356
1752015087.2611554 1752015119.0437496
1752015119.0437846 1752015152.3399894
1752015152.340016 1752015178.9190853
1752015178.9191084 1752015210.081802
1752015210.081824 1752015241.7942412
1752015241.794267 1752015260.5485716
1752015260.548606 1752015299.5849624
1752015299.5849862 1752015328.285406
1752015328.2854311 1752015361.4735076
1752015361.4735308 1752015391.087006
1752015391.087039 1752015418.287407
1752015418.2874262 1752015453.0583196
1752015453.0583458 1752015479.8419685
1752015479.8419914 1752015508.3675303
1752015508.3675542 1752015543.7239683
1752015543.7239938 1752015574.4059155
1752015574.4059412 1752015605.1905637
1752015605.1905878 1752015640.9495428
1752015640.9495718 1752015673.905864
1752015673.9058895 1752015694.7500906
1752015694.7501214 1752015725.683788
1752015725.683838 1752015750.0638003
1752015750.0638351 1752015790.603791
1752015790.603813 1752015818.532103
1752015818.532141 1752015845.4527957
1752015845.4528136 1752015876.8718538
1752015876.8718817 1752015901.5387108
1752015901.538731 1752015933.8945413
1752015933.8945708 1752015962.8298001
1752015962.8298216 1752015986.6804223
1752015986.680446 1752016013.7474916
