1751986009.7826324 1751986042.8350787
1751986042.8351038 1751986077.8589702
1751986077.858991 1751986100.7524738
1751986100.7525125 1751986133.9172065
1751986133.9172351 1751986168.9820533
1751986168.9820738 1751986202.4292784
1751986202.4293022 1751986224.4034257
1751986224.40345 1751986263.3151116
1751986263.3151348 1751986290.217723
1751986290.217751 1751986323.9133778
1751986323.9134018 1751986351.0414298
1751986351.0414577 1751986381.162033
1751986381.162059 1751986409.0069876
1751986409.0070095 1751986444.3698416
1751986444.369869 1751986470.2569728
1751986470.2569928 1751986494.2750084
1751986494.2750347 1751986525.338703
1751986525.338732 1751986546.4193692
1751986546.4193892 1751986574.6753223
1751986574.675349 1751986610.7030485
1751986610.7030716 1751986634.2201705
1751986634.2201946 1751986666.8058345
1751986666.8058546 1751986697.5599966
1751986697.5600224 1751986722.113319
1751986722.1133492 1751986754.366176
1751986754.3662014 1751986780.9813795
1751986780.9814029 1751986805.4162056
1751986805.416231 1751986836.8022144
1751986836.8022394 1751986866.1570528
1751986866.1570785 1751986894.715175
1751986894.7151961 1751986928.8526409
1751986928.8526635 1751986966.8375764
1751986966.8376124 1751986991.1021438
1751986991.102167 1751987022.2363415
1751987022.2363677 1751987065.7649012
1751987065.764927 1751987088.2161052
1751987088.2161272 1751987118.4564304
1751987118.4564757 1751987153.0440903
1751987153.0441134 1751987188.170696
1751987188.1707222 1751987218.6331484
1751987218.6331744 1751987240.4591494
1751987240.4591734 1751987287.3232994
1751987287.3233232 1751987318.1580236
1751987318.1580489 1751987352.9356642
1751987352.9356923 1751987385.2938576
1751987385.293889 1751987417.2997172
1751987417.29974 1751987445.5779371
1751987445.5779684 1751987484.9887981
1751987484.9888244 1751987518.7897995
1751987518.789827 1751987549.0077999
1751987549.0078359 1751987582.0364692
1751987582.036497 1751987612.6278768
1751987612.6279027 1751987644.0438378
1751987644.0438612 1751987683.3523247
1751987683.352351 1751987709.8788147
1751987709.8788426 1751987740.371715
1751987740.371746 1751987762.8151698
1751987762.8151944 1751987787.3060288
1751987787.3060522 1751987821.1423056
1751987821.142333 1751987852.4412723
1751987852.4412956 1751987878.2483704
1751987878.2483957 1751987901.404164
1751987901.404187 1751987929.0931644
1751987929.0931866 1751987954.903761
1751987954.9037817 1751987985.6709187
1751987985.6709452 1751988010.0256124
1751988010.0256488 1751988035.298451
1751988035.2984726 1751988069.8942587
1751988069.89428 1751988094.4824164
1751988094.4824393 1751988127.442007
1751988127.4420345 1751988160.8629146
1751988160.862937 1751988190.5241957
1751988190.524224 1751988208.7882519
1751988208.788271 1751988248.5552711
1751988248.5552993 1751988278.730036
1751988278.7300537 1751988312.530834
1751988312.530859 1751988341.3000755
1751988341.300115 1751988373.1779802
1751988373.1780088 1751988398.3036559
1751988398.3036811 1751988432.6302698
1751988432.6302943 1751988461.0834656
1751988461.0834901 1751988492.212189
1751988492.2122152 1751988513.5411994
1751988513.541226 1751988547.3947048
1751988547.3947256 1751988575.7518344
1751988575.7518628 1751988601.0025837
1751988601.002607 1751988633.7432837
1751988633.7433078 1751988660.747954
1751988660.7479792 1751988684.4377706
1751988684.4377954 1751988714.7861974
1751988714.7862217 1751988743.0058076
1751988743.005828 1751988765.3258202
1751988765.3258438 1751988801.6842837
1751988801.6843042 1751988824.3073368
1751988824.3073628 1751988850.5281358
1751988850.528162 1751988874.877084
1751988874.8771083 1751988909.9233088
1751988909.923333 1751988930.5853636
1751988930.5853927 1751988961.876149
1751988961.876181 1751989003.8589737
1751989003.8589983 1751989024.3126373
1751989024.3126566 1751989057.1547189
1751989057.1547499 1751989087.731176
1751989087.7311964 1751989116.8935323
1751989116.8935566 1751989148.6444464
1751989148.6444745 1751989173.9725819
1751989173.9726017 1751989215.5243564
1751989215.5243828 1751989250.0139802
1751989250.0139995 1751989280.8834631
1751989280.8834908 1751989312.489003
1751989312.4890263 1751989345.0463183
1751989345.0463488 1751989377.891585
1751989377.8916104 1751989406.5425777
1751989406.5426052 1751989433.6579792
1751989433.6580045 1751989470.8237164
1751989470.8237448 1751989501.093136
1751989501.093156 1751989534.9761448
1751989534.9761734 1751989565.315025
1751989565.3150654 1751989589.220026
1751989589.220051 1751989628.0384753
1751989628.0384955 1751989662.2748985
1751989662.2749221 1751989697.580423
1751989697.580446 1751989725.9270203
1751989725.9270566 1751989757.4240546
1751989757.424077 1751989781.1274087
1751989781.127432 1751989816.6826441
1751989816.6826708 1751989836.741765
1751989836.741788 1751989872.7320564
1751989872.7320812 1751989909.6199195
1751989909.6199462 1751989938.2762783
1751989938.2763054 1751989966.9107723
1751989966.9107935 1751989994.3201654
1751989994.3201888 1751990027.4849274
1751990027.484951 1751990057.6588333
1751990057.65886 1751990080.1916173
1751990080.1916368 1751990106.4637494
1751990106.463776 1751990136.5049596
1751990136.5049784 1751990173.5890315
1751990173.5890586 1751990197.0811667
1751990197.0811858 1751990240.2312422
1751990240.2312672 1751990271.0747347
1751990271.0747607 1751990289.9015353
1751990289.901556 1751990324.43916
1751990324.439187 1751990357.7287664
1751990357.72879 1751990374.549737
1751990374.5497634 1751990408.7102022
1751990408.7102287 1751990438.17216
1751990438.1721861 1751990466.9083443
1751990466.9083707 1751990503.2202225
1751990503.2202456 1751990530.3616507
1751990530.361674 1751990564.842724
1751990564.8427515 1751990587.867397
1751990587.86742 1751990614.5092895
1751990614.5093086 1751990644.4601145
1751990644.4601388 1751990678.842703
1751990678.8427246 1751990707.5097532
1751990707.5097797 1751990736.137536
1751990736.137556 1751990771.3028142
1751990771.3028584 1751990797.8826673
1751990797.8826945 1751990820.5792465
1751990820.5792744 1751990855.299403
1751990855.2994232 1751990877.8690233
1751990877.8690479 1751990910.5620692
1751990910.5620897 1751990945.1139407
1751990945.113966 1751990978.8329878
1751990978.8330245 1751991012.5678332
1751991012.5678551 1751991045.3564687
1751991045.3564956 1751991077.469189
1751991077.4692144 1751991096.2692945
1751991096.2693179 1751991127.611421
1751991127.61144 1751991158.3596113
1751991158.3596454 1751991189.5390146
1751991189.5390422 1751991217.9619734
1751991217.9619951 1751991249.415918
1751991249.415946 1751991284.6639273
1751991284.6639512 1751991313.8926878
1751991313.8927157 1751991343.8458498
1751991343.8458757 1751991376.2999015
1751991376.2999234 1751991404.3212466
1751991404.3212762 1751991435.7566636
1751991435.756684 1751991468.1181092
1751991468.1181338 1751991490.1509218
1751991490.1509423 1751991523.459478
1751991523.4595015 1751991550.84426
1751991550.8442836 1751991577.8089457
1751991577.8089752 1751991610.9466453
1751991610.9466684 1751991641.5548742
1751991641.5549133 1751991679.2800362
1751991679.2800574 1751991709.7807307
1751991709.7807617 1751991734.3659167
1751991734.3659372 1751991762.3910677
1751991762.3910937 1751991791.9895647
1751991791.9895823 1751991818.1141186
1751991818.1141434 1751991858.353087
1751991858.3531237 1751991887.232219
1751991887.232249 1751991920.799635
1751991920.7996602 1751991954.4351785
1751991954.4352062 1751991978.4638588
1751991978.463888 1751992004.32392
1751992004.3239458 1751992032.181604
1751992032.1816335 1751992074.3578272
1751992074.3578486 1751992095.2109754
1751992095.2110014 1751992126.212579
1751992126.2126036 1751992153.233873
1751992153.2338948 1751992188.2448533
1751992188.2448797 1751992224.2390547
1751992224.2390816 1751992253.071068
1751992253.0710876 1751992298.4425175
1751992298.4425445 1751992328.0999663
1751992328.099992 1751992361.122315
1751992361.1223428 1751992398.177179
1751992398.177204 1751992430.7515543
1751992430.7516057 1751992465.8951302
1751992465.8951766 1751992493.7700853
1751992493.7701168 1751992520.8071227
1751992520.8071547 1751992551.6067111
1751992551.6067321 1751992578.8062243
1751992578.8062513 1751992616.4866905
1751992616.4867134 1751992636.9399915
1751992636.9400246 1751992674.6512885
1751992674.651314 1751992697.101994
1751992697.102017 1751992731.5283976
1751992731.5284293 1751992769.8769147
1751992769.8769348 1751992805.4245844
1751992805.4246118 1751992837.880309
1751992837.880336 1751992869.7938213
1751992869.7938483 1751992894.3697958
1751992894.3698156 1751992925.0408356
1751992925.0408633 1751992959.3590972
1751992959.3591206 1751992990.611638
1751992990.6116738 1751993018.9453926
1751993018.9454136 1751993047.9143662
1751993047.9143875 1751993084.064877
1751993084.064904 1751993112.074892
1751993112.0749135 1751993138.278736
1751993138.2787735 1751993169.6719596
1751993169.6719892 1751993196.8142667
1751993196.814288 1751993225.7967913
1751993225.796818 1751993260.8262775
1751993260.8262985 1751993287.0856397
1751993287.0856702 1751993318.2833588
1751993318.2833817 1751993343.1433537
1751993343.1433778 1751993371.104864
1751993371.10489 1751993405.0875394
1751993405.0875611 1751993431.9311578
1751993431.9311829 1751993451.3949702
1751993451.394991 1751993483.439382
1751993483.4394064 1751993514.0405755
1751993514.0405982 1751993548.7203815
1751993548.7204022 1751993581.2155087
1751993581.2155318 1751993605.1314206
1751993605.1314428 1751993634.3988101
1751993634.3988345 1751993661.9788754
1751993661.9788964 1751993692.810922
1751993692.8109486 1751993728.8746598
1751993728.8746822 1751993747.4258058
1751993747.4258275 1751993769.8920994
1751993769.892123 1751993800.9850504
1751993800.9850733 1751993831.666182
1751993831.666207 1751993861.9516714
1751993861.951698 1751993892.3135843
1751993892.313609 1751993921.5271726
1751993921.5272 1751993942.9631617
1751993942.9631867 1751993975.013521
1751993975.01354 1751994009.11458
1751994009.1146054 1751994027.064239
1751994027.0642607 1751994063.2210677
1751994063.221093 1751994103.2135038
1751994103.2135293 1751994129.8838806
1751994129.8839 1751994151.8587327
1751994151.8587584 1751994183.0730324
1751994183.0730522 1751994215.2336895
1751994215.2337205 1751994242.941504
1751994242.9415274 1751994281.9318557
1751994281.931877 1751994309.911227
1751994309.9112525 1751994344.0086207
1751994344.00865 1751994362.2539835
1751994362.25401 1751994394.0299797
1751994394.0300038 1751994423.8813026
1751994423.881324 1751994449.9609382
1751994449.960958 1751994491.1491728
1751994491.1491997 1751994521.8380587
1751994521.838085 1751994541.292602
1751994541.2926252 1751994579.1862502
1751994579.1862805 1751994603.6487505
1751994603.6487763 1751994643.7251978
1751994643.7252202 1751994666.905357
1751994666.9053836 1751994687.8240712
1751994687.824091 1751994722.084267
1751994722.0842943 1751994752.627635
1751994752.6276603 1751994777.3179975
1751994777.3180273 1751994815.4864957
1751994815.4865224 1751994839.5342844
1751994839.5343065 1751994869.0207603
1751994869.0208077 1751994894.9126146
1751994894.9126403 1751994921.2073705
1751994921.2073917 1751994949.8563156
1751994949.8563423 1751994974.1212876
1751994974.121312 1751994997.4730341
1751994997.4730628 1751995021.6062584
1751995021.6062777 1751995052.340447
1751995052.3404827 1751995091.3007383
1751995091.3007655 1751995124.4974134
1751995124.497436 1751995154.264382
1751995154.2644093 1751995185.0551958
1751995185.0552232 1751995223.11605
1751995223.1160784 1751995246.668842
1751995246.6688647 1751995280.5687046
1751995280.5687332 1751995312.7093887
1751995312.7094097 1751995345.729912
1751995345.7299383 1751995375.4685302
1751995375.4685588 1751995401.3189914
1751995401.3190155 1751995439.0092795
1751995439.0093026 1751995471.5303798
1751995471.5304024 1751995503.4098442
1751995503.4098675 1751995523.6721063
1751995523.6721296 1751995558.049274
1751995558.0493066 1751995595.0101821
1751995595.0102057 1751995628.6673954
1751995628.6674242 1751995654.9034646
1751995654.9034944 1751995690.1161335
1751995690.1161563 1751995719.670683
1751995719.6707149 1751995748.2665815
1751995748.2666001 1751995787.3790925
1751995787.3791199 1751995818.6275375
1751995818.6275566 1751995845.0871654
1751995845.0871923 1751995879.6628623
1751995879.6628842 1751995914.2791808
1751995914.2792149 1751995946.915884
1751995946.9159093 1751995973.7512493
1751995973.7512703 1751996000.3379743
1751996000.3380036 1751996022.242684
1751996022.242706 1751996063.9328623
1751996063.9328833 1751996094.186428
1751996094.1864545 1751996130.457824
1751996130.4578485 1751996167.9807181
1751996167.9807396 1751996193.2028434
1751996193.2028716 1751996229.0217586
1751996229.021777 1751996263.1828303
1751996263.1828585 1751996289.9754546
1751996289.975479 1751996317.6611087
1751996317.6611543 1751996346.047001
1751996346.0470212 1751996387.1523123
1751996387.1523397 1751996413.4204297
1751996413.4204562 1751996446.8942711
1751996446.8942997 1751996475.7300808
1751996475.7300997 1751996511.249543
1751996511.2495708 1751996533.655748
1751996533.655787 1751996571.219777
1751996571.2198052 1751996597.1169286
1751996597.1169472 1751996631.3368874
1751996631.336915 1751996668.0153449
1751996668.0153656 1751996705.467768
1751996705.4677877 1751996732.3689513
1751996732.3689783 1751996759.2119853
1751996759.212011 1751996783.4330318
1751996783.4330516 1751996816.846796
1751996816.846817 1751996844.993354
1751996844.9933808 1751996872.6834855
1751996872.683513 1751996895.3832116
1751996895.383234 1751996921.9091783
1751996921.9092038 1751996957.3042417
1751996957.3042622 1751996981.3513384
1751996981.351364 1751997011.767495
1751997011.7675185 1751997040.7352304
1751997040.7352588 1751997076.366074
1751997076.3661034 1751997109.6760426
1751997109.6760645 1751997139.7127168
1751997139.7127557 1751997170.4463303
1751997170.4463513 1751997199.7180402
1751997199.7180657 1751997229.4646504
1751997229.464671 1751997253.3523068
1751997253.3523352 1751997290.0049534
1751997290.0049722 1751997307.4042082
1751997307.4042342 1751997332.7329628
1751997332.732982 1751997364.9877677
1751997364.9877977 1751997392.4680693
1751997392.4680963 1751997419.7597294
1751997419.7597513 1751997447.5981054
1751997447.5981307 1751997494.1408489
1751997494.1408718 1751997511.8610935
1751997511.8611178 1751997545.1376297
1751997545.1376488 1751997580.4806385
1751997580.4806693 1751997607.5807726
1751997607.5807953 1751997637.274294
1751997637.2743206 1751997665.5781
1751997665.5781217 1751997693.6570892
1751997693.6571279 1751997722.7761874
1751997722.7762153 1751997747.739201
1751997747.7392304 1751997779.6314738
1751997779.631492 1751997804.5406332
1751997804.5406604 1751997835.9188888
1751997835.9189086 1751997869.2156723
1751997869.2156982 1751997890.2703373
1751997890.2703578 1751997913.2674587
1751997913.2674813 1751997940.5781896
1751997940.5782137 1751997961.8820167
1751997961.8820446 1751997989.8525763
1751997989.8525977 1751998018.8627026
1751998018.862732 1751998046.9358475
1751998046.9358692 1751998079.2073457
1751998079.2073731 1751998110.421063
1751998110.4210832 1751998144.7088964
1751998144.7089248 1751998165.8325691
1751998165.8325896 1751998195.6505685
1751998195.6505964 1751998224.4170861
1751998224.4171069 1751998255.5708232
1751998255.570851 1751998297.9371529
1751998297.9371746 1751998326.8574317
1751998326.8574564 1751998358.2960002
1751998358.2960217 1751998381.3999941
1751998381.4000218 1751998411.7062886
1751998411.7063205 1751998446.8250735
1751998446.8250968 1751998467.9070444
1751998467.9070663 1751998497.9561303
1751998497.956153 1751998526.169011
1751998526.1690412 1751998553.5031302
1751998553.503152 1751998583.1111434
1751998583.1111746 1751998614.838418
1751998614.8384392 1751998641.546865
1751998641.546892 1751998669.85169
1751998669.8517284 1751998698.9124944
1751998698.9125173 1751998722.5378656
1751998722.5378866 1751998755.3511693
1751998755.351196 1751998785.7547805
1751998785.754799 1751998813.7748954
1751998813.77492 1751998845.6810384
1751998845.6810598 1751998872.804177
1751998872.8041992 1751998903.9418695
1751998903.941904 1751998932.2555141
1751998932.2555358 1751998963.0233119
1751998963.0233383 1751998989.107959
1751998989.1079798 1751999023.7676928
1751999023.7677207 1751999051.953997
1751999051.9540172 1751999090.7709422
1751999090.7709665 1751999117.381434
1751999117.3814526 1751999142.018727
1751999142.018753 1751999173.1232588
1751999173.1232798 1751999201.6238918
1751999201.6239219 1751999236.8820086
1751999236.8820329 1751999256.4623783
1751999256.4624093 1751999283.298783
1751999283.2988076 1751999308.4225068
1751999308.4225287 1751999340.6923301
1751999340.6923575 1751999372.0698833
1751999372.0699027 1751999414.9045906
1751999414.9046195 1751999438.8447354
1751999438.8447618 1751999475.6069484
1751999475.6069808 1751999510.143334
1751999510.1433575 1751999535.6865184
1751999535.686549 1751999567.7519758
1751999567.7520053 1751999593.8766415
1751999593.8766723 1751999630.0012681
1751999630.0012891 1751999660.596579
1751999660.5966065 1751999694.6394172
1751999694.639444 1751999716.90609
1751999716.9061291 1751999747.145421
1751999747.1454463 1751999775.069116
1751999775.069139 1751999794.005359
1751999794.0053778 1751999824.1598465
1751999824.1598701 1751999853.1725838
1751999853.172613 1751999881.0821226
1751999881.082151 1751999909.8935678
1751999909.893594 1751999926.568681
1751999926.5687017 1751999966.1133354
1751999966.1133552 1752000003.0170631
1752000003.017091 1752000026.9752162
1752000026.9752488 1752000058.8848212
1752000058.8848524 1752000089.5222933
1752000089.5223124 1752000117.9641213
1752000117.964149 1752000139.4645317
1752000139.4645538 1752000178.1248207
1752000178.1248474 1752000205.4538949
1752000205.4539173 1752000241.9633338
1752000241.9633605 1752000257.376887
1752000257.3769078 1752000292.9669952
1752000292.9670146 1752000321.0779955
1752000321.078022 1752000341.4489336
1752000341.4489527 1752000367.3512218
1752000367.3512495 1752000394.2336712
1752000394.2336907 1752000418.3724904
1752000418.3725235 1752000451.9494262
1752000451.9494507 1752000482.8229282
1752000482.8229542 1752000514.4394596
1752000514.4394803 1752000541.2474465
1752000541.2474713 1752000571.6066968
1752000571.6067173 1752000596.0999334
1752000596.0999606 1752000624.5287828
1752000624.5288033 1752000659.4812245
1752000659.4812505 1752000694.5419526
1752000694.541972 1752000723.085028
1752000723.08505 1752000760.2821875
1752000760.2822132 1752000794.300297
1752000794.3003197 1752000819.988823
1752000819.9888573 1752000840.3125517
1752000840.3125782 1752000869.0744467
1752000869.0744686 1752000896.3441992
1752000896.344222 1752000926.118373
1752000926.1184137 1752000949.1681402
1752000949.1681633 1752000975.0051117
1752000975.0051413 1752001005.5193832
1752001005.5194156 1752001046.9742985
1752001046.9743233 1752001067.1754963
1752001067.1755235 1752001097.1246269
1752001097.1246505 1752001119.4460561
1752001119.4460754 1752001157.1712735
1752001157.1712997 1752001184.9508266
1752001184.9508483 1752001223.3051813
1752001223.3052056 1752001251.6027167
1752001251.6027384 1752001273.8946183
1752001273.8946433 1752001300.67733
1752001300.6773517 1752001327.9540145
1752001327.954039 1752001354.598556
1752001354.5985773 1752001384.5461655
1752001384.5461955 1752001413.5839899
1752001413.584011 1752001437.2114227
1752001437.2114465 1752001471.2166047
1752001471.2166266 1752001497.284663
1752001497.2846954 1752001520.9937713
1752001520.9937963 1752001549.4414
1752001549.4414215 1752001584.0679355
1752001584.067958 1752001615.8009386
1752001615.8009622 1752001640.2316024
1752001640.2316253 1752001673.1848736
1752001673.1849003 1752001693.6941664
1752001693.694186 1752001728.4407334
1752001728.440761 1752001752.095275
1752001752.0952938 1752001785.0837982
1752001785.0838242 1752001818.120771
1752001818.1207933 1752001849.68801
1752001849.6880357 1752001879.8429298
1752001879.8429496 1752001907.4252243
1752001907.4252515 1752001937.1781151
1752001937.1781359 1752001978.119027
1752001978.119053 1752002010.9335666
1752002010.9335854 1752002041.242721
1752002041.2427459 1752002065.7585201
1752002065.7585478 1752002084.1008136
1752002084.1008317 1752002130.9257035
1752002130.9257276 1752002151.5311034
1752002151.5311298 1752002182.3551657
1752002182.3551905 1752002208.6398282
1752002208.6398532 1752002244.2836344
1752002244.2836607 1752002266.6499238
1752002266.649948 1752002294.026484
1752002294.0265057 1752002324.7208967
1752002324.7209198 1752002360.7413733
1752002360.7414012 1752002387.34458
1752002387.3445997 1752002428.4503455
1752002428.45037 1752002453.528179
1752002453.5282044 1752002486.4894552
1752002486.4894822 1752002517.9672563
1752002517.967276 1752002556.0178082
1752002556.0178356 1752002582.027477
1752002582.0274975 1752002611.2998428
1752002611.2998703 1752002655.7348826
1752002655.734905 1752002685.0345464
1752002685.0345702 1752002721.901246
1752002721.901266 1752002751.8489404
1752002751.8489642 1752002784.4942877
1752002784.4943073 1752002817.6354744
1752002817.635502 1752002846.3371496
1752002846.3371706 1752002881.099602
1752002881.0996273 1752002903.6140869
1752002903.6141133 1752002937.713033
1752002937.7130566 1752002971.576999
1752002971.5770195 1752002998.9004602
1752002998.900487 1752003031.3703077
1752003031.3703313 1752003064.768884
1752003064.7689102 1752003105.4250286
1752003105.4250476 1752003132.6530898
1752003132.6531165 1752003164.0370512
1752003164.0370708 1752003195.051279
1752003195.051304 1752003226.8374312
1752003226.8374515 1752003258.4883964
1752003258.4884236 1752003288.8027744
1752003288.802796 1752003319.6232264
1752003319.6232622 1752003350.3387146
1752003350.3387344 1752003381.8075817
1752003381.8076248 1752003409.9428368
1752003409.9428651 1752003438.2521386
1752003438.2521615 1752003466.424031
1752003466.4240544 1752003496.0734959
1752003496.073521 1752003521.6838439
1752003521.6838627 1752003559.1858702
1752003559.185897 1752003587.6242857
1752003587.6243107 1752003615.3508103
1752003615.3508372 1752003651.4360363
1752003651.4360638 1752003681.650019
1752003681.6500435 1752003710.367989
1752003710.3680122 1752003739.8706212
1752003739.8706503 1752003769.9276187
1752003769.927641 1752003798.1806998
1752003798.1807277 1752003824.9951582
1752003824.9951801 1752003856.2290194
1752003856.2290437 1752003887.4493961
1752003887.449419 1752003909.1130528
1752003909.1130784 1752003941.771572
1752003941.771609 1752003970.8984573
1752003970.8984835 1752004002.053099
1752004002.0531216 1752004031.2738729
1752004031.2739 1752004059.025133
1752004059.0251572 1752004086.1116238
1752004086.111652 1752004120.537232
1752004120.537253 1752004148.7974188
1752004148.7974412 1752004179.286695
1752004179.2867177 1752004204.5333424
1752004204.5333655 1752004239.8260694
1752004239.8260891 1752004276.3137288
1752004276.313754 1752004303.9447637
1752004303.944785 1752004337.7923546
1752004337.7923825 1752004378.6597576
1752004378.6597826 1752004404.2307425
1752004404.2307692 1752004436.1379242
1752004436.1379454 1752004464.3817074
1752004464.3817353 1752004490.8628547
1752004490.8628738 1752004510.7775912
1752004510.7776256 1752004550.9407022
1752004550.9407225 1752004574.1494932
1752004574.1495178 1752004608.031169
1752004608.0311894 1752004647.8071384
1752004647.807166 1752004670.13484
1752004670.1348593 1752004712.8057063
1752004712.8057306 1752004735.112353
1752004735.1123717 1752004761.0511327
1752004761.0511527 1752004796.2764072
1752004796.2764401 1752004820.9499257
1752004820.9499488 1752004847.338728
1752004847.3387558 1752004880.276861
1752004880.2768805 1752004910.2601714
1752004910.2602012 1752004942.6082234
1752004942.6082442 1752004973.0483632
1752004973.0483909 1752005005.925762
1752005005.925782 1752005025.3580675
1752005025.3581016 1752005065.370003
1752005065.3700259 1752005094.1346185
1752005094.134647 1752005125.4165087
1752005125.4165304 1752005151.1163983
1752005151.1164277 1752005178.3970637
1752005178.397084 1752005210.0431814
1752005210.0432076 1752005238.149592
1752005238.1496155 1752005260.9124908
1752005260.9125123 1752005299.558607
1752005299.558629 1752005333.4913442
1752005333.4913812 1752005360.6031885
1752005360.6032152 1752005388.7320676
1752005388.732086 1752005433.4410274
1752005433.441053 1752005464.5653942
1752005464.5654154 1752005495.6416957
1752005495.641729 1752005522.854872
1752005522.854891 1752005550.2778053
1752005550.2778301 1752005583.3955305
1752005583.3955522 1752005619.4305367
1752005619.4305568 1752005653.1714206
1752005653.1714423 1752005685.879989
1752005685.8800163 1752005708.959571
1752005708.9596012 1752005740.8419502
1752005740.8419747 1752005767.12377
1752005767.1237903 1752005799.3761814
1752005799.376203 1752005829.6790273
1752005829.6790528 1752005860.141021
1752005860.1410432 1752005895.5785916
1752005895.5786266 1752005925.840053
1752005925.8400717 1752005951.7253559
1752005951.7253876 1752005983.8385882
1752005983.83861 1752006007.9081395
1752006007.9081666 1752006048.0497396
1752006048.0497596 1752006071.0444539
1752006071.044486 1752006101.4320471
1752006101.4320724 1752006135.673419
1752006135.6734476 1752006159.3072507
1752006159.3072731 1752006191.9982293
1752006191.998257 1752006212.9688792
1752006212.9689047 1752006245.3236587
1752006245.3236852 1752006266.2631948
1752006266.263221 1752006299.3160028
1752006299.316034 1752006330.9884043
1752006330.9884264 1752006362.3317518
1752006362.3317814 1752006398.9182699
1752006398.9182975 1752006422.3174195
1752006422.3174415 1752006452.6830373
1752006452.6830642 1752006482.1462886
1752006482.1463196 1752006516.234926
1752006516.234948 1752006539.4468412
1752006539.446875 1752006570.307086
1752006570.3071113 1752006606.5712879
1752006606.5713208 1752006633.6883056
1752006633.6883407 1752006663.9682455
1752006663.968276 1752006689.2334816
1752006689.2335181 1752006710.7496183
1752006710.7496476 1752006757.924088
1752006757.9241102 1752006780.6378171
1752006780.6378517 1752006811.0062733
1752006811.006302 1752006832.709192
1752006832.7092116 1752006864.5925562
1752006864.592584 1752006889.0105655
1752006889.0105882 1752006918.0600915
1752006918.0601122 1752006952.201771
1752006952.201797 1752006991.9958665
1752006991.9958975 1752007023.7951808
1752007023.7952106 1752007050.5086792
1752007050.5087123 1752007081.366027
1752007081.3660493 1752007110.5205877
1752007110.520624 1752007134.1748164
1752007134.1748366 1752007165.1472926
1752007165.1473207 1752007194.3970125
1752007194.397048 1752007225.0449064
1752007225.0449355 1752007257.5071213
1752007257.5071414 1752007272.898921
1752007272.8989475 1752007306.6783552
1752007306.678376 1752007332.3276842
1752007332.3277204 1752007352.5394678
1752007352.53949 1752007386.1271982
1752007386.1272311 1752007415.5136023
1752007415.5136237 1752007446.9069896
1752007446.9070253 1752007474.377183
1752007474.3772035 1752007502.0867364
1752007502.0867658 1752007541.4225042
1752007541.4225283 1752007574.6758547
1752007574.675883 1752007606.1392853
1752007606.13931 1752007632.2543023
1752007632.2543235 1752007666.1132946
1752007666.1133149 1752007692.8122456
1752007692.8122723 1752007729.9477487
1752007729.9477744 1752007760.0700343
1752007760.0700605 1752007789.2821457
1752007789.2821662 1752007813.6383548
1752007813.638381 1752007848.9999905
1752007849.0000248 1752007875.3070111
1752007875.3070369 1752007909.2780395
1752007909.278063 1752007940.4724643
1752007940.4724917 1752007972.6577878
1752007972.657808 1752008012.7822635
1752008012.7823005 1752008038.4221318
1752008038.4221537 1752008077.0869875
1752008077.0870135 1752008106.394906
1752008106.3949249 1752008137.2807584
1752008137.2807887 1752008158.4142685
1752008158.4142869 1752008189.7463303
1752008189.7463546 1752008218.9164865
1752008218.9165092 1752008258.7191565
1752008258.7191956 1752008287.1658273
1752008287.1658504 1752008325.9841745
1752008325.9842033 1752008360.1842055
1752008360.1842296 1752008388.634416
1752008388.6344428 1752008413.7452884
1752008413.7453146 1752008446.8214664
1752008446.821492 1752008470.510414
1752008470.5104403 1752008496.9529638
1752008496.9529984 1752008530.8055334
1752008530.8055594 1752008546.3796713
1752008546.3796918 1752008572.775862
1752008572.7758827 1752008605.6168566
1752008605.616883 1752008637.0476718
1752008637.0477002 1752008664.4175158
1752008664.4175422 1752008695.5206625
1752008695.5206926 1752008716.469934
1752008716.4699535 1752008749.5692163
1752008749.5692415 1752008786.569382
1752008786.5693998 1752008817.9019418
1752008817.9019685 1752008844.4217858
1752008844.4218059 1752008880.2796695
1752008880.2796903 1752008915.9110248
1752008915.9110534 1752008951.0193539
1752008951.0193768 1752008974.5266938
1752008974.5267236 1752009004.0577934
1752009004.0578203 1752009034.1564589
1752009034.1564858 1752009068.2026746
1752009068.2026958 1752009093.2260191
1752009093.2260447 1752009121.475844
1752009121.4758654 1752009153.4370956
1752009153.4371407 1752009185.8295455
1752009185.8295634 1752009212.6471114
1752009212.647137 1752009252.1859455
1752009252.1859674 1752009279.6492963
1752009279.6493208 1752009313.4532485
1752009313.453272 1752009343.784519
1752009343.7845488 1752009369.0634305
1752009369.063451 1752009395.5328496
1752009395.532875 1752009427.5113423
1752009427.5113688 1752009452.7356217
1752009452.7356472 1752009480.7169266
1752009480.7169502 1752009507.188064
1752009507.1880944 1752009536.398992
1752009536.3990145 1752009568.8170419
1752009568.8170667 1752009602.3076882
1752009602.307712 1752009635.7452826
1752009635.7453094 1752009665.5263133
1752009665.526336 1752009691.097213
1752009691.0972435 1752009723.730806
1752009723.7308257 1752009757.1069403
1752009757.106969 1752009790.6407182
1752009790.6407475 1752009810.5176787
1752009810.5176992 1752009852.057813
1752009852.05785 1752009885.8533752
1752009885.8533962 1752009909.0191255
1752009909.0191565 1752009939.6448696
1752009939.6449037 1752009968.5380893
1752009968.538113 1752009997.7490618
1752009997.749083 1752010021.030495
1752010021.0305214 1752010056.7661898
1752010056.766214 1752010080.0026329
1752010080.002657 1752010118.5142014
1752010118.514222 1752010152.1866295
1752010152.1866534 1752010175.4969108
1752010175.4969354 1752010213.6485522
1752010213.6485808 1752010240.2288814
1752010240.2289016 1752010269.222318
1752010269.2223444 1752010295.9742675
1752010295.974288 1752010319.4165354
1752010319.4165552 1752010353.0575497
1752010353.0575757 1752010379.9602222
1752010379.9602435 1752010408.1623216
1752010408.1623483 1752010437.927779
1752010437.9278007 1752010466.5939603
1752010466.5939858 1752010500.490896
1752010500.490922 1752010523.7696044
1752010523.7696278 1752010563.2939901
1752010563.2940137 1752010591.1397705
1752010591.1397974 1752010615.7537248
1752010615.7537491 1752010648.0794315
1752010648.07946 1752010676.9203506
1752010676.920372 1752010699.459798
1752010699.4598224 1752010723.3222172
1752010723.3222415 1752010752.3264158
1752010752.3264356 1752010778.7824154
1752010778.782446 1752010806.938184
1752010806.9382033 1752010830.671777
1752010830.671806 1752010857.7092721
1752010857.7092972 1752010887.2958245
1752010887.2958548 1752010918.4641118
1752010918.4641352 1752010941.49656
1752010941.4965847 1752010977.6826208
1752010977.6826463 1752011007.7931194
1752011007.7931392 1752011037.2146115
1752011037.2146435 1752011072.9060063
1752011072.9060314 1752011090.2360427
1752011090.236067 1752011128.2830803
1752011128.2831054 1752011161.355296
1752011161.3553252 1752011191.853738
1752011191.8537648 1752011227.2142816
1752011227.214305 1752011260.962945
1752011260.9629776 1752011287.1027703
1752011287.102793 1752011328.3093235
1752011328.3093522 1752011346.5718436
1752011346.5718665 1752011380.166426
1752011380.166453 1752011411.2448926
1752011411.2449145 1752011437.456209
1752011437.4562385 1752011458.7692819
1752011458.7693071 1752011494.9011586
1752011494.9011855 1752011513.909331
1752011513.9093518 1752011541.1131475
1752011541.113177 1752011574.1351748
1752011574.1351972 1752011605.2333107
1752011605.2333446 1752011629.370445
1752011629.370468 1752011665.265241
1752011665.2652676 1752011691.3636413
1752011691.3636634 1752011715.5187624
1752011715.5187871 1752011751.4552102
1752011751.4552333 1752011770.062308
1752011770.0623314 1752011804.2849941
1752011804.2850358 1752011835.8798265
1752011835.879856 1752011859.2265928
1752011859.2266147 1752011897.987263
1752011897.9872897 1752011932.0940576
1752011932.0940914 1752011963.215547
1752011963.2155764 1752011994.5977416
1752011994.5977697 1752012014.1501205
1752012014.1501398 1752012043.0663788
1752012043.0664022 1752012071.0527706
1752012071.0527916 1752012115.5716996
1752012115.5717268 1752012139.7352273
1752012139.7352488 1752012170.2876823
1752012170.2877092 1752012196.441931
1752012196.4419696 1752012222.9876149
1752012222.9876473 1752012251.6588295
1752012251.6588533 1752012276.7817998
1752012276.7818224 1752012300.017217
1752012300.017243 1752012326.6918015
1752012326.6918237 1752012355.9466481
1752012355.9466743 1752012388.3354516
1752012388.3354752 1752012426.6231992
1752012426.6232212 1752012456.1974413
1752012456.1974678 1752012483.2697556
1752012483.2697744 1752012520.3898025
1752012520.3898327 1752012544.459578
1752012544.4596183 1752012575.7705328
1752012575.7705588 1752012604.8538973
1752012604.8539207 1752012634.9189205
1752012634.9189444 1752012663.242276
1752012663.242301 1752012689.4047866
1752012689.4048152 1752012714.9917536
1752012714.9917808 1752012746.8351798
1752012746.8352072 1752012772.6113172
1752012772.611338 1752012800.7488413
1752012800.7488656 1752012830.0120149
1752012830.0120394 1752012864.574356
1752012864.5743873 1752012889.5246508
1752012889.52467 1752012925.014865
1752012925.0149012 1752012956.8135498
1752012956.813568 1752012977.6590207
1752012977.659046 1752013010.7581158
1752013010.7581365 1752013038.9759712
1752013038.976005 1752013071.8473241
1752013071.8473437 1752013103.3677819
1752013103.3678088 1752013132.9768484
1752013132.9768665 1752013162.165871
1752013162.1658916 1752013204.6978822
1752013204.6979036 1752013239.2509212
1752013239.2509434 1752013268.4396644
1752013268.4396887 1752013305.7918375
1752013305.7918582 1752013339.7064128
1752013339.70644 1752013367.5030866
1752013367.503107 1752013410.945651
1752013410.9456773 1752013446.9817164
1752013446.9817443 1752013476.2326043
1752013476.232639 1752013502.53732
1752013502.5373402 1752013527.9405935
1752013527.9406166 1752013567.4739256
1752013567.47395 1752013590.4497974
1752013590.4498172 1752013629.0070531
1752013629.0070798 1752013654.0626569
1752013654.0626926 1752013688.8494017
1752013688.8494205 1752013720.5548916
1752013720.5549154 1752013752.5231543
1752013752.5231786 1752013781.750687
1752013781.7507114 1752013810.7418845
1752013810.7419171 1752013838.456146
1752013838.4561656 1752013868.5432186
1752013868.5432425 1752013902.8546488
1752013902.8546708 1752013942.6155477
1752013942.6155922 1752013962.6077878
1752013962.6078124 1752013990.6167574
1752013990.6167824 1752014025.1375709
1752014025.137593 1752014054.6674097
1752014054.6674361 1752014080.7969484
1752014080.796968 1752014116.9326491
1752014116.9326806 1752014151.0962708
1752014151.0962937 1752014174.773337
1752014174.773362 1752014216.1973436
1752014216.1973712 1752014247.2914844
1752014247.2915058 1752014269.7669265
1752014269.7669575 1752014305.6892009
1752014305.6892219 1752014332.4415083
1752014332.4415326 1752014355.83387
1752014355.8338957 1752014386.8348227
1752014386.8348434 1752014424.545584
1752014424.545615 1752014458.232888
1752014458.2329202 1752014486.5722947
1752014486.5723176 1752014517.5750144
1752014517.5750418 1752014549.789426
1752014549.789448 1752014582.4545271
1752014582.4545567 1752014615.984923
1752014615.9849463 1752014654.4411757
1752014654.4412036 1752014685.3137388
1752014685.313762 1752014720.5303667
1752014720.5303926 1752014750.7900076
1752014750.7900288 1752014782.7852466
1752014782.785274 1752014817.6123528
1752014817.6123736 1752014843.6547277
1752014843.6547534 1752014865.6115243
1752014865.6115458 1752014890.3174016
1752014890.317438 1752014928.6993387
1752014928.6993625 1752014949.121849
1752014949.1218743 1752014977.5838363
1752014977.5838718 1752015007.0146048
1752015007.0146263 1752015029.5341637
1752015029.5341914 1752015058.7213202
1752015058.7213435 1752015091.1883287
1752015091.1883545 1752015119.3501592
1752015119.350187 1752015151.0000396
1752015151.0000691 1752015183.7030222
1752015183.7030547 1752015214.4682286
1752015214.468254 1752015231.3357902
1752015231.3358145 1752015268.6646516
1752015268.664673 1752015297.2739356
1752015297.27396 1752015326.4026701
1752015326.4026942 1752015362.874394
1752015362.874426 1752015392.9196079
1752015392.9196346 1752015424.8665428
1752015424.8665879 1752015453.7086291
1752015453.708651 1752015486.8932846
1752015486.8933108 1752015505.115462
1752015505.115492 1752015541.9077148
1752015541.9077399 1752015579.3908584
1752015579.3908806 1752015609.5192814
1752015609.5193088 1752015644.3105037
1752015644.3105235 1752015672.6480517
1752015672.648079 1752015700.2773702
1752015700.2773933 1752015728.9062707
1752015728.906293 1752015756.290778
1752015756.2908037 1752015791.896022
1752015791.8960428 1752015814.2339447
1752015814.2339709 1752015845.147034
1752015845.1470559 1752015878.9107394
1752015878.9107745 1752015905.269605
1752015905.2696261 1752015935.3647692
1752015935.3648021 1752015965.359052
1752015965.3590856 1752015993.3183434
1752015993.3183663 1752016016.6637857
