1757046153.5112154 1757046171.522305
1757046181.5316687 1757046207.8374324
1757046211.8396091 1757046237.3169155
1757046241.3210351 1757046260.8701806
1757046265.8716114 1757046299.1121294
1757046301.1142516 1757046329.3367248
1757046336.3405876 1757046358.9158552
1757046365.9202616 1757046388.4462407
1757046392.450372 1757046416.9408238
1757046423.9476697 1757046447.7367492
1757046452.7418883 1757046480.105129
1757046488.1116676 1757046509.070911
1757046518.0796802 1757046542.2294118
1757046544.231542 1757046574.8262925
1757046576.8276124 1757046605.8718991
1757046610.875836 1757046636.5146034
1757046640.51872 1757046659.179086
1757046661.179694 1757046680.8381925
1757046690.8482776 1757046716.6723235
1757046719.672615 1757046742.036903
1757046750.0450313 1757046777.5657864
1757046777.5658154 1757046805.125405
1757046815.1355398 1757046839.7275052
1757046848.7357335 1757046866.811704
1757046868.813775 1757046898.7296178
1757046899.7307515 1757046925.649691
1757046933.6578605 1757046954.5180163
1757046959.5196187 1757046984.746639
1757046991.7516706 1757047014.5668483
1757047021.5716665 1757047043.2918048
1757047048.2956738 1757047081.3250763
1757047083.3252459 1757047107.7961655
1757047116.8053243 1757047134.9498296
1757047142.957953 1757047165.9944425
1757047174.9996498 1757047197.0048032
1757047203.0076804 1757047224.8415146
1757047224.8415425 1757047247.9765797
1757047253.982524 1757047286.3214223
1757047288.3235364 1757047317.1148186
1757047322.1199384 1757047350.907157
1757047356.911669 1757047381.5021434
1757047391.512229 1757047411.2796698
1757047417.2836711 1757047442.8178132
1757047452.8279312 1757047465.955338
1757047470.9604588 1757047503.2202609
1757047505.2223823 1757047529.2066524
1757047534.2117856 1757047560.936993
1757047569.9461253 1757047586.1047187
1757047586.104754 1757047624.4361668
1757047632.4436212 1757047653.9497607
1757047656.9516456 1757047679.1588593
1757047688.1676886 1757047707.611375
1757047710.6118507 1757047741.6186025
1757047748.6256785 1757047772.0232635
1757047782.0333405 1757047805.0545058
1757047810.0556064 1757047835.430721
1757047844.4398105 1757047864.7471542
1757047864.7471805 1757047895.1464953
1757047897.1476102 1757047923.6667528
1757047931.6714015 1757047951.2489579
1757047951.2489843 1757047985.4235742
1757047985.4236116 1757048013.5434332
1757048022.552571 1757048035.530141
1757048036.5312576 1757048068.6302404
1757048070.6323204 1757048095.5324016
1757048101.5385337 1757048124.76531
1757048127.7676132 1757048153.9816303
1757048155.9836335 1757048182.240337
1757048190.2484148 1757048215.587526
1757048215.587557 1757048235.3560953
1757048243.36367 1757048271.3677049
1757048277.371617 1757048309.2643433
1757048312.2674766 1757048342.558003
1757048348.563727 1757048373.5798345
1757048379.5836096 1757048399.2570233
1757048400.2581193 1757048434.6982293
1757048435.6993024 1757048464.0893772
1757048473.0957322 1757048498.6373806
1757048507.6436214 1757048525.5872037
1757048533.5952842 1757048556.7002034
1757048561.7036505 1757048583.9030693
1757048584.9037251 1757048613.337352
1757048622.3436415 1757048643.747569
1757048653.7557175 1757048671.5176783
1757048674.520798 1757048708.056813
1757048713.0619545 1757048739.8650596
1757048746.8721836 1757048765.9380503
1757048771.9441729 1757048800.1407201
1757048803.1436749 1757048822.285556
1757048830.2916012 1757048855.8866246
1757048862.8916452 1757048888.0784688
1757048897.0876083 1757048914.1033397
1757048914.1033647 1757048947.2042162
1757048953.2103457 1757048973.2490122
1757048982.2581668 1757049007.887574
1757049017.895637 1757049037.7192955
1757049041.7234066 1757049065.4306128
1757049069.43469 1757049097.2487512
1757049103.254881 1757049125.267675
1757049128.2707975 1757049155.2655346
