1755358878.0171957 1755358908.2508793
1755358908.2509046 1755358936.9126143
1755358936.9126413 1755358963.2962666
1755358963.2962992 1755358985.5001755
1755358985.500196 1755359007.5105722
1755359007.5106041 1755359034.4610991
1755359034.461123 1755359059.1196196
1755359059.11964 1755359089.7953227
1755359089.7953486 1755359120.6976347
1755359120.697654 1755359150.6117392
1755359150.6117592 1755359177.3670917
1755359177.3671207 1755359202.5923135
1755359202.5923336 1755359228.6073353
1755359228.6073606 1755359256.6793141
1755359256.6793416 1755359296.582503
1755359296.5825224 1755359337.3868484
1755359337.3868718 1755359376.1236265
1755359376.1236506 1755359397.6998658
1755359397.6998951 1755359427.1878839
1755359427.1879046 1755359456.2073638
1755359456.2073867 1755359483.1740339
1755359483.1740544 1755359510.0791676
1755359510.0791938 1755359546.2104714
1755359546.2104905 1755359577.4560714
1755359577.456102 1755359610.7687721
1755359610.768803 1755359650.8555791
1755359650.8556473 1755359679.9080894
1755359679.908108 1755359713.8361428
1755359713.8361688 1755359744.5853078
1755359744.5853286 1755359770.749932
1755359770.74995 1755359798.902674
1755359798.9026957 1755359824.0840967
1755359824.0841224 1755359850.8087857
1755359850.8088167 1755359887.5549982
1755359887.555019 1755359915.979032
1755359915.979056 1755359941.184904
1755359941.1849236 1755359967.3877792
1755359967.3878038 1755359993.6293
1755359993.6293206 1755360019.3685477
1755360019.3685906 1755360050.3808482
1755360050.3808696 1755360073.83046
1755360073.8304768 1755360099.9552996
1755360099.9553204 1755360121.3799956
1755360121.380025 1755360141.5061712
1755360141.5061939 1755360166.5348673
1755360166.5349004 1755360192.9746442
1755360192.9746633 1755360221.3254251
1755360221.325455 1755360250.3711834
1755360250.3712018 1755360275.1063554
1755360275.1063926 1755360298.5612252
1755360298.5612626 1755360327.514486
1755360327.514509 1755360353.684234
1755360353.684258 1755360379.1524851
1755360379.1525102 1755360407.993691
1755360407.9937084 1755360429.5128622
1755360429.5129025 1755360456.6842165
1755360456.6842363 1755360478.9559968
1755360478.9560215 1755360518.329987
1755360518.3300076 1755360552.0624318
1755360552.0624638 1755360578.0446994
1755360578.0447247 1755360607.8404722
1755360607.8404987 1755360633.143535
1755360633.1435518 1755360658.6351502
1755360658.635174 1755360686.8421435
1755360686.8421607 1755360731.968765
1755360731.9687898 1755360754.9174833
1755360754.9175022 1755360785.9166234
1755360785.9166543 1755360814.975384
1755360814.9754086 1755360836.4875538
1755360836.4875798 1755360859.6817844
1755360859.68182 1755360885.1510522
1755360885.1510727 1755360909.6117911
1755360909.6118145 1755360931.8417747
1755360931.8417954 1755360954.4237168
1755360954.4237425 1755360979.3359463
1755360979.3359673 1755361000.376826
1755361000.376849 1755361037.2045336
1755361037.2045546 1755361072.3841753
1755361072.3841956 1755361101.6739438
1755361101.6739686 1755361132.9112136
1755361132.9112332 1755361167.1727624
1755361167.1727812 1755361190.7666066
1755361190.7666285 1755361220.1999547
1755361220.199976 1755361245.0076337
1755361245.0076518 1755361272.7096736
1755361272.7096925 1755361307.6739995
1755361307.6740248 1755361333.9182956
1755361333.9183152 1755361366.8345296
1755361366.8345547 1755361387.6841683
1755361387.684189 1755361410.683937
1755361410.6839898 1755361432.0568438
1755361432.0568652 1755361456.508458
1755361456.508483 1755361481.612334
1755361481.6123543 1755361515.2640543
1755361515.2640734 1755361537.339478
1755361537.339513 1755361561.0547001
1755361561.0547168 1755361595.1903076
1755361595.1903312 1755361634.0023024
1755361634.002322 1755361658.1395612
1755361658.1396081 1755361686.294116
