1756887883.2876532 1756887915.0465202
1756887915.0465388 1756887939.391791
1756887939.3918111 1756887961.0845811
1756887961.084602 1756887984.1685202
1756887984.1685483 1756888010.7011926
1756888010.7012162 1756888033.4540544
1756888033.45407 1756888057.1166444
1756888057.1166606 1756888080.5100992
1756888080.5101228 1756888104.2311888
1756888104.2312098 1756888120.0054207
1756888120.0054376 1756888155.949506
1756888155.9495294 1756888181.6967313
1756888181.6967554 1756888201.898341
1756888201.898356 1756888227.4670212
1756888227.4670448 1756888243.9356434
1756888243.9356685 1756888277.714965
1756888277.7149856 1756888308.0304785
1756888308.0305002 1756888338.1232224
1756888338.12324 1756888368.4673235
1756888368.4673464 1756888391.886127
1756888391.886142 1756888407.844073
1756888407.844092 1756888434.603491
1756888434.6035082 1756888449.9497654
1756888449.9497805 1756888478.1797647
1756888478.1797879 1756888499.082115
1756888499.0821383 1756888523.3480418
1756888523.3480637 1756888544.6176803
1756888544.6176987 1756888574.2305698
1756888574.2305896 1756888592.8871372
1756888592.8871567 1756888610.9869623
1756888610.9869845 1756888638.1909013
1756888638.190924 1756888661.3879843
1756888661.388007 1756888682.9944766
1756888682.9945023 1756888705.1303008
1756888705.1303194 1756888730.8320148
1756888730.8320389 1756888754.0615032
1756888754.0615208 1756888776.040503
1756888776.0405414 1756888795.7926788
1756888795.7926977 1756888816.6840873
1756888816.6841123 1756888835.4858468
1756888835.4858649 1756888863.3487244
1756888863.3487456 1756888887.3083103
1756888887.3083284 1756888912.7669284
1756888912.766953 1756888938.5416343
1756888938.5416553 1756888963.710094
1756888963.710133 1756888987.8019922
1756888987.8020265 1756889009.127102
1756889009.127121 1756889037.9253955
1756889037.92542 1756889062.8047647
1756889062.804783 1756889086.845637
1756889086.8456678 1756889105.9848442
1756889105.9848704 1756889124.1777482
1756889124.1777673 1756889153.5798516
1756889153.5798697 1756889178.607727
1756889178.6077473 1756889200.9188807
1756889200.9189045 1756889224.8449686
1756889224.8449864 1756889251.420839
1756889251.420856 1756889266.1434076
1756889266.1434274 1756889294.9476707
1756889294.9476924 1756889318.0465384
1756889318.0465581 1756889339.7395902
1756889339.7396216 1756889369.891091
1756889369.8911076 1756889390.9772718
1756889390.9772954 1756889418.893868
1756889418.893899 1756889441.3577929
1756889441.3578088 1756889471.561971
1756889471.5619946 1756889501.3850799
1756889501.3851001 1756889527.2214718
1756889527.221494 1756889556.9674168
1756889556.967436 1756889584.3410444
1756889584.3410673 1756889608.4307663
1756889608.430786 1756889632.460039
1756889632.4600663 1756889655.667356
1756889655.6673722 1756889682.489963
1756889682.4899857 1756889711.4977286
1756889711.497747 1756889740.1108446
1756889740.1108637 1756889763.955634
1756889763.9556575 1756889786.896717
1756889786.8967357 1756889806.0633848
1756889806.0634048 1756889836.720174
1756889836.7201924 1756889862.5675292
1756889862.5675464 1756889889.3859615
1756889889.3859928 1756889917.9437163
1756889917.9437404 1756889943.4733894
1756889943.4734082 1756889965.649177
1756889965.6491957 1756889987.9292982
1756889987.9293165 1756890017.4906116
1756890017.4906409 1756890049.9652803
1756890049.9652982 1756890080.4982991
1756890080.4983184 1756890106.2468536
1756890106.2468748 1756890135.7451813
1756890135.7452064 1756890164.2139227
1756890164.2139406 1756890183.884966
1756890183.8849857 1756890211.7807748
1756890211.7807949 1756890240.023845
1756890240.023874 1756890271.3459895
1756890271.3460095 1756890297.4634762
1756890297.4634953 1756890321.103656
1756890321.1036835 1756890344.5994318
1756890344.5994523 1756890368.9500463
