1756887880.5933087 1756887913.7243845
1756887913.7244031 1756887938.0080667
1756887938.0081055 1756887963.0684633
1756887963.068484 1756887986.009995
1756887986.010015 1756888007.597737
1756888007.5977533 1756888032.6931374
1756888032.6931636 1756888051.8147824
1756888051.8147993 1756888081.0336668
1756888081.0336957 1756888096.891621
1756888096.8916388 1756888128.5496705
1756888128.549688 1756888158.3741307
1756888158.374154 1756888177.609593
1756888177.60961 1756888205.9287364
1756888205.9287553 1756888225.4823205
1756888225.4823525 1756888248.5496643
1756888248.5496862 1756888276.9880521
1756888276.9880757 1756888304.9092205
1756888304.9092395 1756888333.1621332
1756888333.1621506 1756888367.8828597
1756888367.8828986 1756888391.0521936
1756888391.0522118 1756888411.4483805
1756888411.4484015 1756888429.7174172
1756888429.717437 1756888454.6169055
1756888454.6169229 1756888478.0056543
1756888478.005676 1756888500.310735
1756888500.3107605 1756888523.9646063
1756888523.9646242 1756888548.309835
1756888548.309864 1756888573.3570378
1756888573.3570557 1756888596.1252759
1756888596.125306 1756888616.4936748
1756888616.4936988 1756888635.9190145
1756888635.9190452 1756888661.416298
1756888661.4163291 1756888682.8445077
1756888682.8445303 1756888697.3060894
1756888697.3061097 1756888728.5080733
1756888728.508093 1756888751.7172563
1756888751.7172775 1756888771.622773
1756888771.6227915 1756888799.1614883
1756888799.1615174 1756888815.126045
1756888815.126063 1756888835.5356362
1756888835.535669 1756888864.8535614
1756888864.853586 1756888890.0302844
1756888890.030304 1756888917.2964756
1756888917.2964997 1756888938.075751
1756888938.0757713 1756888962.2433336
1756888962.2433531 1756888989.827623
1756888989.8276455 1756889013.706265
1756889013.7062838 1756889030.8069649
1756889030.8069844 1756889063.5533023
1756889063.5533223 1756889086.9223993
1756889086.9224164 1756889108.496644
1756889108.4966679 1756889131.0426402
1756889131.0426617 1756889152.4958258
1756889152.49585 1756889181.2381403
1756889181.2381623 1756889195.1855009
1756889195.1855247 1756889221.8845496
1756889221.8845708 1756889247.8360033
1756889247.8360295 1756889267.925921
1756889267.9259388 1756889288.3277135
1756889288.3277364 1756889316.7279885
1756889316.7280123 1756889336.7610512
1756889336.761068 1756889361.497328
1756889361.4973478 1756889390.9931917
1756889390.9932117 1756889419.1457264
1756889419.1457448 1756889442.6206882
1756889442.6207094 1756889474.4963453
1756889474.4963684 1756889497.2298386
1756889497.2298572 1756889529.7045877
1756889529.7046132 1756889553.1574938
1756889553.15751 1756889578.040196
1756889578.0402188 1756889610.174335
1756889610.1743524 1756889630.0345964
1756889630.034615 1756889653.45645
1756889653.456467 1756889685.9754806
1756889685.9755008 1756889705.8419373
1756889705.8419535 1756889740.5356731
1756889740.5356982 1756889765.064672
1756889765.0646913 1756889792.2163794
1756889792.2164 1756889811.3770294
1756889811.3770468 1756889840.7118568
1756889840.7118802 1756889865.7240655
1756889865.7240891 1756889889.0937624
1756889889.0937855 1756889913.825822
1756889913.8258445 1756889937.3217354
1756889937.321753 1756889958.4394994
1756889958.4395192 1756889990.7129183
1756889990.7129388 1756890023.2251883
1756890023.22521 1756890047.3847392
1756890047.3847566 1756890076.3269768
1756890076.3269992 1756890108.8903663
1756890108.8903859 1756890136.7136889
1756890136.7137098 1756890162.4007945
1756890162.400813 1756890189.8339865
1756890189.8340023 1756890218.2692223
1756890218.269248 1756890244.4614565
1756890244.4614837 1756890273.8259609
1756890273.825977 1756890289.0494308
1756890289.0494497 1756890322.8189547
1756890322.818975 1756890346.910916
1756890346.9109519 1756890371.332659
