1722394112.1637878 1722394151.3102777
1722394152.1169329 1722394184.3570461
1722394185.268251 1722394224.3566427
1722394224.9626257 1722394268.3570125
1722394268.8689563 1722394304.4572964
1722394305.567244 1722394343.4570246
1722394343.923758 1722394395.5065582
1722394396.2202163 1722394430.065939
1722394431.1252217 1722394477.5626163
1722394478.668468 1722394511.8066626
1722394512.3283873 1722394549.306995
1722394550.2294617 1722394582.8069854
1722394583.4743772 1722394616.4569166
1722394617.2800982 1722394653.3624759
1722394654.5159173 1722394685.5570798
1722394685.8593192 1722394713.8070242
1722394714.7629468 1722394755.3582478
1722394755.5186079 1722394777.6583354
1722394778.7674434 1722394812.109766
1722394813.2197073 1722394848.0113516
1722394848.926102 1722394887.3615823
1722394887.709281 1722394918.5071619
1722394919.0732188 1722394957.6083806
1722394958.6189191 1722394990.3619394
1722394991.5233872 1722395027.8570068
1722395028.8206398 1722395064.2607522
1722395064.4144433 1722395104.6574118
1722395104.9129808 1722395145.1618276
1722395146.2729323 1722395185.8570411
1722395186.2136276 1722395217.8592393
1722395218.1673074 1722395260.615201
1722395261.263469 1722395304.0594325
1722395304.173565 1722395344.3590605
1722395345.4315052 1722395380.7568
1722395381.667639 1722395421.7071128
1722395422.3694928 1722395453.2565713
1722395453.568721 1722395495.0066342
1722395495.6595614 1722395536.9583666
1722395537.3216865 1722395568.218231
1722395569.2215986 1722395607.6568358
1722395608.2184873 1722395640.9603543
1722395641.3238292 1722395674.2568266
1722395675.2602818 1722395715.3568785
1722395716.2631164 1722395751.5567834
1722395752.4154487 1722395783.2070594
1722395784.079096 1722395814.0086792
1722395814.962616 1722395857.909575
1722395859.0640166 1722395894.9573767
1722395895.7756474 1722395929.156952
1722395929.8168983 1722395978.2620366
1722395979.0746562 1722396018.5569823
1722396018.6693094 1722396056.957026
1722396057.8312614 1722396086.5576665
1722396087.0104094 1722396134.3108764
1722396135.2181404 1722396182.1067958
1722396182.5736692 1722396217.3071172
1722396217.8250751 1722396256.2069502
1722396256.8619218 1722396297.460567
1722396298.5253038 1722396343.9098237
1722396344.9739773 1722396381.6566834
1722396381.9767966 1722396422.9573717
1722396423.2682893 1722396458.9071171
1722396459.4272282 1722396500.4117482
1722396500.5195413 1722396535.2103577
1722396535.7751126 1722396563.5585945
1722396564.609338 1722396612.7071648
1722396613.0699553 1722396649.0660026
1722396650.374725 1722396683.6090193
1722396684.2700665 1722396722.6091263
1722396723.5741124 1722396760.559349
1722396761.1175675 1722396798.5592833
1722396799.767121 1722396839.4069815
1722396839.5690913 1722396871.0566921
1722396871.9644094 1722396906.307158
1722396906.7817678 1722396946.410409
1722396947.1245673 1722396978.1650984
1722396979.3126013 1722397016.0565667
1722397016.9262657 1722397054.3069081
1722397055.0193484 1722397093.2104354
1722397094.2618165 1722397122.8577902
1722397123.4699469 1722397165.706849
1722397165.9658835 1722397211.508838
1722397212.5261621 1722397244.3091192
1722397245.2257462 1722397284.8598812
1722397284.9768054 1722397321.3567526
1722397321.916314 1722397355.0071068
1722397355.8687131 1722397387.8586695
1722397388.670157 1722397423.010252
1722397424.1175475 1722397457.7569482
1722397458.6707563 1722397490.2097712
1722397491.3127255 1722397523.0613797
1722397523.3694658 1722397557.6572104
1722397557.9700794 1722397592.2591968
1722397592.5314798 1722397627.5592668
1722397628.570632 1722397664.2069204
1722397664.417071 1722397697.2076359
1722397698.221184 1722397735.0624394
1722397736.1207547 1722397772.5591593
1722397773.2686021 1722397816.9087663
1722397817.5608962 1722397863.409665
1722397864.1159883 1722397896.7623432
1722397896.9723556 1722397941.60721
1722397942.2644098 1722397984.5568016
1722397984.876043 1722398025.156689
1722398026.1255288 1722398059.7106526
1722398060.664153 1722398104.2091298
1722398104.424494 1722398140.1583943
1722398141.0200598 1722398165.3571844
1722398165.6220906 1722398211.1068354
1722398211.9263635 1722398241.8072503
1722398242.2635727 1722398278.8604162
1722398279.9140632 1722398314.9069083
1722398315.8720062 1722398354.206608
1722398354.4730122 1722398382.5097713
1722398383.5743818 1722398420.9567595
1722398421.723974 1722398460.4070468
1722398461.2259297 1722398493.2573144
1722398493.5713844 1722398533.0069597
1722398533.6197727 1722398573.1072884
1722398573.514525 1722398609.860472
1722398610.5727665 1722398638.6606271
1722398639.4276483 1722398679.2569335
1722398679.9230757 1722398713.207408
1722398714.112025 1722398748.4096186
1722398749.4781709 1722398787.514266
1722398788.812714 1722398820.411143
1722398821.458518 1722398850.8108892
1722398851.5739305 1722398886.3569548
1722398887.223615 1722398932.15677
1722398932.8278418 1722398965.5611129
1722398966.3299408 1722399015.0569785
1722399015.2579284 1722399053.4072437
1722399054.2279713 1722399089.2106261
1722399089.4776897 1722399123.16161
1722399124.2177823 1722399169.1581056
1722399170.0731292 1722399207.7072434
1722399207.9178338 1722399234.1082287
1722399235.0636547 1722399275.759394
1722399276.7282836 1722399309.8615716
1722399311.0239558 1722399345.358009
1722399345.6755579 1722399375.1616812
1722399376.2195935 1722399408.956768
1722399409.276771 1722399441.5130866
1722399442.5738544 1722399479.157334
1722399479.8717697 1722399506.359043
1722399506.8221967 1722399546.2066598
1722399547.1774802 1722399575.7105446
1722399576.8119206 1722399609.4065776
1722399609.7610433 1722399640.256647
1722399641.0628254 1722399669.0066385
1722399669.964027 1722399711.256759
1722399712.177294 1722399746.2650611
1722399747.372372 1722399779.3566608
1722399779.9600477 1722399814.1606052
1722399814.3812215 1722399848.4091067
1722399849.3146253 1722399880.0566564
1722399880.8253477 1722399914.3066645
1722399915.269149 1722399939.5569878
1722399940.4239593 1722399986.6070259
1722399987.6180575 1722400015.4570296
1722400016.1693122 1722400054.6590521
1722400055.316966 1722400089.3606532
1722400089.677518 1722400118.1088305
1722400118.4693744 1722400146.1568525
1722400147.120922 1722400169.8065472
1722400170.5216835 1722400206.5566216
1722400207.327287 1722400240.9572082
1722400241.2195776 1722400272.056828
1722400273.0784686 1722400304.9069307
1722400305.5091784 1722400340.608385
1722400341.313517 1722400366.4571543
1722400366.9698427 1722400399.2102675
1722400399.9073555 1722400447.0610244
1722400448.0220578 1722400472.8099086
1722400473.9698775 1722400504.8620236
1722400506.209483 1722400541.9616983
1722400543.174305 1722400571.6095963
1722400572.5067346 1722400606.0072615
1722400606.866588 1722400642.256756
1722400643.0089712 1722400677.556639
1722400678.6100197 1722400719.759542
1722400720.0181205 1722400753.6569035
1722400754.2694163 1722400780.7101402
1722400781.8165162 1722400817.058839
1722400817.6281877 1722400858.456902
1722400859.4151978 1722400897.356556
1722400898.1265872 1722400929.6567686
1722400930.1304018 1722400967.5568688
1722400967.6763372 1722401005.4589856
1722401006.1278753 1722401043.9621391
1722401045.0276747 1722401069.0064943
1722401069.369168 1722401109.8096154
1722401110.913648 1722401153.606942
1722401154.4800246 1722401195.3621542
1722401196.4580283 1722401232.4068232
1722401233.2199926 1722401265.6590598
1722401266.3249168 1722401308.6613936
1722401309.6083694 1722401345.4591308
1722401345.67199 1722401368.7088459
1722401369.2248127 1722401406.2626586
