1722394115.7622254 1722394152.5565913
1722394153.0782032 1722394178.7568336
1722394179.5594268 1722394226.8079705
1722394227.8336747 1722394268.6612144
1722394269.81833 1722394306.0144448
1722394307.1132011 1722394334.009576
1722394334.412517 1722394386.8569398
1722394387.626136 1722394431.3586094
1722394432.430373 1722394471.5100613
1722394472.3305795 1722394513.6606646
1722394514.6754177 1722394552.2071207
1722394553.1588995 1722394582.5104809
1722394583.6090534 1722394619.6069372
1722394620.612899 1722394641.3098037
1722394642.2199423 1722394678.9611714
1722394679.9651256 1722394718.70667
1722394719.5121934 1722394749.4568353
1722394750.121471 1722394789.309488
1722394790.327451 1722394816.9085126
1722394817.1184683 1722394848.6095166
1722394849.7123742 1722394882.8606899
1722394884.025294 1722394928.4628348
1722394929.368365 1722394955.7615263
1722394956.2578392 1722394994.207297
1722394995.019806 1722395026.0590742
1722395026.4159658 1722395066.0569603
1722395067.018301 1722395104.356999
1722395105.415228 1722395149.310122
1722395149.6573236 1722395184.8085709
1722395185.0814006 1722395228.3587341
1722395228.6188192 1722395251.706658
1722395252.6654747 1722395291.5611696
1722395291.7118502 1722395335.0570612
1722395335.6260166 1722395374.1583083
1722395374.7177303 1722395417.406657
1722395418.1240046 1722395449.2583358
1722395450.473197 1722395489.4070735
1722395489.9705708 1722395522.2091808
1722395523.46191 1722395558.507051
1722395559.318831 1722395598.7071304
1722395598.81962 1722395636.2567708
1722395637.2592642 1722395680.4071012
1722395680.5283377 1722395711.5092428
1722395711.6780884 1722395751.9068418
1722395752.1237063 1722395782.2622485
1722395783.3161871 1722395818.911542
1722395819.1081595 1722395849.1088548
1722395849.8612504 1722395893.6087441
1722395894.5237556 1722395926.0571806
1722395926.4588974 1722395973.6585546
1722395973.7733252 1722396010.9066536
1722396011.6733406 1722396055.5571086
1722396056.4626977 1722396094.2590637
1722396094.629472 1722396137.161109
1722396138.1608508 1722396181.8566718
1722396182.8681488 1722396213.8603213
1722396214.8246372 1722396247.666403
1722396248.7204046 1722396288.456742
1722396289.3111842 1722396327.8066607
1722396328.1067984 1722396368.0066519
1722396368.859624 1722396412.3085194
1722396413.3728259 1722396453.7567704
1722396454.2122166 1722396498.41009
1722396499.4715533 1722396537.4082782
1722396538.4780407 1722396576.0101485
1722396577.0730033 1722396615.2588918
1722396615.979626 1722396653.6068246
1722396654.5069714 1722396683.461017
1722396684.2141514 1722396716.2568247
1722396717.0156271 1722396760.4091458
1722396761.2631562 1722396799.610986
1722396799.9233255 1722396834.4569893
1722396835.4116867 1722396870.007205
1722396870.882611 1722396905.96132
1722396907.1185684 1722396948.0567217
1722396949.0195441 1722396981.2572074
1722396981.8724592 1722397020.6568782
1722397021.565317 1722397052.706965
1722397052.9185395 1722397097.4610744
1722397098.5683324 1722397136.4567327
1722397137.3782952 1722397162.6613219
1722397163.7649102 1722397210.658559
1722397211.5689182 1722397244.161748
1722397245.215147 1722397285.8617039
1722397286.9723723 1722397321.8568075
1722397322.4250615 1722397358.3626606
1722397359.3739762 1722397396.4104524
1722397397.5211768 1722397416.9069543
1722397417.6099343 1722397450.3094163
1722397451.0627542 1722397487.7570693
1722397488.706808 1722397517.9569552
1722397518.4122052 1722397552.8566532
1722397553.1198719 1722397586.4094398
1722397587.223424 1722397621.6065722
1722397622.3068407 1722397666.410485
1722397667.4621522 1722397694.8567312
1722397695.7260993 1722397726.157043
1722397727.1738474 1722397782.0565677
1722397782.5791423 1722397818.5100613
1722397818.7257988 1722397862.507014
1722397863.0771997 1722397901.8625054
1722397902.8754327 1722397942.4065878
1722397943.0328727 1722397978.4083216
1722397979.5114467 1722398022.5112836
1722398023.5177972 1722398058.1072252
1722398058.2689264 1722398090.0565557
1722398090.9670928 1722398131.209418
1722398131.3735974 1722398174.30894
1722398175.3195827 1722398204.6610994
1722398205.7758398 1722398242.9070494
1722398243.9657376 1722398281.5070066
1722398282.2685537 1722398320.4592028
1722398320.9138107 1722398359.5607479
1722398360.717925 1722398388.0566769
1722398388.8231518 1722398421.85654
1722398422.6128945 1722398462.6085932
1722398463.675937 1722398498.9610276
1722398499.6240005 1722398537.4070098
1722398538.0228996 1722398572.4579291
1722398573.2274039 1722398605.7612846
1722398606.6127164 1722398638.5084803
1722398639.1676433 1722398677.8103113
1722398678.8720696 1722398718.75681
1722398719.672705 1722398751.1092217
1722398752.0231204 1722398793.7090473
1722398794.9115727 1722398825.7566032
1722398826.4728708 1722398858.4611351
1722398858.7165935 1722398896.358485
1722398897.27003 1722398932.5073335
1722398932.8213174 1722398972.910303
1722398973.0141113 1722399010.3585136
1722399011.3697133 1722399047.808673
1722399048.7611365 1722399088.3567088
1722399088.923196 1722399131.4071357
1722399132.1187613 1722399170.1567655
1722399171.1610074 1722399200.3611023
1722399201.3691204 1722399238.2070742
1722399239.067595 1722399273.3134997
1722399273.469723 1722399311.0573523
1722399311.9094198 1722399340.257147
1722399340.7117002 1722399371.6128578
1722399372.765173 1722399409.508505
1722399409.773751 1722399438.7568254
1722399439.672153 1722399473.5570354
1722399473.8320441 1722399503.1589422
1722399503.3207405 1722399533.3069444
1722399534.3657079 1722399567.3095083
1722399568.1259205 1722399604.5629356
1722399605.564822 1722399644.608654
1722399645.410407 1722399676.5650334
1722399677.5148702 1722399708.1625955
1722399709.360554 1722399748.7102537
1722399749.8252175 1722399781.0092034
1722399781.9147432 1722399811.7074425
1722399812.5770676 1722399848.2617335
1722399849.0171435 1722399886.1568806
1722399886.721771 1722399906.1102808
1722399906.271734 1722399942.0104954
1722399943.0691187 1722399982.6067462
1722399983.2274778 1722400010.1071334
1722400010.8267646 1722400049.2589588
1722400050.270238 1722400085.4569566
1722400086.227165 1722400115.6607554
1722400116.3641732 1722400145.7071328
1722400146.261181 1722400172.3603384
1722400172.9645462 1722400204.4104087
1722400205.223697 1722400239.558344
1722400240.4632685 1722400270.807021
1722400271.668679 1722400304.3069818
1722400304.3779562 1722400335.506543
1722400336.4711907 1722400368.3101099
1722400369.5122604 1722400402.1611507
1722400403.2132573 1722400444.0615764
1722400445.0135846 1722400474.9585178
1722400475.8289738 1722400508.6121402
1722400509.7255168 1722400541.3646634
1722400542.124229 1722400579.0069232
1722400579.1766608 1722400609.4069216
1722400610.4726393 1722400649.510671
1722400649.6731215 1722400680.9568033
1722400681.7645519 1722400717.662137
1722400718.682466 1722400746.106959
1722400746.7093096 1722400790.4096127
1722400791.4759674 1722400813.7586489
1722400814.7672937 1722400856.156648
1722400856.7125204 1722400891.8098304
1722400892.8323402 1722400923.1571074
1722400923.9736989 1722400967.0566745
1722400967.926385 1722401003.1096153
1722401004.177499 1722401039.2610474
1722401040.0241277 1722401065.761617
1722401066.8713088 1722401104.5576425
1722401105.3212316 1722401147.8104432
1722401148.9136198 1722401191.2104316
1722401192.4213357 1722401234.861437
1722401235.8706737 1722401270.6090758
1722401271.4598954 1722401308.7091146
1722401309.913764 1722401344.262311
1722401345.4107325 1722401380.1099775
1722401381.1614676 1722401403.956756
