1756910524.7628567 1756910548.0882936
1756910548.0883183 1756910572.6479962
1756910572.648043 1756910595.5096085
1756910595.509629 1756910625.4711132
1756910625.4711556 1756910647.6717424
1756910647.671767 1756910673.4418726
1756910673.441896 1756910699.457795
1756910699.457819 1756910720.5902157
1756910720.5902395 1756910749.951665
1756910749.9516904 1756910776.8383396
1756910776.8383603 1756910796.3172545
1756910796.3172781 1756910825.415833
1756910825.4158595 1756910855.8720548
1756910855.8720832 1756910887.7165327
1756910887.716554 1756910900.9633348
1756910900.9633584 1756910924.1494825
1756910924.1495056 1756910950.6500795
1756910950.6501017 1756910972.3626611
1756910972.3626885 1756910994.5140545
1756910994.5140808 1756911016.8132188
1756911016.8132474 1756911041.6484041
1756911041.648432 1756911062.7487552
1756911062.7487767 1756911088.492225
1756911088.4922485 1756911111.868657
1756911111.8686862 1756911135.3519318
1756911135.3519533 1756911164.2617455
1756911164.2617729 1756911179.1011362
1756911179.1011593 1756911210.3508484
1756911210.350874 1756911238.5948386
1756911238.5948606 1756911261.6053162
1756911261.6053438 1756911288.2314222
1756911288.2314503 1756911318.1535127
1756911318.153535 1756911340.0084698
1756911340.008497 1756911361.0234091
1756911361.0234358 1756911390.539902
1756911390.5399404 1756911415.1518054
1756911415.1518357 1756911440.019981
1756911440.0200129 1756911462.5410066
1756911462.541029 1756911481.0865095
1756911481.0865414 1756911505.063772
1756911505.063803 1756911519.846805
1756911519.8468254 1756911557.815669
1756911557.8157036 1756911584.9073384
1756911584.9073653 1756911607.190361
1756911607.1903858 1756911642.0324419
1756911642.0324721 1756911669.6866894
1756911669.6867087 1756911683.9697423
1756911683.969767 1756911710.9837196
1756911710.9837592 1756911735.8954978
1756911735.895521 1756911757.2855422
1756911757.2855687 1756911782.6115222
1756911782.6115465 1756911809.6583683
1756911809.6583948 1756911833.028278
1756911833.0283003 1756911864.9179623
1756911864.9179895 1756911894.011585
1756911894.011611 1756911912.5729105
1756911912.5729318 1756911941.9998653
1756911941.9999013 1756911958.8367524
1756911958.836773 1756911989.7815018
1756911989.7815318 1756912013.7212586
1756912013.721289 1756912036.4271061
1756912036.4271345 1756912062.2422855
1756912062.242314 1756912086.0612667
1756912086.0612984 1756912113.5103977
1756912113.510431 1756912142.0626562
1756912142.0626802 1756912168.0442846
1756912168.0443254 1756912194.6180167
1756912194.618041 1756912218.5426388
1756912218.5426748 1756912243.3209746
1756912243.3210027 1756912269.1230986
1756912269.1231296 1756912293.4257007
1756912293.425732 1756912315.531418
1756912315.5314486 1756912335.8219776
1756912335.822011 1756912359.1533682
1756912359.1534193 1756912386.1059308
1756912386.1059582 1756912417.123622
1756912417.1236494 1756912432.7035596
1756912432.7035933 1756912464.4871373
1756912464.4871624 1756912485.2043645
1756912485.204389 1756912508.2798994
1756912508.27993 1756912525.694602
1756912525.6946251 1756912558.1337512
1756912558.133781 1756912582.725281
1756912582.7253077 1756912601.861892
1756912601.86192 1756912624.584766
1756912624.5847945 1756912649.3895965
1756912649.3896527 1756912678.6580007
1756912678.6580224 1756912697.9287734
1756912697.9288094 1756912721.0283728
1756912721.0283954 1756912752.394927
1756912752.39496 1756912777.7008858
1756912777.7009175 1756912801.6291206
1756912801.629148 1756912826.3320522
1756912826.3320842 1756912845.893402
1756912845.8934271 1756912869.7346256
1756912869.7346475 1756912891.371199
1756912891.3712242 1756912913.2882977
1756912913.288321 1756912941.3097713
1756912941.309793 1756912960.148544
1756912960.148575 1756912981.4805627
