1761553200.5653005 1761553265.5894158
1761553272.5957224 1761553344.095341
1761553352.0996754 1761553407.250063
1761553412.255247 1761553460.4794571
1761553470.4876378 1761553545.195547
1761553555.2036755 1761553627.3060846
1761553633.3116527 1761553714.6254237
1761553714.625462 1761553789.0834298
1761553789.0834835 1761553856.5507169
1761553863.555684 1761553907.4235263
1761553908.4245975 1761553973.7757368
1761553978.7796822 1761554034.8771772
1761554035.878266 1761554091.6770766
1761554094.679679 1761554145.292045
1761554155.2996933 1761554219.4159026
1761554222.4189951 1761554287.5781903
1761554290.5812857 1761554364.0756521
1761554373.084817 1761554423.5594897
1761554423.5595267 1761554504.9424207
1761554506.944552 1761554570.2792401
1761554576.2853642 1761554640.0793905
1761554650.0876188 1761554710.102666
1761554719.1117494 1761554775.3509226
1761554783.3556738 1761554843.1234102
1761554846.1236577 1761554903.4365985
1761554909.4397156 1761554972.901782
1761554974.9036696 1761555015.4161232
1761555016.4172347 1761555098.120263
1761555105.123683 1761555148.201349
1761555150.203418 1761555218.5201788
1761555225.5273094 1761555298.6648583
1761555307.6716151 1761555360.374256
1761555369.379887 1761555423.972168
1761555427.9756734 1761555509.8757777
1761555509.8758056 1761555598.8049197
1761555602.8076866 1761555658.576914
1761555664.5796955 1761555739.389081
1761555748.3982093 1761555804.4772093
1761555808.4796698 1761555893.069158
1761555894.0702918 1761555935.7131748
1761555937.7152636 1761556006.0909135
1761556014.0956857 1761556082.5736237
1761556084.5756848 1761556149.1815908
1761556149.1816223 1761556209.0107298
1761556210.0116768 1761556253.8139052
1761556260.8196735 1761556318.7652278
1761556318.765265 1761556383.3220885
1761556392.3276112 1761556439.1996949
1761556439.1997294 1761556503.8035138
1761556503.8035378 1761556567.545829
1761556568.546079 1761556634.3303468
1761556644.331688 1761556692.1826875
1761556699.1876738 1761556761.3162935
1761556767.3212113 1761556826.7217712
1761556826.7217946 1761556901.4231982
1761556904.423619 1761556969.8679345
1761556976.8716753 1761557036.043091
1761557045.0516894 1761557110.0211177
1761557114.0235956 1761557184.6510327
1761557189.6557264 1761557256.4783516
1761557266.4877064 1761557312.1832454
1761557320.1876652 1761557374.2164814
1761557381.219652 1761557444.416069
1761557450.4196463 1761557513.1277404
1761557521.1355953 1761557571.209905
1761557581.219975 1761557635.7571173
1761557642.7636583 1761557712.870859
1761557718.8757017 1761557796.1656113
1761557805.174704 1761557871.6390336
1761557873.639605 1761557932.556008
1761557933.5570695 1761558010.131877
1761558011.1329718 1761558085.3644922
1761558089.3685713 1761558134.838632
1761558139.8436809 1761558201.2483804
1761558203.2500393 1761558268.129846
1761558275.1356845 1761558350.5212853
1761558353.5236852 1761558431.0586057
1761558432.0596292 1761558500.3872676
1761558508.39163 1761558566.6226063
1761558567.6236086 1761558639.566241
1761558639.5662715 1761558694.1908245
1761558697.1919532 1761558772.921581
1761558779.928646 1761558831.27367
1761558833.2756095 1761558905.807846
1761558909.8115993 1761558952.8580122
1761558958.8640919 1761559006.8019543
1761559010.8060577 1761559075.405275
1761559079.4076564 1761559155.509089
1761559163.5172353 1761559232.6796308
1761559232.6796808 1761559295.6318705
1761559305.6398768 1761559374.0044034
1761559376.006471 1761559431.2508774
1761559433.253025 1761559482.315676
1761559490.323652 1761559533.5866976
1761559534.5878284 1761559594.0406625
1761559595.0417836 1761559657.3725362
1761559658.3736343 1761559741.5888665
1761559741.5888927 1761559814.9266565
1761559814.9266863 1761559863.7653534
1761559867.767654 1761559920.6986198
