1757165594.066522 1757165620.4368472
1757165622.4389696 1757165647.8029737
1757165648.8036451 1757165676.8430429
1757165684.8476758 1757165704.126911
1757165713.135666 1757165735.8302047
1757165745.840357 1757165765.187439
1757165772.1926658 1757165788.865423
1757165793.8677087 1757165815.0681157
1757165815.0681694 1757165845.3358257
1757165853.3439255 1757165877.7666276
1757165880.7697468 1757165906.2619565
1757165912.2676296 1757165935.2694955
1757165942.276581 1757165964.8302445
1757165970.8363338 1757165995.2121892
1757166001.2156577 1757166033.7931998
1757166038.7956643 1757166062.0777142
1757166062.0777466 1757166085.4774995
1757166085.4775264 1757166109.9684525
1757166114.9716437 1757166143.3076878
1757166144.3087788 1757166168.3436427
1757166171.346765 1757166199.2529929
1757166209.2597055 1757166224.4409978
1757166227.44395 1757166256.882755
1757166256.8827822 1757166281.2700152
1757166287.2761507 1757166308.1284003
1757166311.1315298 1757166339.0002222
1757166343.003622 1757166370.147653
1757166379.1556163 1757166395.0697258
1757166403.0713787 1757166419.0768166
1757166423.0801857 1757166451.863633
1757166461.8716617 1757166487.7016256
1757166490.7037895 1757166516.95439
1757166517.955534 1757166550.3058634
1757166557.311695 1757166580.5974603
1757166582.5996015 1757166604.8632433
1757166604.8632686 1757166635.118052
1757166636.1191838 1757166661.8097556
1757166664.8128264 1757166689.6494884
1757166694.6532705 1757166719.5757635
1757166725.5796719 1757166748.8184583
1757166755.8236725 1757166774.2891884
1757166781.2956355 1757166809.1784701
1757166814.179609 1757166840.7096632
1757166840.7096932 1757166866.4548535
1757166867.4556172 1757166898.0289226
1757166900.031046 1757166928.2199988
1757166929.2201555 1757166963.0761502
1757166968.081228 1757166981.7519708
1757166986.7556114 1757167018.4303706
1757167021.4316852 1757167046.5691621
1757167049.5722542 1757167076.5806723
1757167080.5836768 1757167110.548857
1757167117.5556042 1757167141.421378
1757167149.4276686 1757167175.7447455
1757167177.7468815 1757167203.1772592
1757167210.184379 1757167235.072659
1757167240.0777864 1757167267.5264876
1757167270.5296695 1757167289.6251647
1757167289.6251898 1757167320.3700557
1757167323.371671 1757167356.7047558
1757167359.707608 1757167383.575376
1757167386.5785658 1757167422.5364022
1757167423.5375416 1757167452.031615
1757167459.0387464 1757167487.081686
1757167493.0875945 1757167512.1534786
1757167515.1565628 1757167550.1689138
1757167557.1760023 1757167579.869176
1757167586.8763456 1757167609.1931558
1757167614.195627 1757167645.4633539
1757167646.463624 1757167677.354862
1757167686.3639984 1757167704.9852839
1757167704.9853082 1757167731.6252892
1757167736.627689 1757167760.4448292
1757167760.4448574 1757167793.538764
1757167793.5387907 1757167822.2645473
1757167832.2716188 1757167846.9734118
1757167855.9825482 1757167874.174341
1757167874.1743808 1757167908.4563477
1757167909.4566562 1757167937.2918851
1757167942.2956147 1757167971.0687494
1757167979.075614 1757168000.333998
1757168004.3381264 1757168031.738522
1757168040.7429636 1757168064.2837346
1757168071.2908597 1757168094.270856
1757168094.2708817 1757168123.1060543
1757168125.107613 1757168155.6089456
1757168155.6089733 1757168185.223649
1757168190.227935 1757168216.243908
1757168217.2449741 1757168247.363404
1757168248.3638253 1757168280.8488889
1757168281.8500173 1757168308.957532
1757168311.9596593 1757168340.7977626
1757168347.8048983 1757168373.1867337
1757168377.187605 1757168398.4276905
1757168400.4297738 1757168437.2052603
1757168446.2144713 1757168466.5662227
1757168475.575424 1757168502.2650359
1757168504.26712 1757168533.250865
1757168533.2508929 1757168559.8393223
1757168569.8481565 1757168592.6529164
