1766391733.640057 1766392332.3342226
1766392342.34288 1766392821.6931627
1766392825.6972399 1766393385.129362
1766393392.1348808 1766394038.9432003
1766394039.9442778 1766394625.5284233
1766394632.534908 1766395393.7063465
1766395394.706891 1766395746.0141764
1766395747.015247 1766396445.1113963
1766396447.1134841 1766397111.9659753
1766397114.9668858 1766397742.3484619
1766397750.3548882 1766398309.6442747
1766398312.6473494 1766398876.971151
1766398882.9748776 1766399460.3448005
1766399463.3478756 1766400068.5825243
1766400070.5829287 1766400513.3057148
1766400517.3097916 1766401170.8778553
1766401177.8828936 1766401673.2544289
1766401677.254889 1766402411.8156483
1766402414.818722 1766402948.2240176
1766402956.2320938 1766403634.7487133
1766403637.75178 1766404129.1826005
1766404134.18291 1766404871.2043252
1766404873.2063859 1766405231.1518662
1766405233.1532834 1766405911.5858104
1766405914.588879 1766406497.4794195
1766406503.482898 1766407244.4692981
1766407244.4693263 1766407651.082019
1766407654.0850768 1766408395.4321382
1766408398.4348912 1766408855.7290437
1766408861.7351196 1766409523.0108585
1766409530.0148876 1766410003.8095362
1766410006.8109002 1766410770.0273464
1766410772.0294187 1766411196.4644296
1766411201.4695046 1766412009.83225
1766412019.8423226 1766412453.049429
1766412460.0548832 1766413270.0829358
1766413278.0908954 1766413638.1180632
1766413643.1231363 1766414403.143531
1766414404.1436486 1766415011.101661
1766415021.1108897 1766415648.4559345
1766415658.4660077 1766416356.7731338
1766416360.7771933 1766416975.6645398
1766416978.6676097 1766417487.5686095
1766417490.5716784 1766418127.5451303
1766418137.5548818 1766418831.8375187
1766418832.8385797 1766419378.3785222
1766419386.3866138 1766419925.925524
1766419928.9268868 1766420574.75169
1766420584.7588792 1766421214.4959745
1766421223.5028942 1766421954.206189
1766421956.2082567 1766422397.280389
1766422398.2814515 1766423105.8490906
1766423113.8548806 1766423577.3088696
1766423587.314891 1766424438.9202013
1766424443.9252744 1766424992.0378137
1766424992.0378416 1766425724.9792945
1766425729.984375 1766426140.3270175
1766426150.33488 1766426868.5680552
1766426872.572124 1766427543.499379
1766427545.5014462 1766427986.6001558
1766427993.6068912 1766428602.9055588
1766428608.911635 1766429094.4720392
1766429095.4731078 1766429739.9002824
1766429743.9043503 1766430370.010448
1766430376.0165143 1766430955.8904681
1766430964.8995419 1766431618.4701333
1766431621.4732149 1766432231.9225366
1766432234.9228747 1766432771.0793228
1766432780.0883946 1766433575.5545487
1766433575.5545774 1766434166.3140492
1766434175.322891 1766434624.131486
1766434631.1385546 1766435325.433272
1766435330.434899 1766436058.6540039
1766436061.6548786 1766436708.5246007
1766436709.5256593 1766437346.5833545
1766437349.584182 1766437806.0789664
1766437809.0806322 1766438564.6905339
1766438570.694866 1766439118.2763445
1766439124.2824152 1766439774.7554293
1766439781.758881 1766440302.2276647
1766440307.2310736 1766440762.5913582
1766440768.5949104 1766441624.0438607
1766441624.043899 1766442258.5695436
1766442263.5746155 1766442858.9647095
1766442861.9677835 1766443517.3410118
1766443517.3410416 1766443805.7587147
1766443811.7647886 1766444798.32129
1766444807.3303626 1766445178.7618341
1766445188.7708752 1766445942.7537127
1766445945.7548945 1766446514.2028573
1766446521.2099335 1766447216.6319773
1766447223.6388884 1766447755.840239
1766447761.8463168 1766448523.900084
1766448531.90689 1766449079.0204082
1766449081.0224752 1766449684.9204996
1766449690.922892 1766450238.0165837
1766450239.0176516 1766450820.6321855
1766450822.6342518 1766451520.027601
1766451524.0308785 1766451968.0987196
1766451974.1047888 1766452743.7081354
