1776304816.143055 1776304858.8590717
1776304864.8652296 1776304899.398858
1776304907.404139 1776304928.7115521
1776304928.7116964 1776304963.13437
1776304970.1346097 1776304996.7370906
1776305003.744227 1776305026.2655022
1776305027.2663329 1776305050.500004
1776305056.5061817 1776305089.7333689
1776305092.736573 1776305123.382148
1776305129.3863442 1776305157.2409804
1776305162.2461452 1776305193.3849185
1776305201.3903363 1776305221.5444021
1776305231.5505323 1776305262.3640537
1776305271.3732169 1776305285.3124561
1776305294.3215997 1776305334.8766074
1776305337.8797908 1776305366.133016
1776305374.1411927 1776305393.4385214
1776305393.4386592 1776305432.0317998
1776305432.031871 1776305467.8493397
1776305475.8575244 1776305506.6304655
1776305509.633582 1776305538.764337
1776305545.7650352 1776305567.8733618
1776305577.8834977 1776305608.1226804
1776305613.1263478 1776305641.08088
1776305649.0863254 1776305673.6235816
1776305673.6237357 1776305704.7241826
1776305706.7263353 1776305737.9755275
1776305740.978718 1776305768.8889425
1776305771.8904052 1776305807.9701977
1776305808.9713824 1776305841.3468273
1776305847.3501601 1776305883.9775295
1776305888.9823306 1776305920.3645988
1776305923.366859 1776305956.023585
1776305960.0277421 1776305989.1248238
1776305995.1309621 1776306026.5416336
1776306028.5423315 1776306063.3885171
1776306072.3977072 1776306098.9244955
1776306105.9276776 1776306125.1366632
1776306127.1387732 1776306170.0608227
1776306178.0690093 1776306205.2475393
1776306212.2547028 1776306236.0088527
1776306236.0089977 1776306272.2637908
1776306275.2645545 1776306313.888279
1776306315.890385 1776306351.2257729
1776306353.2278752 1776306389.3939235
1776306396.398336 1776306420.8832347
1776306424.8863394 1776306448.4223785
1776306455.4272892 1776306488.5571873
1776306492.55833 1776306520.6159625
1776306529.625126 1776306561.3366766
1776306564.3398592 1776306604.2347908
1776306607.235578 1776306641.531733
1776306651.5418432 1776306675.2946935
1776306683.3023353 1776306712.7109234
1776306717.7153864 1776306750.1824648
1776306758.1905756 1776306779.0341206
1776306784.0349655 1776306818.464873
1776306823.4699388 1776306857.752804
1776306857.7529063 1776306892.692958
1776306897.6980839 1776306927.6548405
1776306930.6580334 1776306960.039353
1776306969.0476806 1776306994.0850313
1776307004.0952299 1776307027.7073812
1776307032.7103362 1776307063.6582544
1776307064.6593997 1776307095.1383011
1776307105.146335 1776307126.8938448
1776307133.9009867 1776307164.900906
1776307171.9063137 1776307197.185025
1776307204.185406 1776307231.0977862
1776307241.107956 1776307263.5098393
1776307266.5129724 1776307298.8773274
1776307304.8835115 1776307330.4894392
1776307332.4915617 1776307360.317097
1776307360.3172493 1776307391.8005817
1776307401.803192 1776307420.916354
1776307422.9185426 1776307458.2832158
1776307468.2933974 1776307496.4714942
1776307497.4720592 1776307524.6960628
1776307529.7012138 1776307560.4898813
1776307567.494827 1776307592.6385705
1776307592.6386747 1776307627.6455843
1776307631.6497006 1776307662.000506
1776307671.006334 1776307694.4791946
1776307701.4863262 1776307733.564763
1776307739.570955 1776307761.5778174
1776307764.5809782 1776307804.4075062
1776307809.4077566 1776307826.0880709
1776307830.0922382 1776307875.684165
1776307876.6853487 1776307908.792722
1776307916.800907 1776307947.6328201
1776307956.641938 1776307986.7941089
1776307994.802265 1776308025.0116313
1776308030.013603 1776308065.1594136
1776308066.1605158 1776308097.9660733
1776308105.9742622 1776308131.3195114
1776308140.3286304 1776308181.026544
1776308190.0343986 1776308221.1871226
1776308224.1875112 1776308261.1053424
1776308267.111528 1776308300.2569714
1776308309.2643383 1776308328.6057072
