1776304821.7395997 1776304860.364584
1776304861.365818 1776304901.0014126
1776304904.00454 1776304923.9907537
1776304924.9921398 1776304963.1812847
1776304973.1914792 1776304995.5754192
1776304999.5795345 1776305029.0600655
1776305030.061246 1776305061.2852693
1776305066.2904425 1776305092.437941
1776305100.4460754 1776305124.8657146
1776305132.8739064 1776305149.7010067
1776305153.705188 1776305192.8527846
1776305202.8623352 1776305225.9392517
1776305227.941396 1776305261.2728205
1776305261.272957 1776305292.4873388
1776305292.4874184 1776305331.8653338
1776305340.8745291 1776305368.7296538
1776305371.7311673 1776305391.460323
1776305392.4614685 1776305436.7149765
1776305440.7191594 1776305472.8436239
1776305479.844231 1776305501.8824122
1776305509.8869057 1776305540.1266127
1776305547.133795 1776305569.8037887
1776305569.8038814 1776305601.771088
1776305602.7722745 1776305638.640445
1776305647.6496294 1776305676.7889888
1776305683.7961004 1776305708.347435
1776305714.3493886 1776305741.478549
1776305748.4856665 1776305767.3514183
1776305775.3594303 1776305809.32328
1776305818.3258657 1776305843.010905
1776305849.017095 1776305880.7518978
1776305883.7543416 1776305920.3444495
1776305920.3445947 1776305955.354519
1776305958.357724 1776305985.0943475
1776305991.0983458 1776306024.8547215
1776306027.8579092 1776306063.6641052
1776306073.6717806 1776306098.1345384
1776306098.1346881 1776306132.1510139
1776306138.1572068 1776306167.646711
1776306174.653826 1776306207.6281536
1776306214.6353693 1776306244.85534
1776306245.8564599 1776306274.599385
1776306277.599666 1776306313.3195198
1776306320.3263464 1776306348.524078
1776306353.5259287 1776306388.7016437
1776306396.7097883 1776306415.1430838
1776306425.153319 1776306453.0849228
1776306453.0850568 1776306486.8032012
1776306486.8033028 1776306526.527638
1776306533.5347586 1776306566.7183316
1776306567.7195375 1776306603.2203069
1776306612.2206378 1776306632.2042508
1776306641.2103333 1776306678.807947
1776306686.8161032 1776306710.4276588
1776306720.4344254 1776306751.5418236
1776306757.548012 1776306791.8892138
1776306801.8993258 1776306822.6113122
1776306829.6183505 1776306858.9891577
1776306862.9893486 1776306891.2690945
1776306894.2722418 1776306928.66242
1776306932.666607 1776306957.6978998
1776306958.6990552 1776306990.1830397
1776306995.1881971 1776307028.0003994
1776307028.0005445 1776307055.6029592
1776307064.6121447 1776307095.5088685
1776307105.5190284 1776307125.9123662
1776307131.918502 1776307161.9137244
1776307167.9199421 1776307198.2308393
1776307206.2315474 1776307227.950443
1776307237.958343 1776307258.7855048
1776307260.7863533 1776307297.1148179
1776307303.1152003 1776307329.089793
1776307335.0959415 1776307362.1134593
1776307366.1176462 1776307393.4547057
1776307395.456833 1776307418.881282
1776307418.881422 1776307462.6030416
1776307467.6063411 1776307496.506176
1776307498.5065405 1776307528.4890304
1776307528.4891453 1776307562.86691
1776307569.8703458 1776307597.7800355
1776307598.7811465 1776307626.8300242
1776307630.8341863 1776307659.2519312
1776307666.2590718 1776307696.812286
1776307701.8174038 1776307735.386911
1776307742.3940697 1776307767.57557
1776307770.5787528 1776307793.858868
1776307803.8663356 1776307832.00401
1776307836.0081923 1776307872.9493475
1776307878.9554734 1776307905.6193988
1776307912.6263337 1776307943.8631043
1776307953.8732507 1776307986.2136884
1776307991.215382 1776308023.4419944
1776308029.442348 1776308059.9214582
1776308064.9266016 1776308098.0121684
1776308102.0143552 1776308140.8052337
1776308149.8143625 1776308179.4443774
1776308185.4503658 1776308222.4163036
1776308232.426087 1776308263.2894988
1776308273.2996657 1776308298.1937797
1776308301.1969235 1776308330.394918
