1764406974.682585 1764407013.112955
1764407013.1129768 1764407051.6517363
1764407051.6517537 1764407085.1098604
1764407085.1098843 1764407124.1032643
1764407124.1032822 1764407163.9736574
1764407163.9736817 1764407198.3532615
1764407198.3532789 1764407229.262564
1764407229.2625864 1764407263.916313
1764407263.91633 1764407303.6281781
1764407303.6282032 1764407343.9834774
1764407343.9834998 1764407381.0891113
1764407381.0891328 1764407415.8734274
1764407415.8734457 1764407451.385135
1764407451.385177 1764407486.2552958
1764407486.2553132 1764407518.9972181
1764407518.997244 1764407557.116682
1764407557.1167018 1764407588.3313723
1764407588.3313909 1764407627.4022453
1764407627.4022822 1764407662.4730682
1764407662.4730864 1764407695.7421885
1764407695.7422118 1764407730.969435
1764407730.9694548 1764407766.8349383
1764407766.8349612 1764407802.4637363
1764407802.4637642 1764407841.2505226
1764407841.2505412 1764407867.851288
1764407867.8513124 1764407900.7710125
1764407900.7710314 1764407926.770171
1764407926.7701938 1764407955.8455102
1764407955.845528 1764407992.2598968
1764407992.2599237 1764408029.2213852
1764408029.2214062 1764408074.4838939
1764408074.4839127 1764408106.1960852
1764408106.19611 1764408153.5540998
1764408153.5541248 1764408186.5417469
1764408186.5417643 1764408237.7111561
1764408237.7111802 1764408275.3449917
1764408275.345009 1764408317.3297646
1764408317.3297887 1764408363.298513
1764408363.2985306 1764408408.1689916
1764408408.169017 1764408448.7525358
1764408448.7525537 1764408500.3312116
1764408500.3312366 1764408543.6028683
1764408543.602887 1764408600.914215
1764408600.914241 1764408650.1217296
1764408650.1217449 1764408694.9440222
1764408694.9440396 1764408742.154064
1764408742.1540895 1764408786.9808502
1764408786.980866 1764408830.20859
1764408830.2086146 1764408864.2363782
1764408864.2364025 1764408893.4081705
1764408893.4081903 1764408924.5489151
1764408924.5489368 1764408954.6225445
1764408954.6225648 1764409004.9719076
1764409004.9719334 1764409051.2171533
1764409051.2171712 1764409094.885318
1764409094.885342 1764409126.512696
1764409126.5127132 1764409169.6860027
1764409169.6860273 1764409224.7811368
1764409224.781157 1764409278.3284917
1764409278.3285172 1764409321.3931289
1764409321.3931472 1764409373.1399896
1764409373.1400156 1764409419.0710835
1764409419.0711036 1764409473.0979156
1764409473.0979395 1764409521.5360968
1764409521.5361152 1764409574.0842788
1764409574.0843034 1764409621.3492026
1764409621.3492208 1764409667.3414736
1764409667.3414996 1764409709.0228004
1764409709.0228174 1764409751.761824
1764409751.7618427 1764409794.0425155
1764409794.0425415 1764409848.385324
1764409848.385341 1764409894.9343214
1764409894.934346 1764409943.8519886
1764409943.8520143 1764409983.1345809
1764409983.1346002 1764410022.2083
1764410022.2083192 1764410055.961716
1764410055.9617412 1764410094.1210952
1764410094.1211143 1764410128.1993484
1764410128.19938 1764410161.2736099
1764410161.273628 1764410199.7104654
1764410199.7104912 1764410232.9402554
1764410232.9402738 1764410263.9362504
1764410263.9362848 1764410295.0303044
1764410295.0303242 1764410326.6870577
1764410326.6870835 1764410354.5513773
1764410354.5514016 1764410385.7992418
1764410385.7992601 1764410413.664535
1764410413.6645591 1764410469.2299223
1764410469.2299407 1764410506.4974482
1764410506.4974914 1764410546.9902887
1764410546.9903073 1764410592.1161287
1764410592.1161525 1764410637.2722313
1764410637.2722502 1764410679.4322872
1764410679.4323077 1764410722.0731444
1764410722.0731711 1764410760.755332
1764410760.7553508 1764410807.2000494
1764410807.2000737 1764410843.2855325
1764410843.285551 1764410886.168511
1764410886.1685336 1764410930.3096592
1764410930.3096788 1764410967.9753714
