1764406974.9603727 1764407013.059608
1764407013.0596333 1764407051.658207
1764407051.6582315 1764407090.054551
1764407090.0545897 1764407126.1729302
1764407126.172954 1764407161.7726736
1764407161.7726955 1764407196.9929984
1764407196.9930432 1764407229.1242807
1764407229.1243038 1764407261.467686
1764407261.4677052 1764407301.2034068
1764407301.203432 1764407344.2871418
1764407344.287167 1764407379.7483313
1764407379.7483678 1764407415.786719
1764407415.7867434 1764407450.5349517
1764407450.5349772 1764407485.6267686
1764407485.6267922 1764407518.220811
1764407518.2208426 1764407551.6187012
1764407551.6187232 1764407587.7431197
1764407587.7431457 1764407625.8192716
1764407625.8192909 1764407661.9492958
1764407661.9493215 1764407685.7315674
1764407685.7315907 1764407728.4984157
1764407728.4984405 1764407764.8559263
1764407764.855951 1764407800.52176
1764407800.5217822 1764407840.4096243
1764407840.4096465 1764407864.2567842
1764407864.2568064 1764407897.3391259
1764407897.3391495 1764407927.5748792
1764407927.5749002 1764407955.8276634
1764407955.8276882 1764407992.4451447
1764407992.4451652 1764408029.4706166
1764408029.4706414 1764408073.4233584
1764408073.4233768 1764408104.665932
1764408104.665955 1764408151.2389195
1764408151.2389429 1764408186.3984776
1764408186.398498 1764408236.785644
1764408236.7856667 1764408273.0790162
1764408273.0790408 1764408314.290277
1764408314.2902956 1764408364.8725183
1764408364.8725426 1764408404.662313
1764408404.662339 1764408444.1522949
1764408444.1523252 1764408494.9944427
1764408494.994472 1764408546.5221014
1764408546.5221267 1764408598.4099948
1764408598.4100142 1764408642.6078331
1764408642.607856 1764408691.9976218
1764408691.9976473 1764408739.3381524
1764408739.3381732 1764408785.7516646
1764408785.7516894 1764408829.4113731
1764408829.411422 1764408863.314358
1764408863.3143833 1764408886.7066143
1764408886.7066336 1764408926.098246
1764408926.098273 1764408956.9753783
1764408956.9754038 1764409002.517222
1764409002.5172482 1764409050.70383
1764409050.70385 1764409092.7155166
1764409092.7155418 1764409129.710918
1764409129.7109427 1764409170.5729976
1764409170.5730171 1764409222.4638603
1764409222.4638865 1764409276.4944782
1764409276.4944973 1764409319.7259412
1764409319.725967 1764409374.1103766
1764409374.1103992 1764409418.8872495
1764409418.8872733 1764409468.605825
1764409468.6058505 1764409516.945202
1764409516.945226 1764409568.7211738
1764409568.7211957 1764409613.59953
1764409613.599553 1764409661.131392
1764409661.1314132 1764409703.4094365
1764409703.4094608 1764409753.224639
1764409753.2246656 1764409795.7274187
1764409795.727446 1764409851.7919407
1764409851.7919667 1764409897.5114958
1764409897.511523 1764409942.019392
1764409942.0194108 1764409974.7172623
1764409974.7172825 1764410012.8846838
1764410012.884708 1764410058.5000277
1764410058.5000532 1764410093.2650592
1764410093.265086 1764410128.4734085
1764410128.4734724 1764410161.97473
1764410161.9747567 1764410197.001357
1764410197.0013819 1764410231.082033
1764410231.082055 1764410261.9241326
1764410261.9241598 1764410290.6481571
1764410290.6481826 1764410325.2062762
1764410325.2063022 1764410351.9216466
1764410351.9216702 1764410376.7186728
1764410376.718693 1764410417.9355195
1764410417.9355536 1764410463.3543146
1764410463.354337 1764410504.6365001
1764410504.6365192 1764410549.7549446
1764410549.7549696 1764410591.7663383
1764410591.766358 1764410632.457933
1764410632.4579759 1764410678.3528469
1764410678.3528676 1764410721.4533238
1764410721.4533484 1764410760.015078
1764410760.0150971 1764410797.4584513
1764410797.4584763 1764410836.6449301
1764410836.6449523 1764410885.4694326
1764410885.4694526 1764410927.496693
1764410927.4967172 1764410968.4510486
