1719630402.158401 1719630437.96024
1719630438.1748307 1719630475.3137314
1719630476.1339276 1719630514.9145675
1719630515.713813 1719630549.7574172
1719630550.2246885 1719630590.461247
1719630591.2597444 1719630627.1079564
1719630627.7295 1719630662.856904
1719630663.3694344 1719630700.6585987
1719630701.1256359 1719630730.3569796
1719630730.5778532 1719630754.907247
1719630755.6112714 1719630792.3608027
1719630793.0596914 1719630827.4567988
1719630828.0241692 1719630856.0570893
1719630856.6704538 1719630881.0093849
1719630881.8260386 1719630906.5598488
1719630906.772892 1719630931.8596845
1719630932.321328 1719630952.9575794
1719630953.1136136 1719630982.563547
1719630982.757691 1719631007.3565867
1719631008.0167756 1719631035.6569355
1719631036.1591823 1719631064.5570061
1719631065.1634092 1719631093.761072
1719631094.368967 1719631122.557165
1719631123.2261095 1719631152.2067711
1719631152.756682 1719631179.1617758
1719631180.025169 1719631208.1084867
1719631208.772314 1719631239.656807
1719631240.1217248 1719631275.3567688
1719631275.558254 1719631308.157392
1719631308.42091 1719631341.8568387
1719631342.4213269 1719631378.65749
1719631379.5606523 1719631419.4569256
1719631419.81523 1719631449.4571593
1719631450.1177862 1719631488.0123417
1719631488.2624085 1719631522.3566597
1719631522.6596842 1719631557.8622572
1719631558.7199886 1719631589.5569725
1719631589.771927 1719631614.8584497
1719631615.6708012 1719631655.9644518
1719631656.1223743 1719631686.159094
1719631686.822463 1719631714.0140836
1719631714.7295225 1719631742.057179
1719631742.7276456 1719631772.9579372
1719631773.614868 1719631807.1569722
1719631807.6568396 1719631834.2066076
1719631834.8752759 1719631860.8096218
1719631861.5329058 1719631890.7649918
1719631891.6622036 1719631928.6584218
1719631929.4087465 1719631960.7616653
1719631961.6654277 1719631994.8599355
1719631995.3222847 1719632035.6065936
1719632036.4203732 1719632066.3619065
1719632067.1759813 1719632097.4610295
1719632098.0072796 1719632132.356925
1719632132.6204615 1719632167.7576902
1719632168.523595 1719632196.856895
1719632197.5283978 1719632225.9602647
1719632226.5758712 1719632260.357661
1719632260.9705973 1719632290.358973
1719632290.7643366 1719632319.2097938
1719632319.8734825 1719632346.0088928
1719632346.5281487 1719632376.7604337
1719632377.5145085 1719632403.0567727
1719632403.7235687 1719632442.7069967
1719632443.1071105 1719632473.957226
1719632474.5148208 1719632494.7567396
1719632495.370719 1719632523.0091538
1719632523.8113132 1719632556.970008
1719632557.7122684 1719632597.0584393
1719632597.970526 1719632625.1572392
1719632625.4744303 1719632650.6118374
1719632651.0822382 1719632681.7084262
1719632682.413363 1719632709.1086192
1719632709.7580476 1719632742.3566248
1719632742.709927 1719632763.6099253
1719632764.0741818 1719632794.0127578
1719632794.8700802 1719632822.5581934
1719632823.2167404 1719632850.3608677
1719632851.3146236 1719632884.5571778
1719632884.6263747 1719632904.759305
1719632904.9083986 1719632936.8568096
1719632937.358993 1719632965.456922
1719632966.1249936 1719632997.3068275
1719632997.6691792 1719633030.0585923
1719633030.6804833 1719633062.7072177
1719633063.4126253 1719633094.3566577
1719633094.9218907 1719633124.656768
1719633125.221026 1719633158.5616372
1719633159.3094916 1719633190.906544
1719633191.6087494 1719633224.9567516
1719633225.4569337 1719633249.561783
1719633250.2748258 1719633274.0567648
1719633274.6632092 1719633303.4624264
1719633304.2200072 1719633335.5586603
1719633336.230477 1719633365.008647
1719633365.774917 1719633392.258755
1719633392.967353 1719633429.0577967
1719633429.5171435 1719633459.6611667
1719633460.4698315 1719633476.8624597
1719633477.0207238 1719633506.8567085
1719633507.3250802 1719633533.010208
1719633533.728395 1719633560.5066738
1719633560.9118347 1719633592.7570684
1719633593.3687873 1719633617.5617256
1719633618.225903 1719633648.659911
1719633649.5117407 1719633672.606554
1719633673.2676334 1719633703.0600169
1719633703.7153575 1719633732.608229
1719633733.3739789 1719633765.8087797
1719633766.657872 1719633796.358584
1719633797.1129177 1719633827.8569224
1719633828.4216204 1719633854.356823
1719633854.8729758 1719633888.3623405
1719633889.1122518 1719633920.057026
1719633920.5205085 1719633950.5072825
1719633951.2094822 1719633980.157202
1719633980.710839 1719634009.060034
1719634009.727811 1719634040.4069939
1719634041.0743613 1719634072.0590515
1719634072.6169412 1719634111.709737
1719634111.9137285 1719634140.1570892
1719634140.7652998 1719634171.710583
1719634172.4213042 1719634196.1616046
1719634196.8224437 1719634221.0083234
1719634221.4224272 1719634253.760386
1719634254.2169518 1719634282.6072679
1719634283.2640343 1719634307.2068703
1719634307.8672564 1719634340.6092257
1719634341.3627453 1719634371.5566177
1719634371.877441 1719634405.9611194
1719634406.4310226 1719634435.3610206
1719634436.0769203 1719634468.156616
1719634468.5188398 1719634504.357604
1719634505.009838 1719634546.5578878
1719634547.3622205 1719634570.1609337
1719634570.9659944 1719634591.660768
1719634592.5087407 1719634620.2132077
1719634620.9624848 1719634652.5604775
1719634653.4077437 1719634678.2609863
1719634679.0182137 1719634708.9564872
1719634709.273535 1719634739.156631
1719634739.2795217 1719634774.3065886
1719634774.869572 1719634808.9604542
1719634809.718758 1719634838.2576492
1719634838.616285 1719634870.4094303
1719634870.6213517 1719634901.1567948
1719634901.823036 1719634936.1069815
1719634936.5156827 1719634975.158257
1719634975.919418 1719635003.9620497
1719635004.5662863 1719635037.8070168
1719635037.9214985 1719635068.1567805
1719635068.6093152 1719635098.9082966
1719635099.1746418 1719635128.0592651
1719635128.4184158 1719635166.7605453
1719635167.7252872 1719635189.7566607
1719635190.1632812 1719635221.8620203
1719635222.6142848 1719635253.358422
1719635254.0188468 1719635283.5168831
1719635284.2666426 1719635313.9576516
1719635314.2233994 1719635344.0622063
1719635344.7174954 1719635373.2567477
1719635373.626328 1719635405.6069124
1719635406.1651318 1719635433.508738
1719635434.2651093 1719635459.960656
1719635460.5740697 1719635487.377305
1719635488.067808 1719635511.6069486
1719635512.2651253 1719635540.261847
1719635541.0100765 1719635570.2622435
1719635570.709351 1719635597.9590085
1719635598.5068905 1719635629.1567655
1719635629.7083864 1719635656.40949
1719635657.070784 1719635684.05709
1719635684.612646 1719635709.609705
1719635710.3193672 1719635742.1093333
1719635742.7226586 1719635768.8566287
1719635769.4674876 1719635798.2065988
1719635798.9710405 1719635822.459321
1719635823.1686962 1719635851.0566223
1719635851.6686876 1719635884.2568774
1719635884.9278092 1719635910.2066631
1719635910.9660044 1719635940.3589628
1719635940.7259965 1719635970.0569308
1719635970.3626103 1719635994.0619097
1719635994.924384 1719636028.0573342
1719636028.4688783 1719636057.9567177
1719636058.1651628 1719636089.6616583
1719636090.2571003 1719636109.4582508
1719636110.0579348 1719636143.8579686
1719636144.5124018 1719636171.1567395
1719636171.461898 1719636192.8590963
1719636193.563594 1719636225.756614
1719636226.4189062 1719636245.909376
1719636246.6679616 1719636278.0567012
1719636278.6209168 1719636309.656847
1719636310.411882 1719636347.7584848
1719636348.763116 1719636380.4098501
1719636380.7782385 1719636416.76199
1719636417.4206276 1719636446.9590397
1719636447.5294771 1719636475.8569596
1719636476.1229935 1719636510.0566895
1719636510.3282545 1719636544.509845
1719636545.269904 1719636579.0568867
1719636579.569775 1719636608.706901
1719636609.3243113 1719636648.6585503
1719636649.4715674 1719636683.1600382
1719636684.021822 1719636716.358667
1719636717.214669 1719636749.8106334
1719636749.967503 1719636784.2565699
1719636784.5248852 1719636818.2066247
1719636818.5075138 1719636845.9094477
1719636846.620991 1719636880.85853
1719636881.668523 1719636905.1121645
1719636905.2268775 1719636938.4567728
1719636939.1681118 1719636964.2569776
1719636964.76882 1719636994.6568048
1719636994.860343 1719637024.2583776
1719637025.006961 1719637052.2070916
1719637052.5068624 1719637081.80846
1719637081.9626553 1719637107.1093483
1719637107.967013 1719637130.162046
1719637130.9198759 1719637157.7600203
1719637157.969957 1719637195.86063
1719637196.7599125 1719637227.1569695
1719637227.6665113 1719637263.0609643
1719637263.7676888 1719637287.9626505
1719637288.718543 1719637318.9603994
1719637319.4672248 1719637345.060536
1719637345.7094712 1719637375.9070942
1719637376.078711 1719637403.2069461
1719637403.8140337 1719637430.1590047
1719637430.4645994 1719637462.6612155
1719637463.4689684 1719637494.511726
1719637495.2136014 1719637524.4566464
1719637525.0705109 1719637553.3065317
1719637553.865219 1719637596.356867
1719637596.8689988 1719637622.6566248
1719637623.2075214 1719637646.7567704
1719637647.2733727 1719637686.6066375
1719637687.0138292 1719637716.5569003
1719637717.1200497 1719637758.7585578
1719637759.2673178 1719637783.6618521
1719637784.3092453 1719637819.21014
1719637819.9244442 1719637852.0065892
1719637852.425831 1719637886.46037
1719637887.0635898 1719637916.2567008
1719637916.774458 1719637944.559323
1719637945.4093258 1719637969.6619842
1719637970.5162601 1719638000.3105505
1719638000.96183 1719638031.6572435
1719638032.2154698 1719638064.258578
1719638065.1122708 1719638092.3611178
1719638092.9606662 1719638120.9591925
1719638121.6736195 1719638149.7071877
1719638149.9784493 1719638177.410891
1719638178.1092708 1719638211.558653
1719638212.38074 1719638236.4583197
1719638237.2687225 1719638271.758502
1719638272.4648926 1719638301.3589213
1719638301.724316 1719638341.7068105
1719638342.0664597 1719638367.4608228
1719638368.2184289 1719638399.5588663
1719638400.056739 1719638430.5622554
1719638431.2768102 1719638450.8566482
1719638451.317069 1719638480.6567202
1719638481.1777933 1719638507.1568708
1719638507.808716 1719638535.8606822
1719638536.6140661 1719638559.3626716
1719638560.1206093 1719638586.9586143
1719638587.5721111 1719638616.209118
1719638617.0131927 1719638645.8611922
1719638646.465332 1719638671.1614223
1719638671.8712504 1719638697.8620892
1719638698.6589713 1719638726.2625136
1719638726.860289 1719638763.7565563
1719638764.1639624 1719638788.3094862
1719638789.114957 1719638811.1619546
1719638811.9155931 1719638839.956868
1719638840.4174094 1719638867.8100579
1719638868.4208045 1719638900.2572303
1719638900.825328 1719638927.2571573
1719638927.7164655 1719638952.7567048
1719638953.2245305 1719638982.3576279
1719638982.56686 1719639012.9101706
1719639013.4089336 1719639045.411906
1719639045.478915 1719639071.707092
1719639072.3757737 1719639102.30694
1719639102.4656637 1719639133.7099981
1719639134.4726143 1719639172.056813
1719639172.7086942 1719639200.5617254
1719639201.0091066 1719639234.2591066
1719639234.7175424 1719639265.756911
1719639266.5783453 1719639295.8568308
1719639296.5086045 1719639328.4089918
1719639329.0694196 1719639360.9611018
1719639361.3299487 1719639394.456979
1719639394.8200457 1719639426.3567727
1719639426.961549 1719639453.2604437
1719639453.9757342 1719639494.157126
1719639494.6125116 1719639524.4571013
1719639524.7798734 1719639565.6590443
1719639565.9300451 1719639601.5569375
1719639601.9131749 1719639644.9567997
1719639645.5600893 1719639677.5612183
1719639678.4173226 1719639709.5569785
1719639710.1617453 1719639738.6604452
1719639739.221695 1719639775.0099888
1719639775.760001 1719639808.4569135
1719639808.8618932 1719639841.5070276
1719639841.5807517 1719639871.8598747
1719639872.1631434 1719639900.9573824
1719639901.716061 1719639928.3590288
1719639928.8276753 1719639958.3593717
1719639959.2252011 1719639996.7566993
1719639997.211066 1719640027.3090782
1719640027.8288212 1719640067.256712
1719640067.8298793 1719640095.40667
1719640095.8185892 1719640128.2566812
1719640128.9648852 1719640152.7082605
1719640153.2780507 1719640181.5612078
1719640182.3588257 1719640214.8567555
1719640215.5714064 1719640243.156486
1719640243.8588736 1719640269.9567273
1719640270.0660348 1719640299.209065
1719640299.5198307 1719640328.760804
1719640329.5107782 1719640362.31027
1719640363.0719616 1719640387.160483
1719640387.9111774 1719640421.213544
1719640421.9723916 1719640448.7091353
1719640449.3604763 1719640479.4565148
1719640479.7176878 1719640506.8618023
1719640507.466212 1719640543.6611474
1719640544.1742232 1719640575.4565241
1719640575.720105 1719640611.4582114
1719640612.259469 1719640635.4602594
1719640636.2727673 1719640664.2622883
1719640664.9225204 1719640694.7613862
1719640695.4119856 1719640722.6566412
1719640723.1615398 1719640755.8091748
1719640756.5583644 1719640791.7597334
1719640792.2100224 1719640818.5609329
1719640819.419531 1719640853.2576518
1719640853.7130275 1719640873.359193
1719640873.6182575 1719640901.9099925
1719640902.7568908 1719640931.7565956
1719640932.2618325 1719640959.5069532
1719640960.0621078 1719640982.5567741
1719640982.9699042 1719641012.0626447
1719641012.8112276 1719641042.756625
1719641043.1107962 1719641071.8614297
1719641072.362207 1719641093.5612538
1719641094.2598233 1719641120.556735
1719641121.262896 1719641145.510449
1719641146.4097087 1719641173.061734
1719641173.775144 1719641201.7622182
1719641202.568804 1719641228.9625242
1719641229.6714058 1719641269.3565335
1719641270.0112793 1719641297.2584734
1719641297.8607264 1719641329.156532
1719641329.8185158 1719641360.214234
1719641360.970341 1719641393.0088587
1719641393.720644 1719641434.2604768
1719641434.9256117 1719641468.1571894
1719641468.6807077 1719641503.1567385
1719641503.81784 1719641539.3605657
1719641540.0669541 1719641569.1604512
1719641569.8082242 1719641606.0580063
1719641606.8139935 1719641629.4624584
1719641630.2683845 1719641656.756646
1719641657.413087 1719641680.2592113
1719641680.817416 1719641704.9068396
1719641705.0658891 1719641733.4609787
1719641734.1770978 1719641761.3092852
1719641762.12444 1719641789.306716
1719641789.4613934 1719641818.3094177
1719641818.9735975 1719641847.058872
1719641847.656637 1719641871.1567254
1719641871.7708235 1719641897.1092644
1719641898.0652027 1719641919.2589014
1719641919.67062 1719641949.211909
1719641950.1074662 1719641977.257697
1719641977.8199673 1719642002.6605904
1719642003.4190106 1719642036.5081782
1719642037.0735745 1719642069.4567204
1719642070.0764053 1719642107.9065893
1719642108.570554 1719642139.7610097
1719642140.5641074 1719642171.2603374
1719642171.6730444 1719642210.5566468
1719642211.2220163 1719642237.6614969
1719642237.9163198 1719642267.2074053
1719642267.5614634 1719642294.9092507
1719642295.315299 1719642328.0567038
1719642328.8188844 1719642353.7580984
1719642354.3324976 1719642375.5655198
1719642376.2609937 1719642403.9626052
1719642404.7634597 1719642447.7566552
1719642448.5189447 1719642481.2106667
1719642482.0164201 1719642508.261134
1719642508.92983 1719642539.0582924
1719642539.5215425 1719642579.0068145
1719642579.1725802 1719642615.9069805
1719642616.5627313 1719642656.5565617
1719642657.064461 1719642692.7580385
1719642693.4743824 1719642725.5167365
1719642726.263886 1719642755.7091072
1719642756.461352 1719642788.3618953
1719642789.0768673 1719642822.210213
1719642823.0102634 1719642864.7564468
1719642865.4205878 1719642896.906492
1719642897.1744924 1719642932.1565413
1719642932.8659854 1719642957.7087789
1719642958.4739573 1719642988.0626667
1719642988.7698112 1719643017.5602214
1719643018.2232633 1719643051.3069112
1719643051.4724658 1719643088.661293
1719643089.5187807 1719643119.7589962
1719643120.0168595 1719643153.358201
1719643153.9760487 1719643186.1569831
1719643186.9194598 1719643219.168974
1719643219.9641614 1719643249.656595
1719643249.9731462 1719643275.7597191
1719643276.2087138 1719643309.7569106
1719643310.3649487 1719643336.7565138
1719643336.8582094 1719643365.5565703
1719643365.9674828 1719643398.4613373
1719643399.0070126 1719643425.8625672
1719643426.67146 1719643451.9096167
1719643452.4265726 1719643481.6607907
1719643482.4127386 1719643513.2070293
1719643513.8626945 1719643547.1565478
1719643547.756556 1719643571.8568594
1719643572.3731773 1719643595.9568126
1719643596.2669265 1719643623.8131955
1719643624.5595367 1719643652.9582539
1719643653.7335854 1719643681.3567812
1719643682.0150728 1719643712.557412
1719643713.2660816 1719643738.5570843
1719643738.9179852 1719643761.7569578
1719643762.2666593 1719643793.061519
1719643793.7252748 1719643822.0611238
1719643822.8071437 1719643845.756536
1719643846.267811 1719643878.556831
1719643879.260995 1719643912.4578655
1719643913.2173147 1719643941.4588187
1719643942.1148818 1719643967.060332
1719643967.3579075 1719643992.5069227
1719643993.2090962 1719644024.0617774
1719644024.807037 1719644046.8620956
1719644047.5691617 1719644080.509184
1719644081.1196804 1719644117.356721
1719644117.9708376 1719644143.2595668
1719644143.7747104 1719644172.8071485
1719644173.3620257 1719644202.9605596
1719644203.6593525 1719644228.3659134
1719644228.9210207 1719644262.406574
1719644262.958559 1719644290.0085943
1719644290.8628623 1719644317.7087932
1719644318.2659898 1719644351.156799
1719644351.7613497 1719644378.461316
1719644379.1745114 1719644410.3567214
1719644410.6221843 1719644440.75944
1719644441.3244636 1719644477.7581913
1719644478.560009 1719644500.5612075
1719644501.224901 1719644527.1069188
1719644527.8084347 1719644562.9626231
1719644563.7264884 1719644599.8565483
1719644600.0808904 1719644627.5571733
1719644628.2655568 1719644656.808521
1719644657.319565 1719644693.056785
1719644693.6191797 1719644730.658344
1719644731.4265254 1719644760.1570718
1719644760.3228216 1719644789.256703
1719644789.5196836 1719644822.0588894
1719644822.708928 1719644852.358631
1719644853.0786374 1719644884.4083965
1719644885.0109282 1719644916.3129344
1719644917.011798 1719644947.3566062
1719644947.9099767 1719644979.7570038
1719644980.1784437 1719645011.3591247
1719645011.519921 1719645038.0092523
1719645038.774453 1719645077.9586458
1719645078.4594274 1719645107.80665
1719645108.3676984 1719645137.8101616
1719645138.4718628 1719645176.059701
1719645176.7642999 1719645202.1566818
1719645202.4659698 1719645236.456771
1719645236.9822407 1719645271.1617618
1719645271.9164433 1719645300.1590173
1719645300.7585554 1719645331.7567768
1719645332.3690917 1719645361.6069946
1719645362.2691433 1719645389.508232
1719645390.158257 1719645426.7066474
1719645427.3768682 1719645455.1567423
1719645455.5251849 1719645483.206666
1719645483.8675885 1719645505.7092857
1719645506.4133234 1719645537.7566004
1719645538.0633636 1719645561.5570245
1719645562.0113013 1719645587.7613502
1719645588.381529 1719645613.9568062
1719645614.2200563 1719645639.1604965
1719645640.017487 1719645665.5584104
1719645665.8129141 1719645693.3565116
1719645693.8206825 1719645731.7567632
1719645732.518397 1719645756.959038
1719645757.6683967 1719645785.6605296
1719645786.3137918 1719645814.3581643
1719645815.0219991 1719645841.461983
1719645842.232636 1719645873.4641833
1719645873.6706161 1719645904.1105413
1719645904.7826338 1719645938.156894
1719645938.516303 1719645974.9596696
1719645975.0245304 1719646002.8565986
1719646003.5118659 1719646033.5565665
1719646034.2109065 1719646061.0092998
1719646061.4698074 1719646089.5569317
1719646089.8297014 1719646118.4105513
1719646119.227623 1719646152.6566813
1719646153.1168537 1719646180.8069656
1719646181.1180148 1719646214.3094444
1719646214.9621382 1719646241.1568294
1719646241.7218091 1719646274.0569093
1719646274.5679567 1719646304.556691
1719646305.076657 1719646330.9066606
1719646331.5174725 1719646355.6683395
1719646356.4655368 1719646387.959079
1719646388.5773551 1719646415.5099778
1719646416.2177694 1719646446.6567109
1719646446.9212418 1719646474.6589222
1719646475.31233 1719646513.6566155
1719646514.022814 1719646552.6584144
1719646553.3640532 1719646579.2091334
1719646579.8634574 1719646610.9567852
1719646611.4692063 1719646641.0100598
1719646641.6590886 1719646670.358513
1719646671.0719197 1719646707.6066582
1719646708.2219296 1719646730.7611341
1719646731.5644786 1719646756.8567777
1719646757.4179437 1719646786.7578402
1719646787.4129922 1719646815.0590055
1719646815.42475 1719646849.609473
1719646850.4142861 1719646878.0095096
1719646878.7213948 1719646898.1089826
1719646898.372003 1719646938.760108
1719646939.408331 1719646972.8065124
1719646973.5116382 1719647002.256763
1719647002.7644112 1719647032.5611691
1719647033.3169498 1719647064.006805
1719647064.3720667 1719647091.806889
1719647092.4242966 1719647129.2105846
1719647130.011832 1719647165.0606487
1719647165.5712476 1719647198.0126987
1719647198.6704814 1719647231.7586267
1719647232.3168135 1719647269.7567747
1719647270.278029 1719647301.5625591
1719647302.2637625 1719647337.6123216
1719647338.4606402 1719647365.009843
1719647365.761945 1719647401.9066708
1719647402.2184074 1719647439.7594476
1719647440.5197823 1719647466.6099486
1719647467.366542 1719647499.9598782
1719647500.713019 1719647535.15824
1719647535.8685226 1719647562.713911
1719647563.4699848 1719647599.456707
1719647599.8647983 1719647624.2598598
1719647624.9154897 1719647659.9579873
1719647660.5629778 1719647688.7566915
1719647689.409454 1719647720.6109793
1719647720.8262553 1719647754.9621906
1719647756.0604897 1719647788.459982
1719647789.2702594 1719647813.8616226
1719647814.6668909 1719647848.9579997
1719647849.16527 1719647882.1605847
1719647882.8699214 1719647918.6067555
1719647919.2670856 1719647944.2567065
1719647944.9618723 1719647969.9069457
1719647970.572208 1719647993.7580845
1719647994.2158632 1719648016.2579925
1719648016.4662173 1719648040.1099234
1719648040.8623252 1719648070.5567007
1719648071.2208028 1719648099.9100957
1719648100.713981 1719648132.7566915
1719648133.4111292 1719648162.560802
1719648163.2108924 1719648196.4066064
1719648196.8197768 1719648228.5088305
1719648229.0583107 1719648259.1074336
1719648259.6598244 1719648294.856691
1719648295.4101446 1719648321.8621967
1719648322.7100189 1719648347.2568185
1719648347.461038 1719648378.7602873
1719648379.509072 1719648406.5650575
1719648406.710383 1719648435.3068147
1719648436.0681374 1719648457.258346
1719648457.8194578 1719648480.0568702
1719648480.67323 1719648512.4071937
1719648512.972685 1719648540.058969
1719648540.6287997 1719648574.356881
1719648575.01644 1719648600.062178
1719648600.3200476 1719648631.7568202
1719648632.220735 1719648661.1611779
1719648661.4804003 1719648688.8104374
1719648689.5153804 1719648716.0567517
1719648716.7213724 1719648749.8590584
1719648750.4758503 1719648775.4573476
1719648776.0229883 1719648811.8565679
1719648812.6606853 1719648843.358252
1719648844.267245 1719648882.2065494
1719648883.0181072 1719648919.057206
1719648919.96888 1719648953.0571601
1719648953.5261543 1719648982.3067858
1719648983.0175302 1719649013.1069305
1719649013.9712553 1719649043.7087383
1719649044.668633 1719649079.5583818
1719649080.7118413 1719649114.9567053
1719649115.7620301 1719649142.656724
1719649143.4180646 1719649166.0568123
1719649166.5661845 1719649196.2066216
1719649196.764557 1719649228.956544
1719649229.820328 1719649260.4095607
1719649261.1181216 1719649284.5083535
1719649285.0206137 1719649318.6585371
1719649319.2683706 1719649343.6580143
1719649344.1721694 1719649373.3586268
1719649374.2786496 1719649406.1590955
1719649406.3104222 1719649438.0582905
1719649439.1144412 1719649467.3580627
1719649468.362975 1719649502.6568155
1719649503.5294886 1719649535.106636
1719649536.0112448 1719649562.3569007
1719649563.268363 1719649602.3069212
1719649602.9224555 1719649628.5568447
1719649629.216805 1719649664.6068277
1719649665.3741636 1719649698.806564
1719649699.5653374 1719649734.8106751
1719649735.7727728 1719649763.2066517
1719649764.1244352 1719649797.2582774
1719649798.108988 1719649824.6099458
1719649825.621556 1719649847.161399
1719649848.3163786 1719649878.3102996
1719649879.3738277 1719649903.156738
1719649904.016344 1719649926.8567257
1719649927.5152607 1719649955.9183023
1719649956.9156923 1719649992.6568222
1719649993.6223207 1719650029.206981
1719650029.8139303 1719650052.9569128
1719650053.5728364 1719650090.2609367
1719650091.3159392 1719650129.2616847
1719650130.2636762 1719650168.50663
1719650169.426297 1719650200.30727
1719650201.175824 1719650235.2567966
1719650236.2775586 1719650275.8065488
1719650276.719579 1719650307.458227
1719650308.1205456 1719650346.3108137
1719650346.5096233 1719650381.9069123
1719650382.9168236 1719650416.110384
1719650416.7759972 1719650445.8580186
1719650446.5715048 1719650486.1095655
1719650487.174373 1719650516.2106404
1719650517.3218725 1719650541.0584264
1719650542.023045 1719650572.9088335
1719650574.1124246 1719650606.7583869
1719650607.7649002 1719650646.6067715
1719650647.269907 1719650682.656926
1719650683.6069407 1719650709.3609557
1719650710.0217068 1719650754.5584464
1719650754.716901 1719650792.4588223
1719650793.263425 1719650821.9620936
1719650822.8198755 1719650861.0085552
1719650861.8140903 1719650896.8087187
1719650897.6164186 1719650923.9090672
1719650925.0160327 1719650953.5577362
1719650954.474311 1719650989.9096653
1719650990.7728229 1719651023.3101869
1719651023.9584773 1719651054.0567422
1719651055.0155408 1719651088.2593691
1719651089.1747499 1719651116.9068897
1719651117.8675106 1719651154.558905
1719651155.4253995 1719651181.1584675
1719651182.0567944 1719651211.1566455
1719651211.9096947 1719651247.9585695
1719651248.9192696 1719651277.0064812
1719651277.8741589 1719651308.4084837
1719651309.3105147 1719651337.8585331
1719651338.8187366 1719651374.508142
1719651375.222492 1719651399.0069401
1719651399.9629977 1719651431.461316
1719651432.3153343 1719651463.7566934
1719651464.620848 1719651499.3650165
1719651500.3627286 1719651533.8566976
1719651534.7183158 1719651576.1566768
1719651576.463102 1719651605.6566932
1719651606.4208722 1719651638.6579719
1719651639.5610158 1719651677.656814
1719651678.458011 1719651706.2589724
1719651706.9285834 1719651739.5065982
1719651740.218695 1719651772.8085728
1719651773.6134853 1719651806.1097848
1719651807.1078155 1719651839.813156
1719651840.8640738 1719651866.5065439
1719651867.316924 1719651901.2612023
1719651902.223357 1719651928.256789
1719651929.059314 1719651960.007065
1719651960.6092153 1719651991.8087432
1719651992.9677677 1719652020.857104
1719652021.7226272 1719652050.1608114
1719652051.165385 1719652084.2066379
1719652085.1112125 1719652114.462275
1719652115.42583 1719652149.5588984
1719652150.4587238 1719652181.1099882
1719652182.211794 1719652221.308473
1719652222.368569 1719652251.256618
1719652252.157128 1719652277.0591812
1719652277.672506 1719652305.565821
1719652305.6605918 1719652340.106907
1719652340.7690883 1719652362.2568207
1719652363.0777917 1719652389.906901
1719652390.615023 1719652417.9096065
1719652418.27192 1719652452.1569934
1719652453.0689836 1719652484.456747
1719652485.1674361 1719652505.9087694
1719652506.8081012 1719652529.6068935
1719652530.017839 1719652562.5566483
1719652563.5170112 1719652589.8571615
1719652590.40956 1719652619.7591505
1719652620.5080283 1719652654.662037
1719652655.6631005 1719652691.756601
1719652692.61125 1719652723.456599
1719652724.3257263 1719652761.2580726
1719652762.216304 1719652793.4566991
1719652794.4620163 1719652823.7582483
1719652824.7204213 1719652861.8566985
1719652862.677513 1719652892.5620303
1719652893.5616817 1719652917.6605353
1719652918.5203178 1719652949.706549
1719652950.4670699 1719652981.9588919
1719652982.8159583 1719653020.1613626
1719653021.2111719 1719653050.65862
1719653051.6102986 1719653076.5612419
1719653077.5221443 1719653107.5568976
1719653108.566578 1719653133.6578994
1719653134.812934 1719653160.2613707
1719653161.3176365 1719653185.360783
1719653186.3631094 1719653210.608308
1719653211.4701145 1719653249.7567732
1719653250.6654336 1719653277.3574023
1719653278.2686307 1719653310.758173
1719653311.8661537 1719653343.256676
1719653343.520056 1719653384.659359
1719653384.725306 1719653409.7610717
1719653410.8183908 1719653446.10808
1719653447.0116925 1719653482.3610191
1719653483.224935 1719653513.906669
1719653514.522686 1719653542.3087788
1719653543.0725613 1719653573.4566877
1719653574.3665087 1719653602.9066482
1719653603.7703621 1719653626.7093816
1719653627.6615777 1719653651.256665
1719653651.3753695 1719653680.2611706
1719653681.26229 1719653707.9584346
1719653708.778646 1719653736.4566274
1719653737.020735 1719653764.7100434
1719653765.719047 1719653788.7566748
1719653789.67185 1719653822.006675
1719653822.9070125 1719653843.8086224
1719653844.716519 1719653879.8567395
1719653880.7762473 1719653907.506633
1719653908.3217416 1719653935.7131913
1719653936.7205195 1719653978.7566977
1719653979.7708328 1719654002.008983
1719654002.6765423 1719654032.4569027
1719654033.2603757 1719654068.5080903
1719654069.4655242 1719654093.7567992
1719654094.5687323 1719654135.157239
1719654136.2096891 1719654159.2607353
1719654160.4191217 1719654196.2579648
1719654197.1619546 1719654224.9579566
1719654225.9079533 1719654259.3568308
1719654260.3083897 1719654286.3566215
1719654287.2744625 1719654310.913605
1719654311.8597693 1719654335.5143824
1719654336.5118568 1719654377.256759
1719654377.970849 1719654404.7612438
1719654405.7669108 1719654437.161342
1719654438.3164485 1719654463.708098
1719654464.6653156 1719654502.458198
1719654502.91647 1719654535.561589
1719654536.5267785 1719654571.6565363
1719654572.317959 1719654602.9569871
1719654603.025758 1719654634.3569567
1719654635.2100072 1719654655.709114
1719654656.709598 1719654686.8119624
1719654687.8584702 1719654715.2567534
1719654716.2678032 1719654740.8608615
1719654741.723155 1719654765.710826
1719654766.4692895 1719654795.3610609
1719654796.361258 1719654826.8088102
1719654827.7754395 1719654852.806641
1719654853.516018 1719654880.5565784
1719654881.5188675 1719654918.6065445
1719654919.2101543 1719654950.056915
1719654950.770634 1719654974.8083692
1719654975.8184257 1719655008.4567227
1719655009.2170029 1719655046.9658308
1719655047.9569635 1719655085.7566988
1719655086.6069448 1719655113.8094184
1719655114.8217013 1719655153.1580591
1719655154.0065792 1719655183.7607422
1719655184.7211862 1719655211.8567133
1719655212.6155734 1719655244.4605052
1719655244.7130601 1719655283.4081812
1719655284.0172713 1719655312.310599
1719655313.2656074 1719655346.5617151
1719655347.5611823 1719655381.1102302
1719655382.1138537 1719655408.2582998
1719655408.8188117 1719655439.0072207
1719655439.6272225 1719655471.5065975
1719655472.2238233 1719655507.2568026
1719655507.968977 1719655539.506631
1719655540.2718809 1719655571.1090827
1719655572.162193 1719655604.5569162
1719655605.259173 1719655641.6597834
1719655642.0083795 1719655676.2068093
1719655676.3241985 1719655709.109122
1719655709.7727559 1719655742.9623673
1719655744.06414 1719655788.0623531
1719655789.1736286 1719655819.5097122
1719655820.3626468 1719655857.9567597
1719655858.964303 1719655890.7069042
1719655891.3256428 1719655930.5585222
1719655931.467747 1719655958.0065954
1719655958.5618818 1719655993.356814
1719655993.8098254 1719656036.9599514
1719656038.0591857 1719656063.6100202
1719656064.471037 1719656091.4587858
1719656092.4200835 1719656131.4090075
1719656132.4707887 1719656164.8070164
1719656165.425029 1719656199.6066368
1719656200.212486 1719656239.9573925
1719656240.718092 1719656274.6066632
1719656275.619979 1719656307.0567353
1719656307.92549 1719656335.1086903
1719656335.712544 1719656367.9566226
1719656368.674816 1719656393.8566678
1719656394.6605465 1719656423.558342
1719656424.5107226 1719656447.5578167
1719656448.4096112 1719656474.7567694
1719656475.5122123 1719656510.6583312
1719656511.56921 1719656543.456792
1719656544.3203795 1719656580.6567147
1719656581.6071694 1719656600.95863
1719656601.9236426 1719656629.3590493
1719656630.1190548 1719656655.2617817
1719656655.769442 1719656696.259513
1719656697.2743444 1719656725.0083034
1719656726.0125284 1719656749.308727
1719656750.4174075 1719656779.3571596
1719656779.5195324 1719656809.7571802
1719656810.3727508 1719656832.7066371
1719656833.464059 1719656860.010168
1719656860.9708595 1719656891.8612447
1719656892.9696102 1719656919.3096619
1719656920.329462 1719656951.106622
1719656951.8139448 1719656973.36128
1719656974.4630196 1719657001.1589696
1719657001.7621033 1719657032.6566548
1719657033.4722383 1719657081.656854
1719657082.608498 1719657115.856616
1719657116.911282 1719657140.6566536
1719657141.41863 1719657178.806665
1719657179.8083014 1719657214.9609616
1719657215.9582736 1719657240.160672
1719657241.0712008 1719657271.1614802
1719657272.1102974 1719657303.3567934
1719657303.612213 1719657332.8070252
1719657333.4605322 1719657364.1584299
1719657365.1221545 1719657400.8584757
1719657401.8677013 1719657431.158675
1719657431.7166402 1719657458.6582906
1719657459.324663 1719657489.3566067
1719657489.8240933 1719657522.5133996
1719657523.5604029 1719657552.60658
1719657552.970399 1719657578.0605786
1719657579.0223958 1719657607.4589298
1719657608.1088965 1719657641.9092054
1719657642.9154687 1719657676.0069082
1719657676.8090286 1719657716.306567
1719657717.0713687 1719657759.3586545
1719657760.2634206 1719657785.6091316
1719657786.6087086 1719657813.3099358
1719657814.2640235 1719657842.76104
1719657843.7187357 1719657878.5091085
1719657879.667558 1719657911.4065404
1719657912.2154012 1719657958.2572901
1719657959.2108808 1719657991.1066265
1719657991.9129217 1719658028.956655
1719658029.9185133 1719658059.6602716
1719658060.6797636 1719658092.3570516
1719658093.1683605 1719658132.706555
1719658133.5177572 1719658162.8087752
1719658163.7730813 1719658196.5567496
1719658197.2654457 1719658242.7568636
1719658243.0169525 1719658280.1586206
1719658281.1100774 1719658302.8576891
1719658303.7255232 1719658338.8568032
1719658339.617816 1719658371.8605294
1719658372.8612225 1719658414.6066685
1719658414.7597954 1719658443.6566596
1719658444.6196346 1719658482.5583003
1719658483.3644364 1719658510.1066525
1719658510.9732683 1719658550.5094275
1719658551.615986 1719658584.0571065
1719658584.8213813 1719658608.806774
1719658609.560792 1719658640.8589778
1719658641.9074574 1719658673.9567647
1719658674.8624454 1719658708.9588935
1719658709.969927 1719658740.3085415
1719658741.020577 1719658768.8604834
1719658769.7657614 1719658799.9567783
1719658800.816877 1719658832.309613
1719658833.32245 1719658870.358984
1719658871.1615016 1719658895.5068252
1719658896.2575696 1719658930.5588129
1719658931.1659944 1719658966.4623868
1719658967.4743176 1719658997.956892
1719658998.4641263 1719659033.108906
1719659033.4648287 1719659074.0066595
1719659074.8198304 1719659105.8621216
1719659106.6668699 1719659135.80739
1719659136.909453 1719659173.5610278
1719659174.4692307 1719659203.3608317
1719659204.321378 1719659237.0571377
1719659238.0608413 1719659278.3586535
1719659279.4097939 1719659309.4065795
1719659310.1660073 1719659343.9566681
1719659344.8161364 1719659375.9567213
1719659376.575447 1719659410.558944
1719659410.8583329 1719659441.110149
1719659442.1129286 1719659472.0567558
1719659472.8247578 1719659507.260495
1719659508.218856 1719659541.706731
1719659541.7686849 1719659568.4085214
1719659569.2752628 1719659609.2585866
1719659610.3222015 1719659643.9581158
1719659645.0664306 1719659666.8065739
1719659667.5653179 1719659704.558461
1719659705.365639 1719659735.9067614
1719659736.0081854 1719659771.5567162
1719659772.4723573 1719659800.3579543
1719659800.671856 1719659827.0086899
1719659827.8634572 1719659862.1566527
1719659862.857915 1719659887.906823
1719659888.0638993 1719659922.7565708
1719659923.6192386 1719659967.9567568
1719659968.7653067 1719659999.106966
1719659999.9279673 1719660035.3593652
1719660036.5072477 1719660062.3141434
1719660063.275644 1719660095.1087842
1719660096.1097128 1719660128.557128
1719660129.325313 1719660163.9567096
1719660164.5200942 1719660201.6580617
1719660202.313814 1719660229.0589058
1719660229.625646 1719660264.861458
1719660265.572859 1719660302.4580262
1719660302.769248 1719660341.5566676
1719660342.266253 1719660368.656623
1719660369.0230198 1719660400.4569714
1719660401.4637837 1719660434.6566856
1719660435.220354 1719660468.456896
1719660469.173256 1719660508.55672
1719660509.4086719 1719660542.0067759
1719660542.4099987 1719660573.858883
1719660574.2663946 1719660601.4568217
1719660602.4126976 1719660634.5606027
1719660635.5711014 1719660665.857312
1719660666.2715144 1719660691.2087684
1719660692.211466 1719660730.0066035
1719660730.8739657 1719660751.6615493
1719660752.8213363 1719660786.206741
1719660786.6130297 1719660813.9599001
1719660815.0610018 1719660842.4605327
1719660843.6644857 1719660873.2603397
1719660874.1211083 1719660903.8100579
1719660904.7805295 1719660936.3581865
1719660937.3716385 1719660962.2567277
1719660963.0241172 1719660994.1576273
1719660994.9094884 1719661022.60898
1719661023.277515 1719661059.5087106
1719661060.5708144 1719661081.0569358
1719661081.6609035 1719661107.7097087
1719661108.4105942 1719661144.9567
1719661145.7740464 1719661172.2609997
1719661172.8584666 1719661202.7581947
1719661203.109116 1719661241.7569437
1719661242.6742833 1719661267.6066506
1719661268.1679766 1719661299.8096635
1719661300.9165993 1719661342.2568254
1719661343.167192 1719661378.8593235
1719661379.8600094 1719661412.6066194
1719661413.2247863 1719661444.9069676
1719661445.6650696 1719661484.5069108
1719661485.1188984 1719661514.306603
1719661514.7801247 1719661553.5069454
