1766034622.0020392 1766034781.4156966
1766034782.41685 1766035089.5013137
1766035092.504381 1766035444.0908158
1766035452.0916905 1766035565.3476112
1766035573.3556888 1766035921.2391078
1766035924.2421765 1766036222.4514022
1766036222.4514296 1766036510.2737134
1766036517.2807994 1766036587.5800717
1766036591.5828938 1766036924.8715737
1766036926.873649 1766037318.23787
1766037326.2459474 1766037532.522759
1766037541.5318213 1766037792.3039303
1766037795.3069952 1766037978.2024992
1766037984.206883 1766038231.4219625
1766038235.4228811 1766038498.3205328
1766038499.321597 1766038732.5511672
1766038739.5548763 1766039008.7066033
1766039018.716681 1766039145.8959641
1766039153.9028852 1766039427.059919
1766039437.0668926 1766039664.6921287
1766039665.6932013 1766039949.9947948
1766039950.9948926 1766040119.516405
1766040123.5204725 1766040424.669559
1766040426.6716282 1766040729.4574795
1766040733.4615457 1766040902.7373672
1766040911.7464669 1766041089.6288102
1766041090.6298857 1766041366.3249729
1766041367.3260312 1766041607.3717332
1766041611.3758118 1766041824.0269456
1766041826.029019 1766042032.948545
1766042039.954887 1766042260.989114
1766042264.9909332 1766042533.2777164
1766042533.2777457 1766042673.872178
1766042678.8762455 1766042885.2264597
1766042889.2305346 1766043155.0311804
1766043165.0412438 1766043399.8015363
1766043402.8046157 1766043631.6905606
1766043632.69088 1766043853.7308443
1766043862.738895 1766044113.2428548
1766044117.2469392 1766044321.0027323
1766044325.006808 1766044530.3322387
1766044530.3322606 1766044849.4431539
1766044856.4502351 1766045137.805027
1766045138.8060935 1766045320.9490879
1766045324.9531589 1766045540.6976786
1766045541.6987386 1766045755.4039984
1766045763.4120677 1766045996.0834284
1766045996.0834568 1766046220.762419
1766046220.7624478 1766046400.011268
1766046408.0188909 1766046711.5394988
1766046719.5468826 1766046974.0758197
1766046983.082877 1766047158.9041162
1766047165.9108872 1766047432.5694273
1766047436.5735059 1766047569.18559
1766047575.1908872 1766047964.73132
1766047967.734396 1766048158.8676672
1766048165.874739 1766048310.572048
1766048317.5788796 1766048578.1311443
1766048580.133213 1766048828.8064222
1766048835.8134837 1766049008.7633324
1766049012.7674062 1766049288.9845738
1766049298.994649 1766049509.6871479
1766049518.696216 1766049683.9414923
1766049684.9425662 1766049987.1853578
1766049996.1944277 1766050167.9662645
1766050170.9693308 1766050482.6131287
1766050488.6192124 1766050749.9861872
1766050755.9908872 1766051026.0543802
1766051036.0644631 1766051286.7979872
1766051294.8060648 1766051477.654301
1766051481.6548884 1766051717.8707852
1766051719.8728557 1766051875.9718812
1766051877.972936 1766052068.0782487
1766052074.0811095 1766052360.969338
1766052370.9794142 1766052513.1146703
1766052513.114698 1766052820.4842975
1766052822.4863713 1766053029.7869883
1766053030.7878525 1766053245.9217575
1766053246.9228277 1766053384.518771
1766053386.5208502 1766053709.9359663
1766053713.9400413 1766053939.249874
1766053944.2549486 1766054090.777336
1766054091.7783997 1766054360.0826797
1766054364.0867596 1766054677.8998075
1766054685.9069035 1766054990.37686
1766054996.38289 1766055157.752001
1766055167.7620676 1766055401.919612
1766055411.926876 1766055601.727256
1766055607.7333243 1766055822.3671606
1766055823.3682253 1766056146.6438696
1766056150.6479468 1766056342.9845326
1766056350.9908848 1766056652.1223931
1766056657.1274679 1766056932.212817
1766056936.21689 1766057189.5883162
1766057189.588346 1766057475.6115656
1766057484.618885 1766057675.341176
1766057677.3428876 1766057952.862626
1766057954.8646977 1766058228.9872794
1766058232.991377 1766058435.2795892
1766058441.285669 1766058740.4502828
