1762086414.7022088 1762086490.4657137
1762086492.467861 1762086586.9168196
1762086586.91686 1762086689.0760183
1762086696.0831707 1762086770.59247
1762086777.5956862 1762086833.5657773
1762086835.5676744 1762086892.3652105
1762086901.3743372 1762086950.9869943
1762086959.9957647 1762087039.511491
1762087041.513621 1762087124.384854
1762087129.387673 1762087194.271465
1762087198.2756195 1762087260.931888
1762087268.9379556 1762087322.0389235
1762087325.0420535 1762087389.5495243
1762087393.5536623 1762087476.696056
1762087478.6981862 1762087579.9949791
1762087585.9996798 1762087669.2411976
1762087678.2503316 1762087718.7015293
1762087721.7046263 1762087790.4558024
1762087798.4636383 1762087860.0178885
1762087867.0236678 1762087925.108244
1762087925.1082752 1762087992.1460485
1762087992.146071 1762088069.3935776
1762088069.3936062 1762088135.232554
1762088136.2336786 1762088197.4404259
1762088203.443727 1762088260.728484
1762088260.7285092 1762088356.143694
1762088359.1468337 1762088441.166577
1762088445.1707206 1762088485.219809
1762088495.2299361 1762088577.0779936
1762088580.0811274 1762088643.9143462
1762088648.91945 1762088695.5130024
1762088696.513377 1762088748.942348
1762088749.9434779 1762088835.1111836
1762088844.120288 1762088921.8244314
1762088924.8275173 1762089007.739677
1762089016.748769 1762089070.2523222
1762089076.255688 1762089132.0314212
1762089139.0356748 1762089200.8289535
1762089209.8380935 1762089277.044725
1762089279.0468528 1762089341.9040456
1762089344.9071774 1762089405.1557393
1762089410.1608791 1762089473.0195343
1762089477.0236719 1762089562.65219
1762089567.6556938 1762089629.2812238
1762089634.2836776 1762089701.0868518
1762089710.0956697 1762089776.500178
1762089783.5073225 1762089829.230589
1762089834.2356462 1762089881.3000522
1762089881.3000896 1762089929.273202
1762089932.2762682 1762089996.3407292
1762089997.3418453 1762090065.5225534
1762090065.5225847 1762090127.867379
1762090132.8724647 1762090216.5143929
1762090220.515689 1762090288.8970814
1762090295.9042096 1762090366.4997458
1762090371.503694 1762090467.8625221
1762090469.8636184 1762090544.2776606
1762090544.277683 1762090609.4492435
1762090609.449274 1762090675.712015
1762090678.7151487 1762090738.0926533
1762090740.0947413 1762090800.7766566
1762090806.7828019 1762090868.3297694
1762090872.333904 1762090953.2695224
1762090957.2736545 1762091032.9018493
1762091040.9036806 1762091067.1323497
1762091074.1356876 1762091140.5676916
1762091140.5677235 1762091237.9322286
1762091242.9373174 1762091341.6651242
1762091344.667683 1762091429.654838
1762091429.65486 1762091525.6672075
1762091531.6733522 1762091620.0331833
1762091626.039342 1762091704.882296
1762091704.8823225 1762091784.5570455
1762091785.5581365 1762091859.9525928
1762091866.9596949 1762091931.4501088
1762091941.4596574 1762092022.9806159
1762092030.9887495 1762092116.3235693
1762092123.327997 1762092217.8891947
1762092221.8916674 1762092266.5347595
1762092269.5356863 1762092338.9504244
1762092343.9516876 1762092405.4438825
1762092408.4469638 1762092491.23345
1762092493.2355864 1762092571.5210316
1762092581.5277445 1762092670.480768
1762092675.4836397 1762092739.5111566
1762092746.5182843 1762092830.6763709
1762092836.6825073 1762092897.0818646
1762092898.0829847 1762092954.7102067
1762092962.7183237 1762093021.4948936
1762093025.4990144 1762093079.5852058
1762093083.589344 1762093128.6488082
1762093133.6517544 1762093169.3550284
1762093178.3636336 1762093246.4145653
1762093252.4196155 1762093341.1522925
1762093346.157413 1762093409.9766872
1762093409.97672 1762093468.940776
1762093476.947687 1762093539.704765
1762093539.7048163 1762093609.1062171
1762093613.1103573 1762093675.6781297
1762093680.6832674 1762093729.945003
