1756615162.7149017 1756615205.0461433
1756615205.0461767 1756615250.8896809
1756615250.8897028 1756615288.681146
1756615288.6811745 1756615323.787681
1756615323.787719 1756615367.950284
1756615367.9503212 1756615407.6317008
1756615407.6317348 1756615447.0093749
1756615447.0094154 1756615493.9624593
1756615493.9625044 1756615526.9382465
1756615526.9382966 1756615561.5106955
1756615561.5107286 1756615589.5675738
1756615589.567629 1756615624.0381565
1756615624.0381901 1756615657.6542041
1756615657.6542282 1756615696.2377777
1756615696.237816 1756615727.9715037
1756615727.971525 1756615778.4627438
1756615778.4627771 1756615808.0444944
1756615808.0445154 1756615829.3342087
1756615829.3342319 1756615865.1335294
1756615865.133555 1756615908.0303795
1756615908.0304034 1756615948.9087703
1756615948.9088016 1756615990.6833887
1756615990.6834114 1756616031.5843039
1756616031.5843203 1756616068.0136893
1756616068.0137193 1756616105.2864199
1756616105.2864435 1756616143.140259
1756616143.140282 1756616210.3700547
1756616210.370079 1756616256.5263376
1756616256.5263593 1756616303.3047473
1756616303.3047671 1756616330.0197265
1756616330.0197628 1756616357.5367088
1756616357.5367281 1756616414.7575302
1756616414.7575543 1756616462.379544
1756616462.3795755 1756616530.5626197
1756616530.562643 1756616567.4351854
1756616567.435207 1756616599.2362309
1756616599.2362552 1756616631.166951
1756616631.1669712 1756616658.9454718
1756616658.9455087 1756616690.5334756
1756616690.533494 1756616733.0576077
1756616733.0576344 1756616783.901092
1756616783.901116 1756616825.45365
1756616825.4536726 1756616857.33995
1756616857.3399687 1756616884.6666298
1756616884.6666539 1756616920.3874109
1756616920.3874407 1756616962.4749267
1756616962.4749534 1756617005.2733328
1756617005.2733583 1756617039.1057143
1756617039.105736 1756617076.4017115
1756617076.4017296 1756617115.698998
1756617115.6990302 1756617146.5595345
1756617146.5595548 1756617179.7196593
1756617179.719697 1756617212.3134582
1756617212.3134816 1756617240.596728
1756617240.5967572 1756617274.1022189
1756617274.1022508 1756617311.7858598
1756617311.7858865 1756617343.194945
1756617343.1949644 1756617373.3451483
1756617373.345171 1756617411.5590281
1756617411.559054 1756617463.1136065
1756617463.113639 1756617498.5292242
1756617498.5292544 1756617550.9264104
1756617550.9264324 1756617598.3456497
1756617598.3456693 1756617656.3173223
1756617656.3173673 1756617706.0194137
1756617706.019433 1756617736.3085158
1756617736.308542 1756617771.3208168
1756617771.320838 1756617802.285874
1756617802.2858953 1756617837.6332252
1756617837.6332467 1756617873.1378465
1756617873.137877 1756617903.8465543
1756617903.8465831 1756617938.1310885
1756617938.1311092 1756617962.6747036
1756617962.6747367 1756617991.2042584
1756617991.2042902 1756618013.5667922
1756618013.5668116 1756618046.4487622
1756618046.4488006 1756618080.2832015
1756618080.2832239 1756618125.075831
1756618125.0758626 1756618172.3178034
1756618172.3178246 1756618226.0227287
1756618226.022759 1756618266.147759
1756618266.1477835 1756618295.5555594
1756618295.5556161 1756618333.2011642
1756618333.2011847 1756618372.6028087
1756618372.6028318 1756618407.294672
1756618407.2946906 1756618443.970989
1756618443.9710147 1756618497.8871245
1756618497.8871472 1756618546.341195
1756618546.3412175 1756618598.328957
1756618598.3289807 1756618638.1979322
1756618638.1979597 1756618677.6868117
1756618677.6868467 1756618712.0073597
1756618712.0073905 1756618745.7781863
1756618745.7782059 1756618795.8404655
1756618795.8404896 1756618845.3387606
1756618845.3387775 1756618893.8409028
1756618893.8409278 1756618944.5091395
1756618944.509161 1756618991.0789957
1756618991.0790195 1756619047.0160012
1756619047.0160215 1756619090.4060414
