1756615158.4969668 1756615206.5686626
1756615206.5686922 1756615250.484516
1756615250.4845414 1756615287.8369696
1756615287.8370225 1756615327.4920435
1756615327.492066 1756615359.8509345
1756615359.8509593 1756615410.5047936
1756615410.5048206 1756615447.5430868
1756615447.5431101 1756615497.1063018
1756615497.1063278 1756615527.0500667
1756615527.0500982 1756615561.6953826
1756615561.695408 1756615591.3978956
1756615591.39792 1756615624.4638147
1756615624.4638422 1756615660.2485483
1756615660.2485769 1756615699.8638527
1756615699.863873 1756615734.8943677
1756615734.8943927 1756615775.0712178
1756615775.0712385 1756615805.6322439
1756615805.6322734 1756615834.8928046
1756615834.8928292 1756615866.0686865
1756615866.0687122 1756615907.3377736
1756615907.337794 1756615951.1083033
1756615951.1083293 1756615987.8765323
1756615987.8765554 1756616027.7262497
1756616027.7262785 1756616067.0723534
1756616067.0723786 1756616108.1949248
1756616108.19495 1756616143.5262005
1756616143.5262232 1756616212.9547718
1756616212.9547966 1756616254.2595103
1756616254.2595425 1756616301.8886993
1756616301.888723 1756616324.7126713
1756616324.7126908 1756616359.426202
1756616359.4262278 1756616412.1462088
1756616412.1462379 1756616471.918472
1756616471.9184945 1756616532.6521866
1756616532.652208 1756616563.5020723
1756616563.5020983 1756616598.2739162
1756616598.2739394 1756616628.1201434
1756616628.1201653 1756616658.1857061
1756616658.1857328 1756616691.8501136
1756616691.8501394 1756616731.859131
1756616731.859157 1756616783.761445
1756616783.7614713 1756616822.2400906
1756616822.240121 1756616860.9065948
1756616860.9066145 1756616883.3494775
1756616883.3495088 1756616920.5386484
1756616920.5386667 1756616963.3269691
1756616963.3269937 1756617004.9940493
1756617004.9940875 1756617045.757026
1756617045.7570467 1756617079.8673778
1756617079.8674002 1756617120.0820405
1756617120.082067 1756617147.3743837
1756617147.3744047 1756617179.4930434
1756617179.493075 1756617206.323355
1756617206.323379 1756617240.246917
1756617240.2469435 1756617269.1653037
1756617269.1653347 1756617310.1826742
1756617310.1826987 1756617345.068258
1756617345.0682847 1756617376.5144327
1756617376.5144615 1756617413.293706
1756617413.2937474 1756617464.7215583
1756617464.7216 1756617512.5767064
1756617512.5767298 1756617560.3350024
1756617560.3350306 1756617607.6134965
1756617607.6135244 1756617657.96728
1756617657.9673035 1756617709.262683
1756617709.2627082 1756617735.6247182
1756617735.6247406 1756617772.376346
1756617772.3763764 1756617811.7774386
1756617811.7774649 1756617845.9495213
1756617845.9495406 1756617872.8326783
1756617872.8327267 1756617905.1520395
1756617905.1520624 1756617936.717146
1756617936.7171679 1756617965.5122743
1756617965.5123043 1756617989.7706916
1756617989.7707124 1756618018.1461484
1756618018.1461718 1756618051.7589712
1756618051.7589998 1756618088.6248598
1756618088.6248841 1756618128.4978878
1756618128.4979079 1756618183.4473608
1756618183.4473848 1756618225.6973627
1756618225.6973858 1756618262.1408813
1756618262.140927 1756618304.9416227
1756618304.9416509 1756618339.8585715
1756618339.8585985 1756618370.609557
1756618370.6095858 1756618404.7995381
1756618404.7995698 1756618443.2547088
1756618443.2547293 1756618494.6149333
1756618494.6149614 1756618548.0365338
1756618548.03656 1756618598.2516885
1756618598.2517111 1756618638.8796685
1756618638.8796902 1756618683.2865708
1756618683.2865958 1756618709.3616962
1756618709.3617349 1756618737.1295714
1756618737.1295936 1756618794.8468115
1756618794.8468337 1756618846.002861
1756618846.0028887 1756618892.2328773
1756618892.2329035 1756618938.7443213
1756618938.7443488 1756618990.8268197
1756618990.8268428 1756619046.2716682
1756619046.271695 1756619092.9246957
