1764418369.855406 1764418416.5734472
1764418423.5789344 1764418465.9118025
1764418468.9149349 1764418514.833266
1764418520.8393378 1764418556.843442
1764418561.846889 1764418593.804049
1764418593.8041508 1764418629.7722933
1764418629.7724726 1764418665.4063911
1764418673.4190922 1764418700.701482
1764418702.7038724 1764418737.8807054
1764418739.8829064 1764418778.5755134
1764418787.5846863 1764418815.963238
1764418825.9734156 1764418853.5061028
1764418862.5152762 1764418886.3983629
1764418896.4068816 1764418922.373364
1764418925.3765295 1764418955.8853633
1764418965.8949811 1764418991.0898664
1764418993.0920272 1764419027.6241276
1764419033.6303306 1764419064.617479
1764419074.6269803 1764419106.9007761
1764419107.9015949 1764419142.4607425
1764419144.4628816 1764419178.91199
1764419182.914879 1764419212.4916904
1764419212.4918184 1764419243.8898377
1764419248.8949826 1764419269.460505
1764419274.4656792 1764419306.0629327
1764419316.0731316 1764419337.855247
1764419339.8574252 1764419377.87536
1764419383.8815799 1764419417.6836557
1764419425.6918263 1764419458.1635485
1764419459.1639845 1764419498.9830663
1764419504.9878726 1764419537.2242107
1764419546.2260864 1764419580.428059
1764419589.437219 1764419624.5756376
1764419626.5778074 1764419657.1898408
1764419664.1970084 1764419693.8176274
1764419697.821757 1764419736.0154126
1764419744.0235822 1764419772.434371
1764419776.43851 1764419809.5095997
1764419818.518767 1764419850.6711159
1764419850.671246 1764419886.0148654
1764419891.0199983 1764419919.2101479
1764419919.2102203 1764419955.271602
1764419959.275777 1764419989.808405
1764419994.8108928 1764420025.2819476
1764420027.2840748 1764420055.0739543
1764420059.078124 1764420094.4649026
1764420099.4700103 1764420139.3908014
1764420139.3909214 1764420184.7007902
1764420185.7021692 1764420230.601284
1764420238.609417 1764420260.2336578
1764420270.2428823 1764420284.9511626
1764420284.9512827 1764420322.4252958
1764420324.4271836 1764420364.6681247
1764420373.674899 1764420415.3810444
1764420422.3868897 1764420457.8386388
1764420465.8467546 1764420493.813725
1764420503.8239012 1764420521.715252
1764420524.7184188 1764420558.17915
1764420563.1840417 1764420590.3333864
1764420598.3388813 1764420646.1472037
1764420654.154878 1764420689.7871232
1764420698.7910042 1764420736.717267
1764420745.7264283 1764420780.086671
1764420786.090878 1764420826.9991257
1764420826.9992087 1764420874.279892
1764420879.2808602 1764420919.8796303
1764420928.8868842 1764420973.0726018
1764420979.0748827 1764421013.1825697
1764421014.183746 1764421053.3885555
1764421062.3948781 1764421093.7752712
1764421099.781438 1764421137.686777
1764421143.6908941 1764421179.1153955
1764421187.1228971 1764421218.2011364
1764421228.2113707 1764421251.53148
1764421251.5316029 1764421290.3995674
1764421297.4068122 1764421332.1869848
1764421342.1948915 1764421376.5797205
1764421379.5828838 1764421411.204381
1764421415.2081604 1764421449.7750573
1764421456.7822254 1764421489.1690972
1764421493.173205 1764421529.7264206
1764421538.7355828 1764421572.5457735
1764421574.5479376 1764421617.5568683
1764421619.5590653 1764421655.8003147
1764421663.8068824 1764421683.8523235
1764421693.8533607 1764421718.7401955
1764421723.7453964 1764421753.6226876
1764421760.6299083 1764421788.0231655
1764421792.0268834 1764421817.0153239
1764421820.0184133 1764421859.9151611
1764421861.9172945 1764421897.851497
1764421907.861716 1764421939.8153841
1764421942.8185544 1764421988.738354
1764421998.7429402 1764422031.2141647
1764422038.2213233 1764422076.8835974
1764422079.8867815 1764422124.896995
1764422129.9021113 1764422167.1721008
1764422176.1791012 1764422208.2933543
1764422217.29382 1764422253.6896186
1764422262.69881 1764422288.7328458
