1764418365.1446347 1764418410.392565
1764418413.3948867 1764418459.7803683
1764418462.7828867 1764418509.342955
1764418516.3472428 1764418552.1245182
1764418555.126911 1764418589.5169947
1764418592.5175042 1764418622.1398523
1764418632.1468954 1764418658.6839788
1764418666.6841977 1764418694.5225449
1764418700.5287194 1764418733.548261
1764418735.548785 1764418774.0737748
1764418777.074886 1764418809.9527736
1764418817.9609811 1764418847.2529194
1764418850.2549114 1764418880.521314
1764418880.5214438 1764418916.3622272
1764418926.3709776 1764418948.97249
1764418951.9756641 1764418986.2311695
1764418986.231301 1764419021.2731767
1764419026.2748876 1764419062.7477734
1764419063.748953 1764419099.5544443
1764419102.5575716 1764419137.1238413
1764419137.123915 1764419171.4517524
1764419180.4591227 1764419206.8952103
1764419209.8983676 1764419238.4613507
1764419243.4628816 1764419269.5510688
1764419276.5518205 1764419299.9127052
1764419303.914886 1764419330.3411517
1764419336.3473077 1764419373.9982567
1764419384.0068948 1764419412.9013562
1764419418.906899 1764419450.7223058
1764419456.7268906 1764419491.869505
1764419492.8706598 1764419533.4537609
1764419533.4538484 1764419573.1698303
1764419578.1749647 1764419617.886203
1764419621.8868992 1764419650.8592556
1764419652.8597775 1764419687.9678903
1764419695.9748769 1764419730.3402257
1764419740.3495178 1764419766.0009103
1764419772.006877 1764419804.462194
1764419811.4668927 1764419845.3247952
1764419853.332923 1764419879.2580135
1764419885.2641842 1764419911.9895108
1764419921.9989424 1764419951.2178771
1764419955.2203934 1764419980.9322603
1764419990.9326396 1764420016.3800418
1764420021.385188 1764420050.1627471
1764420060.1709075 1764420088.2107563
1764420092.2109756 1764420137.4545045
1764420144.458975 1764420176.3480837
1764420186.3582737 1764420226.21271
1764420235.2218854 1764420255.249279
1764420261.254893 1764420290.3272982
1764420295.3324118 1764420323.802489
1764420324.8036647 1764420364.6699972
1764420368.670892 1764420409.2199314
1764420410.2210593 1764420450.179372
1764420453.182543 1764420494.2788014
1764420494.2788827 1764420526.580399
1764420528.582573 1764420559.320858
1764420561.3228972 1764420593.6598208
1764420596.6629443 1764420643.8005526
1764420650.8077166 1764420688.361567
1764420691.3646865 1764420730.129127
1764420730.129253 1764420775.9822648
1764420779.9829195 1764420824.3388093
1764420829.3428726 1764420870.6141002
1764420871.6148856 1764420914.4306269
1764420924.4389167 1764420961.1180813
1764420969.1228855 1764421007.906872
1764421007.9069662 1764421049.724292
1764421056.7314987 1764421091.2330978
1764421098.2381454 1764421135.0085359
1764421141.0096743 1764421179.7024236
1764421182.7055976 1764421216.3046403
1764421224.3127573 1764421252.9081945
1764421254.9103715 1764421287.5848994
1764421287.58497 1764421335.554776
1764421335.5548623 1764421376.0733151
1764421384.0737772 1764421409.1264198
1764421409.1264896 1764421450.1650357
1764421450.1651134 1764421486.2971532
1764421494.305409 1764421529.1982396
1764421530.1993587 1764421568.0997605
1764421575.1069381 1764421613.9716504
1764421622.9722455 1764421656.193415
1764421659.1948776 1764421692.087253
1764421698.0908763 1764421725.3149896
1764421733.3229916 1764421760.1413872
1764421760.1415198 1764421791.867712
1764421796.8728333 1764421818.3685489
1764421824.3732045 1764421855.501629
1764421861.5069432 1764421899.6004646
1764421902.6028864 1764421942.197047
1764421948.2028792 1764421990.9729156
1764421991.974053 1764422031.3186471
1764422034.3217402 1764422078.9284203
1764422080.9305868 1764422120.9546182
1764422127.9588974 1764422172.1258717
1764422179.127411 1764422210.7709901
1764422220.7812028 1764422254.8081708
1764422261.8153481 1764422287.931136
