1764998550.1111746 1764998583.4049087
1764998588.4103696 1764998614.987584
1764998616.9896991 1764998653.1004992
1764998662.107 1764998691.512421
1764998698.5189052 1764998729.9696548
1764998730.9701464 1764998769.4809823
1764998772.4828882 1764998819.5020804
1764998825.5081615 1764998863.7594106
1764998867.760815 1764998906.5263426
1764998906.5263655 1764998944.3165214
1764998954.3266525 1764998984.4421248
1764998987.4428864 1764999021.2905214
1764999022.2916088 1764999058.9889808
1764999064.9950533 1764999096.7919047
1764999096.791927 1764999130.3274722
1764999132.3295565 1764999170.5266438
1764999178.5313063 1764999206.3579185
1764999210.3588955 1764999242.6586359
1764999243.6588933 1764999273.6540508
1764999273.6540728 1764999315.098357
1764999322.0985794 1764999366.416535
1764999373.4230134 1764999419.4051092
1764999419.4051363 1764999468.1448858
1764999476.150884 1764999501.1594157
1764999508.162935 1764999533.1368682
1764999541.1442714 1764999573.8633444
1764999580.8668816 1764999624.139123
1764999626.1411982 1764999662.9225135
1764999664.9228854 1764999703.0578675
1764999709.0628958 1764999744.5090685
1764999746.5108988 1764999791.7831714
1764999796.7879586 1764999828.62196
1764999830.622909 1764999866.308566
1764999870.3126345 1764999912.5899143
1764999921.5906475 1764999954.4364157
1764999959.4367402 1764999993.9005375
1764999994.9016647 1765000041.355534
1765000043.3576076 1765000085.79221
1765000094.8012981 1765000128.6952891
1765000128.6953137 1765000173.1645887
1765000179.1706748 1765000218.7865722
1765000222.7906504 1765000254.084699
1765000263.090987 1765000291.794727
1765000296.7989242 1765000332.7715566
1765000341.7788994 1765000372.9409716
1765000372.941003 1765000413.744182
1765000417.74689 1765000451.0697227
1765000459.0748968 1765000488.8986568
1765000494.9029489 1765000531.581833
1765000532.5829093 1765000565.565968
1765000574.5663044 1765000619.5071454
1765000620.508221 1765000653.5158527
1765000658.5189126 1765000700.195797
1765000704.1991546 1765000737.796845
1765000738.7971063 1765000774.8548896
1765000782.8631241 1765000814.212863
1765000814.2128916 1765000847.8813143
1765000848.8823848 1765000879.8317814
1765000887.838974 1765000920.8776755
1765000922.8789089 1765000972.0418036
1765000972.0418365 1765001019.2308798
1765001020.2319522 1765001063.237607
1765001072.2444696 1765001103.6749072
1765001106.6779795 1765001138.9403884
1765001142.9428933 1765001179.2437305
1765001188.2508786 1765001222.4412153
1765001230.449312 1765001268.8105645
1765001270.8108866 1765001318.46955
1765001320.469794 1765001362.752789
1765001364.7548792 1765001398.6933348
1765001405.7004077 1765001436.4450822
1765001445.4466634 1765001467.3674922
1765001468.3685591 1765001508.0349088
1765001510.036987 1765001547.598821
1765001554.605904 1765001599.0970294
1765001607.1051514 1765001646.8442674
1765001654.8523617 1765001689.0040064
1765001696.0110836 1765001732.9278066
1765001737.9309733 1765001772.7735171
1765001781.7788873 1765001806.395895
1765001809.3989048 1765001836.5420585
1765001840.5461457 1765001873.232461
1765001875.2345529 1765001911.8683333
1765001919.876418 1765001949.6652327
1765001949.6652591 1765001987.5963664
1765001992.5988853 1765002021.2967381
1765002022.2978797 1765002056.2309575
1765002061.2360926 1765002089.1298342
1765002092.1301413 1765002128.5430532
1765002133.5469053 1765002155.8972282
1765002162.9043965 1765002199.8894978
1765002207.8975768 1765002235.3860593
1765002241.3862414 1765002279.7492197
1765002286.7549543 1765002314.9911518
1765002324.9988906 1765002351.5045862
1765002361.5048873 1765002388.426133
1765002395.4308877 1765002423.5431292
1765002428.54821 1765002458.4082892
1765002465.4146945 1765002495.840148
1765002497.842236 1765002527.7800226
