1764998549.6282258 1764998581.9804244
1764998591.9868877 1764998617.187822
1764998617.1878881 1764998656.1616745
1764998657.1627574 1764998693.3693423
1764998701.3748906 1764998733.2704809
1764998742.2795568 1764998770.8999279
1764998776.9060142 1764998817.4660726
1764998824.4731424 1764998865.147924
1764998873.155177 1764998907.22049
1764998917.2206085 1764998945.559274
1764998949.5628908 1764998985.6737528
1764998987.675834 1764999023.122454
1764999026.1228685 1764999058.631517
1764999063.6319633 1764999090.1728668
1764999096.178872 1764999127.8561583
1764999132.858942 1764999170.683258
1764999174.6848078 1764999203.5777905
1764999207.5799654 1764999243.1974607
1764999248.1989024 1764999276.3364413
1764999286.3368952 1764999318.7820656
1764999319.7828872 1764999369.6497564
1764999379.653588 1764999419.7753885
1764999419.775421 1764999468.8814466
1764999470.88288 1764999505.7385669
1764999506.739638 1764999541.4424815
1764999542.4433413 1764999578.6783457
1764999580.6792278 1764999627.9326022
1764999628.933504 1764999670.4381964
1764999677.4452634 1764999712.3825123
1764999714.384583 1764999752.8660595
1764999756.8701248 1764999796.2786877
1764999802.28476 1764999830.5819159
1764999830.5819404 1764999867.6483104
1764999877.658351 1764999913.1067305
1764999922.1148834 1764999954.5184321
1764999956.5188873 1764999998.515224
1765000006.5228875 1765000041.357785
1765000049.3658626 1765000085.4856942
1765000092.4908793 1765000128.9596727
1765000134.9628816 1765000173.163689
1765000174.1639698 1765000219.6035638
1765000219.6035955 1765000263.125295
1765000271.1282291 1765000299.9956758
1765000300.996738 1765000338.324409
1765000344.3246834 1765000378.3493307
1765000385.3564224 1765000418.7388885
1765000424.739049 1765000454.7560298
1765000456.7581046 1765000495.5048108
1765000500.5069253 1765000533.2826838
1765000535.2827826 1765000573.9373484
1765000581.9455247 1765000621.359249
1765000627.3653212 1765000663.3481195
1765000670.3483803 1765000705.0165262
1765000714.0255961 1765000744.065942
1765000747.0673265 1765000780.2199705
1765000782.2220328 1765000815.6524923
1765000824.6616166 1765000850.1343691
1765000853.1352277 1765000889.8625493
1765000899.8726296 1765000928.666567
1765000928.6666095 1765000974.0766807
1765000977.0788875 1765001020.0409389
1765001024.0428774 1765001064.4411855
1765001073.450256 1765001109.131461
1765001109.1315129 1765001138.9970686
1765001139.9981472 1765001176.224965
1765001180.229045 1765001222.9246716
1765001225.9277415 1765001269.920765
1765001271.9228544 1765001318.4398654
1765001322.4439418 1765001362.7762058
1765001363.7772775 1765001400.4954982
1765001401.4965627 1765001438.7343557
1765001441.7367792 1765001472.3950825
1765001474.3971443 1765001505.6882536
1765001515.6885638 1765001547.9641316
1765001548.9651985 1765001600.1205437
1765001604.1246357 1765001647.906978
1765001653.910899 1765001691.044952
1765001697.0508852 1765001735.5481467
1765001741.5542088 1765001770.761957
1765001770.762002 1765001801.916502
1765001811.926571 1765001833.5710459
1765001838.5761514 1765001866.948929
1765001876.9590065 1765001913.0348556
1765001921.0429385 1765001939.5812252
1765001945.5868878 1765001979.8587646
1765001986.8658454 1765002014.9979377
1765002023.00296 1765002052.2557616
1765002062.2658353 1765002090.3490376
1765002093.3509433 1765002126.8315778
1765002130.8356411 1765002160.1455305
1765002162.1468866 1765002200.3836448
1765002206.3897462 1765002240.336002
1765002247.343067 1765002281.5523832
1765002281.5524182 1765002308.7383657
1765002315.7440722 1765002349.089711
1765002358.0949008 1765002380.7230904
1765002382.7251756 1765002416.1283617
1765002421.1334429 1765002449.37189
1765002450.3729615 1765002486.1247475
1765002486.1247747 1765002521.0882082
