1757082982.3232818 1757083011.9826584
1757083015.9868917 1757083038.9416766
1757083048.9432569 1757083068.1680365
1757083078.1756303 1757083098.0668764
1757083106.0750804 1757083136.2536433
1757083142.2596226 1757083164.9089904
1757083166.9110587 1757083197.5590885
1757083203.5651884 1757083224.6375163
1757083234.647644 1757083248.1562755
1757083250.1583447 1757083278.3726382
1757083281.3757102 1757083308.8570056
1757083309.8581386 1757083346.342344
1757083353.347616 1757083377.1988392
1757083383.2041292 1757083407.6661494
1757083416.6719115 1757083434.5703926
1757083439.5720809 1757083458.9019926
1757083462.9036946 1757083491.5482335
1757083493.550327 1757083520.3057787
1757083520.305805 1757083550.6385725
1757083554.6426554 1757083578.860992
1757083578.8610215 1757083606.1590128
1757083607.1596153 1757083638.0430827
1757083640.043623 1757083668.2026978
1757083672.2036593 1757083695.6591873
1757083697.6612911 1757083717.2225163
1757083727.2316883 1757083743.5693853
1757083746.5716732 1757083777.9988441
1757083788.0076728 1757083807.2591608
1757083812.2636228 1757083837.054766
1757083847.064909 1757083866.9208238
1757083868.9229465 1757083898.2287214
1757083907.2378476 1757083926.2543995
1757083935.2596798 1757083958.3301911
1757083959.3313382 1757083982.0561616
1757083982.0561922 1757084018.9386613
1757084022.9396226 1757084049.4179382
1757084059.4280539 1757084078.055891
1757084079.0569897 1757084114.0129654
1757084117.0161102 1757084137.2947452
1757084137.2947724 1757084175.5305288
1757084180.5356765 1757084197.8731933
1757084207.8833175 1757084225.7524602
1757084232.7550883 1757084253.5655758
1757084253.5656047 1757084287.7170734
1757084295.7252154 1757084315.6796303
1757084323.6876998 1757084344.9987433
1757084350.0036697 1757084371.67412
1757084373.6762028 1757084402.6536138
1757084409.6607504 1757084436.0384648
1757084445.0475984 1757084466.4570763
1757084466.4571085 1757084497.7270734
1757084502.7316334 1757084524.682833
1757084528.686962 1757084557.1587696
1757084563.1636207 1757084580.2924676
1757084584.2956083 1757084612.138437
1757084618.1445806 1757084645.9592738
1757084651.9653556 1757084677.9547894
1757084680.9579256 1757084703.9436994
1757084704.9447792 1757084727.9583876
1757084730.9615362 1757084763.3169403
1757084765.3190906 1757084790.2270837
1757084792.229182 1757084825.5555584
1757084831.561677 1757084852.939975
1757084854.9421108 1757084881.9919977
1757084885.9957273 1757084912.6399937
1757084913.641119 1757084936.4716241
1757084941.4767601 1757084963.9830046
1757084964.984093 1757084994.8343484
1757085004.844425 1757085023.4866734
1757085030.4937553 1757085053.6771684
1757085059.6833043 1757085085.9741266
1757085095.9841998 1757085114.278874
1757085114.278903 1757085144.8395138
1757085154.8476686 1757085169.7866626
1757085175.7927563 1757085206.348404
1757085213.3516695 1757085239.1777203
1757085243.1818445 1757085264.6712964
1757085270.6774125 1757085298.0979717
1757085308.1076884 1757085330.1908615
1757085330.1908982 1757085349.2096226
1757085359.219801 1757085389.3564293
1757085389.3564599 1757085418.374843
1757085426.3799102 1757085442.253788
1757085446.2558181 1757085471.8524373
1757085479.8600094 1757085506.6267965
1757085509.630006 1757085537.292401
1757085537.292435 1757085571.957699
1757085571.9577334 1757085597.382345
1757085599.3836813 1757085629.0503607
1757085638.0595295 1757085657.2654111
1757085661.2676508 1757085682.7789357
1757085691.787676 1757085719.9459252
1757085722.9490306 1757085750.292387
1757085754.2956507 1757085774.580107
1757085784.5876849 1757085799.716444
1757085800.7175415 1757085833.8019013
1757085834.8030183 1757085858.4912956
1757085867.5004315 1757085886.7679095
1757085887.768032 1757085916.4007318
1757085924.408876 1757085941.9598823
