1757082981.1362824 1757083011.82673
1757083021.8362012 1757083036.63634
1757083040.6396945 1757083068.762586
1757083072.7636683 1757083101.2687078
1757083106.2716029 1757083134.390077
1757083136.3916762 1757083167.564615
1757083174.5716577 1757083196.112401
1757083203.1155999 1757083218.2575014
1757083222.2605703 1757083250.2991948
1757083257.3063183 1757083285.2634056
1757083290.267616 1757083315.531884
1757083323.5399635 1757083346.2402325
1757083355.2493556 1757083378.5107956
1757083380.5129097 1757083407.9460416
1757083409.947665 1757083435.528146
1757083440.5332153 1757083456.5947413
1757083460.5988543 1757083489.303347
1757083491.3036525 1757083520.3121018
1757083530.3156636 1757083553.2610943
1757083556.2641556 1757083580.364242
1757083588.371599 1757083609.088195
1757083609.0882185 1757083636.104019
1757083646.1141825 1757083664.1417453
1757083673.1436584 1757083693.2698176
1757083695.2719498 1757083720.4361832
1757083721.4372604 1757083745.0679455
1757083753.0760822 1757083778.9852078
1757083783.9902787 1757083809.7548573
1757083816.7619781 1757083833.261627
1757083840.2687445 1757083868.1660028
1757083873.1676462 1757083897.224094
1757083899.2245498 1757083926.253562
1757083935.259673 1757083959.0936599
1757083967.1017716 1757083989.7754235
1757083998.783666 1757084019.9458437
1757084025.9516313 1757084048.2182515
1757084048.2182763 1757084080.7461915
1757084086.7516353 1757084113.691241
1757084115.693371 1757084139.4678388
1757084144.4716482 1757084171.79983
1757084177.8059888 1757084200.1363924
1757084210.1464682 1757084230.4151804
1757084236.4212992 1757084254.9499252
1757084264.9597125 1757084288.0733435
1757084293.0756447 1757084319.025373
1757084321.0274923 1757084340.436213
1757084345.4413466 1757084370.1546862
1757084379.1637619 1757084398.9797785
1757084398.9798093 1757084432.9006543
1757084440.9076116 1757084467.1350117
1757084470.1356685 1757084497.6805575
1757084506.6846855 1757084527.224022
1757084530.2271483 1757084558.7680113
1757084565.775126 1757084583.5206156
1757084593.5307534 1757084615.8641045
1757084620.8692324 1757084642.4187965
1757084651.4279153 1757084673.620673
1757084673.6207008 1757084703.559054
1757084705.5596597 1757084731.6915762
1757084739.6996183 1757084763.4363813
1757084763.436414 1757084787.0308554
1757084787.0308762 1757084821.2743626
1757084830.283442 1757084853.0321772
1757084854.033251 1757084880.8965435
1757084882.8986588 1757084912.2916057
1757084918.2956622 1757084939.9102354
1757084942.9116714 1757084964.2086926
1757084966.2107823 1757084991.002566
1757084999.007613 1757085024.9227471
1757085024.9227724 1757085054.008557
1757085062.0166416 1757085080.6228464
1757085086.6276727 1757085111.3809204
1757085114.3836143 1757085144.3716702
1757085150.3777423 1757085174.7672956
1757085180.7716134 1757085206.1831813
1757085207.184254 1757085233.9963315
1757085234.9965138 1757085266.261837
1757085275.2676728 1757085297.471038
1757085306.4797196 1757085330.6535516
1757085338.6596212 1757085357.5482538
1757085362.5533211 1757085388.4956245
1757085389.4967353 1757085416.9306345
1757085425.9396687 1757085448.621237
1757085458.6313593 1757085469.771079
1757085472.7716067 1757085508.2013862
1757085513.2065227 1757085538.0945609
1757085545.1016836 1757085572.190449
1757085578.1921954 1757085594.8805487
1757085597.883642 1757085627.140048
1757085635.1476629 1757085655.5542698
1757085662.5614018 1757085686.453572
1757085695.4626925 1757085710.852374
1757085710.8524034 1757085740.9809084
1757085746.987046 1757085774.1349986
1757085783.144103 1757085806.6807826
1757085816.6809535 1757085830.3950472
1757085834.3956614 1757085861.1114373
1757085865.1116688 1757085890.886797
1757085896.8929205 1757085911.3405056
1757085914.343602 1757085944.1575518
