1757082982.5082343 1757083007.6822271
1757083007.6823084 1757083038.3219898
1757083046.3302035 1757083069.1969285
1757083071.1989934 1757083101.1584022
1757083102.159484 1757083132.7261949
1757083141.7353518 1757083161.166387
1757083170.171645 1757083195.8154361
1757083203.8235965 1757083224.29977
1757083233.3076875 1757083256.240395
1757083261.2437284 1757083281.9006891
1757083282.9017642 1757083313.4321404
1757083313.4321885 1757083347.5020459
1757083354.5076542 1757083369.0583398
1757083372.0599 1757083408.8134644
1757083413.8156192 1757083434.8442235
1757083435.8453252 1757083458.7528317
1757083459.7540019 1757083492.2304032
1757083493.23153 1757083521.538566
1757083522.5396736 1757083551.914046
1757083551.9140692 1757083577.51089
1757083582.515675 1757083602.7707095
1757083603.7716568 1757083640.067486
1757083641.0686224 1757083663.1048064
1757083663.1048405 1757083695.0192904
1757083705.027656 1757083720.205113
1757083730.215241 1757083745.2826464
1757083747.2836566 1757083775.5741365
1757083779.5782535 1757083808.1610937
1757083811.164215 1757083838.01709
1757083847.023642 1757083865.0677404
1757083872.07486 1757083890.0463276
1757083894.047617 1757083931.049824
1757083937.055634 1757083958.9900703
1757083958.9900942 1757083989.9183834
1757083990.9195032 1757084019.7724652
1757084019.7724874 1757084046.1548982
1757084050.1559849 1757084082.8751569
1757084090.8832765 1757084109.12987
1757084112.1316917 1757084141.480404
1757084148.4875371 1757084172.941847
1757084174.9436126 1757084198.6913502
1757084204.6974726 1757084225.103185
1757084234.1036675 1757084253.0076168
1757084262.0157628 1757084288.5805488
1757084289.5816648 1757084314.4029717
1757084324.4055922 1757084340.2540596
1757084347.259649 1757084376.925114
1757084379.9276214 1757084402.0017836
1757084411.0076532 1757084435.8871582
1757084441.893284 1757084465.6798532
1757084473.6876066 1757084497.9841104
1757084505.9916058 1757084527.805141
1757084536.8116798 1757084556.924083
1757084559.9271996 1757084582.1407745
1757084586.143604 1757084617.113676
1757084626.1227655 1757084648.4248743
1757084648.4248962 1757084678.2394545
1757084679.2405617 1757084700.922252
1757084705.9274282 1757084734.3001957
1757084743.3092816 1757084764.8811576
1757084771.8876972 1757084796.4311476
1757084805.4396515 1757084823.0264528
1757084827.030578 1757084852.102033
1757084862.1121697 1757084878.7677915
1757084887.7769327 1757084911.777275
1757084920.7863693 1757084938.0819163
1757084940.0836003 1757084961.1586702
1757084966.1636734 1757084990.079367
1757084992.0797985 1757085025.012632
1757085030.0156713 1757085054.2523541
1757085059.2556677 1757085083.8067336
1757085085.808881 1757085109.608523
1757085114.6136482 1757085140.6713662
1757085146.677528 1757085173.2792697
1757085178.284403 1757085206.5460722
1757085213.5531921 1757085237.0466068
1757085243.0516036 1757085271.1350243
1757085272.136093 1757085300.4238548
1757085308.4316137 1757085327.2954693
1757085333.2996092 1757085353.7808864
1757085353.7809079 1757085389.8697248
1757085397.876221 1757085413.4666421
1757085421.4748113 1757085445.7728004
1757085450.7779346 1757085474.4750593
1757085484.483679 1757085507.1544404
1757085516.1596022 1757085538.8162012
1757085548.826325 1757085570.5867074
1757085572.5876646 1757085598.1057808
1757085605.1117244 1757085622.2295349
1757085626.2315998 1757085659.077488
1757085665.083602 1757085686.1027458
1757085689.1036196 1757085721.287982
1757085721.2880049 1757085746.8320398
1757085754.840165 1757085773.9147506
1757085777.9189174 1757085806.1700935
1757085811.17522 1757085833.1372912
1757085841.1454089 1757085857.8967562
1757085861.899639 1757085889.1029365
1757085893.1036222 1757085916.3017657
1757085916.301792 1757085938.5045013
