1755524069.6619666 1755524111.0289497
1755524111.0289776 1755524138.6281574
1755524138.6281776 1755524165.6830025
1755524165.6830442 1755524202.9871752
1755524202.9872003 1755524238.4392545
1755524238.439281 1755524272.2547288
1755524272.2547553 1755524307.081095
1755524307.0811238 1755524341.7352545
1755524341.7352834 1755524366.108254
1755524366.1083007 1755524394.7434354
1755524394.7434614 1755524426.2098973
1755524426.2099273 1755524457.3464382
1755524457.3464658 1755524487.4738166
1755524487.4738402 1755524521.070807
1755524521.0708337 1755524545.534156
1755524545.534196 1755524575.5541227
1755524575.554151 1755524606.2688684
1755524606.2689013 1755524635.3878922
1755524635.3879192 1755524671.3984325
1755524671.3984616 1755524697.603514
1755524697.603552 1755524720.8070557
1755524720.8070812 1755524750.0156283
1755524750.015654 1755524773.6867874
1755524773.6868095 1755524806.8015664
1755524806.801592 1755524830.3190851
1755524830.31911 1755524877.9774935
1755524877.9775178 1755524907.8393602
1755524907.8393881 1755524946.9242508
1755524946.9242873 1755524972.049721
1755524972.0497444 1755525008.683763
1755525008.683787 1755525039.2304645
1755525039.2304893 1755525073.8204978
1755525073.8205261 1755525111.6245353
1755525111.6245606 1755525136.8251555
1755525136.8251793 1755525181.3439019
1755525181.34393 1755525205.2552989
1755525205.255326 1755525232.6564262
1755525232.6564536 1755525267.326279
1755525267.3263047 1755525295.2167838
1755525295.2168307 1755525329.657961
1755525329.657984 1755525371.9065635
1755525371.9065912 1755525388.9617524
1755525388.9617748 1755525414.9382231
1755525414.9382467 1755525445.7903419
1755525445.7903771 1755525473.6943147
1755525473.6943357 1755525502.219101
1755525502.219123 1755525544.7303195
1755525544.7303464 1755525582.703185
1755525582.7032259 1755525608.8302822
1755525608.8303053 1755525639.3546453
1755525639.354677 1755525674.870114
1755525674.870136 1755525704.8610663
1755525704.8610942 1755525745.376048
1755525745.3760686 1755525777.909903
1755525777.90994 1755525804.0099423
1755525804.0099688 1755525852.0173244
1755525852.0173476 1755525881.9545164
1755525881.9545372 1755525915.0841405
1755525915.0841687 1755525948.2457323
1755525948.2457619 1755525992.5498555
1755525992.549879 1755526024.6110206
1755526024.611044 1755526052.3866155
1755526052.3866405 1755526079.907918
1755526079.907943 1755526116.4659548
1755526116.4659815 1755526148.4406295
1755526148.4406703 1755526174.3792303
1755526174.3792505 1755526206.903977
1755526206.9040132 1755526240.9985712
1755526240.9985952 1755526273.181009
1755526273.1810331 1755526296.340336
1755526296.3403678 1755526327.6515074
1755526327.6515343 1755526367.6136475
1755526367.6136775 1755526397.023812
1755526397.0238397 1755526424.3101983
1755526424.3102224 1755526450.0587509
1755526450.058772 1755526478.7036324
1755526478.7036612 1755526509.0176392
1755526509.017663 1755526548.1994517
1755526548.199476 1755526576.8889465
1755526576.8889716 1755526605.245707
1755526605.2457294 1755526638.1491122
1755526638.1491401 1755526659.764606
1755526659.764634 1755526692.686421
1755526692.6864493 1755526724.0076222
1755526724.0076473 1755526755.5993211
1755526755.5993414 1755526791.973186
1755526791.9732146 1755526820.4104204
1755526820.410443 1755526845.7465606
1755526845.7465818 1755526883.106408
1755526883.106433 1755526919.7305484
1755526919.7305756 1755526949.0345623
1755526949.0345852 1755526984.7497241
1755526984.7497482 1755527018.5348728
1755527018.5348978 1755527048.6419864
1755527048.6420088 1755527087.3361413
1755527087.3361745 1755527115.6366084
1755527115.6366415 1755527138.0701132
1755527138.0701332 1755527171.6903918
1755527171.6904194 1755527199.4633486
1755527199.4633703 1755527240.934252
