1760535245.9594564 1760535276.9139616
1760535280.9181588 1760535309.2857862
1760535312.287691 1760535337.7191226
1760535337.719154 1760535367.5419598
1760535371.5436337 1760535392.3779526
1760535400.3836167 1760535427.2475777
1760535435.255789 1760535455.480558
1760535463.4886985 1760535483.5415785
1760535483.5416105 1760535506.7469337
1760535509.7500534 1760535529.733795
1760535529.733827 1760535553.4486372
1760535556.4516578 1760535578.9932742
1760535585.9996784 1760535610.886054
1760535616.8916256 1760535639.6357846
1760535645.6397178 1760535670.1791065
1760535677.1839242 1760535704.8306055
1760535707.8316314 1760535731.8062336
1760535734.8076758 1760535756.9343917
1760535763.9396067 1760535787.8733923
1760535795.8815331 1760535811.1737494
1760535819.1818762 1760535840.3177466
1760535847.3236322 1760535865.772423
1760535874.7804954 1760535886.2264042
1760535887.2266634 1760535914.0682755
1760535914.068309 1760535937.9709299
1760535940.974066 1760535961.8326473
1760535962.8337698 1760535988.1529226
1760535994.1592581 1760536012.601459
1760536013.6023355 1760536040.0358093
1760536048.043687 1760536065.0428233
1760536066.0436363 1760536090.0330808
1760536092.035224 1760536115.2916026
1760536125.2997854 1760536140.7287319
1760536150.7358346 1760536167.6747305
1760536171.6788075 1760536189.4377446
1760536192.4395936 1760536217.9229515
1760536223.9244018 1760536247.5900283
1760536255.5957856 1760536273.262194
1760536275.2636886 1760536300.5655136
1760536309.5747578 1760536326.7779403
1760536327.7790635 1760536362.1761568
1760536370.1837463 1760536388.7922847
1760536390.7943988 1760536413.0677974
1760536419.0716834 1760536440.135231
1760536441.1356266 1760536464.4552653
1760536464.4552896 1760536493.6016576
1760536494.6027844 1760536517.686957
1760536525.691685 1760536544.5409322
1760536554.5477831 1760536571.6717963
1760536576.6756802 1760536604.9911406
1760536611.9955916 1760536634.9163928
1760536636.9184628 1760536668.576584
1760536678.5836835 1760536695.8088996
1760536698.8119714 1760536730.9848278
1760536736.9876752 1760536759.8422623
1760536761.8436277 1760536791.0228977
1760536801.0316753 1760536826.6664233
1760536836.6756353 1760536857.0971227
1760536857.0971458 1760536889.065282
1760536889.0653305 1760536920.346144
1760536924.347632 1760536956.5997064
1760536959.6028352 1760536985.4059212
1760536988.4076219 1760537012.5254202
1760537013.5265064 1760537047.5602164
1760537047.5602415 1760537079.0776374
1760537087.0857651 1760537108.3945143
1760537112.3986397 1760537139.8125951
1760537144.8177183 1760537172.6086335
1760537178.6116314 1760537202.7085445
1760537211.7157574 1760537236.0156195
1760537240.019613 1760537268.9476776
1760537271.9507978 1760537298.45966
1760537301.4628022 1760537329.1604226
1760537331.162545 1760537356.601644
1760537362.6077704 1760537390.3686316
1760537391.3697152 1760537423.614321
1760537423.6143408 1760537454.2735124
1760537460.2756026 1760537489.1583734
1760537496.1637533 1760537520.9383607
1760537525.9396439 1760537555.225409
1760537556.2264864 1760537587.3482702
1760537589.3503478 1760537616.832212
1760537625.8413334 1760537643.277109
1760537646.2796774 1760537675.613239
1760537678.6156304 1760537701.2947264
1760537704.2956848 1760537727.9093268
1760537730.9124217 1760537754.677784
1760537755.6788533 1760537779.807239
1760537780.8076992 1760537805.9233444
1760537807.9254785 1760537831.0351489
1760537841.0436833 1760537856.76729
1760537858.767642 1760537885.1145058
1760537887.1165586 1760537914.6654305
1760537922.671683 1760537942.946447
1760537944.9477453 1760537973.799119
1760537981.807037 1760538004.494235
1760538008.4956203 1760538033.7203398
1760538034.721467 1760538062.8518763
1760538063.8529446 1760538089.9288793
1760538099.9356618 1760538117.961417
