1760535247.4469545 1760535278.0390868
1760535284.043628 1760535303.9810808
1760535312.9876356 1760535335.3269498
1760535343.3350642 1760535366.1944494
1760535369.1956236 1760535398.485241
1760535405.492386 1760535425.787323
1760535425.7873487 1760535453.2607977
1760535455.2629077 1760535482.338571
1760535489.34382 1760535505.2234259
1760535506.224512 1760535528.5554292
1760535538.563644 1760535552.5870528
1760535562.5956855 1760535578.5026896
1760535579.5038433 1760535610.3031673
1760535619.312295 1760535632.8180296
1760535641.8236547 1760535669.9262772
1760535674.9313602 1760535702.2901754
1760535705.2933161 1760535731.2907958
1760535735.294958 1760535757.2434435
1760535760.2466075 1760535787.00948
1760535790.011624 1760535817.2509205
1760535817.250944 1760535841.3150594
1760535845.3157315 1760535866.5301633
1760535866.530196 1760535890.499185
1760535900.5093377 1760535915.4800568
1760535918.4831562 1760535938.9015222
1760535939.9026556 1760535964.3541877
1760535974.3643322 1760535990.944273
1760535996.9476278 1760536015.308875
1760536018.3116333 1760536041.692512
1760536051.7026594 1760536067.8531997
1760536068.8542747 1760536091.58762
1760536097.5916774 1760536117.468804
1760536118.4698877 1760536144.1867318
1760536144.1867645 1760536167.6294332
1760536168.6299598 1760536192.0269268
1760536199.0319915 1760536217.9186435
1760536221.922847 1760536245.425337
1760536245.4253678 1760536273.4624486
1760536278.4675455 1760536295.4780984
1760536300.4832423 1760536329.1056106
1760536336.1119845 1760536359.3190415
1760536365.3236825 1760536385.6904795
1760536390.6918604 1760536414.6350958
1760536421.6396883 1760536440.6426196
1760536446.647638 1760536465.1231368
1760536471.129263 1760536493.611085
1760536503.6212234 1760536515.7735813
1760536521.7797365 1760536540.3875442
1760536548.3956213 1760536572.1994913
1760536572.1995258 1760536605.1959724
1760536605.1960073 1760536635.5073671
1760536642.5116181 1760536669.2811258
1760536677.2876801 1760536697.4853632
1760536697.4853873 1760536729.6227167
1760536734.627614 1760536761.4787743
1760536764.4797132 1760536792.8689935
1760536792.8690286 1760536826.4807653
1760536826.4807835 1760536859.0279412
1760536860.0290353 1760536883.5275884
1760536885.529511 1760536922.5193727
1760536927.5245123 1760536957.2573628
1760536964.2638676 1760536985.6835246
1760536987.6853082 1760537013.7887874
1760537016.791612 1760537042.0998492
1760537046.1036162 1760537072.5746171
1760537082.583645 1760537107.7415507
1760537109.7436178 1760537141.0824265
1760537151.0922434 1760537170.3136885
1760537175.3187692 1760537202.2658916
1760537211.2717338 1760537235.800389
1760537240.8054945 1760537264.7064354
1760537267.7076347 1760537299.0688553
1760537306.0756779 1760537328.266039
1760537335.271623 1760537354.3125343
1760537362.3197067 1760537388.9791405
1760537389.9796648 1760537420.9527595
1760537424.9568908 1760537454.1998315
1760537456.2019436 1760537490.3633146
1760537497.3676784 1760537523.1058383
1760537527.107703 1760537557.0968943
1760537564.1040485 1760537588.0434637
1760537589.0436156 1760537618.202691
1760537619.203439 1760537650.0476415
1760537659.0556734 1760537675.1591046
1760537679.161283 1760537700.2071187
1760537700.2071528 1760537725.538916
1760537726.5396156 1760537752.318321
1760537755.3196497 1760537777.8024125
1760537779.8037047 1760537803.932752
1760537813.9429169 1760537830.384185
1760537835.3893285 1760537859.5853753
1760537868.5918312 1760537887.1116915
1760537896.1208766 1760537916.4101405
1760537917.411215 1760537943.4526994
1760537945.454836 1760537975.0640228
1760537980.0676749 1760538004.211747
1760538004.2118368 1760538033.5526617
1760538035.554793 1760538061.360887
1760538061.3609197 1760538089.006201
1760538090.00648 1760538117.5774512
