1765456629.2672977 1765456779.452472
1765456789.4588869 1765456875.4236705
1765456878.4267948 1765456956.0600677
1765456963.0609999 1765457150.791097
1765457153.7942235 1765457250.1962216
1765457254.1988957 1765457356.2606936
1765457363.2678132 1765457440.1433926
1765457441.1445467 1765457544.5498762
1765457552.5580466 1765457616.2714455
1765457619.274564 1765457803.2544112
1765457804.2555325 1765457851.8124568
1765457852.8136387 1765458028.0315008
1765458028.031579 1765458090.0993564
1765458095.1034935 1765458183.1074622
1765458186.1106167 1765458291.2346375
1765458295.2387643 1765458444.728335
1765458453.7374558 1765458481.1204455
1765458489.128625 1765458592.5198157
1765458593.520927 1765458691.1004865
1765458694.1020052 1765458793.6278996
1765458803.6380308 1765458898.170167
1765458908.1789014 1765459121.7316427
1765459129.7397609 1765459196.9728148
1765459198.9735568 1765459352.9101176
1765459355.913321 1765459453.0975974
1765459453.0976772 1765459575.4689546
1765459581.4750748 1765459670.0197883
1765459675.0245981 1765459800.111133
1765459806.1148832 1765459932.260603
1765459938.2644923 1765460017.414985
1765460025.423125 1765460149.123876
1765460149.1240182 1765460212.0778747
1765460216.0819983 1765460299.6852825
1765460305.691401 1765460433.8038964
1765460435.8060865 1765460553.9983027
1765460555.99938 1765460691.6721463
1765460698.6792643 1765460741.305171
1765460749.3132842 1765460836.407502
1765460841.4126265 1765460984.7407408
1765460985.7418606 1765461118.8152354
1765461118.8153112 1765461240.436554
1765461249.4428797 1765461404.00239
1765461406.004511 1765461537.6708455
1765461543.6770267 1765461605.100154
1765461611.1025846 1765461683.0723352
1765461688.0774584 1765461797.5083847
1765461802.5135002 1765461946.2093346
1765461951.214494 1765462051.5583844
1765462061.568545 1765462257.2628713
1765462259.2649882 1765462444.078058
1765462447.0811846 1765462474.1135552
1765462483.1226773 1765462625.1847262
1765462633.1908884 1765462743.5806768
1765462748.5858276 1765462934.5222652
1765462934.5223415 1765463062.9490561
1765463071.9494221 1765463176.064572
1765463182.0696828 1765463246.6118803
1765463251.617039 1765463412.7823179
1765463419.7894642 1765463518.0418956
1765463526.0500462 1765463644.4646215
1765463644.4647005 1765463689.1053953
1765463691.1075494 1765463895.8487928
1765463901.8548849 1765463997.5710673
1765463997.571145 1765464085.014087
1765464087.0148976 1765464243.2570357
1765464246.258912 1765464392.9564803
1765464395.9588907 1765464424.7576425
1765464425.7579563 1765464567.4205604
1765464570.4236798 1765464611.0697691
1765464612.0708938 1765464787.6152792
1765464796.6228857 1765464956.5710437
1765464965.580171 1765465002.0743403
1765465007.0795243 1765465202.925817
1765465209.9329398 1765465262.1176615
1765465269.12478 1765465364.1167629
1765465366.1188846 1765465512.8965063
1765465520.9046218 1765465617.7158036
1765465623.7164207 1765465751.3599522
1765465761.3700771 1765465804.561658
1765465814.5708845 1765465915.904847
1765465919.9071274 1765466049.6381776
1765466050.6392975 1765466218.1581678
1765466220.1602902 1765466303.275954
1765466313.2861397 1765466379.0866964
1765466388.0948863 1765466520.2772377
1765466529.2863631 1765466623.9628983
1765466629.9690855 1765466683.4464002
1765466685.4485397 1765466804.0949733
1765466809.0988872 1765466960.220749
1765466968.2268908 1765466985.973548
1765466993.9817061 1765467096.141919
1765467103.1445334 1765467285.2262793
1765467285.226356 1765467332.5490005
1765467336.5508802 1765467464.8343115
1765467471.841428 1765467523.8111122
1765467532.815862 1765467703.5317578
1765467708.5348873 1765467818.92305
1765467818.9231563 1765467894.834396
1765467900.840518 1765468057.8713295
1765468064.878492 1765468158.8626723
