1765456672.4317262 1765456787.1601186
1765456796.1694067 1765456883.2811058
1765456886.2842584 1765456970.0619504
1765456973.0651 1765457124.9872844
1765457124.9875576 1765457188.4122233
1765457196.420388 1765457312.9332328
1765457319.9403715 1765457481.607523
1765457486.6127079 1765457505.1546981
1765457512.1618626 1765457686.450757
1765457689.453904 1765457726.9811852
1765457731.9863763 1765457854.5291433
1765457854.5292559 1765458004.3015978
1765458006.3037343 1765458055.3908947
1765458059.3950381 1765458201.793016
1765458211.802883 1765458340.4063163
1765458343.4067817 1765458408.7497663
1765458412.7538936 1765458534.8359308
1765458540.839197 1765458611.7104528
1765458621.718901 1765458733.123991
1765458733.124117 1765458808.3117843
1765458811.3121254 1765458899.4592214
1765458907.46263 1765459006.8038704
1765459012.8100703 1765459258.2992508
1765459264.3053832 1765459341.867767
1765459347.8738992 1765459491.9582405
1765459500.9584072 1765459608.2948668
1765459615.2988884 1765459691.3539503
1765459693.3548863 1765459740.8373473
1765459748.8454921 1765459858.2459822
1765459863.2511158 1765459993.6738775
1765459994.6750789 1765460152.4654367
1765460152.4655178 1765460190.9306958
1765460198.9388583 1765460319.208155
1765460329.2148929 1765460479.626408
1765460484.6315386 1765460585.1137629
1765460587.1158917 1765460662.9156747
1765460670.9238455 1765460783.3610811
1765460792.3702404 1765460866.209884
1765460870.2140107 1765461025.7439127
1765461029.7472064 1765461153.9981067
1765461164.0082302 1765461249.0003262
1765461256.0075002 1765461339.3264592
1765461343.330619 1765461483.561274
1765461493.5714023 1765461627.6816676
1765461627.681823 1765461760.006387
1765461763.0095232 1765461867.5959306
1765461872.6010606 1765461939.1986828
1765461941.2008154 1765462024.417924
1765462029.423131 1765462237.7351224
1765462241.7392488 1765462423.1084025
1765462428.1108856 1765462454.9967844
1765462460.00199 1765462637.47603
1765462638.47717 1765462721.2068207
1765462726.2119558 1765462991.7211664
1765462993.7233825 1765463070.597858
1765463077.6013381 1765463161.8853383
1765463163.8874772 1765463283.4206612
1765463292.4297888 1765463441.8085616
1765463451.8140514 1765463550.4355962
1765463560.4432597 1765463608.9733288
1765463617.9825046 1765463692.310191
1765463697.315355 1765463890.3368456
1765463894.34098 1765464022.8503542
1765464026.8545759 1765464150.6839337
1765464150.6840239 1765464230.997819
1765464240.0069523 1765464384.0499744
1765464384.0501087 1765464479.3793538
1765464489.3895137 1765464562.0705512
1765464570.0786817 1765464626.7493746
1765464626.7494645 1765464718.8201866
1765464727.829397 1765464880.410149
1765464887.4148967 1765465084.232675
1765465091.2389061 1765465178.6880343
1765465188.6948926 1765465293.744437
1765465297.7486248 1765465366.2545438
1765465369.2577095 1765465536.4556735
1765465542.461857 1765465570.7958808
1765465580.8060427 1765465725.8126166
1765465726.8137558 1765465811.6376884
1765465811.6378214 1765465972.721135
1765465973.722308 1765466034.89278
1765466038.8948953 1765466159.4908981
1765466159.4909852 1765466312.1429493
1765466321.1474352 1765466383.2285302
1765466390.2356708 1765466472.6017141
1765466480.6098502 1765466632.1184325
1765466634.118887 1765466688.5752418
1765466696.583414 1765466833.955223
1765466833.9553068 1765466919.3059194
1765466926.3108945 1765467070.4168212
1765467072.4189527 1765467109.9886734
1765467113.9908981 1765467233.6782572
1765467239.6844628 1765467329.40437
1765467332.407495 1765467450.1118224
1765467454.114894 1765467521.1140542
1765467524.1172285 1765467660.684608
1765467664.6887472 1765467802.481711
1765467806.4828854 1765467872.4793224
1765467874.4814517 1765468002.2234318
1765468004.2256072 1765468130.8462098
