1765456624.639209 1765456798.6069884
1765456803.6108859 1765456849.4772878
1765456852.478879 1765457042.7191865
1765457051.7199926 1765457086.3460248
1765457088.3468857 1765457241.2247632
1765457247.2309024 1765457298.812072
1765457300.8142757 1765457438.4241903
1765457441.4273229 1765457563.9631793
1765457564.9644587 1765457637.7101865
1765457644.7173505 1765457768.4374402
1765457768.4375365 1765457915.8171513
1765457923.8255703 1765458020.0409133
1765458028.04897 1765458095.8957944
1765458098.8989818 1765458185.2576632
1765458194.2642949 1765458344.0552244
1765458350.0613995 1765458412.3000524
1765458413.3012311 1765458493.9312096
1765458495.933342 1765458654.863155
1765458657.8663442 1765458734.7004771
1765458739.7056088 1765458842.8166397
1765458842.816742 1765458912.2769582
1765458912.2770965 1765459024.7693622
1765459024.7694514 1765459252.7446966
1765459261.7538512 1765459407.1894484
1765459413.1949005 1765459509.153974
1765459515.160172 1765459616.3666317
1765459617.3668888 1765459719.2066638
1765459729.2168393 1765459816.708314
1765459818.7104654 1765459862.4813447
1765459863.4824731 1765459991.6345534
1765459992.6357346 1765460151.1029587
1765460160.1121182 1765460238.8655796
1765460241.8687217 1765460375.729089
1765460381.7352927 1765460418.68608
1765460421.6892104 1765460544.2678723
1765460546.27004 1765460713.6393106
1765460723.6494706 1765460821.4071932
1765460826.4123797 1765460889.4806905
1765460890.4818165 1765460987.5031867
1765460993.5093157 1765461115.6858063
1765461119.6899831 1765461280.2067106
1765461285.2094188 1765461307.3108997
1765461311.3148863 1765461497.3367064
1765461500.3398871 1765461600.1753783
1765461609.184514 1765461749.8714566
1765461752.8745887 1765461837.2520585
1765461844.2592387 1765461935.7429447
1765461941.7490802 1765462013.5549548
1765462014.556114 1765462224.6198685
1765462224.6199968 1765462370.0014882
1765462376.0068822 1765462537.5117235
1765462546.5196164 1765462687.618751
1765462695.626931 1765462808.7483392
1765462812.7525082 1765462963.1648936
1765462963.1650078 1765463061.1320202
1765463071.1338465 1765463167.9961007
1765463169.9982884 1765463338.940272
1765463343.9452417 1765463467.099717
1765463468.1008697 1765463482.447123
1765463483.448281 1765463592.0864155
1765463595.0895364 1765463730.3307407
1765463736.3348942 1765463780.7649739
1765463785.770136 1765463945.631743
1765463946.6328592 1765464092.441587
1765464101.4468894 1765464167.1508121
1765464172.1559682 1765464312.4329045
1765464321.4420564 1765464481.38917
1765464484.3908796 1765464579.075336
1765464589.078927 1765464657.281995
1765464658.2828882 1765464781.9073
1765464781.907413 1765464942.6780224
1765464951.6871521 1765465018.6889598
1765465023.6915529 1765465133.1239722
1765465141.1246524 1765465297.941712
1765465304.9488387 1765465377.0801668
1765465381.0830476 1765465491.623807
1765465495.626889 1765465664.5111299
1765465670.5172608 1765465695.5575266
1765465701.5637257 1765465838.4668589
1765465847.4694974 1765465894.4818962
1765465895.483025 1765466014.0143852
1765466023.0228732 1765466204.291979
1765466205.2931182 1765466282.5747523
1765466289.5788832 1765466352.9681518
1765466357.97331 1765466513.8777819
1765466515.8799336 1765466629.3354473
1765466631.3375833 1765466672.781058
1765466680.7868762 1765466807.069731
1765466815.0778773 1765466883.426971
1765466891.4351084 1765467025.4052136
1765467034.4108887 1765467137.9415414
1765467137.9416494 1765467251.1150014
1765467255.1191354 1765467379.763124
1765467387.7712717 1765467470.3382425
1765467479.3473785 1765467583.7809794
1765467589.7868874 1765467629.793032
1765467629.7931726 1765467752.5710099
1765467757.5761447 1765467899.1818845
1765467907.1900117 1765468052.6604033
1765468056.6628902 1765468168.5131655
