1765810917.4062293 1765810948.543544
1765810948.5435715 1765810983.20753
1765810983.2075586 1765811015.4927456
1765811015.4927657 1765811044.2388434
1765811044.238881 1765811084.7751145
1765811084.7751403 1765811123.1713204
1765811123.1713398 1765811155.3223906
1765811155.322414 1765811191.518664
1765811191.518685 1765811219.5213675
1765811219.5213919 1765811250.6056364
1765811250.605668 1765811282.5167475
1765811282.516769 1765811320.9932892
1765811320.9933157 1765811354.5278156
1765811354.5278392 1765811392.718281
1765811392.718324 1765811427.5281131
1765811427.5281372 1765811458.8455217
1765811458.8455443 1765811494.4721065
1765811494.4721334 1765811531.761699
1765811531.7617395 1765811563.6414652
1765811563.6414895 1765811605.1003506
1765811605.100376 1765811639.439539
1765811639.4395595 1765811671.5266445
1765811671.5266635 1765811698.4857206
1765811698.4857442 1765811735.3923137
1765811735.3923376 1765811768.6388078
1765811768.6388268 1765811807.756984
1765811807.757003 1765811837.3126476
1765811837.31267 1765811872.4305933
1765811872.4306188 1765811905.2386286
1765811905.2386472 1765811951.5621073
1765811951.562125 1765811992.2672925
1765811992.2673147 1765812030.9296246
1765812030.9296486 1765812051.4657924
1765812051.4658163 1765812085.5990405
1765812085.5990586 1765812113.8155136
1765812113.8155372 1765812152.8827705
1765812152.8828008 1765812188.8523805
1765812188.8523996 1765812218.1008158
1765812218.100834 1765812259.2366395
1765812259.236663 1765812285.4232755
1765812285.4232934 1765812315.4697845
1765812315.4698055 1765812352.0630226
1765812352.0630417 1765812385.4929936
1765812385.4930165 1765812421.5405657
1765812421.5405855 1765812462.5874913
1765812462.5875156 1765812501.1058304
1765812501.1058486 1765812542.417038
1765812542.4170604 1765812578.7418365
1765812578.7418604 1765812606.5249114
1765812606.524929 1765812639.0446272
1765812639.0446508 1765812668.8352942
1765812668.835313 1765812696.7820332
1765812696.7820618 1765812730.0434458
1765812730.043464 1765812753.4016864
1765812753.4017098 1765812793.5017266
1765812793.501744 1765812831.5676947
1765812831.567719 1765812858.577003
1765812858.5770278 1765812899.8551624
1765812899.8551915 1765812927.0556715
1765812927.0556877 1765812968.8192883
1765812968.8193104 1765813016.981131
1765813016.9811509 1765813055.7423043
1765813055.7423286 1765813098.8058019
1765813098.8058186 1765813136.340982
1765813136.3410022 1765813173.7451527
1765813173.745172 1765813214.0726407
1765813214.0726635 1765813247.8119755
1765813247.811993 1765813279.580778
1765813279.5808027 1765813305.519652
1765813305.5196702 1765813335.1229792
1765813335.1229985 1765813361.4621716
1765813361.4621954 1765813396.938398
1765813396.9384155 1765813430.7104535
1765813430.7104776 1765813466.3954952
1765813466.395512 1765813502.2565296
1765813502.2565472 1765813536.2569075
1765813536.2569315 1765813571.0921237
1765813571.0921497 1765813600.186527
1765813600.1865509 1765813630.2502189
1765813630.2502356 1765813661.9429483
1765813661.942972 1765813692.3536866
1765813692.3537047 1765813726.572886
1765813726.572903 1765813755.4576907
1765813755.4577136 1765813791.3185375
1765813791.3185608 1765813829.3915074
1765813829.3915274 1765813857.000581
1765813857.0006044 1765813896.1327386
1765813896.132757 1765813933.8995898
1765813933.8996115 1765813969.6575568
1765813969.657577 1765814000.611345
1765814000.6113703 1765814040.17872
1765814040.1787384 1765814070.6680686
1765814070.6681 1765814106.1787333
1765814106.1787603 1765814147.471982
1765814147.4720073 1765814172.7601535
1765814172.7601776 1765814208.778386
1765814208.7784026 1765814243.8945453
1765814243.8945706 1765814276.398215
1765814276.3982322 1765814307.3093247
1765814307.309348 1765814340.7466662
