1755518497.750831 1755518523.4830875
1755518523.4831223 1755518556.091101
1755518556.0911255 1755518586.9834726
1755518586.9835384 1755518613.8969646
1755518613.896987 1755518650.5434563
1755518650.543481 1755518677.5187035
1755518677.5187583 1755518708.549787
1755518708.549806 1755518740.483325
1755518740.483344 1755518771.7702832
1755518771.7703042 1755518797.761783
1755518797.761803 1755518830.8166163
1755518830.8166416 1755518858.028895
1755518858.0289223 1755518895.9308784
1755518895.9309006 1755518921.6187544
1755518921.6187794 1755518954.0486157
1755518954.0486486 1755518988.7168694
1755518988.7168887 1755519019.4759142
1755519019.4759412 1755519045.8269596
1755519045.8269796 1755519081.1828513
1755519081.1828773 1755519116.633446
1755519116.633466 1755519147.9944139
1755519147.9944353 1755519185.4139583
1755519185.4139771 1755519218.6879997
1755519218.688031 1755519243.9087012
1755519243.9087265 1755519278.4072647
1755519278.4072855 1755519306.282698
1755519306.2827203 1755519344.2127163
1755519344.2127402 1755519375.8751147
1755519375.8751366 1755519410.9014585
1755519410.9014904 1755519444.8535905
1755519444.8536115 1755519471.4799244
1755519471.4799497 1755519504.2279532
1755519504.2279735 1755519537.7177157
1755519537.7177405 1755519566.6825063
1755519566.6825273 1755519594.8066843
1755519594.8067057 1755519616.2534225
1755519616.253446 1755519650.5423942
1755519650.5424175 1755519677.4028833
1755519677.4029164 1755519717.0414
1755519717.0414183 1755519742.330067
1755519742.3300931 1755519767.1229997
1755519767.1230183 1755519802.7876987
1755519802.7877257 1755519843.0100567
1755519843.0100756 1755519863.4375577
1755519863.4375808 1755519896.3385553
1755519896.3385766 1755519933.3619776
1755519933.3620036 1755519967.3608184
1755519967.3608644 1755519996.3361292
1755519996.3361564 1755520022.3406296
1755520022.340649 1755520047.1826844
1755520047.1827137 1755520083.5180795
1755520083.5181003 1755520111.1709657
1755520111.1709876 1755520146.01085
1755520146.010874 1755520167.374143
1755520167.3741684 1755520202.177898
1755520202.177925 1755520228.9969542
1755520228.9969795 1755520258.8941364
1755520258.8941545 1755520283.5645194
1755520283.5645468 1755520319.3609009
1755520319.36093 1755520350.237576
1755520350.2376027 1755520376.6206207
1755520376.620647 1755520413.2471478
1755520413.247172 1755520440.3013537
1755520440.3013768 1755520474.9140968
1755520474.9141214 1755520506.4619606
1755520506.4619796 1755520533.1482835
1755520533.148308 1755520562.6572607
1755520562.6572833 1755520588.8916688
1755520588.8916953 1755520614.7198832
1755520614.7199037 1755520640.8519614
1755520640.8519924 1755520665.257327
1755520665.257349 1755520702.3794293
1755520702.3794534 1755520721.8712573
1755520721.8712826 1755520749.8437135
1755520749.8437405 1755520779.3664808
1755520779.3665085 1755520808.2265096
1755520808.2265282 1755520841.0418696
1755520841.0418947 1755520881.0066268
1755520881.0066512 1755520915.338668
1755520915.3386903 1755520948.100784
1755520948.100805 1755520981.656383
1755520981.6564097 1755521005.6930132
1755521005.6930351 1755521042.2719984
1755521042.2720213 1755521079.5708404
1755521079.5708647 1755521106.8515093
1755521106.8515384 1755521139.6837037
1755521139.6837265 1755521162.4315531
1755521162.4315817 1755521190.2378747
1755521190.2379003 1755521224.565634
1755521224.565658 1755521252.5784583
1755521252.5784814 1755521285.5000832
1755521285.5001104 1755521318.3064578
1755521318.306478 1755521350.2683153
1755521350.268341 1755521376.4387417
1755521376.4387608 1755521403.270666
1755521403.2706897 1755521428.9515293
1755521428.951553 1755521457.7874506
1755521457.787474 1755521482.9543395
1755521482.9543636 1755521519.7965631
1755521519.7965875 1755521553.752854
