1752285684.7043126 1752285713.9069362
1752285713.9069624 1752285740.9066947
1752285740.9067392 1752285761.6557658
1752285761.6557918 1752285787.2965872
1752285787.2966182 1752285810.3405917
1752285810.3406477 1752285836.5573826
1752285836.5574021 1752285857.3456998
1752285857.3457234 1752285880.1040528
1752285880.1040752 1752285904.150818
1752285904.150836 1752285928.8116686
1752285928.8116925 1752285958.4316235
1752285958.431651 1752285985.7142882
1752285985.7143075 1752286012.3084798
1752286012.3085032 1752286034.0408812
1752286034.0409076 1752286062.1179564
1752286062.1179771 1752286082.9678335
1752286082.9678533 1752286106.974126
1752286106.9741554 1752286121.7587898
1752286121.7588053 1752286151.4950087
1752286151.4950287 1752286184.2039692
1752286184.20399 1752286206.923153
1752286206.92318 1752286227.9803336
1752286227.980352 1752286248.2860944
1752286248.2861152 1752286266.6940334
1752286266.694054 1752286288.535072
1752286288.5350878 1752286309.644601
1752286309.6446311 1752286338.2596736
1752286338.2596924 1752286358.4359124
1752286358.435934 1752286384.6961637
1752286384.6961815 1752286420.0658007
1752286420.0658233 1752286442.7139182
1752286442.713942 1752286465.9359865
1752286465.9360118 1752286484.5565789
1752286484.5566065 1752286509.7254367
1752286509.7254605 1752286530.802861
1752286530.8028805 1752286552.4731576
1752286552.4731748 1752286580.0780475
1752286580.0780723 1752286605.1562643
1752286605.1562831 1752286628.614432
1752286628.614467 1752286653.543205
1752286653.5432253 1752286685.0860496
1752286685.086073 1752286711.1905935
1752286711.1906085 1752286743.185816
1752286743.1858377 1752286760.4351692
1752286760.435187 1752286796.7758412
1752286796.7758853 1752286822.5750513
1752286822.5750694 1752286846.2120812
1752286846.212102 1752286875.1126757
1752286875.1127107 1752286900.3530307
1752286900.3530495 1752286924.5870643
1752286924.587089 1752286947.995646
1752286947.995665 1752286973.610369
1752286973.6103895 1752287005.0761137
1752287005.0761359 1752287028.2043407
1752287028.204359 1752287052.4903495
1752287052.4903722 1752287082.2934818
1752287082.2934985 1752287102.3792226
1752287102.3792417 1752287131.8455327
1752287131.8455608 1752287157.8900733
1752287157.890099 1752287182.5703485
1752287182.5703743 1752287207.8495948
1752287207.8496218 1752287224.960826
1752287224.960845 1752287246.5637052
1752287246.5637267 1752287275.2080033
1752287275.2080262 1752287299.7178814
1752287299.7178988 1752287325.7404227
1752287325.740441 1752287352.090782
1752287352.0908082 1752287378.532872
1752287378.5328896 1752287402.6551886
1752287402.6552281 1752287420.8338742
1752287420.8338923 1752287451.7140675
1752287451.714093 1752287476.483078
1752287476.4830966 1752287501.9463062
1752287501.9463234 1752287519.0045927
1752287519.0046172 1752287542.480913
1752287542.4809313 1752287567.1770473
1752287567.1770756 1752287590.5914154
1752287590.5914314 1752287617.9842033
1752287617.9842236 1752287641.9421334
1752287641.942156 1752287663.8078952
1752287663.8079157 1752287681.1613693
1752287681.1613877 1752287711.5283077
1752287711.5283287 1752287736.2441716
1752287736.2441912 1752287762.3788743
1752287762.3789072 1752287787.5991476
1752287787.5991688 1752287809.1042187
1752287809.1042361 1752287845.2921984
1752287845.2922225 1752287878.291789
1752287878.2918122 1752287906.9073286
1752287906.9073517 1752287936.36427
1752287936.3642871 1752287968.056849
1752287968.0568702 1752287995.7929826
1752287995.7930026 1752288016.9824836
1752288016.9825063 1752288039.0783365
1752288039.0783546 1752288063.8217754
1752288063.8217943 1752288090.6775064
1752288090.6775322 1752288110.3480115
1752288110.3480296 1752288136.4826314
1752288136.4826806 1752288160.6987844
1752288160.6988046 1752288183.4096513
1752288183.409671 1752288201.6073442
1752288201.6073642 1752288233.8310392
1752288233.831063 1752288256.092204
1752288256.0922303 1752288282.2817953
1752288282.281824 1752288310.751962
1752288310.7519884 1752288335.7649343
1752288335.764958 1752288361.60792
1752288361.6079621 1752288382.4338315
1752288382.4338481 1752288413.7688627
1752288413.7689009 1752288441.5937328
1752288441.5937521 1752288467.998297
1752288467.998322 1752288488.9533997
1752288488.953419 1752288517.7771018
1752288517.7771232 1752288540.0900972
1752288540.0901172 1752288570.815128
1752288570.8151495 1752288593.7959175
1752288593.795937 1752288621.5599763
1752288621.5600052 1752288644.741149
1752288644.741169 1752288667.3120894
1752288667.3121073 1752288697.8932693
1752288697.8932934 1752288723.309723
1752288723.30974 1752288747.0158482
1752288747.0158732 1752288769.8701096
1752288769.87013 1752288797.5006757
1752288797.5007062 1752288826.452422
1752288826.4524393 1752288851.2985773
1752288851.2985945 1752288879.835945
1752288879.8359678 1752288906.6833105
1752288906.6833336 1752288934.826189
1752288934.8262212 1752288961.4218967
1752288961.421925 1752288985.8957422
1752288985.8957653 1752289017.0206237
1752289017.020645 1752289038.6704764
1752289038.6704955 1752289067.8875532
1752289067.8876047 1752289084.4830549
1752289084.483071 1752289117.855074
1752289117.8551006 1752289142.1645238
1752289142.1645443 1752289169.8278925
1752289169.8279164 1752289198.282253
1752289198.282276 1752289227.2689278
1752289227.2689488 1752289254.0389903
1752289254.0390148 1752289284.1735535
1752289284.1735694 1752289306.765218
1752289306.7652354 1752289342.2293656
1752289342.2293897 1752289364.8560414
1752289364.8560624 1752289392.051666
1752289392.0516906 1752289415.2938142
1752289415.2938309 1752289445.0705357
1752289445.0705552 1752289466.51583
1752289466.5158546 1752289492.8988738
1752289492.898893 1752289517.15763
1752289517.1576512 1752289544.2127979
1752289544.2128167 1752289561.9637322
1752289561.9637532 1752289589.6983933
1752289589.6984158 1752289619.9397123
1752289619.9397519 1752289641.6103156
1752289641.6103487 1752289671.9087741
1752289671.9088008 1752289701.4723122
1752289701.4723392 1752289725.5700004
1752289725.5700235 1752289755.40817
1752289755.4081936 1752289785.782254
1752289785.7822726 1752289813.5266986
1752289813.5267212 1752289842.1830635
1752289842.1830902 1752289864.5478592
1752289864.5478795 1752289891.8146276
1752289891.8146486 1752289909.3189423
1752289909.3189619 1752289945.7950952
1752289945.7951128 1752289966.5493407
1752289966.549365 1752289996.0705976
1752289996.0706148 1752290013.6529458
1752290013.6529648 1752290045.903392
1752290045.9034176 1752290071.2277973
1752290071.227817 1752290087.2996674
1752290087.2996876 1752290121.2057297
1752290121.2057488 1752290139.7074087
1752290139.7074325 1752290166.542364
1752290166.542382 1752290186.2811105
1752290186.2811308 1752290207.6758025
1752290207.6758265 1752290231.5249085
1752290231.5249255 1752290255.4797344
1752290255.4797568 1752290279.8261786
1752290279.8261998 1752290312.8780286
1752290312.8780503 1752290337.5312643
1752290337.5312955 1752290364.5609727
1752290364.5609932 1752290389.0475297
1752290389.0475597 1752290417.8750958
1752290417.875113 1752290435.391457
1752290435.39148 1752290468.4726903
1752290468.4727225 1752290491.7031786
1752290491.703201 1752290512.3730717
1752290512.373098 1752290534.287578
1752290534.2875981 1752290556.7011156
1752290556.701145 1752290581.5039966
1752290581.5040152 1752290605.5414462
1752290605.541473 1752290637.0237465
1752290637.0237675 1752290662.9737813
1752290662.973807 1752290691.3501782
1752290691.3502092 1752290718.35304
1752290718.3530579 1752290738.5820022
1752290738.5820255 1752290765.2831736
1752290765.2832007 1752290782.2385466
1752290782.2385633 1752290815.5824463
1752290815.5824714 1752290841.8897095
1752290841.8897312 1752290868.699672
1752290868.699693 1752290890.85956
1752290890.8596206 1752290913.9068878
1752290913.9069073 1752290944.3939667
1752290944.3939908 1752290967.121883
1752290967.1219084 1752290991.6374278
1752290991.6374478 1752291014.4119377
1752291014.4119644 1752291036.397471
1752291036.3974926 1752291070.7137794
1752291070.7138238 1752291088.1549604
1752291088.154977 1752291112.9352963
1752291112.9353187 1752291134.4717681
1752291134.47179 1752291165.509092
1752291165.5091143 1752291187.340172
1752291187.340198 1752291213.865979
1752291213.8659968 1752291239.9307427
1752291239.930771 1752291268.2183895
1752291268.2184205 1752291292.5841222
1752291292.5841517 1752291313.0081062
1752291313.0081263 1752291338.6154363
1752291338.615462 1752291365.5406616
1752291365.540681 1752291394.8392084
1752291394.8392327 1752291410.446896
1752291410.446913 1752291440.9117973
1752291440.9118373 1752291463.1841147
1752291463.184133 1752291486.407392
1752291486.407419 1752291514.0176067
1752291514.0176284 1752291532.2845373
1752291532.2845552 1752291556.0302038
1752291556.0302432 1752291581.0825543
1752291581.0825934 1752291605.6501565
1752291605.650176 1752291628.912722
1752291628.9127436 1752291662.1613133
1752291662.1613317 1752291681.5098786
1752291681.5098984 1752291711.2944567
1752291711.294479 1752291737.8470712
1752291737.8470962 1752291763.6214576
1752291763.621476 1752291787.7889054
1752291787.7889318 1752291810.423965
1752291810.4239838 1752291835.2415428
1752291835.2415674 1752291860.544183
1752291860.5442047 1752291885.6185875
1752291885.6186125 1752291909.373526
1752291909.3735504 1752291933.641418
1752291933.6414487 1752291957.737953
1752291957.7379766 1752291976.4014087
1752291976.4014246 1752292005.6263545
1752292005.6263747 1752292026.7844045
1752292026.784429 1752292051.5391984
1752292051.539217 1752292082.761
1752292082.7610247 1752292099.0918748
1752292099.0918949 1752292120.3099504
1752292120.3099794 1752292146.8112154
1752292146.811252 1752292169.5644765
1752292169.5645041 1752292193.802808
1752292193.802846 1752292217.5003483
1752292217.5003684 1752292243.1344504
1752292243.1344812 1752292271.0637064
1752292271.0637326 1752292295.5962448
1752292295.596267 1752292318.9904854
1752292318.9905112 1752292342.7335703
1752292342.733587 1752292364.840164
1752292364.8401878 1752292390.0707402
1752292390.0707624 1752292414.1419604
1752292414.1419787 1752292444.0015795
1752292444.0016048 1752292467.5163536
1752292467.516377 1752292486.9755857
1752292486.9756024 1752292515.109288
1752292515.1093132 1752292543.2221532
1752292543.2221782 1752292568.0952795
1752292568.0953243 1752292590.1230605
1752292590.1230834 1752292616.7461967
1752292616.7462206 1752292642.7561781
1752292642.7562044 1752292668.903364
1752292668.9033935 1752292691.5522132
1752292691.5522335 1752292714.3759851
1752292714.3760064 1752292737.635749
1752292737.6357744 1752292763.5084722
1752292763.5084918 1752292796.6326976
1752292796.6327243 1752292813.4931045
1752292813.4931278 1752292834.157745
1752292834.1577623 1752292856.8602135
1752292856.8602371 1752292884.4596007
1752292884.4596262 1752292907.6117415
1752292907.611774 1752292931.3779478
1752292931.3779762 1752292957.9166768
1752292957.9166965 1752292985.9251146
1752292985.9251382 1752293005.3775904
1752293005.3776073 1752293029.2650604
1752293029.2651052 1752293048.9769917
1752293048.9770133 1752293074.9598658
1752293074.959892 1752293092.7081306
1752293092.708149 1752293117.3206873
1752293117.3207119 1752293144.9514077
1752293144.951429 1752293160.5219855
1752293160.5220041 1752293191.951389
1752293191.951411 1752293217.640244
1752293217.640268 1752293238.0881798
1752293238.0882015 1752293263.8676014
1752293263.8676474 1752293280.5239882
1752293280.5240073 1752293302.9882693
1752293302.988298 1752293332.2062833
1752293332.2063007 1752293355.0640635
1752293355.0640855 1752293387.3703966
1752293387.3704207 1752293412.4002264
1752293412.400249 1752293431.459938
1752293431.4599586 1752293455.8162994
1752293455.816319 1752293485.473322
1752293485.4733517 1752293510.3968046
1752293510.3968334 1752293534.9343152
1752293534.9343362 1752293559.0557857
1752293559.055831 1752293587.2990875
1752293587.2991095 1752293612.5386968
1752293612.538715 1752293640.0496283
1752293640.0496573 1752293666.2071598
1752293666.207183 1752293693.3671286
1752293693.3671532 1752293716.41061
1752293716.4106266 1752293741.5079582
1752293741.5079768 1752293765.288979
1752293765.2890015 1752293790.41186
1752293790.411882 1752293817.1020246
1752293817.102049 1752293840.5916476
1752293840.5916696 1752293867.8751378
1752293867.8751593 1752293886.5728898
1752293886.5729063 1752293919.511428
1752293919.5114605 1752293941.9968607
1752293941.9968796 1752293967.5561874
1752293967.5562184 1752293995.5911658
1752293995.5912075 1752294020.8240929
1752294020.8241193 1752294044.2146642
1752294044.2146854 1752294073.6923108
1752294073.6923342 1752294096.38707
1752294096.3870916 1752294131.0991156
1752294131.0991335 1752294156.3440368
1752294156.3440619 1752294181.11468
1752294181.1146982 1752294214.9799058
1752294214.9799273 1752294246.2820354
1752294246.2820754 1752294275.7060337
1752294275.706054 1752294293.8557315
1752294293.8557534 1752294322.2479103
1752294322.247929 1752294351.3288383
1752294351.328863 1752294368.922432
1752294368.9224534 1752294397.6779103
1752294397.6779277 1752294435.0421636
1752294435.0421894 1752294454.8537245
1752294454.853742 1752294480.7906072
1752294480.7906294 1752294501.0043435
1752294501.0043626 1752294534.2251499
1752294534.225181 1752294556.4814763
1752294556.4815068 1752294577.6413813
1752294577.6414053 1752294600.154128
1752294600.1541488 1752294625.2761219
1752294625.2761457 1752294647.2112498
1752294647.2112691 1752294664.335881
1752294664.3358977 1752294701.95647
1752294701.9564931 1752294730.2566206
1752294730.2566447 1752294756.166703
1752294756.1667266 1752294781.1930425
1752294781.1930602 1752294802.4666512
1752294802.4666717 1752294827.9131544
1752294827.913178 1752294844.8144374
1752294844.814454 1752294869.6771379
1752294869.6771667 1752294888.316367
1752294888.3163862 1752294913.637459
1752294913.6374893 1752294936.7081287
1752294936.708151 1752294960.1414053
1752294960.1414294 1752294976.3633292
1752294976.363346 1752295004.1226106
1752295004.1226416 1752295027.771809
1752295027.7718277 1752295057.1749804
1752295057.1750016 1752295077.6109414
1752295077.6109643 1752295109.6750872
1752295109.675128 1752295134.385456
1752295134.3854764 1752295157.6635938
1752295157.6636162 1752295189.0910187
1752295189.0910375 1752295206.8264792
1752295206.826495 1752295240.561226
1752295240.5612557 1752295272.3819618
1752295272.381986 1752295296.496629
1752295296.4966514 1752295317.7366674
1752295317.736696 1752295338.487923
1752295338.4879425 1752295362.772592
1752295362.7726212 1752295379.24144
1752295379.2414572 1752295412.2954986
1752295412.2955234 1752295437.4941049
1752295437.4941301 1752295461.359122
1752295461.3591464 1752295490.1613455
1752295490.1613646 1752295513.7796545
1752295513.7796745 1752295544.454087
1752295544.454116 1752295569.0021667
1752295569.0021884 1752295596.1416225
1752295596.1416464 1752295622.6785567
1752295622.6785762 1752295643.6340156
1752295643.6340325 1752295671.2778554
1752295671.2778885 1752295693.7149181
1752295693.7149448 1752295723.5403442
1752295723.540376 1752295753.1053538
1752295753.1053872 1752295778.7872782
1752295778.7873003 1752295802.8696377
1752295802.8696604 1752295826.9093664
1752295826.9093895 1752295853.5181468
1752295853.5181704 1752295879.263975
1752295879.2639956 1752295905.0212822
1752295905.0213082 1752295925.0059931
1752295925.0060108 1752295950.2398725
1752295950.2398992 1752295976.9849987
1752295976.9850175 1752296006.3401668
1752296006.3401957 1752296034.0794578
1752296034.0794814 1752296063.7800825
1752296063.7801032 1752296091.3567164
1752296091.3567338 1752296123.7825878
1752296123.782611 1752296147.5855675
1752296147.585588 1752296171.8586576
1752296171.858678 1752296195.6569722
1752296195.6569986 1752296216.1138952
1752296216.1139233 1752296239.2649264
1752296239.264944 1752296266.9359944
1752296266.9360163 1752296288.9776847
1752296288.9777162 1752296313.9751217
1752296313.975163 1752296340.3683379
1752296340.3683555 1752296361.5461278
1752296361.5461512 1752296383.0159178
1752296383.0159442 1752296413.136639
1752296413.1366653 1752296435.28607
1752296435.2860909 1752296461.7254105
1752296461.7254333 1752296493.486217
1752296493.4862444 1752296520.916082
1752296520.9161015 1752296539.4297223
1752296539.4297414 1752296562.9453044
1752296562.9453263 1752296590.3641424
1752296590.364175 1752296619.198317
1752296619.1983411 1752296644.4580462
1752296644.4580698 1752296668.7383714
1752296668.738408 1752296696.6151915
1752296696.6152174 1752296712.5877
1752296712.5877202 1752296740.2441182
1752296740.244138 1752296763.1241305
1752296763.1241515 1752296780.0062253
1752296780.0062447 1752296807.3480325
1752296807.3480527 1752296831.5033495
1752296831.5033748 1752296861.9699569
1752296861.9699802 1752296882.9742715
1752296882.9742873 1752296915.2924962
1752296915.2925146 1752296945.1402524
1752296945.1402783 1752296974.5066178
1752296974.5066433 1752296998.905452
1752296998.9054706 1752297025.124978
1752297025.1250005 1752297049.980174
1752297049.980198 1752297069.5646174
1752297069.5646613 1752297093.0094728
1752297093.0094907 1752297120.4383738
1752297120.438397 1752297148.304748
1752297148.3047729 1752297174.749861
1752297174.7498794 1752297196.1121104
1752297196.1121435 1752297223.8697903
1752297223.8698125 1752297243.7940123
1752297243.7940366 1752297269.8486743
1752297269.8486958 1752297296.5580478
1752297296.558067 1752297317.999785
1752297317.9998078 1752297340.2528553
1752297340.252875 1752297364.5831397
1752297364.5831637 1752297389.2721992
1752297389.2722197 1752297415.7993548
1752297415.799372 1752297444.0051734
1752297444.0051985 1752297461.69118
1752297461.6911962 1752297494.09057
1752297494.0905976 1752297517.895196
1752297517.8952153 1752297544.1429543
1752297544.1429696 1752297566.8738186
1752297566.873841 1752297589.0341673
1752297589.0341938 1752297610.9157066
1752297610.9157321 1752297628.2165256
1752297628.216546 1752297660.3270545
1752297660.3270774 1752297674.4909985
1752297674.4910169 1752297707.8540244
1752297707.8540468 1752297726.4293168
1752297726.4293327 1752297755.2877433
1752297755.2877662 1752297775.8631191
1752297775.86314 1752297795.701231
1752297795.701264 1752297821.9402556
1752297821.9402752 1752297846.979618
1752297846.9796376 1752297872.2901666
1752297872.290197 1752297892.3618586
1752297892.3618753 1752297923.5426307
1752297923.5426574 1752297951.4937558
1752297951.4937747 1752297969.7091467
1752297969.7091677 1752297997.8365824
1752297997.8366015 1752298020.664225
1752298020.6642427 1752298041.4072351
1752298041.407257 1752298075.7426834
1752298075.7427037 1752298092.0437727
1752298092.0437915 1752298129.6052766
1752298129.6052978 1752298151.1056845
1752298151.105706 1752298181.0838478
1752298181.0838685 1752298205.4291277
1752298205.429148 1752298231.8046546
1752298231.8046837 1752298252.1093907
1752298252.109423 1752298274.9396834
1752298274.9397063 1752298302.3862221
1752298302.3862429 1752298324.748228
1752298324.7482493 1752298347.6980538
1752298347.698081 1752298373.7555332
1752298373.7555807 1752298402.4871387
1752298402.4871655 1752298427.2286675
1752298427.2286859 1752298445.6274707
1752298445.6274877 1752298475.0468624
1752298475.046886 1752298504.8342772
1752298504.834295 1752298529.7108688
1752298529.7108917 1752298551.4043639
1752298551.4043825 1752298570.9144118
1752298570.9144285 1752298588.0611272
1752298588.0611513 1752298617.6808674
1752298617.6808865 1752298635.9880471
1752298635.9880643 1752298666.7072875
1752298666.707311 1752298699.9409273
1752298699.9409513 1752298726.2283008
1752298726.228324 1752298752.2972858
1752298752.2973113 1752298776.4899745
1752298776.4899914 1752298796.507191
1752298796.507243 1752298820.3603141
1752298820.3603363 1752298842.197631
1752298842.1976593 1752298860.63209
1752298860.6321084 1752298889.2026603
1752298889.2026823 1752298911.6597748
1752298911.6597972 1752298934.8649168
1752298934.864935 1752298962.6038237
1752298962.603848 1752298981.377499
1752298981.377516 1752299019.6374242
1752299019.6374488 1752299046.1549609
1752299046.1549883 1752299071.3752193
1752299071.3752384 1752299088.362019
1752299088.3620405 1752299118.4376478
1752299118.4376664 1752299139.832973
1752299139.8329952 1752299159.2459633
1752299159.2459793 1752299194.0564196
1752299194.0564575 1752299221.4550133
1752299221.4550323 1752299245.1916804
1752299245.1917071 1752299271.6009448
1752299271.6009636 1752299297.9101274
1752299297.9101465 1752299319.8873212
1752299319.8873413 1752299342.609534
1752299342.6095567 1752299363.7238579
1752299363.723884 1752299390.30696
1752299390.306983 1752299413.5590236
1752299413.5590465 1752299439.33385
1752299439.3338723 1752299457.3410652
1752299457.3410842 1752299482.3381228
1752299482.3381429 1752299506.3499968
1752299506.3500185 1752299539.417787
1752299539.417809 1752299562.1557648
1752299562.1557844 1752299587.417277
1752299587.4172993 1752299611.620667
1752299611.6206872 1752299639.329082
1752299639.329108 1752299667.4329572
1752299667.4329815 1752299687.2398963
1752299687.239914 1752299719.780928
1752299719.7809587 1752299745.308537
1752299745.3085606 1752299765.0773757
1752299765.0773933 1752299790.1555536
1752299790.1555831 1752299812.189893
1752299812.1899242 1752299834.9501421
1752299834.9501705 1752299855.9647384
1752299855.964758 1752299886.6339328
1752299886.6339512 1752299914.511073
1752299914.5110998 1752299939.351296
1752299939.351321 1752299967.62553
1752299967.625552 1752299989.844277
1752299989.8443015 1752300010.6823914
1752300010.6824107 1752300035.2909682
1752300035.29099 1752300065.1589136
1752300065.1589475 1752300086.5810366
1752300086.581068 1752300109.2806206
1752300109.2806473 1752300134.616596
1752300134.6166165 1752300155.2953746
1752300155.2953975 1752300178.0686536
1752300178.0686707 1752300194.926559
1752300194.9265938 1752300215.6594856
1752300215.6595075 1752300239.6492283
1752300239.6492555 1752300265.483215
1752300265.4832325 1752300292.217347
1752300292.2173724 1752300313.481377
1752300313.4813995 1752300334.5652688
1752300334.5652843 1752300370.9493444
1752300370.949367 1752300395.9222078
1752300395.922241 1752300420.3288674
1752300420.3288875 1752300452.3262215
1752300452.3262475 1752300474.4356303
1752300474.4356542 1752300500.795848
1752300500.795868 1752300520.7915587
1752300520.791584 1752300553.5035896
1752300553.5036323 1752300576.058248
1752300576.058269 1752300602.7156305
1752300602.7156553 1752300629.4859204
1752300629.4859388 1752300661.734904
1752300661.7349324 1752300681.791863
1752300681.791885 1752300702.6635776
1752300702.6636202 1752300735.9998748
1752300735.9999015 1752300756.6209445
1752300756.6209664 1752300786.7760918
1752300786.7761123 1752300804.5531409
1752300804.5531614 1752300838.7635531
1752300838.7635856 1752300862.083658
1752300862.0836744 1752300889.0027587
1752300889.0027802 1752300917.89671
1752300917.8967443 1752300948.9222054
1752300948.9222264 1752300972.9984586
1752300972.9984775 1752301003.9997756
1752301003.999798 1752301031.919798
1752301031.9198246 1752301052.978744
1752301052.9787643 1752301080.4136539
1752301080.4136765 1752301106.7994235
1752301106.7994425 1752301127.0276053
1752301127.0276232 1752301159.866193
1752301159.8662205 1752301183.4323514
1752301183.4323745 1752301210.194114
1752301210.1941438 1752301229.507436
1752301229.5074673 1752301256.2652476
1752301256.265297 1752301280.0361056
1752301280.0361295 1752301303.5994225
1752301303.5994442 1752301320.822526
1752301320.8225448 1752301347.9076679
1752301347.907693 1752301369.214491
1752301369.2145164 1752301390.174619
1752301390.17464 1752301410.0694675
1752301410.069494 1752301429.9751356
1752301429.9751575 1752301458.6072822
1752301458.6073139 1752301482.7779498
1752301482.7779677 1752301505.1295667
1752301505.1295867 1752301534.742486
1752301534.74251 1752301557.1007476
1752301557.1007662 1752301587.7528124
1752301587.752846 1752301612.7041852
1752301612.704207 1752301637.8594184
1752301637.8594396 1752301665.312973
1752301665.3129964 1752301687.35378
1752301687.3538003 1752301714.373108
1752301714.3731308 1752301740.2075434
1752301740.2075765 1752301765.6857593
1752301765.6857812 1752301788.4052587
1752301788.4052837 1752301814.401597
1752301814.4016147 1752301838.0113714
1752301838.0113928 1752301870.0048518
1752301870.0048716 1752301899.374071
1752301899.3740933 1752301931.5314112
1752301931.5314324 1752301949.5558414
1752301949.5558631 1752301983.4608452
1752301983.4608638 1752302011.3697278
1752302011.3697522 1752302030.8491614
1752302030.849177 1752302068.1640975
1752302068.1641195 1752302092.5261257
1752302092.5261436 1752302118.9978118
1752302118.9978454 1752302138.7585907
1752302138.7586124 1752302174.7843282
1752302174.7843611 1752302196.3572454
1752302196.3572648 1752302224.8322396
1752302224.8322675 1752302248.4460268
1752302248.4460516 1752302270.8101404
1752302270.8101625 1752302293.4556274
1752302293.4556549 1752302312.7157714
1752302312.7157881 1752302344.1226528
1752302344.122682 1752302367.1199503
1752302367.1199725 1752302388.44065
1752302388.4406767 1752302407.921673
1752302407.9216926 1752302435.4730651
1752302435.4730918 1752302460.0196333
1752302460.0196588 1752302482.845407
1752302482.8454247 1752302516.196198
1752302516.196231 1752302542.388932
1752302542.3889816 1752302571.802701
1752302571.802722 1752302594.8116107
1752302594.8116355 1752302619.3140423
1752302619.3140583 1752302642.6173222
1752302642.617342 1752302660.4188168
1752302660.4188383 1752302689.629995
1752302689.6300359 1752302713.1081762
1752302713.108202 1752302740.5678852
1752302740.5679114 1752302767.7562912
1752302767.7563124 1752302796.273814
1752302796.2738326 1752302819.446652
1752302819.4466774 1752302842.5195684
1752302842.5196085 1752302871.217685
1752302871.2177017 1752302904.1684258
1752302904.168459 1752302929.640311
1752302929.6403291 1752302960.1629636
1752302960.1629837 1752302988.150075
1752302988.1501071 1752303017.7600808
1752303017.7601044 1752303037.5971859
1752303037.5972347 1752303061.2103503
1752303061.2103748 1752303079.741083
1752303079.7411065 1752303098.6959915
1752303098.696012 1752303129.400709
1752303129.400745 1752303153.198809
1752303153.1988373 1752303173.2640855
1752303173.2641025 1752303198.000087
1752303198.0001068 1752303226.6366014
1752303226.6366386 1752303249.5940816
1752303249.5941153 1752303265.5161877
1752303265.5162098 1752303291.3384242
1752303291.3384461 1752303322.6327312
1752303322.6327534 1752303343.650509
1752303343.6505344 1752303371.0455093
1752303371.0455296 1752303390.696653
1752303390.6966755 1752303410.1698174
1752303410.169843 1752303436.4598076
1752303436.4598262 1752303451.3994865
1752303451.3995035 1752303487.539067
1752303487.539092 1752303509.0754123
1752303509.0754387 1752303531.1173255
1752303531.1173458 1752303554.4030077
1752303554.403029 1752303577.162337
1752303577.1623611 1752303604.6198566
1752303604.6198921 1752303622.694385
1752303622.6944065 1752303650.554764
1752303650.554787 1752303674.1295767
1752303674.1295943 1752303696.4229558
1752303696.4229827 1752303723.1599193
1752303723.1599393 1752303750.131303
1752303750.131322 1752303771.2457225
1752303771.2457485 1752303791.565974
1752303791.566002 1752303816.3160353
1752303816.3160625 1752303845.1446564
1752303845.1446867 1752303865.08588
1752303865.0858982 1752303889.125491
1752303889.1255105 1752303912.709409
1752303912.7094364 1752303934.2497234
1752303934.2497408 1752303965.2440908
1752303965.2441182 1752303993.7676234
1752303993.7676463 1752304022.7441132
1752304022.7441394 1752304049.3195076
1752304049.3195436 1752304069.174805
1752304069.1748307 1752304093.7124894
1752304093.712515 1752304117.499768
1752304117.499791 1752304143.0714557
1752304143.07148 1752304168.6841013
1752304168.6841285 1752304199.5141954
1752304199.5142136 1752304225.0021935
1752304225.0022142 1752304249.843935
1752304249.8439543 1752304274.2927756
1752304274.2928119 1752304305.186524
1752304305.1865418 1752304329.7883842
1752304329.7884028 1752304351.1315382
1752304351.131572 1752304376.5284665
1752304376.52849 1752304403.7537193
1752304403.7537403 1752304424.0018167
1752304424.0018342 1752304447.5868428
1752304447.5868642 1752304475.659611
1752304475.65964 1752304497.7546604
1752304497.754685 1752304521.9086814
1752304521.9087026 1752304545.6047697
1752304545.604788 1752304565.742504
1752304565.7425265 1752304595.5659595
1752304595.5659935 1752304619.0618496
1752304619.061875 1752304645.075839
1752304645.0758681 1752304670.546207
1752304670.546231 1752304693.5340605
1752304693.5340817 1752304722.2724838
1752304722.2725022 1752304744.6199994
1752304744.6200316 1752304770.4679456
1752304770.4679668 1752304797.5306363
1752304797.5306575 1752304817.8702445
1752304817.8702672 1752304843.9004955
1752304843.9005172 1752304880.1919043
1752304880.1919272 1752304905.9762661
1752304905.9762888 1752304926.4153435
1752304926.415368 1752304951.6856
1752304951.6856208 1752304976.866257
1752304976.8662794 1752305001.5930262
1752305001.5930529 1752305024.506969
1752305024.5069888 1752305055.4108095
1752305055.4108334 1752305083.4833252
1752305083.4833503 1752305109.205259
1752305109.2052782 1752305135.6207778
1752305135.620814 1752305160.6597674
1752305160.659789 1752305183.3637092
1752305183.363736 1752305201.719213
1752305201.719237 1752305236.7988672
1752305236.7988975 1752305261.1482592
1752305261.1482966 1752305284.4025645
1752305284.4026074 1752305303.8162115
1752305303.816237 1752305326.302069
1752305326.3020902 1752305353.373759
1752305353.3737833 1752305379.6766384
1752305379.6766768 1752305399.3922186
1752305399.392238 1752305427.9818285
1752305427.9818497 1752305452.9432662
1752305452.9432933 1752305476.7626023
1752305476.7626302 1752305499.4858582
1752305499.4858894 1752305517.3303924
1752305517.3304143 1752305544.4717503
1752305544.471769 1752305560.8132687
1752305560.813291 1752305589.7812524
1752305589.7812707 1752305614.0099156
1752305614.0099406 1752305639.1613755
1752305639.161396 1752305662.7594836
1752305662.7595146 1752305689.6649504
1752305689.664968 1752305709.5890641
1752305709.5890865 1752305736.8981047
1752305736.8981223 1752305768.5490093
1752305768.549027 1752305795.1957357
1752305795.19576 1752305814.6763427
1752305814.6763651 1752305838.9391642
1752305838.9391875 1752305863.3257089
1752305863.3257356 1752305892.1388597
1752305892.1388776 1752305917.016944
1752305917.0169756 1752305944.3949032
1752305944.3949225 1752305970.0245059
1752305970.0245256 1752305990.6817951
1752305990.6818166 1752306022.5196073
1752306022.5196261 1752306042.0313652
1752306042.031392 1752306069.142811
1752306069.1428304 1752306096.8137536
1752306096.8137767 1752306122.6221545
1752306122.622178 1752306150.313439
1752306150.3134627 1752306178.1275208
1752306178.1275446 1752306206.1902528
1752306206.1902764 1752306224.616538
1752306224.6165555 1752306253.2209234
1752306253.2209485 1752306274.8130014
1752306274.8130262 1752306297.6979687
1752306297.698006 1752306321.1612942
1752306321.1613133 1752306343.9097857
1752306343.9098105 1752306370.309911
1752306370.3099294 1752306399.7805343
1752306399.7805555 1752306422.6216218
1752306422.6216433 1752306446.4786155
1752306446.4786346 1752306471.581887
1752306471.5819209 1752306498.1119244
1752306498.1119435 1752306525.024943
1752306525.02498 1752306545.1520543
1752306545.1520712 1752306580.611447
1752306580.6114724 1752306602.9285977
1752306602.9286284 1752306629.1218872
1752306629.1219056 1752306656.8352773
1752306656.8353007 1752306682.3716311
1752306682.3716495 1752306713.4602017
1752306713.4602242 1752306737.3888843
1752306737.3889096 1752306759.5263011
1752306759.5263236 1752306784.0982237
1752306784.0982525 1752306803.2976184
1752306803.2976363 1752306833.4962654
1752306833.4962904 1752306854.8804452
1752306854.8804638 1752306883.3868241
1752306883.3868482 1752306909.1716795
1752306909.1716995 1752306941.0963457
1752306941.0963721 1752306967.3134084
1752306967.3134294 1752306993.5450964
1752306993.5451229 1752307026.3010194
1752307026.3010628 1752307051.9478319
1752307051.9478576 1752307079.0946095
1752307079.09463 1752307108.1367738
1752307108.1368032 1752307134.3319182
1752307134.3319457 1752307159.5039804
1752307159.5040033 1752307175.7900963
1752307175.7901123 1752307207.149965
1752307207.1499891 1752307230.4266164
1752307230.4266512 1752307251.9695897
1752307251.9696128 1752307284.519402
1752307284.519424 1752307310.00897
1752307310.0089865 1752307324.918847
1752307324.918872 1752307355.4896927
1752307355.4897149 1752307380.8511453
1752307380.8511653 1752307401.3903272
1752307401.3903596 1752307426.4305956
1752307426.4306211 1752307447.3147104
1752307447.3147268 1752307465.8589778
1752307465.8589997 1752307492.525979
1752307492.526008 1752307511.3089545
1752307511.3089764 1752307532.7669168
1752307532.7669353 1752307552.5279555
1752307552.5279891 1752307577.1642842
1752307577.1643069 1752307592.2225416
1752307592.222563 1752307621.0229719
1752307621.022993 1752307645.519857
1752307645.5198805 1752307670.9117298
1752307670.9117603 1752307691.6035576
1752307691.6035857 1752307723.9530492
1752307723.9530737 1752307741.2353091
1752307741.2353287 1752307766.0386422
1752307766.0386593 1752307787.3323379
1752307787.3323617 1752307818.4327385
1752307818.432767 1752307839.4794903
1752307839.4795134 1752307860.8954592
1752307860.8954842 1752307881.0455296
1752307881.0455482 1752307902.4885948
1752307902.4886217 1752307926.4491165
1752307926.4491394 1752307955.417771
1752307955.417794 1752307980.74621
1752307980.7462304 1752308005.5122015
1752308005.512266 1752308028.4373744
1752308028.4374003 1752308055.1393871
1752308055.1394074 1752308071.739026
1752308071.73905 1752308099.7382076
1752308099.7382307 1752308127.0464985
1752308127.0465379 1752308151.2587442
1752308151.2587614 1752308178.3820057
1752308178.3820353 1752308203.2033827
1752308203.2034166 1752308221.6879754
1752308221.687993 1752308242.6717052
1752308242.671728 1752308273.2346747
1752308273.2346945 1752308290.5915098
1752308290.591535 1752308321.6523142
1752308321.6523356 1752308343.1790714
1752308343.1790972 1752308363.276522
1752308363.2765453 1752308389.0319667
1752308389.032004 1752308409.7079575
1752308409.7079759 1752308435.467763
1752308435.4677908 1752308456.291317
1752308456.2913346 1752308482.5789325
1752308482.5789511 1752308510.0845315
1752308510.0845547 1752308533.2469213
1752308533.2469435 1752308559.9785883
1752308559.978613 1752308579.066808
1752308579.0668323 1752308602.8455596
1752308602.845578 1752308624.4434252
1752308624.4434483 1752308653.5387762
1752308653.5388021 1752308676.7301106
1752308676.7301478 1752308701.401254
1752308701.401279 1752308725.6788652
1752308725.6788898 1752308749.2284448
1752308749.2284665 1752308781.3309596
1752308781.3309822 1752308809.6825068
1752308809.6825325 1752308835.8104398
1752308835.810464 1752308864.5989354
1752308864.598957 1752308890.0393815
1752308890.0393987 1752308914.8801184
1752308914.880155 1752308941.771436
1752308941.7714586 1752308963.2907515
1752308963.2907712 1752309000.9811532
1752309000.9811764 1752309029.8211584
1752309029.8211813 1752309055.2866223
1752309055.286666 1752309081.0631711
1752309081.0631957 1752309105.4740143
1752309105.47406 1752309132.2198243
1752309132.2198467 1752309144.4571142
1752309144.457133 1752309172.8189757
1752309172.8189983 1752309195.047866
1752309195.047893 1752309213.487106
1752309213.4871235 1752309245.9674625
1752309245.9674845 1752309276.6273956
1752309276.6274226 1752309304.6414974
1752309304.6415298 1752309332.9087994
1752309332.9088247 1752309357.9337122
1752309357.9337344 1752309383.9912062
1752309383.9912386 1752309403.4760947
1752309403.476117 1752309433.202184
1752309433.202211 1752309455.1610882
1752309455.1611075 1752309481.4592235
1752309481.4592433 1752309508.8603187
1752309508.8603446 1752309533.347726
1752309533.3477488 1752309556.0795867
1752309556.0796103 1752309586.3053513
1752309586.305376 1752309611.189548
1752309611.1895683 1752309635.4151242
1752309635.4151442 1752309656.001223
1752309656.0012436 1752309689.4388905
1752309689.4389093 1752309715.8246603
1752309715.8246834 1752309737.87247
1752309737.87249 1752309762.7878692
1752309762.7878914 1752309784.555816
1752309784.5558352 1752309810.6461933
1752309810.6462142 1752309829.199231
1752309829.199248 1752309855.8661354
1752309855.8661594 1752309873.1848052
1752309873.1848216 1752309903.966316
1752309903.9663372 1752309930.2753847
1752309930.2754023 1752309960.3881032
1752309960.3881252 1752309981.348003
1752309981.3480263 1752310006.3409007
1752310006.3409224 1752310032.7023265
1752310032.7023473 1752310058.7076747
1752310058.7077055 1752310084.059244
1752310084.0592623 1752310105.8945243
1752310105.8945587 1752310127.5642107
1752310127.5642338 1752310153.9005702
1752310153.900602 1752310176.6328528
1752310176.6328754 1752310202.1606853
1752310202.160706 1752310226.0788965
1752310226.0789201 1752310252.8056688
1752310252.8056936 1752310276.4224088
1752310276.42243 1752310301.9231791
1752310301.9231985 1752310329.065285
1752310329.0653214 1752310347.2061155
1752310347.206134 1752310379.3661325
1752310379.3661559 1752310405.58781
1752310405.587842 1752310426.8200364
1752310426.8200557 1752310453.7085555
1752310453.708578 1752310479.6560223
1752310479.656065 1752310503.376586
1752310503.3766115 1752310522.77818
1752310522.7781975 1752310546.825365
1752310546.8253863 1752310570.527167
1752310570.52719 1752310592.8517632
1752310592.851782 1752310616.3429806
1752310616.343026 1752310642.2631218
1752310642.2631416 1752310665.25141
1752310665.25144 1752310689.456161
1752310689.4561872 1752310706.621533
