1719967129.5091238 1719967160.45671
1719967168.1238158 1719967194.761261
1719967198.217858 1719967227.7084355
1719967231.0747285 1719967267.5569766
1719967272.1747339 1719967305.90697
1719967312.3267698 1719967342.5568476
1719967350.1707695 1719967377.2585068
1719967383.5732327 1719967405.061863
1719967406.363728 1719967442.261262
1719967446.9787822 1719967471.6606822
1719967476.0139744 1719967508.061566
1719967517.8847754 1719967537.2600615
1719967548.0733774 1719967579.460118
1719967580.8781035 1719967600.7615223
1719967605.9678776 1719967625.2568886
1719967635.5305247 1719967658.609939
1719967659.4275162 1719967693.860261
1719967695.770164 1719967719.0568657
1719967725.786739 1719967757.4580033
1719967760.8723414 1719967779.6566021
1719967786.162769 1719967805.5580134
1719967812.771329 1719967841.557598
1719967851.274799 1719967873.209299
1719967879.3707812 1719967911.7097945
1719967914.8747373 1719967940.2105916
1719967942.6696515 1719967975.6567981
1719967978.0622268 1719968011.5105705
1719968021.6347756 1719968042.0123367
1719968052.2707222 1719968079.657459
1719968088.0796814 1719968115.0615914
1719968116.726261 1719968149.109767
1719968157.3775423 1719968181.3569531
1719968191.9147882 1719968214.5570412
1719968217.358731 1719968251.4568176
1719968260.2307096 1719968278.1066372
1719968282.7107518 1719968314.5660517
1719968317.2747424 1719968347.207198
1719968355.468965 1719968387.2599282
1719968393.9632523 1719968416.4605908
1719968424.36677 1719968446.356845
1719968450.2227917 1719968477.5076435
1719968479.1609573 1719968504.456531
1719968507.1241846 1719968540.1579127
1719968543.509146 1719968575.5587866
1719968580.9156873 1719968608.2585187
1719968612.1158369 1719968641.506804
1719968652.0216355 1719968675.8609564
1719968682.573038 1719968702.562449
1719968703.4679246 1719968736.6605992
1719968745.1761684 1719968768.2610939
1719968768.4090555 1719968806.2617526
1719968815.0742457 1719968840.2658591
1719968851.1265557 1719968875.8087745
1719968885.3713264 1719968905.157998
1719968911.0267804 1719968942.5626228
1719968943.80797 1719968966.4590087
1719968975.1744845 1719969003.557209
1719969005.9245474 1719969038.2586117
1719969044.9245071 1719969070.6583164
1719969073.825637 1719969112.7589278
1719969122.0187588 1719969141.6625645
1719969151.5147958 1719969173.5568457
1719969179.8307807 1719969212.556536
1719969218.0820606 1719969237.956769
1719969244.2820964 1719969264.8087003
1719969267.5228066 1719969296.7566211
1719969306.2274692 1719969334.2568238
1719969337.9107363 1719969364.8128583
1719969375.5187876 1719969399.810988
1719969407.9744375 1719969429.8086872
1719969430.6083457 1719969456.5597456
1719969459.8724504 1719969499.460336
1719969504.6190047 1719969525.2081666
1719969527.8698244 1719969554.9573026
1719969564.5309384 1719969584.3610706
1719969586.0827398 1719969623.856927
1719969634.5667596 1719969655.2621624
1719969661.1147392 1719969689.5103338
1719969698.3387337 1719969719.1567528
1719969725.9290981 1719969752.7611158
1719969757.4609978 1719969782.0076685
1719969792.7202203 1719969812.9565947
1719969817.529096 1719969842.7579274
1719969852.0758467 1719969887.9583297
1719969894.7212965 1719969906.1605082
1719969915.8228097 1719969941.3129816
1719969942.166197 1719969972.1590688
1719969973.9217675 1719970003.6570632
1719970013.9225698 1719970033.7569923
1719970036.4119935 1719970071.2571394
1719970073.3728256 1719970095.310019
1719970100.1646497 1719970119.0567036
1719970127.7187715 1719970146.0568151
1719970156.4187405 1719970175.8122268
1719970183.1256897 1719970202.358999
1719970209.0267725 1719970246.561234
1719970250.320043 1719970273.0083263
1719970274.7141063 1719970300.207951
1719970306.577972 1719970333.306661
1719970334.8118863 1719970364.7589998
1719970370.0187736 1719970404.061067
1719970406.9187903 1719970430.1087115
1719970436.8314295 1719970459.6097353
1719970460.7723281 1719970489.862505
1719970495.6699514 1719970524.3068151
1719970528.5228217 1719970556.7568207
1719970565.278743 1719970588.4097497
1719970589.2643147 1719970623.1607487
1719970624.7287898 1719970651.057186
1719970659.3293755 1719970691.558021
1719970696.3753502 1719970713.462345
1719970714.181288 1719970744.3066397
1719970751.873327 1719970771.561017
1719970777.8206377 1719970801.3570063
1719970806.6648831 1719970831.4570382
1719970841.669585 1719970860.0604126
1719970870.224041 1719970888.0565124
1719970895.5191257 1719970919.9603298
1719970926.1605697 1719970951.0065243
1719970951.5147092 1719970980.5566273
1719970986.88622 1719971013.756613
1719971023.0771317 1719971043.8571246
1719971046.6610987 1719971081.4066212
1719971090.9347706 1719971114.1610513
1719971115.8608701 1719971144.7120354
1719971144.8243494 1719971182.2570417
1719971192.7838542 1719971212.8568318
1719971222.1346023 1719971258.2619927
1719971263.7667313 1719971275.5132217
1719971280.1667228 1719971310.5611591
1719971314.9174922 1719971338.7640343
1719971339.9313 1719971367.3088117
1719971375.914798 1719971398.459906
1719971405.7267272 1719971434.5568345
1719971441.0707223 1719971459.9142005
1719971461.0147793 1719971495.3582664
1719971499.0187738 1719971521.2090313
1719971529.5228047 1719971554.608053
1719971562.2163825 1719971590.560728
1719971595.4627476 1719971623.6602268
1719971625.3777416 1719971661.6590035
1719971666.110767 1719971691.7083092
1719971691.959309 1719971729.3569283
1719971738.030846 1719971765.5580168
1719971770.3280935 1719971799.356772
1719971806.514782 1719971830.8097441
1719971837.6130242 1719971865.0104609
1719971865.1762145 1719971897.258653
1719971901.577302 1719971934.5568717
1719971938.31079 1719971962.5603049
1719971968.0308301 1719971996.2604835
1719972005.9707236 1719972023.357143
1719972024.7272575 1719972052.1569443
1719972062.78502 1719972088.0588496
1719972091.8115919 1719972110.8101227
1719972120.2725961 1719972147.0089104
1719972149.514731 1719972177.4121895
1719972186.1227798 1719972208.8090858
1719972219.1747804 1719972237.6613054
1719972243.4814124 1719972270.458608
1719972274.2187216 1719972302.5601182
1719972308.6681037 1719972329.7580702
1719972330.1181622 1719972365.3566797
1719972366.7127876 1719972393.6592715
1719972394.3703816 1719972423.1101892
1719972429.9307978 1719972456.40862
1719972458.21578 1719972486.3567812
1719972486.9083722 1719972520.5590596
1719972522.1150424 1719972539.3566756
1719972547.1187842 1719972571.6082332
1719972572.3666012 1719972600.6610587
1719972605.7273533 1719972640.0565624
1719972642.6258485 1719972667.9616542
1719972678.7740605 1719972702.8071997
1719972706.4347966 1719972734.009167
1719972740.8403676 1719972767.6566763
1719972769.51018 1719972798.6071746
1719972805.3763933 1719972827.5568407
1719972830.2107792 1719972862.6569278
1719972863.0184517 1719972896.0591555
1719972899.4813106 1719972933.75784
1719972940.0238645 1719972962.4090729
1719972970.1707773 1719972993.7609718
1719972999.5227304 1719973027.9568708
1719973033.3158588 1719973065.3628376
1719973066.4713993 1719973097.157171
1719973103.6128414 1719973131.359223
1719973140.9267368 1719973165.5664306
1719973176.3353608 1719973198.406552
1719973198.9199755 1719973231.8261893
1719973237.5147314 1719973267.8575497
1719973269.1301293 1719973304.2570052
1719973312.683062 1719973345.9585629
1719973346.6605334 1719973369.2585955
1719973378.0222244 1719973408.2065
1719973409.67477 1719973435.0619514
1719973440.614791 1719973469.014604
1719973470.7179868 1719973499.2569635
1719973506.5331945 1719973533.0569088
1719973543.5667362 1719973561.2607725
1719973563.225341 1719973598.3099225
1719973601.0147173 1719973634.9616394
1719973642.8627777 1719973665.0567498
1719973673.523486 1719973694.7600253
1719973704.174412 1719973723.0093346
1719973729.8318498 1719973753.2092822
1719973757.1149876 1719973788.5089645
1719973799.118721 1719973814.9660282
1719973821.7647026 1719973846.6565177
1719973857.0172925 1719973879.0068452
1719973882.470772 1719973916.2588513
1719973917.4863675 1719973953.1606596
1719973956.6805398 1719973988.45934
1719973989.6738458 1719974015.6067255
1719974024.8741853 1719974044.2616103
1719974047.0707247 1719974075.0093157
1719974083.1330035 1719974108.1568115
1719974110.5190864 1719974136.7606936
1719974143.6721528 1719974179.7565198
1719974188.2723439 1719974210.7565675
1719974214.1242373 1719974236.2065692
1719974239.7690067 1719974266.5566833
1719974276.8347883 1719974300.5568635
1719974310.2743876 1719974333.0084722
1719974335.8107717 1719974365.05681
1719974365.7163706 1719974399.0583956
1719974408.7328382 1719974425.761918
1719974434.4768338 1719974455.1090894
1719974456.8147824 1719974491.5569453
1719974499.9339337 1719974526.9071062
1719974534.531863 1719974555.5568728
1719974558.0634751 1719974589.9604511
1719974600.4227788 1719974617.6585703
1719974622.3787456 1719974648.6101718
1719974651.712414 1719974687.1618097
1719974687.9203706 1719974719.4583623
1719974725.6788292 1719974751.4585266
1719974760.8256335 1719974778.6626596
1719974786.7787423 1719974811.1071184
1719974819.6645448 1719974849.4583921
1719974858.1346579 1719974879.7604275
1719974886.6708105 1719974907.7610505
1719974917.5275192 1719974946.5569828
1719974954.3674228 1719974974.8101783
1719974978.7697968 1719975016.460031
1719975024.2750385 1719975043.90658
1719975048.2588072 1719975080.3579667
1719975088.123992 1719975116.8582995
1719975118.0206292 1719975141.4570205
1719975148.8771367 1719975176.3600895
1719975185.1267881 1719975206.7578764
1719975208.659906 1719975240.9065511
1719975248.629429 1719975262.80901
1719975264.7703502 1719975287.459291
1719975298.0747814 1719975317.8567674
1719975326.3705933 1719975348.4567194
1719975350.117351 1719975379.0588317
1719975387.5149562 1719975412.656859
1719975413.329529 1719975437.5081086
1719975439.673527 1719975467.1079702
1719975467.7262847 1719975496.3079531
1719975498.726659 1719975528.1568742
1719975531.6666603 1719975561.2614727
1719975570.9776895 1719975590.556627
1719975594.9252365 1719975630.5593455
1719975631.76513 1719975664.109714
1719975671.6667957 1719975703.3620913
1719975713.2828047 1719975739.3105674
1719975748.1748395 1719975765.4566839
1719975775.118782 1719975801.8589797
1719975812.570766 1719975838.4608316
1719975848.4227703 1719975871.158564
1719975871.6754706 1719975898.8066084
1719975908.4667194 1719975934.5071013
1719975935.8299332 1719975961.6604662
1719975963.46985 1719975991.161177
1719976001.02915 1719976029.5568962
1719976037.9806812 1719976066.5568295
1719976075.2705228 1719976088.2098315
1719976088.7189574 1719976119.2569454
1719976128.8187315 1719976158.4067907
1719976167.9702084 1719976195.3114784
1719976203.0716941 1719976232.256815
1719976232.873702 1719976273.0565963
1719976280.7164183 1719976298.6592104
1719976302.0663605 1719976341.8581362
1719976351.4708114 1719976376.808931
1719976382.7147772 1719976407.0584288
1719976408.4722278 1719976440.5585406
1719976441.3243492 1719976487.3567832
1719976495.7216911 1719976514.3571305
1719976516.8700626 1719976549.7084436
1719976555.3627408 1719976578.4601731
1719976586.6216092 1719976611.960984
1719976621.9147854 1719976643.2085977
1719976651.9291594 1719976674.8098028
1719976679.6203656 1719976712.108716
1719976718.7680151 1719976742.4619522
1719976743.1605182 1719976777.560886
1719976783.322769 1719976810.0090358
1719976816.8190413 1719976837.7580667
1719976845.1809146 1719976873.3588457
1719976873.6763396 1719976905.257065
1719976907.7107508 1719976947.5611339
1719976948.3615537 1719976976.4100113
1719976985.2185628 1719977010.5567324
1719977016.9627295 1719977044.4601965
1719977055.130774 1719977084.9566846
1719977093.6731381 1719977112.406593
1719977118.1150165 1719977150.1568503
1719977154.8659003 1719977174.6566496
1719977178.3719444 1719977207.860013
1719977217.6708496 1719977239.5068982
1719977243.9738843 1719977262.9610415
1719977264.8729115 1719977296.9602885
1719977307.8195124 1719977327.3090808
1719977333.0627773 1719977356.961766
1719977367.7764616 1719977385.7103672
1719977386.508398 1719977420.461583
1719977424.366744 1719977464.356839
1719977466.9147696 1719977491.9583085
1719977495.6139958 1719977505.3565292
1719977514.0263443 1719977538.009176
1719977538.8245206 1719977574.758482
1719977582.019547 1719977606.9099936
1719977615.0828614 1719977638.0568554
1719977638.5650864 1719977670.5571487
1719977672.0262804 1719977697.3105156
1719977700.8147492 1719977725.6588452
1719977732.1230502 1719977759.9603674
1719977766.7713916 1719977800.1583757
1719977804.4650455 1719977821.658659
1719977822.3771515 1719977850.7630801
1719977860.4708028 1719977879.7070923
1719977885.9707832 1719977911.756702
1719977912.1173124 1719977939.9078944
1719977950.481037 1719977968.1065578
1719977977.7187867 1719977998.7088325
1719977999.5110927 1719978032.5566552
1719978033.2120426 1719978079.7584093
1719978089.4840028 1719978112.8581994
1719978119.662954 1719978147.4608734
1719978152.3213367 1719978182.308088
1719978188.8628218 1719978216.614046
1719978220.7107751 1719978254.057607
1719978264.668968 1719978280.0577643
1719978287.8175952 1719978310.7066107
1719978312.4706335 1719978341.4582415
1719978352.2707973 1719978371.4567647
1719978380.72677 1719978399.6566758
1719978410.280855 1719978434.958555
1719978443.4768713 1719978466.8609982
1719978470.6667256 1719978500.05673
1719978507.6209927 1719978530.6566916
1719978536.276539 1719978560.159078
1719978570.9708095 1719978591.8070223
1719978601.22341 1719978625.206593
1719978631.4247274 1719978653.256618
1719978657.378716 1719978681.806587
1719978687.5667245 1719978720.4613147
1719978729.3227375 1719978753.4084904
1719978755.8718073 1719978781.9575288
1719978791.218739 1719978814.0569558
1719978823.7826133 1719978857.75814
1719978868.074785 1719978889.4068072
1719978895.5363302 1719978919.5588388
1719978919.9656694 1719978955.2568939
1719978958.6827621 1719978983.8098145
1719978989.6273685 1719979012.85716
1719979016.478798 1719979042.5601413
1719979044.9267879 1719979072.8081043
1719979075.3161147 1719979097.8621173
1719979106.378723 1719979133.8098269
1719979140.966779 1719979159.6604846
1719979161.5685272 1719979191.5567846
1719979196.0667942 1719979227.1583154
1719979237.0214252 1719979267.2566316
1719979274.9147813 1719979297.8602934
1719979305.8187237 1719979333.0137298
1719979341.218786 1719979369.6094184
1719979379.3267317 1719979404.462243
1719979411.2730544 1719979437.908133
1719979446.67078 1719979471.006814
1719979472.0823793 1719979504.357012
1719979509.0307863 1719979535.557428
1719979536.9746294 1719979569.1615407
1719979570.9728985 1719979598.5568688
1719979606.9688118 1719979637.4585426
1719979642.3220508 1719979667.0066726
1719979676.738584 1719979700.0617328
1719979707.8747878 1719979737.4566307
1719979747.1866188 1719979765.7105126
1719979776.632785 1719979793.5084429
1719979798.2618244 1719979831.006648
1719979834.366738 1719979860.8145523
1719979869.676012 1719979908.158535
1719979909.8630872 1719979939.3591053
1719979949.874387 1719979980.106563
1719979985.8137085 1719980006.8065333
1719980017.4285202 1719980035.8566856
1719980038.5224748 1719980067.606953
1719980075.3179233 1719980102.8091354
1719980104.6252 1719980125.5584824
1719980129.2299817 1719980159.8565476
1719980160.3712306 1719980194.4566941
1719980199.1667938 1719980224.3569398
1719980231.9240701 1719980255.4071796
1719980256.217956 1719980284.5070393
1719980285.3077953 1719980317.256902
1719980322.616564 1719980346.707802
1719980353.4107738 1719980372.8065577
1719980376.5199316 1719980401.659893
1719980404.3586686 1719980431.40799
1719980436.2107246 1719980462.8605995
1719980467.0667832 1719980493.660287
1719980504.536744 1719980526.4567096
1719980536.9227302 1719980561.5566516
1719980562.1692753 1719980591.6727781
1719980600.5227206 1719980631.956675
1719980641.3657928 1719980657.406828
1719980658.7688465 1719980689.156799
1719980690.8147874 1719980721.756993
1719980728.2307932 1719980752.256722
1719980755.8228545 1719980793.3066268
1719980796.7587862 1719980821.6602886
1719980825.2268298 1719980856.6583107
1719980859.1651993 1719980882.5606446
1719980890.3267348 1719980917.3075106
1719980920.4707308 1719980944.0104125
1719980952.9267633 1719980981.5580952
1719980982.1135075 1719981007.5583265
1719981012.3107846 1719981038.2102895
1719981049.0176733 1719981073.9584553
1719981079.51078 1719981108.4596765
1719981116.0288873 1719981140.2625272
1719981144.0754716 1719981168.9134042
1719981169.7187352 1719981199.858267
1719981203.5267498 1719981233.3613648
1719981238.2147958 1719981260.2569172
1719981260.5675395 1719981294.2089276
1719981304.9791796 1719981327.012743
1719981337.571056 1719981368.5601556
1719981379.3232772 1719981392.7066605
1719981399.273934 1719981434.7566504
1719981442.3238187 1719981459.5569336
1719981460.975148 1719981498.3066523
1719981500.0150955 1719981527.3100429
1719981537.8299184 1719981564.3088796
1719981572.0227778 1719981598.8069537
1719981606.3803065 1719981629.9571033
1719981634.1141849 1719981667.9066591
1719981670.510439 1719981703.057011
1719981707.362721 1719981736.0568287
1719981740.5795028 1719981766.5568593
1719981769.3227253 1719981806.4579172
1719981811.1272762 1719981836.0616248
1719981844.8827162 1719981868.8566027
1719981870.5768526 1719981903.70696
1719981914.2787795 1719981945.5066595
1719981952.3148556 1719981977.5624378
1719981979.511797 1719982014.8566506
1719982018.5205872 1719982046.7569094
1719982055.2720642 1719982072.1567001
1719982073.4783545 1719982097.5565722
1719982102.0802405 1719982129.2567768
1719982129.5116997 1719982158.1617007
1719982167.0148008 1719982192.96063
1719982195.8251503 1719982222.3588803
1719982230.023526 1719982251.6619284
1719982259.4731252 1719982275.3568075
1719982276.6216574 1719982302.5607216
1719982313.484495 1719982343.4583697
1719982349.31983 1719982372.4596403
1719982375.170278 1719982391.1569686
1719982401.8728561 1719982428.2070053
1719982437.8748164 1719982460.1069057
1719982461.7227235 1719982489.6086392
1719982494.7627935 1719982518.161502
1719982524.9237983 1719982549.8091927
1719982560.014747 1719982583.3066268
1719982585.9120831 1719982616.858282
1719982622.7227678 1719982643.356681
1719982651.032325 1719982670.709216
1719982680.5267746 1719982712.5619566
1719982713.5733206 1719982734.706664
1719982741.314736 1719982767.8567028
1719982773.5732133 1719982798.7094488
1719982806.5301192 1719982839.156723
1719982843.6822298 1719982869.3091502
1719982880.0368185 1719982907.2612455
1719982909.9711978 1719982933.4582014
1719982944.2086496 1719982959.7579095
1719982964.8641264 1719982987.0071301
1719982993.76522 1719983022.2567403
1719983024.02862 1719983049.807758
1719983054.0147772 1719983078.558941
1719983079.174037 1719983107.0582695
1719983111.7107482 1719983140.05677
1719983145.7707283 1719983168.9578035
1719983179.5686746 1719983205.2566028
1719983211.7627914 1719983228.056538
1719983235.6787932 1719983259.7573166
1719983261.5108442 1719983296.261128
1719983304.0707834 1719983343.2567122
1719983353.8828056 1719983369.8091292
1719983371.674853 1719983397.1629407
1719983400.0176845 1719983429.156761
1719983432.7803545 1719983469.2576637
1719983478.9745946 1719983502.3102026
1719983508.0155802 1719983530.6582398
1719983539.7827358 1719983562.9570565
1719983572.670816 1719983596.0565875
1719983604.726762 1719983632.4092412
1719983636.0256457 1719983658.7589548
1719983665.927585 1719983695.6577415
1719983706.2788296 1719983726.6592162
1719983736.7794256 1719983753.2566938
1719983764.0187356 1719983792.7604818
1719983798.2747755 1719983825.4615648
1719983826.3206565 1719983864.3582618
1719983866.6820602 1719983897.3591309
1719983907.0147827 1719983925.909587
1719983926.7165515 1719983957.4105616
1719983962.4187737 1719983996.4640334
1719983999.1164737 1719984033.7565444
1719984043.572997 1719984070.9565756
1719984075.662625 1719984101.7579677
1719984102.3786585 1719984131.8566928
1719984133.3183537 1719984160.5568178
1719984162.0266614 1719984196.95846
1719984198.6107352 1719984224.6066408
1719984225.164783 1719984261.2567723
1719984268.8839805 1719984294.2089992
1719984295.7185202 1719984333.5582132
1719984342.2893043 1719984364.8569577
1719984372.622772 1719984397.1571617
1719984404.724679 1719984426.6602745
1719984432.220344 1719984457.1066544
1719984466.8787806 1719984483.9588876
1719984489.717229 1719984516.2568889
1719984522.6183693 1719984550.056601
1719984553.6107454 1719984584.659391
1719984590.8147333 1719984614.257361
1719984617.9707522 1719984646.7570171
1719984651.3258944 1719984675.5576956
1719984678.1096573 1719984703.956626
1719984708.630147 1719984735.6617782
1719984737.3672223 1719984773.2701437
1719984784.080221 1719984805.6072383
1719984805.8600862 1719984835.058535
1719984835.6250024 1719984867.7565591
1719984876.4747384 1719984905.556774
1719984907.783765 1719984935.6105304
1719984943.4787862 1719984967.0567915
1719984970.220073 1719984997.7592952
1719985001.0640206 1719985025.0609875
1719985030.8187804 1719985046.9567587
1719985055.4731324 1719985072.8581076
1719985075.3615584 1719985100.0091903
1719985108.8147962 1719985124.7087193
1719985130.6697161 1719985151.3572516
1719985153.8169765 1719985180.4609733
1719985185.113223 1719985213.4567094
1719985216.2606936 1719985249.0568757
1719985253.724288 1719985285.5065851
1719985294.0187917 1719985313.0615366
1719985323.9725072 1719985341.8581333
1719985344.6703808 1719985373.9624708
1719985380.871197 1719985410.2080407
1719985415.9675596 1719985437.6570508
1719985447.1787314 1719985467.5589786
1719985476.2187421 1719985501.806581
1719985506.2787902 1719985530.509697
1719985537.3756194 1719985558.3072975
1719985564.5650465 1719985586.9604068
1719985597.730832 1719985625.6066132
1719985633.1792085 1719985653.307759
1719985656.7189784 1719985684.9566643
1719985694.7187276 1719985717.0074265
1719985727.7245598 1719985746.006592
1719985751.6667774 1719985775.1565092
1719985780.858784 1719985809.7583644
1719985818.418798 1719985838.858604
1719985841.2107363 1719985867.6100962
1719985874.4324644 1719985894.2611814
1719985899.1646476 1719985928.356694
1719985933.0770342 1719985954.908555
1719985959.7587705 1719985991.858561
1719986000.5268004 1719986022.3591843
1719986027.6667638 1719986047.758381
1719986051.0262163 1719986082.157074
1719986090.4307895 1719986110.8567028
1719986111.5168653 1719986139.2066162
1719986145.718723 1719986169.6583533
1719986180.434589 1719986206.156818
1719986210.8758457 1719986241.4064837
1719986246.0288768 1719986285.6130772
1719986287.2099335 1719986311.4089203
1719986315.9130447 1719986336.7582483
1719986347.3307543 1719986376.358098
1719986383.0372155 1719986408.85674
1719986416.3265433 1719986435.458165
1719986442.779485 1719986464.0568483
1719986473.6355927 1719986501.158188
1719986502.0579233 1719986532.857602
1719986542.6685102 1719986562.8597908
1719986569.2147558 1719986579.1066487
1719986585.3657832 1719986617.9570503
1719986624.5162783 1719986645.508708
1719986649.7716389 1719986678.4611297
1719986687.4692967 1719986709.358627
1719986717.8707738 1719986750.1568027
1719986754.5227976 1719986774.3616207
1719986785.1307368 1719986816.5569303
1719986821.316763 1719986846.058421
1719986854.1743224 1719986881.656789
1719986885.0707786 1719986912.108067
1719986913.5747988 1719986944.1065707
1719986952.8246589 1719986973.256909
1719986983.0187855 1719987007.6566098
1719987015.03487 1719987038.4640696
1719987047.226724 1719987069.5065427
1719987070.0243926 1719987102.4623969
1719987110.174718 1719987134.45905
1719987143.862806 1719987161.6584413
1719987171.5213168 1719987189.9066641
1719987190.3727033 1719987216.8565695
1719987226.52284 1719987244.2608044
1719987249.0748494 1719987269.1102839
1719987275.0227904 1719987304.6577477
1719987306.4080505 1719987332.4606454
1719987337.5849345 1719987364.3613482
1719987374.1267757 1719987406.4568858
1719987415.2680447 1719987438.4625576
1719987449.329925 1719987470.3609989
1719987473.2134058 1719987498.456718
1719987499.9679704 1719987528.757206
1719987538.9688425 1719987567.0603344
1719987570.8658998 1719987602.0625353
1719987609.7654614 1719987633.507114
1719987635.212072 1719987667.860815
1719987671.5744236 1719987701.358929
1719987709.4292648 1719987734.207106
1719987741.7747712 1719987763.8606467
1719987766.2707343 1719987794.0568295
1719987801.5730793 1719987829.5578463
1719987831.1184187 1719987865.0572908
1719987869.477964 1719987890.1584976
1719987899.9222422 1719987926.2092717
1719987935.0307906 1719987953.2568538
1719987959.9215882 1719987984.6571734
1719987989.018787 1719988023.7066693
1719988032.0191412 1719988059.4579568
1719988069.2747798 1719988086.7613158
1719988095.279372 1719988123.8569365
1719988134.640681 1719988151.3606176
1719988155.1067367 1719988184.5066175
1719988190.8771737 1719988216.910531
1719988222.4755247 1719988258.6584642
1719988268.5203323 1719988289.0589464
1719988291.6108475 1719988320.2131295
1719988328.4155922 1719988366.106654
1719988367.7090786 1719988385.7612011
1719988386.9146256 1719988423.9570227
1719988427.5247917 1719988457.763547
1719988464.9246392 1719988492.3569238
1719988496.8627725 1719988523.3626184
1719988529.2192883 1719988552.4603806
1719988560.2256317 1719988581.8566098
1719988583.307978 1719988616.1566792
1719988618.6702862 1719988644.9571779
1719988651.1267807 1719988674.2069607
1719988681.914774 1719988713.2072186
1719988723.8734756 1719988746.8566632
1719988751.4188292 1719988779.4629042
1719988780.7755218 1719988807.6571646
1719988818.1771235 1719988834.357025
1719988835.1144643 1719988861.2567554
1719988871.377068 1719988889.9102666
1719988890.8088903 1719988921.2565515
1719988924.7179413 1719988949.806638
1719988958.1815617 1719988981.3585389
1719988988.7738063 1719989015.8605847
1719989016.6784012 1719989049.357837
1719989055.572511 1719989073.8566182
1719989081.416589 1719989103.2098448
1719989106.071266 1719989128.0567062
1719989131.7627363 1719989167.7600372
1719989170.6269727 1719989192.1066613
1719989200.7707222 1719989233.3566756
1719989240.9668465 1719989263.7569864
1719989266.366838 1719989295.3090014
1719989299.1727777 1719989328.1609766
1719989333.9628057 1719989358.8566792
1719989367.5202777 1719989386.009839
1719989392.916112 1719989423.6574996
1719989434.5279677 1719989452.7630699
1719989460.616174 1719989478.2616293
1719989487.3827295 1719989514.15667
1719989515.7128441 1719989544.3575356
1719989547.0202453 1719989575.0570529
1719989582.2696424 1719989603.057039
1719989610.2267485 1719989639.9565969
1719989642.0635986 1719989670.3089485
1719989674.5186594 1719989697.3565018
1719989705.9748788 1719989732.0085404
1719989733.916226 1719989764.2065
1719989768.6803322 1719989799.3579648
1719989802.7260246 1719989820.9068785
1719989828.3147495 1719989857.8083713
1719989865.970223 1719989889.1622927
1719989891.026375 1719989918.6569068
1719989929.1148505 1719989955.2569845
1719989957.7207904 1719989991.1069784
1719990000.622022 1719990026.6590972
1719990036.2730336 1719990059.410139
1719990062.87379 1719990088.5069351
1719990094.1143122 1719990124.2101026
1719990134.066953 1719990148.458555
1719990148.7251232 1719990173.2567172
1719990174.0637915 1719990203.9070623
1719990211.1227796 1719990229.862352
1719990232.6187472 1719990257.8096223
1719990259.6222827 1719990294.1565886
1719990303.526793 1719990320.5568469
1719990329.284218 1719990350.0613694
1719990359.878782 1719990381.3569374
1719990386.8319592 1719990418.0066686
1719990427.5707266 1719990447.3641024
1719990457.1194983 1719990477.0621753
1719990479.7667863 1719990504.507909
1719990511.226775 1719990534.258121
1719990543.0267508 1719990564.806635
1719990567.3707302 1719990595.461625
1719990599.174829 1719990626.106926
1719990632.718975 1719990656.906435
1719990661.622807 1719990686.0604863
1719990689.8699503 1719990717.4607475
1719990723.274802 1719990752.3089457
1719990757.2628002 1719990788.9097283
1719990798.1787417 1719990822.156495
1719990831.5227807 1719990856.0607035
1719990863.81504 1719990884.1569512
1719990891.7789502 1719990911.0070825
1719990919.6227784 1719990948.7577806
1719990959.6227431 1719990977.6094046
1719990988.3309045 1719991009.1658742
1719991017.0227363 1719991046.4584434
1719991053.234032 1719991077.9064987
1719991084.3747241 1719991105.656511
1719991107.2640142 1719991140.1581244
1719991140.9619782 1719991161.2578127
1719991165.8709803 1719991196.7569575
1719991197.3283758 1719991229.108377
1719991239.5307372 1719991259.5102487
1719991262.2704303 1719991285.3099165
1719991292.1708093 1719991317.561379
1719991319.4707973 1719991349.1102054
1719991353.8181648 1719991386.2569404
1719991388.6151867 1719991418.3574731
1719991418.913139 1719991453.4572256
1719991456.1227868 1719991477.2090123
1719991482.3227792 1719991508.5066388
1719991510.1747327 1719991538.2602026
1719991542.1628516 1719991564.6569796
1719991570.1227317 1719991592.760496
1719991602.7181494 1719991630.1089027
1719991636.9147925 1719991671.8585007
1719991681.485985 1719991703.6590776
1719991708.0707796 1719991740.106576
1719991746.762783 1719991768.509099
1719991769.2226253 1719991801.157034
1719991803.8701327 1719991842.357211
1719991852.8354876 1719991875.0568464
1719991877.5209723 1719991901.858951
1719991903.4187903 1719991933.9657006
1719991938.7587826 1719991960.2564578
1719991963.9587483 1719991991.6566477
1719991993.2709653 1719992020.4568334
1719992022.1146662 1719992056.4566162
1719992065.1208224 1719992089.2594929
1719992090.7173321 1719992120.0086422
1719992120.220178 1719992157.9608705
1719992168.4867866 1719992193.8606088
1719992197.7114122 1719992223.2568371
1719992223.7210898 1719992261.5065546
1719992265.118953 1719992287.4592113
1719992287.7148027 1719992320.9569051
1719992324.458779 1719992356.70693
1719992364.3728929 1719992388.610609
1719992396.2667127 1719992431.7584114
1719992441.321971 1719992463.9613707
1719992474.874785 1719992497.4578428
1719992500.1808877 1719992534.2066355
1719992535.9218702 1719992565.2582698
1719992568.0796728 1719992595.2622492
1719992604.0747795 1719992632.5588207
1719992639.933589 1719992660.0616693
1719992664.9187398 1719992700.657768
1719992707.3628514 1719992731.5567696
1719992735.919125 1719992763.4583747
1719992771.0107574 1719992798.4565964
1719992803.8747377 1719992834.3601563
1719992836.3120332 1719992862.6066387
1719992866.17476 1719992892.6080778
1719992894.0687 1719992934.8568497
1719992942.3176363 1719992966.906939
1719992975.6227324 1719992989.0575047
1719992996.8144574 1719993019.2612495
1719993020.1127226 1719993055.6566741
1719993061.3148484 1719993078.610774
1719993080.3187275 1719993108.1129837
1719993113.7748156 1719993142.60777
1719993151.4145722 1719993172.8620946
1719993179.6264198 1719993202.8568728
1719993207.3176181 1719993232.9586732
1719993237.6667876 1719993265.2609162
1719993265.9299216 1719993295.2066407
1719993304.8190482 1719993338.3065372
1719993348.9308538 1719993364.8604994
1719993371.7107997 1719993410.4566913
1719993412.9587867 1719993433.0612037
1719993442.7867177 1719993469.6567454
1719993477.318733 1719993496.6614234
1719993505.4293177 1719993515.957089
1719993521.4226265 1719993553.4567888
1719993556.0689752 1719993583.2094631
1719993589.913914 1719993622.25668
1719993627.9158435 1719993644.706573
1719993647.014734 1719993682.156756
1719993682.9748058 1719993702.2099228
1719993707.0741203 1719993745.656763
1719993752.1747267 1719993779.9065106
1719993785.5649858 1719993812.3578188
1719993823.1286676 1719993845.7066476
1719993849.3689728 1719993880.0624108
1719993888.9796371 1719993911.4066389
1719993913.53061 1719993945.858472
1719993956.6827855 1719993977.856711
1719993979.265188 1719994006.1570966
1719994012.4764712 1719994027.3570447
1719994034.0274787 1719994058.2566159
1719994067.6241026 1719994086.5084004
1719994091.322659 1719994123.8103848
1719994126.6126325 1719994152.2567754
1719994152.7650254 1719994185.7566526
1719994186.4138243 1719994215.9619858
1719994216.9608202 1719994248.1567245
1719994254.969297 1719994276.6080916
1719994284.3228056 1719994310.9565818
1719994319.7277389 1719994348.8066623
1719994351.2241406 1719994381.8068812
1719994387.2729323 1719994418.9068534
1719994427.38132 1719994445.5094104
1719994448.366943 1719994472.0066547
1719994472.669947 1719994513.1566827
1719994518.5667763 1719994543.6567903
1719994551.3747885 1719994584.4066722
1719994589.1285732 1719994609.35668
1719994612.0247445 1719994653.4068565
1719994654.466141 1719994683.4565105
1719994686.0187733 1719994717.0570354
1719994722.3787725 1719994756.2566886
1719994757.8707173 1719994787.056758
1719994791.7742503 1719994815.7568517
1719994820.4787326 1719994849.760308
1719994854.660685 1719994880.4568553
1719994884.0737839 1719994923.4568963
1719994927.1210775 1719994953.306641
1719994957.5587368 1719994986.6584108
1719994993.262714 1719995012.0583649
1719995017.370764 1719995043.0065958
1719995049.76698 1719995076.9586458
1719995087.785363 1719995120.0566263
1719995122.6667347 1719995152.0600274
1719995159.6247008 1719995191.4569862
1719995195.974815 1719995223.6623204
1719995224.4725285 1719995253.2066612
1719995259.8747175 1719995287.0584147
1719995292.6204336 1719995329.0567424
1719995337.2708032 1719995362.7098298
1719995369.5224266 1719995395.0586114
1719995403.7787883 1719995421.3624725
1719995422.214526 1719995457.9566298
1719995467.587682 1719995485.2091556
1719995487.0260806 1719995515.409238
1719995524.1307611 1719995551.460297
1719995559.483973 1719995580.8605578
1719995588.0787692 1719995612.707109
1719995617.4227738 1719995642.9566684
1719995650.4227326 1719995673.4066126
1719995683.027249 1719995712.4592013
1719995714.4085839 1719995735.5109432
1719995745.0295827 1719995761.7566924
1719995765.4627266 1719995804.3066123
1719995813.0307956 1719995830.4065597
1719995839.8787804 1719995868.6614778
1719995877.5787191 1719995905.4066753
1719995912.1702933 1719995942.1567156
1719995949.7269728 1719995978.8128474
1719995988.6267333 1719996006.4101317
1719996017.2769942 1719996034.2571228
1719996034.4155161 1719996062.9568818
1719996069.670871 1719996100.258602
1719996104.1107929 1719996133.0093997
1719996141.586557 1719996171.0580096
1719996174.9164536 1719996204.1567369
1719996208.9244883 1719996239.4580915
1719996248.7267332 1719996266.3624244
1719996270.1660604 1719996296.36194
1719996297.2190778 1719996338.3566298
1719996340.117627 1719996358.9092112
1719996366.319024 1719996389.957396
1719996391.7189796 1719996421.5590615
1719996427.824936 1719996450.0568337
1719996460.5261989 1719996478.009568
1719996484.8287618 1719996509.0567472
1719996518.4770641 1719996534.5617971
1719996536.5122445 1719996568.2095969
1719996571.0110083 1719996603.806903
1719996612.0757647 1719996635.4574795
1719996639.9248183 1719996670.657404
1719996677.4791532 1719996710.3097174
1719996718.1787784 1719996743.2568119
1719996749.8276339 1719996772.7616751
1719996774.6616075 1719996807.5567768
1719996813.2107856 1719996837.856495
1719996843.2267392 1719996870.5589101
1719996877.1307235 1719996904.5066526
1719996910.12209 1719996938.25818
1719996948.8147438 1719996973.7584555
1719996980.5747714 1719997009.558485
1719997010.4108062 1719997042.006884
1719997044.5232625 1719997076.9066288
1719997085.474027 1719997105.8583982
1719997115.4775085 1719997142.9568396
1719997151.4827778 1719997169.4588523
1719997177.032882 1719997202.5083668
1719997206.2762895 1719997237.7591412
1719997240.4173594 1719997268.056669
1719997273.8291202 1719997302.2566922
1719997306.5157137 1719997333.7624304
1719997337.715969 1719997361.9080868
1719997372.8189201 1719997387.4603503
1719997392.2667842 1719997418.509079
1719997426.3628778 1719997446.1588867
1719997447.8602083 1719997485.6582794
1719997488.3221786 1719997511.1590269
1719997520.5861087 1719997542.5616488
1719997547.472685 1719997568.0565934
1719997578.421215 1719997602.607004
1719997604.1633866 1719997635.209536
1719997645.1336453 1719997658.2600691
1719997662.9147768 1719997693.156542
1719997701.5770965 1719997720.2085211
1719997725.9187217 1719997751.6065006
1719997756.1750288 1719997776.7591622
1719997780.3201663 1719997808.6592376
1719997817.7867832 1719997840.2565522
1719997847.8697605 1719997870.5586402
1719997871.2167952 1719997899.6066015
1719997904.162765 1719997931.2570229
1719997939.8751462 1719997968.0065548
1719997971.372126 1719998005.9584112
1719998014.2827442 1719998036.758939
1719998037.177553 1719998070.8088527
1719998076.522771 1719998102.85657
1719998112.4268599 1719998143.5622256
1719998146.2186468 1719998181.9612374
1719998186.8667915 1719998212.7567186
1719998220.0267694 1719998245.456734
1719998250.7267897 1719998286.6580641
1719998295.4265943 1719998323.408897
1719998324.1605597 1719998359.006652
1719998368.626781 1719998387.908817
1719998394.914828 1719998429.5583506
1719998432.6656842 1719998460.9585881
1719998461.730176 1719998499.1088293
1719998507.8707385 1719998527.7579536
1719998535.4707308 1719998562.857059
1719998573.4813473 1719998595.3084843
1719998598.8622859 1719998636.5065758
1719998638.1660337 1719998663.1609952
1719998672.9218042 1719998694.9619975
1719998700.9108088 1719998731.258144
1719998740.1667728 1719998761.156729
1719998765.5702887 1719998791.6620083
1719998796.4126565 1719998821.2583969
1719998822.6183572 1719998850.558927
1719998861.2707267 1719998883.8566177
1719998885.523874 1719998915.9567559
1719998916.615733 1719998943.609085
1719998953.422744 1719998981.6564982
1719998990.2738268 1719999015.006673
1719999016.8206456 1719999046.0135646
1719999056.7232769 1719999084.869
1719999095.6358864 1719999114.6567607
1719999118.366785 1719999148.8584187
1719999158.614744 1719999184.6566446
1719999186.3577526 1719999209.7609813
