1756373205.5150526 1756373225.1347108
1756373225.1347694 1756373251.0233023
1756373251.0233192 1756373284.7170317
1756373284.717055 1756373309.8988943
1756373309.898916 1756373342.405935
1756373342.4059615 1756373371.2810235
1756373371.281043 1756373397.4139678
1756373397.413992 1756373422.972283
1756373422.9723012 1756373463.9767716
1756373463.9768004 1756373494.8288507
1756373494.8288734 1756373522.7208881
1756373522.720908 1756373556.041382
1756373556.0414045 1756373578.7518542
1756373578.7518792 1756373602.3791525
1756373602.3791735 1756373629.407921
1756373629.407944 1756373655.192513
1756373655.1925342 1756373680.0499215
1756373680.049943 1756373701.7701776
1756373701.7701986 1756373727.6325674
1756373727.6325872 1756373759.9230897
1756373759.923116 1756373782.2876823
1756373782.2877057 1756373804.653147
1756373804.653172 1756373831.7194176
1756373831.719437 1756373859.8978639
1756373859.8978858 1756373889.3706608
1756373889.3706818 1756373915.509416
1756373915.5094397 1756373946.5218852
1756373946.5219202 1756373967.3548646
1756373967.354887 1756373996.6820326
1756373996.682055 1756374022.1630967
1756374022.1631186 1756374052.0027423
1756374052.002761 1756374077.8135173
1756374077.813539 1756374106.0768738
1756374106.0768974 1756374126.01237
1756374126.01239 1756374156.9293766
1756374156.92941 1756374180.615995
1756374180.616017 1756374212.8876748
1756374212.8877056 1756374238.6813931
1756374238.6814108 1756374268.1011436
1756374268.1011658 1756374299.285825
1756374299.2858477 1756374326.215788
1756374326.21581 1756374357.6509197
1756374357.650938 1756374388.1257555
1756374388.1257763 1756374419.5583732
1756374419.5583966 1756374441.3595784
1756374441.3596132 1756374464.3316839
1756374464.3317049 1756374489.4925053
1756374489.4925263 1756374507.0314424
1756374507.0314615 1756374535.6487632
1756374535.648787 1756374565.277908
1756374565.2779372 1756374592.0047157
1756374592.0047376 1756374618.7465196
1756374618.7465382 1756374641.2560256
1756374641.2560449 1756374664.060608
1756374664.0606377 1756374693.5043707
1756374693.5043924 1756374715.1303153
1756374715.1303382 1756374743.180766
1756374743.180796 1756374766.7254238
1756374766.7254457 1756374794.190481
1756374794.1905131 1756374822.3001637
1756374822.3001847 1756374855.9991965
1756374855.9992285 1756374878.350114
1756374878.3501363 1756374906.3618925
1756374906.3619127 1756374923.4745
1756374923.4745245 1756374951.6780882
1756374951.6781082 1756374977.5733798
1756374977.573401 1756375007.9667044
1756375007.9667263 1756375034.4272397
1756375034.4272633 1756375062.2188313
1756375062.2188551 1756375091.166122
1756375091.1661394 1756375115.9144833
1756375115.9145103 1756375155.0092044
1756375155.0092206 1756375181.8300014
1756375181.8300252 1756375213.6912181
1756375213.6912386 1756375249.279663
1756375249.2796922 1756375273.1695158
1756375273.1695397 1756375300.0363054
1756375300.0363874 1756375323.0912223
1756375323.091247 1756375346.4149432
1756375346.414963 1756375371.2145703
1756375371.2145915 1756375397.9955802
1756375397.995617 1756375429.2464705
1756375429.2465022 1756375450.1940491
1756375450.1940699 1756375474.9468627
1756375474.9468825 1756375504.2118425
1756375504.211864 1756375531.3546147
1756375531.3546417 1756375557.802765
1756375557.802785 1756375585.4838672
1756375585.4838896 1756375610.3643348
1756375610.3643725 1756375636.016826
1756375636.0168478 1756375662.1766887
1756375662.176712 1756375690.1344087
1756375690.1344402 1756375717.599755
1756375717.5997794 1756375747.073834
1756375747.073858 1756375773.0016787
1756375773.0017009 1756375797.447695
1756375797.447719 1756375827.2960596
1756375827.2960865 1756375857.9859254
1756375857.9859536 1756375884.4429724
1756375884.442998 1756375913.543179
