1756373197.3256562 1756373228.4117734
1756373228.411809 1756373256.2657475
1756373256.2657704 1756373284.3648515
1756373284.364873 1756373306.096384
1756373306.0964305 1756373343.4132047
1756373343.4132354 1756373373.2299814
1756373373.2300045 1756373400.252278
1756373400.2523057 1756373432.175307
1756373432.1753354 1756373467.7707849
1756373467.7708046 1756373499.5120416
1756373499.5120795 1756373532.8836079
1756373532.8836362 1756373556.3704562
1756373556.3705184 1756373581.0439045
1756373581.0439413 1756373604.402453
1756373604.402475 1756373632.0555992
1756373632.0556247 1756373657.873606
1756373657.873628 1756373680.4683018
1756373680.4683225 1756373702.3232703
1756373702.323289 1756373728.6249893
1756373728.62501 1756373757.3665812
1756373757.366603 1756373780.633807
1756373780.6338282 1756373802.8579497
1756373802.8579688 1756373829.322518
1756373829.3225393 1756373856.6969721
1756373856.696993 1756373891.230257
1756373891.2302783 1756373918.721584
1756373918.721612 1756373947.8153403
1756373947.815366 1756373971.3308418
1756373971.3308694 1756374001.6617475
1756374001.6617699 1756374023.849277
1756374023.8492975 1756374053.1516943
1756374053.1517148 1756374072.6218514
1756374072.6218755 1756374103.044536
1756374103.0445662 1756374127.5298374
1756374127.5298662 1756374159.0041022
1756374159.0041323 1756374184.6514528
1756374184.6514742 1756374209.025738
1756374209.0257587 1756374233.3546581
1756374233.3546908 1756374270.4950466
1756374270.4950705 1756374302.5901961
1756374302.590216 1756374331.2532086
1756374331.2532353 1756374360.6079462
1756374360.607968 1756374389.538704
1756374389.5387275 1756374419.953105
1756374419.9531262 1756374442.3783977
1756374442.3784246 1756374465.8814957
1756374465.881515 1756374490.4861743
1756374490.4862087 1756374510.5501084
1756374510.5501294 1756374541.0397542
1756374541.0397766 1756374568.0569634
1756374568.0569835 1756374596.0301754
1756374596.0301964 1756374623.7241895
1756374623.7242115 1756374646.4345698
1756374646.434615 1756374672.4532683
1756374672.4532878 1756374694.1227498
1756374694.122777 1756374717.299033
1756374717.2990503 1756374747.3648067
1756374747.3648293 1756374773.0909092
1756374773.0909276 1756374800.623947
1756374800.62397 1756374830.0701895
1756374830.0702112 1756374857.0189514
1756374857.0189767 1756374880.9485626
1756374880.9485826 1756374906.8748686
1756374906.874894 1756374929.4496527
1756374929.449677 1756374954.6385536
1756374954.638575 1756374985.456026
1756374985.4560454 1756375009.2622106
1756375009.2622347 1756375035.727777
1756375035.727797 1756375063.2772486
1756375063.2772737 1756375085.5400221
1756375085.540041 1756375113.9208367
1756375113.920859 1756375153.7660704
1756375153.7660904 1756375181.8869512
1756375181.8869731 1756375210.496937
1756375210.4969687 1756375244.569248
1756375244.5692713 1756375269.9169786
1756375269.916998 1756375300.9524124
1756375300.9524386 1756375325.3888445
1756375325.3888624 1756375352.1363463
1756375352.1363676 1756375372.6176634
1756375372.6176918 1756375399.6569774
1756375399.6569948 1756375430.8808162
1756375430.8808413 1756375451.796202
1756375451.7962315 1756375476.60248
1756375476.602512 1756375505.7902467
1756375505.7902687 1756375534.391923
1756375534.3919458 1756375560.670987
1756375560.6710076 1756375585.4979074
1756375585.497928 1756375610.02553
1756375610.0255563 1756375639.1621008
1756375639.162124 1756375669.7332752
1756375669.7332962 1756375693.8256497
1756375693.8256726 1756375722.2972016
1756375722.2972248 1756375749.2040215
1756375749.204052 1756375775.526152
1756375775.5261717 1756375803.1153257
1756375803.1153495 1756375831.5725825
1756375831.572605 1756375857.6539917
1756375857.6540124 1756375885.5829175
1756375885.5829422 1756375913.4747186
