1756363225.2193468 1756363251.685796
1756363251.6858206 1756363283.0050943
1756363283.0051227 1756363312.2044742
1756363312.2045157 1756363338.0505857
1756363338.0506227 1756363357.8252032
1756363357.8252225 1756363397.9770775
1756363397.977102 1756363425.7848136
1756363425.7848356 1756363451.976361
1756363451.9763901 1756363477.9397879
1756363477.9398115 1756363505.1405241
1756363505.1405523 1756363536.9561934
1756363536.9562204 1756363566.3749006
1756363566.3749213 1756363595.4043887
1756363595.4044094 1756363624.2949712
1756363624.295001 1756363653.905683
1756363653.9057071 1756363681.2137275
1756363681.213751 1756363705.9704633
1756363705.9705248 1756363731.471996
1756363731.4720178 1756363752.911272
1756363752.9113019 1756363774.7122712
1756363774.7122924 1756363797.2265472
1756363797.2265708 1756363817.4071507
1756363817.4071693 1756363848.471414
1756363848.4714406 1756363868.5115566
1756363868.5116293 1756363892.1270351
1756363892.1270566 1756363914.521216
1756363914.5212402 1756363937.328001
1756363937.3280213 1756363962.8133755
1756363962.8133986 1756363983.1894686
1756363983.1894984 1756364004.727634
1756364004.7276583 1756364028.6894581
1756364028.6894846 1756364056.549403
1756364056.549447 1756364083.762221
1756364083.7622445 1756364107.8441627
1756364107.8441908 1756364133.3869379
1756364133.386965 1756364156.7634232
1756364156.76345 1756364183.9998019
1756364183.9998205 1756364204.8807466
1756364204.8807728 1756364242.5862644
1756364242.5862992 1756364270.979035
1756364270.979059 1756364297.1110594
1756364297.1110864 1756364327.539683
1756364327.5397108 1756364357.833793
1756364357.833816 1756364390.7972937
1756364390.7973232 1756364420.6524818
1756364420.6525052 1756364447.6951008
1756364447.6951227 1756364477.2571332
1756364477.2571564 1756364514.8963158
1756364514.896339 1756364547.5464013
1756364547.5464258 1756364572.2266767
1756364572.2266948 1756364594.4382334
1756364594.4382548 1756364618.337822
1756364618.3378434 1756364644.6776447
1756364644.6776686 1756364670.6403437
1756364670.6403651 1756364697.302909
1756364697.3029375 1756364725.1240752
1756364725.1241024 1756364756.819424
1756364756.819446 1756364785.9430873
1756364785.943111 1756364811.1394017
1756364811.1394198 1756364837.1278095
1756364837.127841 1756364860.1126099
1756364860.1126325 1756364888.4265072
1756364888.4265335 1756364916.4592543
1756364916.459272 1756364939.2111619
1756364939.2111816 1756364963.036684
1756364963.0367074 1756364983.5870252
1756364983.587043 1756365019.8638694
1756365019.8638992 1756365042.537504
1756365042.537522 1756365062.6017857
1756365062.6018128 1756365082.691987
1756365082.692011 1756365110.2230105
1756365110.22304 1756365133.8235366
1756365133.8235588 1756365159.8395493
1756365159.839581 1756365190.598312
1756365190.598346 1756365214.891206
1756365214.8912323 1756365244.6282303
1756365244.6282556 1756365275.8192499
1756365275.8192694 1756365302.9110203
1756365302.911044 1756365328.5434089
1756365328.5434341 1756365349.588656
1756365349.5886824 1756365371.2573402
1756365371.257368 1756365397.3702698
1756365397.3702955 1756365422.850411
1756365422.8504353 1756365444.2959125
1756365444.2959394 1756365470.398984
1756365470.3990204 1756365491.009149
1756365491.009181 1756365515.0939758
1756365515.0939968 1756365534.7687063
1756365534.7687318 1756365556.2760134
1756365556.2760365 1756365583.1198003
1756365583.119826 1756365610.2788386
1756365610.2788603 1756365640.2533412
1756365640.253365 1756365662.562513
1756365662.5625315 1756365688.198294
1756365688.1983137 1756365716.150114
1756365716.150149 1756365736.350589
1756365736.3506076 1756365760.3854494
1756365760.3854754 1756365784.6787493
1756365784.678771 1756365808.5913463
1756365808.591368 1756365843.5372941
