1762515419.84413 1762515456.137093
1762515456.1371133 1762515485.2489889
1762515485.249008 1762515512.3050148
1762515512.3050406 1762515546.9678295
1762515546.967857 1762515571.3867147
1762515571.386734 1762515608.437587
1762515608.437612 1762515635.4796834
1762515635.4797142 1762515661.144019
1762515661.1440454 1762515684.3048322
1762515684.3048735 1762515703.9682643
1762515703.9682908 1762515726.143391
1762515726.143412 1762515747.9437475
1762515747.943773 1762515767.8011923
1762515767.801222 1762515784.0338125
1762515784.0338302 1762515809.6841583
1762515809.684184 1762515830.879466
1762515830.879498 1762515853.0750585
1762515853.07511 1762515873.2831514
1762515873.2831767 1762515896.0639317
1762515896.0639577 1762515919.4350805
1762515919.4351058 1762515954.221693
1762515954.2217305 1762515984.489592
1762515984.4896157 1762516006.0193794
1762516006.0194006 1762516030.0822666
1762516030.082297 1762516068.1670384
1762516068.167067 1762516091.5737238
1762516091.5737503 1762516120.780559
1762516120.7805805 1762516153.4853575
1762516153.485382 1762516188.4454515
1762516188.4454722 1762516221.0937397
1762516221.0937736 1762516246.167258
1762516246.1672838 1762516284.458989
1762516284.4590125 1762516318.8149831
1762516318.8150084 1762516346.5851855
1762516346.5852227 1762516377.1330128
1762516377.133044 1762516405.0309515
1762516405.0309796 1762516437.484545
1762516437.4845939 1762516458.7219758
1762516458.7220027 1762516474.0456126
1762516474.0456336 1762516498.2150912
1762516498.2151217 1762516521.2187917
1762516521.2188168 1762516536.6353407
1762516536.635365 1762516561.8239765
1762516561.8240013 1762516577.6738174
1762516577.6738422 1762516600.385547
1762516600.3855662 1762516621.2218008
1762516621.2218273 1762516641.2642174
1762516641.2642446 1762516662.4084132
1762516662.4084382 1762516686.7184603
1762516686.7184799 1762516716.2728133
1762516716.272832 1762516738.5423765
1762516738.5424109 1762516769.6276917
1762516769.627726 1762516793.2898996
1762516793.2899194 1762516817.4433355
1762516817.4433618 1762516845.4871483
1762516845.4871714 1762516879.213035
1762516879.2130632 1762516916.4590213
1762516916.4590452 1762516947.1195183
1762516947.1195405 1762516970.541404
1762516970.5414286 1762517005.2893476
1762517005.289369 1762517034.5135531
1762517034.5135796 1762517052.515253
1762517052.5152845 1762517075.3235495
1762517075.3235853 1762517101.3088567
1762517101.3088837 1762517121.1779768
1762517121.1779957 1762517147.3277164
1762517147.3277411 1762517168.6796136
1762517168.6796353 1762517194.0875363
1762517194.0875885 1762517216.874761
1762517216.8748195 1762517244.6042154
1762517244.6042433 1762517277.5198889
1762517277.5199258 1762517310.4277184
1762517310.4277477 1762517346.7939441
1762517346.7939854 1762517374.526009
1762517374.5260286 1762517409.0388603
1762517409.038896 1762517441.704171
1762517441.7041957 1762517465.6325982
1762517465.6326272 1762517491.3956554
1762517491.3956783 1762517507.8291352
1762517507.8291636 1762517545.492953
1762517545.4929826 1762517572.6399763
1762517572.6399994 1762517598.9727356
1762517598.972765 1762517616.0237997
1762517616.0238292 1762517636.1231935
1762517636.1232257 1762517655.5838654
1762517655.5838897 1762517689.5864046
1762517689.5864532 1762517715.9396315
1762517715.9396563 1762517747.756149
1762517747.7562077 1762517767.6730206
1762517767.673046 1762517801.5654387
1762517801.5654638 1762517828.6846452
1762517828.6846764 1762517860.3811944
1762517860.3812153 1762517890.7071433
1762517890.7071702 1762517919.1844225
1762517919.1844475 1762517955.341217
1762517955.3412437 1762517991.189953
1762517991.1899917 1762518018.825868
1762518018.8258922 1762518049.8547482
1762518049.8547761 1762518085.371228
1762518085.371255 1762518111.8978448
