278.29490089416504
232.7905580997467
174.48784255981445
210.1795425415039
217.18811416625977
237.27328062057495
165.6747899055481
99.06392550468445
216.28252172470093
196.19650411605835
169.829514503479
184.87060546875
174.2540328502655
115.07025837898254
161.9011287689209
237.18820095062256
125.65966176986694
231.35236382484436
173.78614330291748
166.85329174995422
213.47617626190186
231.04172325134277
238.81831431388855
162.39397168159485
154.95738983154297
219.9121172428131
235.67157530784607
127.95344495773315
122.37577152252197
202.88888239860535
197.38400650024414
146.299955368042
141.81880593299866
120.84531164169312
122.07682514190674
122.19784045219421
225.05934619903564
250.7140350341797
201.05968618392944
120.79757857322693
128.37662267684937
165.66293168067932
178.62235713005066
244.51576256752014
230.38915300369263
266.92440915107727
155.41759610176086
118.45235514640808
123.3682210445404
158.23214554786682
153.11718368530273
153.09239077568054
147.63549184799194
157.55496287345886
196.0125379562378
205.98199772834778
160.71995735168457
276.8926463127136
243.69068717956543
219.26854157447815
147.02946829795837
125.0410099029541
212.07579445838928
207.82476019859314
160.81214332580566
123.19698643684387
137.1495099067688
171.4195475578308
164.5722153186798
159.98151063919067
140.970201253891
171.3777186870575
150.96900010108948
222.15112447738647
190.77562594413757
250.92777585983276
175.3459930419922
150.05971336364746
256.9184811115265
163.97354125976562
187.90928173065186
162.62844491004944
106.6736752986908
119.85499048233032
236.20933437347412
261.0493233203888
159.8818473815918
147.12644290924072
155.62746858596802
163.74945521354675
166.18837809562683
148.85433793067932
149.34196305274963
151.64496302604675
137.69196128845215
125.5065369606018
109.90446043014526
117.19675517082214
224.73998832702637
256.447021484375
17955.175944805145
