1763962993.2968473 1763963257.9144878
1763963257.914523 1763963534.159074
1763963534.159096 1763963663.3727903
1763963663.3728082 1763963906.057936
1763963906.0579574 1763964040.1577196
1763964040.157742 1763964328.5902276
1763964328.5902493 1763964537.122732
1763964537.1227508 1763964629.451232
1763964629.4512534 1763964823.490473
1763964823.4904912 1763965046.6199121
1763965046.6199346 1763965196.7150602
1763965196.7150793 1763965396.0439012
1763965396.0439243 1763965574.6638174
1763965574.6638408 1763965686.8686464
1763965686.8686645 1763965813.6002405
1763965813.6002638 1763966080.1660411
1763966080.1660638 1763966211.5647485
1763966211.5647662 1763966404.8271859
1763966404.8272095 1763966555.9653108
1763966555.96533 1763966725.1714146
1763966725.1714318 1763966900.6623304
1763966900.6623523 1763967224.1640897
1763967224.1641114 1763967389.2936087
1763967389.2936265 1763967612.2180603
1763967612.2180836 1763967736.1099544
1763967736.1099715 1763967893.9850845
1763967893.9851067 1763968246.6271224
1763968246.6271448 1763968343.3118696
1763968343.3118887 1763968493.412644
1763968493.4126668 1763968689.6360328
1763968689.6360545 1763968891.644132
1763968891.6441512 1763969015.8478873
1763969015.847911 1763969141.5867972
1763969141.5868149 1763969308.2502234
1763969308.2502453 1763969420.5214221
1763969420.5214396 1763969543.4872808
1763969543.4872994 1763969640.2292964
1763969640.2293189 1763969974.7369084
1763969974.7369263 1763970135.7069988
1763970135.7070222 1763970285.1950946
1763970285.1951125 1763970413.5381308
1763970413.5381522 1763970548.4302242
1763970548.430243 1763970806.3326135
1763970806.3326364 1763971056.5530832
1763971056.5531065 1763971265.65093
1763971265.6509483 1763971545.9318094
1763971545.9318347 1763971704.526725
1763971704.526749 1763971801.1589694
1763971801.1589882 1763971945.5865667
1763971945.5865886 1763972087.2946124
1763972087.29463 1763972259.4577687
1763972259.4577916 1763972406.6990242
1763972406.699048 1763972564.1976614
1763972564.1976805 1763972720.2306783
1763972720.2306972 1763972908.591527
1763972908.5915496 1763973067.006055
1763973067.006079 1763973291.4857745
1763973291.485797 1763973478.2826529
1763973478.2826722 1763973730.0429983
1763973730.0430174 1763973964.2060122
1763973964.2060344 1763974161.0627513
1763974161.0627751 1763974280.3917434
1763974280.3917625 1763974493.2294662
1763974493.2294893 1763974713.5806873
1763974713.5807068 1763974886.3039474
1763974886.3039706 1763974952.329355
1763974952.329378 1763975096.2466135
1763975096.2466311 1763975241.4558487
1763975241.4558713 1763975484.8850424
1763975484.885067 1763975615.7039285
1763975615.7039475 1763975732.6762009
1763975732.676219 1763975870.3043103
1763975870.304333 1763976116.1148937
1763976116.1149123 1763976301.4061105
1763976301.406133 1763976515.631896
1763976515.6319191 1763976759.6858795
1763976759.6859026 1763976909.0082138
1763976909.008232 1763977084.640252
1763977084.6402757 1763977320.087427
1763977320.0874496 1763977537.905792
1763977537.9058108 1763977697.9943461
1763977697.9943707 1763977858.283853
1763977858.2838726 1763977969.678414
1763977969.6784358 1763978080.335685
1763978080.3357077 1763978305.622116
1763978305.6221404 1763978546.9005742
1763978546.900592 1763978735.1130059
1763978735.1130288 1763978896.4490705
1763978896.449089 1763979051.7878842
1763979051.7879071 1763979145.940832
1763979145.940854 1763979309.5968478
1763979309.5968676 1763979471.5014088
1763979471.5014334 1763979669.184458
1763979669.1844819 1763979816.884698
1763979816.884715 1763979927.8404126
1763979927.8404362 1763980060.2218118
1763980060.2218297 1763980199.262719
1763980199.2627418 1763980320.9087746
1763980320.908793 1763980525.9315248
1763980525.9315486 1763980756.5645297
