1763963021.2272117 1763963292.4279585
1763963292.427982 1763963533.6665223
1763963533.6665442 1763963674.6066816
1763963674.6067 1763963870.782063
1763963870.7820861 1763964127.1533127
1763964127.1533356 1763964372.7953932
1763964372.7954314 1763964482.0022376
1763964482.0022597 1763964610.0866776
1763964610.0866976 1763964822.5365126
1763964822.5365348 1763965039.6784222
1763965039.678443 1763965178.0485117
1763965178.04853 1763965381.001088
1763965381.0011103 1763965555.570659
1763965555.57068 1763965684.5262527
1763965684.5262709 1763965815.2991445
1763965815.299168 1763966093.12572
1763966093.1257415 1763966186.7372596
1763966186.7372787 1763966340.8966944
1763966340.8967142 1763966558.8914018
1763966558.891424 1763966728.392166
1763966728.3921835 1763966900.0322623
1763966900.032285 1763967121.36242
1763967121.3624384 1763967448.904568
1763967448.9045904 1763967589.0446742
1763967589.0446904 1763967789.9556317
1763967789.9556537 1763967996.702668
1763967996.7026887 1763968129.9810464
1763968129.981064 1763968347.1298447
1763968347.1298685 1763968467.4407642
1763968467.4407864 1763968665.5126898
1763968665.5127068 1763968804.5158236
1763968804.5158463 1763968984.0402641
1763968984.0402813 1763969133.1221342
1763969133.1221566 1763969296.3387725
1763969296.33879 1763969401.668689
1763969401.6687105 1763969549.3822749
1763969549.3822958 1763969723.005416
1763969723.0054343 1763970001.4395568
1763970001.4395797 1763970197.6154497
1763970197.6154687 1763970345.8706057
1763970345.870629 1763970471.613435
1763970471.6134572 1763970635.3819387
1763970635.3819597 1763970745.420195
1763970745.420217 1763971040.1160405
1763971040.116063 1763971230.9183612
1763971230.9183786 1763971547.841489
1763971547.841512 1763971703.4762685
1763971703.4762907 1763971821.3277047
1763971821.3277235 1763971927.0648928
1763971927.0649118 1763972104.9982824
1763972104.998304 1763972269.5279841
1763972269.5280073 1763972409.4693363
1763972409.4693558 1763972555.590345
1763972555.5903676 1763972712.0717967
1763972712.0718162 1763972847.1153064
1763972847.1153295 1763973022.0071862
1763973022.0072057 1763973282.9937396
1763973282.9937623 1763973555.5909317
1763973555.5909564 1763973689.9914398
1763973689.9914594 1763973963.0943787
1763973963.0943985 1763974159.917092
1763974159.9171152 1763974304.5208766
1763974304.5209014 1763974487.7312365
1763974487.7312608 1763974724.4214754
1763974724.421496 1763974885.1875181
1763974885.1875408 1763974970.382197
1763974970.3822198 1763975092.6128128
1763975092.612832 1763975270.3518758
1763975270.3518996 1763975417.2993221
1763975417.2993422 1763975591.3601584
1763975591.360182 1763975777.1317625
1763975777.1317813 1763975953.9014933
1763975953.9015162 1763976089.1202955
1763976089.120318 1763976322.023484
1763976322.0235076 1763976487.6308768
1763976487.6308951 1763976661.7812943
1763976661.7813177 1763976931.6924806
1763976931.6925085 1763977078.1231768
1763977078.1232 1763977305.0272799
1763977305.027303 1763977515.0229461
1763977515.0229669 1763977673.6006818
1763977673.6007044 1763977805.0503807
1763977805.0504007 1763977972.2344143
1763977972.2344382 1763978092.0894287
1763978092.089452 1763978268.4288957
1763978268.4289196 1763978589.3481355
1763978589.3481588 1763978709.9953504
1763978709.9953685 1763978838.2572474
1763978838.2572784 1763978991.1869454
1763978991.1869645 1763979165.599172
1763979165.5991905 1763979323.1586728
1763979323.1586924 1763979492.4095316
1763979492.409554 1763979646.5164106
1763979646.5164301 1763979794.8747985
1763979794.8748221 1763979949.4212153
1763979949.4212334 1763980052.218033
1763980052.2180562 1763980198.515863
1763980198.5158825 1763980318.2653224
1763980318.2653456 1763980521.9469469
1763980521.9469717 1763980781.008526
