1763962968.2284715 1763963209.7128081
1763963209.7128277 1763963447.5918458
1763963447.591867 1763963670.0036097
1763963670.0036302 1763963905.0688362
1763963905.0688665 1763964031.1299887
1763964031.1300097 1763964249.0739543
1763964249.0739725 1763964488.994202
1763964488.9942255 1763964607.1132476
1763964607.1132665 1763964848.7797534
1763964848.7797797 1763965018.166661
1763965018.166685 1763965198.6105652
1763965198.6105878 1763965372.1760461
1763965372.1760705 1763965547.623189
1763965547.623207 1763965680.2450283
1763965680.2450545 1763965787.161863
1763965787.1618814 1763966064.6411092
1763966064.6411345 1763966218.7641742
1763966218.7641993 1763966447.299619
1763966447.2996407 1763966613.9483078
1763966613.9483285 1763966794.495118
1763966794.495142 1763967008.249971
1763967008.2499945 1763967187.3486478
1763967187.3486705 1763967476.679994
1763967476.680015 1763967583.8462815
1763967583.846306 1763967759.4599445
1763967759.4599626 1763967987.780309
1763967987.7803335 1763968206.4422305
1763968206.442255 1763968370.7111976
1763968370.711225 1763968496.6971204
1763968496.6971457 1763968594.6956224
1763968594.695642 1763968874.4139056
1763968874.4139304 1763969050.2849748
1763969050.284993 1763969127.4400334
1763969127.440058 1763969278.6918383
1763969278.6918576 1763969402.0125227
1763969402.0125477 1763969522.338535
1763969522.3385527 1763969776.2342243
1763969776.2342494 1763970004.0479956
1763970004.0480201 1763970210.2788649
1763970210.2788918 1763970342.4675066
1763970342.4675267 1763970435.025438
1763970435.0254636 1763970597.7989244
1763970597.7989447 1763970815.2196035
1763970815.2196288 1763971014.4224892
1763971014.4225152 1763971174.5191066
1763971174.519126 1763971425.1726108
1763971425.1726363 1763971689.5203357
1763971689.520355 1763971827.6964757
1763971827.6965022 1763971959.0872269
1763971959.0872486 1763972057.6905177
1763972057.690542 1763972212.7163255
1763972212.7163448 1763972369.537108
1763972369.537134 1763972574.1243997
1763972574.1244197 1763972635.6913588
1763972635.6913855 1763972890.538126
1763972890.5381465 1763973121.7247434
1763973121.7247674 1763973240.879258
1763973240.879284 1763973507.3269804
1763973507.3269987 1763973699.7984655
1763973699.7984915 1763973947.8423202
1763973947.8423378 1763974123.9525256
1763974123.9525452 1763974264.4353151
1763974264.43534 1763974416.937949
1763974416.9379687 1763974689.6555407
1763974689.6555653 1763974884.1637652
1763974884.1637912 1763974999.9489515
1763974999.9489708 1763975143.025171
1763975143.0251958 1763975309.9723713
1763975309.972392 1763975466.257253
1763975466.2572784 1763975642.2075884
1763975642.2076132 1763975703.0641372
1763975703.0641572 1763975863.6404886
1763975863.6405144 1763976126.2088182
1763976126.208838 1763976292.6272197
1763976292.6272445 1763976519.7759838
1763976519.7760088 1763976630.3561604
1763976630.3561807 1763976901.9698923
1763976901.9699185 1763977029.1724265
1763977029.172447 1763977322.4107711
1763977322.410797 1763977531.8295388
1763977531.8295646 1763977651.265469
1763977651.2654946 1763977799.8916473
1763977799.8916728 1763977948.1738544
1763977948.17388 1763978084.135302
1763978084.1353226 1763978263.933121
1763978263.9331458 1763978557.800901
1763978557.8009222 1763978739.8468513
1763978739.8468773 1763978892.3968053
1763978892.3968241 1763979032.78218
1763979032.7822044 1763979202.106415
1763979202.1064396 1763979375.6033545
1763979375.6033802 1763979480.489685
1763979480.4897053 1763979623.7099314
1763979623.7099562 1763979822.9460886
1763979822.9461086 1763979960.6530676
1763979960.6530929 1763980093.2737818
1763980093.2738168 1763980205.143484
1763980205.1435072 1763980308.0027108
1763980308.0027354 1763980536.944805
1763980536.9448304 1763980774.1646314
