1756626804.3868775 1756626838.158151
1756626838.158199 1756626866.7572367
1756626866.7572618 1756626898.7686446
1756626898.7686725 1756626941.0385826
1756626941.0386317 1756626985.43853
1756626985.4385703 1756627026.3982275
1756627026.3982525 1756627063.1421149
1756627063.1421402 1756627106.9626284
1756627106.9626544 1756627159.3112643
1756627159.3112895 1756627218.172314
1756627218.1723435 1756627262.630527
1756627262.630552 1756627294.5069723
1756627294.5070014 1756627322.009093
1756627322.0091186 1756627353.2481086
1756627353.2481356 1756627382.707463
1756627382.7074862 1756627417.8761163
1756627417.8761423 1756627453.9211917
1756627453.9212165 1756627486.8574677
1756627486.857493 1756627519.593035
1756627519.5930636 1756627551.0929756
1756627551.0929964 1756627578.219708
1756627578.2197332 1756627622.1789105
1756627622.1789296 1756627659.975119
1756627659.975144 1756627703.671076
1756627703.6711001 1756627739.224474
1756627739.2245045 1756627782.0207531
1756627782.0207732 1756627834.1153405
1756627834.1153674 1756627888.5180535
1756627888.5180798 1756627938.6654031
1756627938.6654315 1756627979.0562718
1756627979.0562954 1756628022.0229902
1756628022.023015 1756628065.1091902
1756628065.1092153 1756628106.2337964
1756628106.2338223 1756628133.8008995
1756628133.8009233 1756628183.895951
1756628183.8959746 1756628238.3854837
1756628238.3855104 1756628294.038747
1756628294.0387769 1756628338.495193
1756628338.4952202 1756628371.0858107
1756628371.0858357 1756628416.1079895
1756628416.10802 1756628464.1342003
1756628464.134232 1756628492.892227
1756628492.8922575 1756628541.972218
1756628541.9722435 1756628588.7209258
1756628588.720967 1756628634.765869
1756628634.7658918 1756628685.957583
1756628685.957612 1756628718.4482465
1756628718.4482808 1756628753.033268
1756628753.0332887 1756628792.842896
1756628792.842941 1756628824.7131035
1756628824.7131383 1756628875.2645314
1756628875.2645555 1756628912.9191425
1756628912.919173 1756628952.2538807
1756628952.2539048 1756629013.9371636
1756629013.9371853 1756629060.6419353
1756629060.6419654 1756629102.7610955
1756629102.7611196 1756629138.3742495
1756629138.374278 1756629172.4098356
1756629172.4098608 1756629214.4299908
1756629214.4300194 1756629261.77605
1756629261.7760718 1756629302.3698828
1756629302.3699148 1756629343.1109266
1756629343.1109483 1756629378.4107375
1756629378.4107633 1756629415.458805
1756629415.4588299 1756629452.6721227
1756629452.6721606 1756629488.7021558
1756629488.7021778 1756629526.3163068
1756629526.316346 1756629573.8251126
1756629573.8251336 1756629629.5882242
1756629629.5882573 1756629673.7795427
1756629673.7795808 1756629707.4894364
1756629707.489458 1756629751.0678148
1756629751.067846 1756629793.2386065
1756629793.2386408 1756629827.253249
1756629827.253269 1756629853.2137423
1756629853.2137728 1756629901.5205
1756629901.5205185 1756629957.2221437
1756629957.2221751 1756630011.1942072
1756630011.1942375 1756630062.4420547
1756630062.4420779 1756630108.5116372
1756630108.5116699 1756630154.0566242
1756630154.0566516 1756630192.8354554
1756630192.8354926 1756630235.8081255
1756630235.8081586 1756630275.793688
1756630275.793712 1756630332.863922
1756630332.8639479 1756630363.9123166
1756630363.9123442 1756630401.0744884
1756630401.0745082 1756630459.255892
1756630459.2559223 1756630493.5593953
1756630493.559415 1756630532.384442
1756630532.3844707 1756630582.0445635
1756630582.0445867 1756630627.0287664
1756630627.0287929 1756630673.0407848
1756630673.0408144 1756630736.3235817
1756630736.3236122 1756630788.6485765
1756630788.648607 1756630816.7684395
1756630816.7684596 1756630854.7420306
1756630854.7420564 1756630895.5805979
1756630895.5806262 1756630924.5074697
1756630924.5075 1756630956.2437346
