1766321130.2203624 1766321195.538438
1766321195.5384798 1766321284.1396055
1766321284.1396275 1766321375.9459374
1766321375.9460227 1766321464.6712184
1766321464.671243 1766321568.8096886
1766321568.8097143 1766321639.8001199
1766321639.8001463 1766321711.7029994
1766321711.7030246 1766321796.8098836
1766321796.8099108 1766321890.8351717
1766321890.8351953 1766321968.68318
1766321968.6832056 1766322048.6867146
1766322048.6867428 1766322128.9443932
1766322128.9444194 1766322224.8264291
1766322224.8264499 1766322308.7847698
1766322308.784797 1766322389.4471142
1766322389.447135 1766322481.7441626
1766322481.7441902 1766322565.856342
1766322565.856364 1766322643.5140069
1766322643.5140352 1766322709.2883496
1766322709.2883744 1766322783.7579415
1766322783.7579684 1766322880.8050685
1766322880.8050957 1766322986.876585
1766322986.8766053 1766323045.1596167
1766323045.1596415 1766323119.4572344
1766323119.4572604 1766323205.3697336
1766323205.369761 1766323281.3464916
1766323281.346519 1766323368.466929
1766323368.4669554 1766323437.2622128
1766323437.2622414 1766323537.5399117
1766323537.5399392 1766323635.504485
1766323635.5045118 1766323727.3937204
1766323727.3937407 1766323782.4576497
1766323782.4576855 1766323856.3407252
1766323856.3407514 1766323947.3313773
1766323947.3313997 1766324019.1027007
1766324019.1027267 1766324087.1970255
1766324087.1970527 1766324166.8748026
1766324166.8748236 1766324234.04993
1766324234.0499554 1766324314.5109594
1766324314.5109866 1766324396.7796085
1766324396.7796347 1766324490.2547867
1766324490.2548077 1766324568.6362312
1766324568.6362576 1766324632.170425
1766324632.1704519 1766324703.9748726
1766324703.9748926 1766324804.752016
1766324804.7520473 1766324893.9725254
1766324893.9725525 1766324985.0855908
1766324985.0856116 1766325070.6946695
1766325070.6946964 1766325159.1771789
1766325159.177207 1766325256.87686
1766325256.8768852 1766325340.670183
1766325340.6702042 1766325430.7174664
1766325430.7174938 1766325501.2589598
1766325501.2589934 1766325583.3025773
1766325583.3025992 1766325671.838001
1766325671.8380272 1766325763.6690323
1766325763.6690586 1766325840.4110272
1766325840.4110503 1766325934.162128
1766325934.1621547 1766326014.9785824
1766326014.9786026 1766326088.121202
1766326088.1212306 1766326169.9469345
1766326169.9469624 1766326241.434084
1766326241.4341059 1766326332.7618105
1766326332.7618384 1766326404.1503773
1766326404.1504061 1766326485.3686872
1766326485.3687146 1766326585.0542495
1766326585.054271 1766326673.7446609
1766326673.7446883 1766326752.3980217
1766326752.39805 1766326837.0752113
1766326837.07524 1766326918.5828047
1766326918.5828323 1766326990.0937018
1766326990.093729 1766327082.690314
1766327082.6903396 1766327170.088912
1766327170.088939 1766327246.2557437
1766327246.2557688 1766327291.9587543
1766327291.9587815 1766327393.220749
1766327393.220776 1766327484.8242445
1766327484.8242724 1766327554.7713852
1766327554.771411 1766327624.8576458
1766327624.8576717 1766327713.7068686
1766327713.706892 1766327808.3101714
1766327808.3101988 1766327890.2211049
1766327890.2211277 1766327951.416894
1766327951.4169219 1766328032.9706993
1766328032.9707198 1766328105.6928835
1766328105.6929102 1766328186.6405873
1766328186.6406155 1766328276.1878026
1766328276.1878293 1766328337.4418824
1766328337.4419093 1766328414.3851814
1766328414.3852022 1766328517.1196156
1766328517.1196432 1766328584.6238904
1766328584.6239192 1766328657.9631333
1766328657.9631565 1766328756.88662
1766328756.8866475 1766328850.8898966
1766328850.88992 1766328940.278805
1766328940.2788312 1766329027.8678386
1766329027.8678603 1766329097.9830828
1766329097.9831111 1766329181.217261
1766329181.2172832 1766329267.2991223
1766329267.2991483 1766329365.13436
