1776909241.5228884 1776909268.649068
1776909274.6552167 1776909302.5174408
1776909312.52649 1776909338.9517758
1776909341.9550683 1776909371.0477927
1776909380.0484586 1776909400.239218
1776909401.2396748 1776909437.481952
1776909447.4921663 1776909466.129515
1776909467.130334 1776909495.804142
1776909499.8077624 1776909539.4541726
1776909539.4542701 1776909573.8192937
1776909582.8284853 1776909608.4009218
1776909609.402051 1776909647.9996307
1776909648.0000134 1776909688.655699
1776909693.660881 1776909723.6961129
1776909725.698269 1776909760.0092087
1776909763.0103235 1776909789.4111853
1776909795.4173007 1776909824.646033
1776909824.6461716 1776909859.6557884
1776909866.6629727 1776909893.8694794
1776909893.8695593 1776909934.2478657
1776909934.2479975 1776909971.7205467
1776909974.723719 1776910004.4493957
1776910011.4565177 1776910031.9949694
1776910037.9984126 1776910075.8886926
1776910085.8983395 1776910114.697433
1776910119.6979017 1776910148.0105515
1776910152.0147038 1776910182.4212956
1776910188.4275155 1776910219.206359
1776910220.20748 1776910249.2096105
1776910257.214346 1776910292.9544613
1776910301.9636192 1776910326.0360508
1776910329.0391643 1776910361.7565136
1776910363.7570653 1776910396.7242458
1776910406.7344768 1776910441.59666
1776910446.601854 1776910478.201524
1776910480.202353 1776910519.2179685
1776910529.2280204 1776910560.4040375
1776910562.4062357 1776910597.981659
1776910597.981792 1776910630.6762855
1776910630.676362 1776910662.7330313
1776910665.7362182 1776910695.6465766
1776910699.6503348 1776910731.335637
1776910731.3357353 1776910761.4441612
1776910770.4503396 1776910795.9257808
1776910798.928907 1776910828.6360123
1776910829.6372013 1776910870.9830983
1776910877.9888144 1776910905.78942
1776910913.797616 1776910942.4373593
1776910945.4404721 1776910973.382717
1776910980.3863418 1776911008.0558856
1776911011.0590453 1776911043.4347546
1776911045.4369278 1776911075.836157
1776911075.8362296 1776911112.183273
1776911121.1905243 1776911149.8792176
1776911152.882326 1776911178.6023297
1776911188.6125362 1776911205.8487027
1776911210.8538804 1776911242.3140352
1776911245.3143344 1776911272.4234407
1776911275.4265776 1776911303.5963688
1776911305.5983365 1776911337.482262
1776911341.4863417 1776911371.6340942
1776911373.6343172 1776911410.600848
1776911417.6063337 1776911443.12172
1776911449.1278994 1776911474.8607965
1776911482.8664784 1776911523.314934
1776911524.3161268 1776911558.183153
1776911562.186329 1776911597.856979
1776911602.8620903 1776911631.4552085
1776911633.4573817 1776911667.7990482
1776911676.8063397 1776911707.18932
1776911712.194331 1776911747.5494542
1776911747.5495865 1776911782.1390002
1776911786.1423388 1776911818.9646368
1776911818.9647698 1776911852.973358
1776911852.9734302 1776911893.808671
1776911894.809833 1776911927.8171062
1776911931.8211339 1776911971.9376366
1776911978.942337 1776912004.89546
1776912010.897986 1776912046.7919867
1776912046.7921271 1776912078.0477664
1776912088.0541027 1776912119.6602623
1776912125.6664028 1776912153.5915318
1776912156.5947165 1776912184.4282584
1776912187.431436 1776912218.4215078
1776912219.4223137 1776912251.3103085
1776912257.314338 1776912284.3874507
1776912292.3956273 1776912315.898334
1776912321.8987963 1776912348.8647878
1776912353.868575 1776912382.2023044
1776912388.206335 1776912415.5217295
1776912419.525907 1776912446.8395152
1776912449.8426619 1776912483.1200233
1776912493.1282518 1776912521.4070008
1776912525.4111454 1776912551.0021453
1776912555.006262 1776912587.2656338
1776912589.2677813 1776912616.1600318
1776912625.1691732 1776912653.0318656
1776912662.0409727 1776912686.0583432
1776912692.0623426 1776912714.0590644
1776912714.059187 1776912743.3709233
