1776086161.5037005 1776086201.404308
1776086206.406687 1776086262.3517327
1776086264.3539398 1776086322.3915877
1776086330.3983665 1776086368.173506
1776086371.1767182 1776086429.2212973
1776086435.2274334 1776086478.710599
1776086487.7197785 1776086536.3214347
1776086539.3221183 1776086588.4960248
1776086588.4961681 1776086639.2438312
1776086643.2479823 1776086689.5017476
1776086699.511945 1776086747.0152555
1776086752.0204408 1776086787.7014322
1776086796.7051163 1776086841.0372612
1776086849.0454426 1776086888.1706967
1776086897.1799004 1776086942.800312
1776086951.806333 1776086981.3655784
1776086981.3656774 1776087039.121454
1776087046.1286497 1776087094.8290155
1776087100.8343344 1776087144.2004116
1776087145.2015328 1776087192.8754377
1776087198.8816273 1776087241.8569844
1776087243.8572454 1776087285.0455053
1776087295.0557113 1776087333.5369406
1776087336.5383577 1776087384.9029534
1776087387.9042473 1776087428.272632
1776087428.2727478 1776087488.0430374
1776087494.0463443 1776087535.8559115
1776087537.858101 1776087587.3500473
1776087589.3503418 1776087639.8464706
1776087646.8536544 1776087689.311307
1776087693.3155024 1776087737.4253478
1776087744.4267032 1776087785.6701274
1776087790.6708786 1776087845.3530586
1776087855.3534522 1776087886.1379282
1776087889.1387956 1776087944.9861424
1776087953.9939556 1776087992.1512341
1776087997.1517284 1776088043.4997807
1776088046.5023508 1776088098.5115244
1776088107.514351 1776088147.3003879
1776088157.3105752 1776088187.953294
1776088188.954337 1776088241.556529
1776088246.5615225 1776088297.0432067
1776088304.0504 1776088348.8705738
1776088357.8797028 1776088396.5785747
1776088403.5789442 1776088433.5236871
1776088438.528862 1776088500.8265975
1776088505.831784 1776088537.5485177
1776088545.5568078 1776088601.9617662
1776088606.9663308 1776088644.09199
1776088645.0931375 1776088696.655529
1776088704.6583478 1776088751.692162
1776088756.69441 1776088807.5739734
1776088812.576192 1776088858.828803
1776088861.830344 1776088914.5301452
1776088924.5402696 1776088947.0004826
1776088956.0007432 1776089000.3421812
1776089009.3514662 1776089054.3810909
1776089058.3852718 1776089116.1634164
1776089124.1703894 1776089173.1009984
1776089177.105138 1776089220.012467
1776089229.0132987 1776089271.5345995
1776089279.542338 1776089338.1919394
1776089346.2001293 1776089388.8793588
1776089392.8835485 1776089447.4158459
1776089452.4161558 1776089493.408466
1776089496.4116728 1776089551.4299688
1776089555.4341161 1776089598.2224674
1776089601.2230346 1776089649.4132671
1776089657.4214547 1776089703.777704
1776089709.783943 1776089749.8683162
1776089759.8691738 1776089801.4000578
1776089801.4002192 1776089854.5144749
1776089854.514616 1776089905.8455343
1776089909.8462675 1776089954.603407
1776089960.6094625 1776090001.8371165
1776090005.8375304 1776090055.2120385
1776090055.212166 1776090101.783642
1776090108.7903495 1776090154.3396347
1776090157.3428392 1776090200.4001122
1776090209.4086282 1776090248.9047017
1776090249.9058797 1776090305.7891955
1776090314.7983916 1776090342.2533214
1776090346.253637 1776090403.0819576
1776090413.0921707 1776090463.1187413
1776090473.1263337 1776090501.5527208
1776090509.5609298 1776090572.430953
1776090574.4331295 1776090617.939363
1776090620.9396257 1776090676.9943888
1776090681.9996362 1776090731.2659569
1776090734.2663617 1776090786.9847834
1776090794.9929056 1776090841.9863646
1776090849.986806 1776090894.3090782
1776090902.3143947 1776090945.7318945
1776090954.740886 1776090995.9052432
1776091004.9143379 1776091056.7640152
1776091059.767176 1776091104.1209838
1776091112.1263437 1776091158.7664452
1776091159.7676275 1776091207.1943657
1776091215.2025082 1776091257.1958113
1776091261.1985073 1776091302.4235594
