1776086151.3555074 1776086212.565826
1776086218.569547 1776086265.9626658
1776086266.9638622 1776086319.9173021
1776086323.9185014 1776086373.9702632
1776086378.9754262 1776086431.3552492
1776086436.360362 1776086482.3859565
1776086488.3903413 1776086527.8215933
1776086535.8264723 1776086588.4276571
1776086598.4378488 1776086641.9752095
1776086641.9753835 1776086689.2392318
1776086696.2463825 1776086744.2271373
1776086746.2292876 1776086785.1556203
1776086785.1557748 1776086840.8854237
1776086840.8855832 1776086894.4550362
1776086900.4612682 1776086937.4095654
1776086941.4103422 1776086994.8976889
1776087002.9023397 1776087040.7896771
1776087044.7939482 1776087090.2631383
1776087093.2663383 1776087143.791917
1776087149.7980542 1776087192.495312
1776087195.49555 1776087238.4150617
1776087248.4252713 1776087277.6331217
1776087278.6343231 1776087335.3893402
1776087336.390535 1776087382.3511147
1776087383.3523052 1776087435.7828336
1776087443.7910345 1776087481.5738528
1776087485.5743625 1776087536.821193
1776087544.8263311 1776087580.0976179
1776087590.1078207 1776087637.5329943
1776087641.537227 1776087691.3168008
1776087695.3173053 1776087736.053302
1776087743.0604918 1776087788.8928638
1776087792.8970914 1776087837.6036992
1776087847.6138496 1776087896.8713307
1776087897.8725173 1776087944.2025242
1776087951.2063391 1776087990.2484267
1776087997.2491581 1776088045.1503844
1776088053.1583273 1776088096.7551908
1776088104.7623425 1776088146.7836602
1776088151.7888508 1776088191.3374965
1776088200.3466814 1776088245.8072073
1776088254.8163295 1776088296.409574
1776088298.4117672 1776088347.4911616
1776088347.4913101 1776088395.1145432
1776088400.1183453 1776088450.568676
1776088460.5783346 1776088499.582699
1776088501.584894 1776088546.902554
1776088556.9103408 1776088595.4750903
1776088604.4757433 1776088645.7128077
1776088647.7149942 1776088703.594158
1776088706.5973492 1776088753.5370135
1776088759.5432146 1776088806.9084184
1776088816.918596 1776088863.8030188
1776088868.803448 1776088916.2402508
1776088918.2405195 1776088961.8798606
1776088964.8823893 1776089017.3236961
1776089026.3262694 1776089068.2746212
1776089074.2783673 1776089119.4497466
1776089124.4549055 1776089170.5463772
1776089172.547082 1776089219.864392
1776089228.8707051 1776089284.5765462
1776089290.5823362 1776089343.0442576
1776089348.0449047 1776089386.4777298
1776089396.4863217 1776089444.8590505
1776089452.8663545 1776089499.7418346
1776089506.7463472 1776089553.5697012
1776089556.5728223 1776089597.008801
1776089607.0189977 1776089650.9079714
1776089654.912168 1776089694.1749582
1776089694.1750395 1776089758.7906456
1776089762.7943344 1776089810.4025917
1776089810.4027522 1776089858.3358088
1776089864.3419309 1776089906.7754633
1776089913.782656 1776089955.3797967
1776089965.3899314 1776089994.1078112
1776089995.1089892 1776090055.5878344
1776090060.5881717 1776090100.2772632
1776090109.2791896 1776090157.2732139
1776090167.2833614 1776090205.9397645
1776090215.947049 1776090245.5516238
1776090251.5578194 1776090304.5849767
1776090310.5856824 1776090356.5799806
1776090356.5801303 1776090403.877959
1776090404.8785307 1776090453.3576694
1776090458.3623645 1776090515.1351378
1776090517.137324 1776090567.9363039
1776090571.938414 1776090621.557095
1776090626.5578423 1776090679.6161697
1776090679.6163359 1776090734.5061655
1776090740.5103424 1776090787.185354
1776090795.1935484 1776090840.7854571
1776090842.7863572 1776090895.8944192
1776090900.8983464 1776090948.8709605
1776090957.874364 1776091006.1883824
1776091012.1945467 1776091055.1595175
1776091065.1649098 1776091104.7869964
1776091107.7901459 1776091154.1115088
1776091164.1117353 1776091202.7987094
1776091202.7987912 1776091259.1041756
1776091268.1103346 1776091304.5304484
