1718930176.8613276 1718930210.156776
1718930210.612121 1718930237.1077821
1718930237.622177 1718930265.5575142
1718930266.1096253 1718930302.8591673
1718930303.0123372 1718930342.607896
1718930342.7571435 1718930378.6609964
1718930378.812332 1718930408.0086584
1718930408.5129457 1718930437.8104432
1718930438.1127913 1718930472.2610717
1718930472.8634858 1718930503.8065004
1718930504.1678724 1718930528.2571948
1718930528.6606832 1718930551.8568962
1718930552.016971 1718930576.8573222
1718930577.2301111 1718930611.2625518
1718930611.9781718 1718930641.457031
1718930641.9649482 1718930667.456969
1718930668.207553 1718930697.0631917
1718930697.3121839 1718930723.7569938
1718930724.2149756 1718930745.75744
1718930746.415492 1718930771.6628504
1718930772.3134105 1718930797.7573025
1718930798.2098978 1718930823.757091
1718930824.0756755 1718930852.5569544
1718930852.9598186 1718930879.2570477
1718930879.6664128 1718930908.4587398
1718930908.5705612 1718930935.758121
1718930936.210714 1718930963.2569077
1718930964.0151231 1718930994.0610247
1718930994.868081 1718931024.059342
1718931024.8701012 1718931061.907316
1718931062.4695451 1718931104.5569303
1718931105.0229042 1718931130.6072552
1718931131.3210442 1718931158.4569886
1718931158.7652133 1718931197.0577602
1718931197.8621337 1718931226.162247
1718931226.762365 1718931258.5570378
1718931259.2664485 1718931292.807037
1718931293.268804 1718931321.958628
1718931322.3171287 1718931351.3596144
1718931351.5704947 1718931387.8569968
1718931388.310642 1718931417.7568228
1718931418.1208982 1718931442.5101116
1718931443.2824097 1718931467.9071348
1718931468.1202567 1718931493.0620792
1718931493.8220372 1718931519.6580396
1718931520.3193164 1718931551.0597937
1718931551.4114535 1718931578.8583405
1718931579.0666206 1718931603.357044
1718931604.0209732 1718931630.7093577
1718931631.563199 1718931655.908145
1718931656.7066998 1718931687.758906
1718931688.26491 1718931724.057051
1718931724.4158566 1718931751.058066
1718931751.273222 1718931780.3586552
1718931781.2245944 1718931808.6604936
1718931808.9591167 1718931840.2578175
1718931840.9118648 1718931868.610802
1718931869.1284404 1718931896.2087634
1718931896.5172153 1718931931.0577717
1718931931.3623855 1718931961.8082063
1718931962.3655884 1718931990.7102098
1718931991.556726 1718932008.6093876
1718932009.4197073 1718932033.8086011
1718932034.615723 1718932059.857017
1718932060.4118745 1718932088.7573931
1718932089.2091372 1718932115.1594117
1718932115.520928 1718932144.3576486
1718932145.0218425 1718932173.2069397
1718932173.7163248 1718932200.7066221
1718932201.2133982 1718932223.361065
1718932224.0744185 1718932246.9104123
1718932247.5659966 1718932273.3569093
1718932273.8112438 1718932305.2068264
1718932305.3622024 1718932329.858562
1718932330.412977 1718932356.5567217
1718932357.1821394 1718932379.8087826
1718932380.4565558 1718932410.55657
1718932411.1159034 1718932440.157203
1718932440.6128674 1718932466.0565648
1718932466.5573895 1718932500.0604413
1718932500.8620646 1718932528.0611284
1718932528.970133 1718932547.209531
1718932548.0149314 1718932574.9614394
1718932575.6678362 1718932603.610027
1718932604.417269 1718932634.862408
1718932635.708701 1718932657.3571255
1718932658.0153003 1718932681.1081975
1718932681.6642585 1718932708.7084806
1718932709.4081528 1718932730.9579086
1718932731.807066 1718932766.2066321
1718932766.9196925 1718932786.2070596
1718932786.5741122 1718932812.9087923
1718932813.3097627 1718932840.7568853
1718932841.6067414 1718932867.816792
1718932868.62208 1718932900.7565408
1718932901.213674 1718932922.9584236
1718932923.4613435 1718932950.758985
1718932951.221121 1718932980.609223
1718932980.9252841 1718933005.1576464
1718933005.4588623 1718933036.460725
1718933036.6696844 1718933061.3573766
1718933061.969473 1718933084.0614688
1718933084.4215176 1718933112.3568356
1718933113.0683656 1718933133.2092524
1718933133.9212072 1718933165.908261
1718933166.5135808 1718933189.957075
1718933190.4115708 1718933214.162933
1718933214.4707415 1718933238.4567266
1718933239.1698391 1718933266.506644
1718933267.2156 1718933292.5567799
1718933292.8784366 1718933321.7569141
1718933322.4093874 1718933341.6572564
1718933342.2102284 1718933369.560191
1718933370.1689298 1718933394.8622048
1718933394.9682474 1718933415.9114573
1718933416.2125657 1718933447.5102546
1718933448.3214574 1718933474.0570598
1718933474.6609871 1718933500.308638
1718933500.6674926 1718933524.3128798
1718933524.4696965 1718933550.506892
1718933550.71257 1718933581.761612
1718933582.6248791 1718933606.656597
1718933607.0653503 1718933635.2607095
1718933635.7693691 1718933660.5569801
1718933660.9686646 1718933689.96047
1718933690.4132524 1718933720.4567733
1718933721.108632 1718933742.3566365
1718933742.6665103 1718933766.010423
1718933766.8222284 1718933792.50995
1718933793.2174323 1718933819.1069686
1718933819.819688 1718933843.4624043
1718933844.3082416 1718933866.2567706
1718933866.4786026 1718933893.3572388
1718933893.8078036 1718933915.561116
1718933916.371631 1718933949.010616
1718933949.7663634 1718933976.5619273
1718933977.56112 1718934000.7583098
1718934001.414541 1718934030.3065429
1718934030.768494 1718934053.26091
1718934053.421208 1718934074.3070166
1718934074.920995 1718934106.5567572
1718934107.3072398 1718934127.3106365
1718934127.820499 1718934159.209671
1718934159.9620264 1718934190.4610987
1718934191.2683604 1718934218.7088454
1718934219.4100251 1718934246.2589297
1718934246.7210205 1718934274.5072787
1718934274.763641 1718934305.956568
1718934306.109617 1718934330.106614
1718934330.6734495 1718934352.5070875
1718934353.011514 1718934384.2566524
1718934384.8715236 1718934405.3576267
1718934405.7100832 1718934431.0086536
1718934431.8717773 1718934454.3613682
1718934455.1639569 1718934481.406993
1718934481.5159376 1718934508.360543
1718934508.9072042 1718934532.5075622
1718934533.1658294 1718934564.6106215
1718934565.4665778 1718934591.1642983
1718934591.9082842 1718934625.1100955
1718934625.813877 1718934650.6573892
1718934651.3698242 1718934678.7584977
1718934679.5677192 1718934711.807098
1718934712.3187315 1718934742.5567868
1718934742.911596 1718934774.3090045
1718934774.60784 1718934806.8585594
1718934807.0567539 1718934835.7132182
1718934836.4777656 1718934867.6584008
1718934868.271858 1718934893.2100108
1718934893.910494 1718934925.9566462
1718934926.1656418 1718934950.0619216
1718934950.3662555 1718934979.7211506
1718934980.4704869 1718935002.7088616
1718935003.366693 1718935031.2075644
1718935031.5680993 1718935060.8574462
1718935061.1639662 1718935090.2096052
1718935090.9257233 1718935113.5604653
1718935114.3634124 1718935140.8099258
1718935141.419822 1718935173.1568053
1718935173.818605 1718935196.9590635
1718935197.4103577 1718935222.5564506
1718935223.2221925 1718935249.9567015
1718935250.7101302 1718935276.056511
1718935276.2647974 1718935302.6595528
1718935302.8164907 1718935324.6592605
1718935325.064853 1718935348.0606961
1718935348.4082232 1718935375.5569992
1718935375.9605095 1718935401.4083748
1718935401.7167566 1718935430.3068671
1718935430.7134068 1718935455.106847
1718935455.6179788 1718935479.2570791
1718935479.9671319 1718935506.0566866
1718935506.5300148 1718935531.506963
1718935531.908854 1718935554.756616
1718935555.4144871 1718935584.5586555
1718935584.9643905 1718935600.3566282
1718935600.6675563 1718935625.5089865
1718935626.4076986 1718935656.2568364
1718935656.8742042 1718935684.4065175
1718935684.9665122 1718935707.0567465
1718935707.4128776 1718935727.060588
1718935727.8118367 1718935758.5619497
1718935758.7203953 1718935783.2590675
1718935783.509631 1718935816.7122772
1718935816.8244522 1718935844.5585523
1718935845.1109574 1718935864.959283
1718935865.5089495 1718935895.560952
1718935895.8671246 1718935925.561841
1718935926.3613029 1718935949.8600981
1718935950.7295868 1718935974.8066514
1718935975.1653337 1718936000.2595222
1718936000.42176 1718936030.9103558
1718936031.8161082 1718936057.6580744
1718936058.1260436 1718936088.6089597
1718936089.16466 1718936121.25654
1718936122.0567908 1718936149.6088555
1718936150.2161064 1718936183.959616
1718936184.2610843 1718936208.2603283
1718936209.0645897 1718936238.356915
1718936238.619524 1718936272.4569297
1718936273.069735 1718936296.1608295
1718936296.8658438 1718936327.4569435
1718936327.9208443 1718936360.9087498
1718936361.619036 1718936393.3613694
1718936393.8656154 1718936431.0586214
1718936431.3251507 1718936459.7569933
1718936460.162343 1718936485.10895
1718936485.8679526 1718936513.8591805
1718936514.4648042 1718936548.5567338
1718936548.863374 1718936581.7586763
1718936582.0726025 1718936608.856622
1718936609.360366 1718936635.1106057
1718936635.913406 1718936658.8617172
1718936659.630461 1718936691.1126971
1718936691.409864 1718936716.3571823
1718936716.8610256 1718936735.7069805
1718936735.9689057 1718936765.261092
1718936765.9655514 1718936789.9599462
1718936790.8096657 1718936816.7567408
1718936817.6074896 1718936842.8585238
1718936843.30702 1718936863.6586287
1718936864.2119997 1718936885.3625348
1718936886.2664146 1718936913.0068986
1718936913.4578705 1718936946.8094513
1718936947.4122143 1718936968.3070555
1718936968.8578804 1718936999.8091216
1718937000.3647254 1718937032.9618635
1718937033.670872 1718937058.614002
1718937059.3596466 1718937088.60667
1718937088.9780385 1718937115.856731
1718937116.5753107 1718937142.65676
1718937143.272889 1718937169.3569891
1718937169.6206043 1718937190.709849
1718937191.50891 1718937217.7095866
1718937217.9660583 1718937249.2579858
1718937249.864024 1718937275.9066594
1718937276.5168428 1718937296.9576013
1718937297.3668888 1718937325.1567862
1718937325.4779844 1718937348.110171
1718937348.9245253 1718937379.0567951
1718937379.4244761 1718937406.5569415
1718937406.9578357 1718937430.7069225
1718937431.4219933 1718937458.4606125
1718937459.1742475 1718937489.2571254
1718937489.8701496 1718937513.5625331
1718937514.3709779 1718937542.6090875
1718937543.2685683 1718937566.2086787
1718937566.964942 1718937597.3567667
1718937598.020457 1718937620.7085347
1718937621.26596 1718937644.2566285
1718937644.6672611 1718937669.956786
1718937670.3099086 1718937696.5569315
1718937697.1117156 1718937716.7591066
1718937717.41786 1718937744.0067213
1718937744.2142947 1718937776.960998
1718937777.7067878 1718937799.0091083
1718937799.6575706 1718937823.5570266
1718937824.212134 1718937852.3066754
1718937853.0135348 1718937878.5090706
1718937879.066648 1718937900.556754
1718937901.0738049 1718937933.757788
1718937933.9745386 1718937957.2624161
1718937957.469856 1718937988.2572253
1718937988.6610003 1718938012.1619205
1718938012.412165 1718938042.2569
1718938042.8637664 1718938071.560471
1718938072.3093436 1718938111.6071281
1718938111.8133962 1718938141.9570687
1718938142.6117256 1718938163.6611087
1718938164.0184822 1718938195.4089565
1718938195.5203571 1718938212.5584188
1718938213.0708115 1718938237.3570158
1718938238.0076835 1718938263.8097827
1718938264.4591198 1718938282.8070686
1718938283.11272 1718938308.2099938
1718938308.915965 1718938329.4069247
1718938329.9114692 1718938355.6610434
1718938356.2097175 1718938382.2610977
1718938383.0735502 1718938403.1623635
1718938404.01263 1718938427.9603608
1718938428.6720767 1718938454.460817
1718938455.2684941 1718938480.060226
1718938480.9087903 1718938504.7571278
1718938505.4687042 1718938537.4573562
1718938538.16619 1718938559.0568852
1718938559.6167836 1718938582.861886
1718938583.7172225 1718938608.2567723
1718938608.8690653 1718938632.4099197
1718938632.6582935 1718938660.3102272
1718938661.1131687 1718938684.4569585
1718938684.6703491 1718938717.2583997
1718938718.0130148 1718938742.1624398
1718938742.3631568 1718938773.7569184
1718938774.315199 1718938799.6069949
1718938800.3066409 1718938832.1566265
1718938832.6091213 1718938859.660278
1718938860.0084956 1718938888.85695
1718938889.1721733 1718938914.957008
1718938915.511293 1718938945.6621253
1718938946.5208838 1718938968.3606675
1718938969.1146183 1718938997.762062
1718938997.971143 1718939025.158548
1718939025.713864 1718939051.7566497
1718939052.158422 1718939083.1564345
1718939083.666976 1718939102.757322
1718939103.2665331 1718939134.2068398
1718939134.7589238 1718939158.8567822
1718939159.2739441 1718939189.4583006
1718939190.018495 1718939222.309448
1718939222.657592 1718939249.058655
1718939249.7633765 1718939287.9068434
1718939288.5115197 1718939316.2084703
1718939317.1202383 1718939352.9106627
1718939353.675184 1718939381.2568827
1718939381.663488 1718939412.6568704
1718939413.3624105 1718939450.6094508
1718939451.168888 1718939477.1585505
1718939477.917233 1718939512.4603665
1718939512.7643921 1718939541.7123654
1718939542.6138427 1718939574.106495
1718939574.7183826 1718939598.3084314
1718939599.01639 1718939624.6617253
1718939625.0621686 1718939650.0091057
1718939650.7131643 1718939684.7092772
1718939685.55953 1718939711.3080323
1718939712.1617432 1718939734.2569435
1718939734.9178457 1718939766.6733384
1718939767.4132462 1718939795.0567467
1718939795.5190902 1718939821.1066163
1718939821.627227 1718939846.9590216
1718939847.6693594 1718939879.8566995
1718939880.4188542 1718939909.2566917
1718939909.9187043 1718939935.6583118
1718939936.512269 1718939965.8066258
1718939966.4155796 1718939992.4066288
1718939993.1603262 1718940013.6069257
1718940013.9198158 1718940040.8624682
1718940041.4629192 1718940068.656717
1718940069.0175142 1718940099.9578898
1718940100.6195607 1718940120.7622647
1718940121.5669434 1718940148.40883
1718940148.9093053 1718940179.9571302
1718940180.115132 1718940198.4568074
1718940198.9566677 1718940222.757231
1718940223.265559 1718940253.7068923
1718940254.0138104 1718940278.3088963
1718940279.021499 1718940309.1567175
1718940309.7565663 1718940333.1649225
1718940333.8105364 1718940363.8573658
1718940364.5646334 1718940390.4570358
1718940390.5647564 1718940418.7570565
1718940419.4210734 1718940445.9071245
1718940446.5655704 1718940479.456664
1718940480.0613596 1718940504.2569914
1718940505.1119468 1718940530.1568835
1718940530.9740152 1718940556.7088
1718940557.4177518 1718940590.1566596
1718940590.3780289 1718940612.8568738
1718940613.5236697 1718940638.25923
1718940638.7687433 1718940668.456718
1718940669.2631693 1718940683.7590737
1718940684.4632404 1718940706.4624457
1718940707.2116475 1718940734.457013
1718940734.8716884 1718940761.8066278
1718940762.2112474 1718940791.457429
1718940791.8209608 1718940817.561436
1718940818.01943 1718940839.5071375
1718940840.0185382 1718940865.7572827
1718940866.2594156 1718940892.556982
1718940893.0076554 1718940919.3590403
1718940919.8247364 1718940942.3101468
1718940943.1254475 1718940965.5566087
1718940965.968902 1718940988.5066378
1718940989.1167166 1718941015.356679
1718941015.7784567 1718941036.9066043
1718941037.4194841 1718941062.2066703
1718941062.6104052 1718941099.4569373
1718941099.9676332 1718941134.559775
1718941135.2627225 1718941164.7617629
1718941165.6137743 1718941194.0616615
1718941194.6187038 1718941230.0104432
1718941230.7677877 1718941263.2570684
1718941263.6790268 1718941294.365925
1718941295.164672 1718941320.4619489
1718941321.2112477 1718941354.1099808
1718941354.9200015 1718941377.7566206
1718941378.5769246 1718941406.362308
1718941407.3639867 1718941431.5185864
1718941432.177365 1718941455.3568542
1718941455.6178741 1718941477.1070344
1718941477.8608115 1718941509.257399
1718941509.6123202 1718941535.6579423
1718941536.40951 1718941563.958306
1718941564.4662156 1718941586.4584675
1718941586.721569 1718941614.2081969
1718941615.0123415 1718941637.8566463
1718941638.5085034 1718941657.6609354
1718941658.5642958 1718941680.6095183
1718941681.2711742 1718941711.3612015
1718941712.0674095 1718941737.4071374
1718941738.066294 1718941770.3082352
1718941771.0206447 1718941801.6581202
1718941802.460493 1718941836.157104
1718941836.4716337 1718941868.1566005
1718941868.3627942 1718941899.2089083
1718941900.0619805 1718941932.4590707
1718941933.0214534 1718941958.3569133
1718941958.9597967 1718941987.0575163
1718941987.4694092 1718942018.1568904
1718942018.7145853 1718942038.407926
1718942039.1123016 1718942059.5104296
1718942060.158607 1718942087.609507
1718942088.3723397 1718942113.0567143
1718942113.6249988 1718942134.1571367
1718942134.7698514 1718942162.4655752
1718942163.266565 1718942194.657043
1718942195.2631736 1718942224.2567232
1718942224.910177 1718942255.55657
1718942255.7094383 1718942279.9566655
1718942280.5686653 1718942312.8566966
1718942313.4109597 1718942348.0567875
1718942348.3678308 1718942375.0568674
1718942375.170289 1718942405.1569924
1718942405.826155 1718942438.4566607
1718942438.713632 1718942465.5089593
1718942465.7139425 1718942501.8089588
1718942501.9679086 1718942525.9091644
1718942526.6153958 1718942559.2619143
1718942560.0179265 1718942591.656857
1718942592.356895 1718942612.5622804
1718942612.8198993 1718942645.308273
1718942645.8698304 1718942672.8566802
1718942673.3577461 1718942704.9567325
1718942705.6743762 1718942727.5598834
1718942728.0614345 1718942753.8572803
1718942754.2722893 1718942795.1580884
1718942795.8221164 1718942821.512971
1718942822.2632902 1718942848.4624512
1718942849.129396 1718942880.706622
1718942881.2655518 1718942912.4616685
1718942913.1148212 1718942943.4569764
1718942944.0601165 1718942973.7567742
1718942974.2644866 1718942999.0589845
1718942999.6128716 1718943030.956836
1718943031.5736334 1718943060.4617543
1718943061.3154209 1718943083.1100633
1718943083.8645766 1718943117.158315
1718943118.0093756 1718943138.756952
1718943139.26144 1718943162.6569643
1718943163.0714417 1718943189.5621214
1718943190.218784 1718943216.556628
1718943217.0688925 1718943247.3609416
1718943248.11207 1718943270.1071434
1718943270.5258772 1718943299.6585927
1718943300.4099708 1718943325.35702
1718943325.6592443 1718943349.908638
1718943350.6065955 1718943371.8609426
1718943372.0692027 1718943394.2070205
1718943394.8684962 1718943428.2582195
1718943429.0593278 1718943449.2567084
1718943449.621101 1718943475.6610086
1718943475.8140304 1718943508.3566833
1718943509.1567936 1718943533.8567796
1718943534.6073768 1718943559.6100824
1718943560.513448 1718943585.7569435
1718943586.4087539 1718943602.7130253
1718943602.8212545 1718943637.1564896
1718943637.761836 1718943656.6570363
1718943657.4100773 1718943684.859202
1718943685.4601383 1718943709.5595033
1718943710.3615706 1718943734.6566443
1718943735.2122414 1718943761.6604462
1718943762.2187274 1718943785.8601325
1718943786.6648726 1718943813.6567717
1718943814.2087445 1718943838.2071877
1718943838.8102543 1718943865.656774
1718943865.9593277 1718943888.8065112
1718943889.4621797 1718943914.4570174
1718943914.8164408 1718943940.1109598
1718943940.8656065 1718943968.1629076
1718943968.3101888 1718943996.6080952
1718943997.0633004 1718944021.6613328
1718944022.46172 1718944047.957882
1718944048.612274 1718944075.1095884
1718944076.072004 1718944097.2069578
1718944097.864517 1718944116.9567454
1718944117.5633125 1718944142.4082031
1718944142.8699837 1718944168.3591464
1718944168.7724354 1718944197.5609412
1718944198.3645403 1718944223.5570705
1718944223.9144554 1718944247.4566705
1718944247.8241057 1718944283.4566891
1718944283.857035 1718944309.8567097
1718944310.1140697 1718944342.762808
1718944343.4220111 1718944376.0611715
1718944376.906553 1718944406.9094918
1718944407.6784852 1718944434.2602592
1718944434.9675505 1718944460.8567393
1718944461.615586 1718944497.059343
1718944497.4212072 1718944521.4567318
1718944522.1582184 1718944556.9565494
1718944557.3181386 1718944586.6102307
1718944587.4139314 1718944615.8659115
1718944616.0079443 1718944643.6568067
1718944644.2628 1718944668.6604323
1718944669.414499 1718944697.4071472
1718944697.8642094 1718944734.5582712
1718944735.3101885 1718944762.156627
1718944762.5164251 1718944786.3604393
1718944786.6757627 1718944815.3092854
1718944815.85859 1718944849.3066604
1718944849.715851 1718944876.6572928
1718944877.1601562 1718944910.359615
1718944911.2157617 1718944937.8069801
1718944938.3168516 1718944965.9068828
1718944966.1721594 1718944996.6623957
1718944997.4222453 1718945023.209293
1718945023.8181314 1718945051.3071008
1718945052.0715148 1718945076.8590333
1718945077.1664314 1718945109.3568373
1718945109.8684833 1718945134.75807
1718945135.513223 1718945157.7615705
1718945158.267564 1718945187.0082653
1718945187.6644487 1718945206.1131763
1718945206.8628159 1718945235.5566688
1718945236.1176527 1718945255.4626536
1718945256.1655557 1718945275.4083693
1718945276.21024 1718945300.3566685
1718945300.6677532 1718945321.356817
1718945321.9233558 1718945351.9604008
1718945352.6698232 1718945377.3605838
1718945378.0701873 1718945394.9092019
1718945395.6220703 1718945418.5619566
1718945419.3124726 1718945448.5626082
1718945449.373041 1718945475.5065203
1718945476.0130413 1718945501.056751
1718945501.673314 1718945523.6566215
1718945524.0087879 1718945549.8566551
1718945550.470546 1718945577.3613634
1718945578.168572 1718945602.0127242
1718945602.8643062 1718945635.2597578
1718945635.709215 1718945663.1580794
1718945663.6158087 1718945687.8586287
1718945688.51545 1718945711.610186
1718945712.368984 1718945742.5566392
1718945743.1278446 1718945773.5568056
1718945774.2203386 1718945803.9591925
1718945804.6236336 1718945832.1583807
1718945832.8230221 1718945864.6583247
1718945865.2185667 1718945895.0565574
1718945895.6761413 1718945921.5606008
1718945922.4130774 1718945943.9065473
1718945944.5180964 1718945964.956993
1718945965.613723 1718945995.6098466
1718945996.3740072 1718946021.7651544
1718946022.4682298 1718946042.1091213
1718946042.9154012 1718946064.55737
1718946065.0221393 1718946093.656677
1718946094.171483 1718946123.7609708
1718946124.4655225 1718946150.7066758
1718946151.5602546 1718946175.7578645
1718946176.4701304 1718946209.0566688
1718946209.6142251 1718946231.9567068
1718946232.6211202 1718946259.7611027
1718946259.828148 1718946289.3583088
1718946289.9598668 1718946315.8100622
1718946316.3733037 1718946341.556851
1718946342.2699342 1718946380.4118652
1718946381.3222284 1718946403.2567067
1718946403.5703852 1718946432.5566645
1718946432.9672132 1718946458.0166645
1718946458.7167861 1718946485.3071163
1718946485.5603878 1718946511.309998
1718946512.0572858 1718946537.5069404
1718946537.870063 1718946570.0081928
1718946570.6199837 1718946605.9565992
1718946606.418218 1718946622.8565996
1718946623.5081654 1718946651.3643422
1718946652.1149063 1718946680.1568549
1718946680.8226473 1718946713.0582871
1718946713.6072636 1718946739.309365
1718946739.557236 1718946766.6617546
1718946767.1709344 1718946792.8614879
1718946793.7090259 1718946829.6595216
1718946830.1145928 1718946853.556817
1718946854.0193658 1718946881.8135273
1718946882.5701082 1718946917.662954
1718946918.0179257 1718946943.8128273
1718946944.6648848 1718946978.1065633
1718946978.560464 1718947011.1566987
1718947011.521599 1718947037.2134354
1718947038.0685956 1718947071.6567266
1718947072.3640046 1718947093.657948
1718947094.3692944 1718947121.7566366
1718947122.2086205 1718947154.1089032
1718947154.862071 1718947186.7604334
1718947187.5065267 1718947214.307381
1718947214.714946 1718947238.3590183
1718947238.86908 1718947272.1066716
1718947272.7231927 1718947295.8089757
1718947296.3655717 1718947322.3569427
1718947322.5625641 1718947352.5600724
1718947353.3140833 1718947379.557183
1718947380.0199797 1718947416.5580983
1718947417.0110793 1718947445.6618564
1718947446.4247878 1718947469.1090016
1718947470.0173829 1718947502.9606817
1718947503.373554 1718947529.3568635
1718947529.66407 1718947552.1610484
1718947552.919374 1718947578.9065225
1718947579.412279 1718947605.8128226
1718947606.511026 1718947629.6069386
1718947630.219566 1718947652.3101194
1718947653.0632007 1718947678.1566038
1718947678.4203184 1718947709.7583697
1718947710.559109 1718947731.4567318
1718947732.0236857 1718947755.3583655
1718947755.926598 1718947775.865155
1718947776.6217237 1718947810.1596332
1718947810.76542 1718947839.4570248
1718947840.210568 1718947864.9582627
1718947865.6617558 1718947890.6124642
1718947891.3087995 1718947922.1123524
1718947922.8205404 1718947952.2568421
1718947952.7159886 1718947982.058585
1718947982.6121461 1718948008.6580372
1718948009.261051 1718948031.60937
1718948032.026199 1718948054.561843
1718948055.374648 1718948074.8589592
1718948075.5100222 1718948095.4628751
1718948096.0691807 1718948120.9566643
1718948121.4707854 1718948148.7593062
1718948149.2187865 1718948178.6564791
1718948179.3640096 1718948201.6066546
1718948202.222482 1718948227.1092045
1718948227.6167693 1718948254.1566777
1718948254.761843 1718948287.206669
1718948287.9149542 1718948307.5640464
1718948307.671916 1718948330.556918
1718948331.070486 1718948358.907142
1718948359.1071959 1718948380.1590967
1718948380.7713788 1718948409.0601673
1718948409.2143433 1718948432.4071386
1718948432.8651965 1718948464.3087435
1718948464.4576826 1718948493.658465
1718948494.3637722 1718948512.2129095
1718948513.0159035 1718948539.808667
1718948540.5200434 1718948568.3589013
1718948568.663232 1718948595.5572424
1718948596.173177 1718948621.7104244
1718948622.6575532 1718948652.3573096
1718948652.7661061 1718948675.514015
1718948676.3610373 1718948705.0569577
1718948705.6111493 1718948729.9089577
1718948730.6708236 1718948757.2572553
1718948757.8668385 1718948787.5567265
1718948788.0134387 1718948813.4569278
1718948814.0625489 1718948836.056794
1718948836.7068024 1718948857.8568628
1718948858.565036 1718948883.3089259
1718948883.8180084 1718948913.4570181
1718948914.0783095 1718948938.7589712
1718948939.414058 1718948961.6569006
1718948961.9203546 1718948989.0568979
1718948989.314276 1718949018.6566892
1718949019.263597 1718949039.7566428
1718949040.1597672 1718949068.3077974
1718949068.7221434 1718949093.3071852
1718949093.8139064 1718949117.162477
1718949117.9221857 1718949143.7082767
1718949144.3197486 1718949178.6584644
1718949179.3082602 1718949201.6090744
1718949202.309318 1718949226.714316
1718949227.5682225 1718949254.362532
1718949255.2631342 1718949282.5590665
1718949282.8150306 1718949321.106643
1718949321.658296 1718949347.7066765
1718949348.3146317 1718949370.5570726
1718949371.1663015 1718949405.561605
1718949406.3113618 1718949431.40705
1718949432.0129845 1718949457.35901
1718949458.0105884 1718949482.80917
1718949483.4621327 1718949508.2577968
1718949508.9720242 1718949531.0621836
1718949531.6698098 1718949563.5567532
1718949563.9206884 1718949580.3586502
1718949580.9198253 1718949610.6584966
1718949611.3566496 1718949631.460186
1718949632.1214485 1718949654.057877
1718949654.4656622 1718949674.6623552
1718949675.519569 1718949700.858348
1718949701.6145515 1718949727.910419
1718949728.3660207 1718949758.5576885
1718949758.6663272 1718949784.909812
1718949785.2591815 1718949814.460127
1718949815.2076292 1718949849.0570056
1718949849.3669071 1718949877.8102102
1718949878.622544 1718949901.5092518
1718949902.3131962 1718949931.259806
1718949931.4675891 1718949961.6075394
1718949961.9101582 1718949988.8567753
1718949989.5195436 1718950015.1580367
1718950015.622528 1718950044.656677
1718950045.0098393 1718950078.6581233
1718950079.2717106 1718950111.4684043
1718950112.3166003 1718950132.6567006
1718950133.4192264 1718950164.7586553
1718950165.6125908 1718950183.5102022
1718950184.1690507 1718950207.0584471
1718950207.526134 1718950232.0572343
1718950232.6107235 1718950259.861212
1718950260.0689003 1718950282.5065536
1718950282.7642887 1718950311.8070273
1718950312.463146 1718950342.3566766
1718950343.1575544 1718950363.9585588
1718950364.5720239 1718950397.7069423
1718950398.3659272 1718950429.0571868
1718950429.6678672 1718950454.8071673
1718950455.3214304 1718950486.0567558
1718950486.778356 1718950514.9570737
1718950515.3217974 1718950543.1101875
1718950543.9075902 1718950566.957245
1718950567.5248058 1718950594.9066675
1718950595.665792 1718950625.7096088
1718950626.277229 1718950654.0586028
1718950654.6145122 1718950679.309126
1718950679.8612425 1718950706.2600925
1718950706.9205585 1718950734.0573828
1718950734.5581641 1718950759.8574307
1718950760.4130812 1718950788.2583199
1718950788.9129696 1718950815.8065898
1718950816.4178827 1718950841.506973
1718950841.8615153 1718950865.0086527
1718950865.718268 1718950893.2565653
1718950893.562068 1718950914.7572885
1718950915.15835 1718950937.9099736
1718950938.66322 1718950962.956806
1718950963.5616949 1718950998.356623
1718950999.0578482 1718951023.3070629
1718951023.4569197 1718951052.706428
1718951053.2133942 1718951077.7567282
1718951078.319957 1718951107.3566723
1718951107.7246585 1718951133.1590946
1718951133.5568666 1718951157.906931
1718951158.0771341 1718951181.3569655
1718951181.7109582 1718951214.6567886
1718951214.8772657 1718951241.3569198
1718951241.926443 1718951262.6567667
1718951263.1244166 1718951293.2581394
1718951293.8133037 1718951320.1071749
1718951320.222689 1718951347.0085917
1718951347.3778243 1718951376.1569161
1718951376.7597811 1718951406.507027
1718951407.0628784 1718951437.658261
1718951438.2713192 1718951464.357733
1718951464.7183754 1718951491.209347
1718951491.9622262 1718951515.2566822
1718951515.7578669 1718951544.657292
1718951545.0085857 1718951569.9104462
1718951570.8176935 1718951603.8614159
1718951604.863645 1718951627.4091816
1718951628.209915 1718951651.6589627
1718951652.2672322 1718951685.8577619
1718951686.6177793 1718951712.0086305
1718951712.7598343 1718951741.5593176
1718951741.816274 1718951775.0571077
1718951775.2570107 1718951802.2570393
1718951802.6111255 1718951827.0066435
1718951827.5646203 1718951861.5564914
1718951861.9640179 1718951881.7613199
1718951882.5164583 1718951902.5615973
1718951903.1127148 1718951930.7106643
1718951931.4072995 1718951956.257552
1718951956.5745199 1718951988.257997
1718951988.9120367 1718952013.5605502
1718952014.4128473 1718952034.056697
1718952034.469936 1718952055.960598
1718952056.6168616 1718952080.2621384
1718952080.558049 1718952105.6096737
1718952106.4082503 1718952131.8568575
1718952132.2203658 1718952162.158484
1718952162.9237218 1718952183.5104046
1718952184.2101934 1718952207.36013
1718952208.2151237 1718952230.0097296
1718952230.76035 1718952261.2094626
1718952262.059955 1718952289.4584978
1718952290.314079 1718952309.2066073
1718952309.468686 1718952340.1065793
1718952340.7580411 1718952364.6567492
1718952365.01864 1718952392.6568825
1718952393.064016 1718952416.2069638
1718952416.8079424 1718952456.9568846
1718952457.611649 1718952479.858115
1718952480.4756918 1718952507.956771
1718952508.759336 1718952533.607016
1718952533.76823 1718952566.2066324
1718952566.8224661 1718952592.7093475
1718952593.5594416 1718952625.7566519
1718952626.467441 1718952645.4065802
1718952645.8685348 1718952679.356798
1718952680.1252797 1718952702.0570576
1718952702.6133268 1718952729.1568651
1718952729.313373 1718952753.256682
1718952753.770611 1718952783.5582778
1718952784.0661483 1718952805.4590948
1718952806.1098776 1718952836.661909
1718952836.9104376 1718952861.0066655
1718952861.1087065 1718952888.556707
1718952889.0646358 1718952913.356491
1718952913.9225957 1718952938.9567902
1718952939.3177526 1718952959.6582654
1718952960.0683331 1718952979.1574743
1718952979.7702942 1718953013.256725
1718953013.6128068 1718953041.6609132
1718953042.4579253 1718953070.7579014
1718953071.162723 1718953099.3616202
1718953100.1733625 1718953133.7571385
1718953134.2732954 1718953160.211356
1718953160.3259313 1718953182.606998
1718953183.1617196 1718953206.6090019
1718953206.9662123 1718953240.0597932
1718953240.5639157 1718953265.1566622
1718953265.8727276 1718953285.256716
1718953285.9190414 1718953307.2580106
1718953307.7225938 1718953335.4617136
1718953336.2226288 1718953355.108502
1718953355.8221083 1718953385.0567424
1718953385.6208029 1718953408.0566928
1718953408.4097786 1718953431.7590742
1718953432.307454 1718953456.0614672
1718953456.9658966 1718953486.7611825
1718953487.5737257 1718953514.0084488
1718953514.6711812 1718953535.3581529
1718953535.7166836 1718953563.8622983
1718953564.6210773 1718953587.8566089
1718953588.4084656 1718953612.7611668
1718953613.2130537 1718953643.1566932
1718953643.5627542 1718953670.809077
1718953671.2697732 1718953698.3568017
1718953698.8190346 1718953723.561468
1718953724.366427 1718953749.2066317
1718953749.7627494 1718953778.9065433
1718953779.5094762 1718953804.5566974
1718953805.2122107 1718953833.4588826
1718953834.1071973 1718953864.1586459
1718953864.8707104 1718953886.7081685
1718953887.5074456 1718953911.7580335
1718953912.523921 1718953934.1581292
1718953934.6199229 1718953956.90718
1718953957.5148523 1718953992.8567061
1718953993.5188358 1718954014.2618518
1718954014.7137241 1718954040.2658098
1718954041.0565877 1718954067.7065158
1718954068.2231877 1718954096.4566984
1718954096.5688899 1718954126.3070297
1718954126.9633133 1718954152.8095295
1718954153.529641 1718954189.3568256
1718954190.0122461 1718954215.8570328
1718954216.5641844 1718954243.506928
1718954243.8693323 1718954273.156632
1718954273.961949 1718954299.6604757
1718954300.3623986 1718954328.4571607
1718954329.1696587 1718954355.606966
1718954355.8082104 1718954385.3567421
1718954386.0121937 1718954407.6570446
1718954407.9133637 1718954435.1586058
1718954435.7175572 1718954459.359045
1718954459.558299 1718954483.8102477
1718954484.6584308 1718954513.2066514
1718954513.7728755 1718954540.5064616
1718954540.6635041 1718954563.5084555
1718954564.22466 1718954589.45677
1718954590.2136142 1718954616.1100485
1718954616.2629967 1718954640.4571066
1718954640.968255 1718954671.1617658
1718954671.9675627 1718954712.0567763
1718954712.627366 1718954736.407576
1718954736.6629133 1718954771.8625872
1718954772.563809 1718954801.8567214
1718954802.4583979 1718954830.6588998
1718954831.410793 1718954860.6580772
1718954861.317081 1718954885.0067973
1718954885.3638518 1718954914.9576437
1718954915.61791 1718954950.756832
1718954951.2576442 1718954975.4066203
1718954976.114781 1718955003.6609447
1718955004.5143452 1718955033.9069033
1718955034.6190603 1718955059.3612733
1718955059.9161232 1718955086.7573404
1718955087.1135583 1718955112.4567626
1718955113.2153864 1718955138.8567338
1718955139.5699575 1718955168.7603502
1718955169.361667 1718955194.1570427
1718955194.818121 1718955222.7088232
1718955223.6087987 1718955260.4569116
1718955260.8604302 1718955287.5572033
1718955287.8625054 1718955313.457106
1718955314.215373 1718955346.1572824
1718955346.4774508 1718955373.1123211
1718955373.8652966 1718955403.8569372
1718955404.115545 1718955437.0568101
1718955437.568342 1718955465.9606059
1718955466.1169515 1718955498.6616607
1718955499.3588114 1718955523.560707
1718955524.111148 1718955550.4065337
1718955550.8703344 1718955585.9099011
1718955586.6595461 1718955613.3581796
1718955613.9709773 1718955639.7621107
1718955640.4726794 1718955674.05858
1718955674.6153896 1718955699.6090295
1718955700.1127794 1718955725.962354
1718955726.869602 1718955758.6085303
1718955759.3153207 1718955784.0572748
1718955784.5622764 1718955820.5582788
1718955821.265442 1718955845.6568558
1718955846.2604 1718955874.7568536
1718955875.4709244 1718955911.0066044
1718955911.6682334 1718955936.2583585
1718955937.0609987 1718955960.9089277
1718955961.7162468 1718955984.6064854
1718955985.1137445 1718956009.857127
1718956010.1680775 1718956034.9571033
1718956035.3739522 1718956060.865601
1718956061.7652261 1718956085.2573307
1718956085.7678006 1718956113.4584196
1718956114.0188727 1718956136.3586679
1718956137.2617362 1718956156.9600122
1718956157.6655562 1718956185.0566993
1718956185.569426 1718956205.2566783
1718956205.7661297 1718956228.2567067
1718956228.6678276 1718956253.9065547
1718956254.3665571 1718956278.4065704
1718956278.9703212 1718956303.7069974
1718956303.9181933 1718956328.757267
1718956329.0701444 1718956359.35674
1718956360.2610543 1718956384.9087856
1718956385.372528 1718956412.256742
1718956412.8709662 1718956429.9623306
1718956430.7094622 1718956458.756729
1718956459.1146488 1718956479.310125
1718956480.1167028 1718956506.3071513
1718956506.8588557 1718956533.3618107
1718956533.7708616 1718956561.456882
1718956561.8673136 1718956583.7566392
1718956584.5074341 1718956610.6067905
1718956610.7592294 1718956637.6571548
1718956638.0178802 1718956661.45706
1718956662.0649934 1718956685.207021
1718956685.866942 1718956718.5566237
1718956718.9648223 1718956746.3589063
1718956747.1240761 1718956776.5569816
1718956777.020652 1718956801.4570308
1718956802.0732899 1718956834.1567602
1718956834.6576312 1718956857.9090412
1718956858.7692459 1718956886.0086582
1718956886.6077113 1718956921.2612023
1718956922.02721 1718956948.8583739
1718956949.510809 1718956976.8585844
1718956977.4565156 1718956998.3090975
1718956998.7153454 1718957030.4568112
1718957031.0633533 1718957061.7571266
1718957062.0172293 1718957086.5066037
1718957087.0170856 1718957106.4570022
1718957106.8602247 1718957134.9566154
1718957135.1707413 1718957161.206814
1718957161.5591705 1718957192.3568304
1718957193.2245338 1718957216.309314
1718957216.776142 1718957238.2590942
1718957238.9193876 1718957273.1571474
1718957273.8719196 1718957298.510971
1718957299.011675 1718957330.7567978
1718957331.61306 1718957353.7580752
1718957354.373164 1718957382.608344
1718957383.313781 1718957412.7568064
1718957413.4694223 1718957437.4065988
1718957437.66911 1718957471.3093817
1718957472.026343 1718957493.9585745
1718957494.3082325 1718957522.8582938
1718957523.5567365 1718957557.0566895
1718957557.817059 1718957587.7566214
