1766465921.6654239 1766466056.5355341
1766466056.5355556 1766466253.7111208
1766466253.7111554 1766466418.1029592
1766466418.1029832 1766466617.6654336
1766466617.6654582 1766466770.981225
1766466770.9812639 1766466961.4157298
1766466961.4157546 1766467065.9755905
1766467065.9756145 1766467309.434643
1766467309.4346716 1766467479.302967
1766467479.3029914 1766467655.4826448
1766467655.482664 1766467880.316244
1766467880.3162668 1766468059.485486
1766468059.485509 1766468248.415288
1766468248.4153123 1766468428.0789123
1766468428.078936 1766468494.2588167
1766468494.2588425 1766468718.962951
1766468718.9629738 1766468918.8143904
1766468918.8144095 1766469106.0837207
1766469106.0837443 1766469242.3088496
1766469242.3088727 1766469387.5242934
1766469387.52432 1766469599.22016
1766469599.2201803 1766469836.2729392
1766469836.2729971 1766469979.6859646
1766469979.6859882 1766470162.1541348
1766470162.1541555 1766470307.4042487
1766470307.4042726 1766470524.5142684
1766470524.5142949 1766470699.911081
1766470699.9111054 1766470860.4089024
1766470860.4089234 1766471028.8755195
1766471028.8755453 1766471241.293347
1766471241.2933664 1766471445.1171126
1766471445.1171365 1766471599.245338
1766471599.245358 1766471813.4996643
1766471813.4996874 1766472020.3799822
1766472020.3800073 1766472178.8711696
1766472178.8711884 1766472332.7116845
1766472332.7117093 1766472546.0061324
1766472546.0061502 1766472726.896676
1766472726.8966956 1766472892.2441647
1766472892.2441883 1766473102.2719657
1766473102.2719908 1766473200.9595573
1766473200.9595764 1766473407.0385175
1766473407.038542 1766473507.508133
1766473507.5081575 1766473717.2444518
1766473717.2444696 1766473928.8113906
1766473928.8114145 1766474031.6377964
1766474031.637821 1766474196.2667356
1766474196.266755 1766474382.6244116
1766474382.6244361 1766474516.3846629
1766474516.384686 1766474686.3357055
1766474686.335726 1766474878.4850807
1766474878.485107 1766475003.5228577
1766475003.5228775 1766475170.5745943
1766475170.5746195 1766475377.1185987
1766475377.1186178 1766475509.3975916
1766475509.3976169 1766475748.995062
1766475748.9950812 1766475901.185129
1766475901.185153 1766476171.0304253
1766476171.0304449 1766476287.840756
1766476287.8407798 1766476518.607734
1766476518.6077533 1766476674.5773897
1766476674.5774093 1766476840.104207
1766476840.1042325 1766477007.392315
1766477007.3923383 1766477107.0684578
1766477107.0684774 1766477291.655033
1766477291.6550581 1766477533.3096788
1766477533.309698 1766477713.6784673
1766477713.6784942 1766477887.9533076
1766477887.9533331 1766478007.299498
1766478007.2995222 1766478270.805133
1766478270.8051603 1766478435.2272882
1766478435.2273166 1766478642.9538448
1766478642.9538708 1766478782.8704255
1766478782.8704474 1766478925.1549459
1766478925.154972 1766479093.0037138
1766479093.0037339 1766479280.4418306
1766479280.4418561 1766479426.2096863
1766479426.2097092 1766479574.506979
1766479574.5069995 1766479775.319787
1766479775.3198113 1766479956.0923905
1766479956.0924096 1766480079.8222744
1766480079.8223 1766480326.6483798
1766480326.6484063 1766480408.4620843
1766480408.462103 1766480627.1324332
1766480627.1324592 1766480815.0733857
1766480815.0734184 1766480919.4553704
1766480919.4553907 1766481050.0597339
1766481050.05976 1766481227.3133976
1766481227.3134167 1766481420.052115
1766481420.052139 1766481602.479474
1766481602.4794984 1766481786.2946332
1766481786.2946572 1766481987.2197847
1766481987.2198038 1766482143.1449304
1766482143.1449559 1766482316.5960956
1766482316.5961206 1766482523.9799166
1766482523.979936 1766482684.6998577
1766482684.6998835 1766482863.2022827
1766482863.2023087 1766483013.7097237
1766483013.7097425 1766483164.1002495
1766483164.1002738 1766483340.3485029
