1756893518.0134513 1756893536.5631657
1756893536.5631921 1756893563.8249586
1756893563.8249803 1756893581.6036077
1756893581.6036468 1756893610.7191823
1756893610.7192163 1756893632.527714
1756893632.5277448 1756893654.397893
1756893654.397917 1756893682.6079836
1756893682.608011 1756893713.0834558
1756893713.083482 1756893740.2708945
1756893740.2709296 1756893762.6043766
1756893762.6043997 1756893789.3416395
1756893789.3416603 1756893816.9037461
1756893816.90378 1756893835.5627615
1756893835.562789 1756893867.7049763
1756893867.7050056 1756893892.9497073
1756893892.9497285 1756893914.9573345
1756893914.9573607 1756893937.832085
1756893937.8321102 1756893963.2483928
1756893963.2484236 1756893989.7478933
1756893989.747915 1756894014.335697
1756894014.3357213 1756894035.3016956
1756894035.3017242 1756894051.472394
1756894051.4724164 1756894081.1578
1756894081.1578205 1756894102.243494
1756894102.243513 1756894123.8765092
1756894123.8765275 1756894143.7642076
1756894143.764234 1756894167.1289413
1756894167.1289647 1756894194.3648126
1756894194.3648348 1756894216.533233
1756894216.5332575 1756894238.169506
1756894238.1695263 1756894271.8625453
1756894271.8625674 1756894291.530506
1756894291.5305266 1756894317.246965
1756894317.2469857 1756894342.3887715
1756894342.3888187 1756894361.8889606
1756894361.8889773 1756894391.7841132
1756894391.7841544 1756894412.0057895
1756894412.0058134 1756894441.4437134
1756894441.4437404 1756894473.13119
1756894473.1312213 1756894496.5849454
1756894496.5849695 1756894523.891629
1756894523.8916595 1756894553.4824958
1756894553.4825149 1756894580.7415488
1756894580.741572 1756894610.2676396
1756894610.2676673 1756894635.548177
1756894635.5482051 1756894657.0033984
1756894657.003416 1756894683.9442244
1756894683.9442515 1756894711.6476054
1756894711.6476343 1756894739.0464225
1756894739.0464466 1756894763.7200234
1756894763.7200432 1756894790.4293847
1756894790.4294274 1756894806.1098378
1756894806.1098578 1756894835.7487807
1756894835.7488177 1756894867.503752
1756894867.5037758 1756894889.672982
1756894889.673002 1756894915.608607
1756894915.6086326 1756894941.9143414
1756894941.914366 1756894970.2474337
1756894970.247461 1756894993.0213168
1756894993.0213423 1756895023.0234144
1756895023.0234368 1756895051.3330429
1756895051.3330634 1756895076.1339047
1756895076.133923 1756895099.119152
1756895099.1191857 1756895126.9921432
1756895126.9921665 1756895154.6958675
1756895154.6959121 1756895179.343037
1756895179.3430665 1756895202.8927922
1756895202.8928185 1756895228.5525384
1756895228.5525906 1756895251.7327228
1756895251.7327485 1756895272.990946
1756895272.990971 1756895301.2535877
1756895301.2536144 1756895326.0048568
1756895326.0048785 1756895353.151275
1756895353.1513057 1756895376.8228564
1756895376.822899 1756895406.9061954
1756895406.9062247 1756895427.1648607
1756895427.164886 1756895455.2006423
1756895455.2006657 1756895473.1804202
1756895473.1804447 1756895492.1260939
1756895492.1261187 1756895515.1394048
1756895515.1394334 1756895546.769353
1756895546.7693872 1756895572.7352166
1756895572.7352397 1756895594.808604
1756895594.8086307 1756895623.9347892
1756895623.9348133 1756895646.9928
1756895646.9928281 1756895669.1876829
1756895669.1877046 1756895699.4679809
1756895699.4680052 1756895727.5952775
1756895727.5953047 1756895753.2577927
1756895753.257814 1756895770.4718869
1756895770.4719143 1756895791.2697194
1756895791.2697449 1756895815.3325577
1756895815.3325863 1756895839.6201184
1756895839.6201446 1756895864.5206022
1756895864.5206254 1756895888.7230213
1756895888.7230492 1756895909.323158
1756895909.323182 1756895926.771046
1756895926.7710726 1756895952.5749662
1756895952.574989 1756895975.8244445
1756895975.8244698 1756896001.5253701
