1756893519.3007202 1756893534.689331
1756893534.6893501 1756893555.759886
1756893555.759903 1756893581.129172
1756893581.129195 1756893606.8913813
1756893606.8914 1756893632.0768402
1756893632.0768666 1756893657.1623502
1756893657.1623697 1756893686.0959685
1756893686.095991 1756893711.5922368
1756893711.5922637 1756893736.3734465
1756893736.3734703 1756893765.593675
1756893765.5936944 1756893791.475488
1756893791.475522 1756893813.027955
1756893813.0279717 1756893842.3556201
1756893842.3556528 1756893861.4667983
1756893861.4668186 1756893892.9346962
1756893892.9347184 1756893916.3211095
1756893916.3211312 1756893940.7015328
1756893940.7015688 1756893964.5759716
1756893964.5759912 1756893986.4228606
1756893986.4228837 1756894009.9999015
1756894009.9999206 1756894036.7280343
1756894036.728062 1756894053.7346268
1756894053.7346458 1756894079.2897875
1756894079.2898164 1756894095.9728231
1756894095.9728405 1756894120.0220606
1756894120.0220807 1756894140.0653458
1756894140.0653722 1756894166.6388385
1756894166.638864 1756894196.560216
1756894196.5602462 1756894213.4293
1756894213.4293234 1756894247.0170746
1756894247.0171323 1756894268.8942063
1756894268.894231 1756894292.753227
1756894292.7532554 1756894318.0056229
1756894318.0056536 1756894340.1783621
1756894340.178386 1756894360.1384299
1756894360.1384578 1756894386.2671022
1756894386.2671235 1756894410.2359376
1756894410.2359762 1756894442.867197
1756894442.8672204 1756894470.8906283
1756894470.890657 1756894499.1975737
1756894499.1975992 1756894523.9092596
1756894523.909288 1756894545.332945
1756894545.3329763 1756894578.8131766
1756894578.813238 1756894606.2032614
1756894606.2032807 1756894637.027456
1756894637.0274825 1756894661.6856785
1756894661.6856987 1756894685.2963488
1756894685.2963736 1756894711.684898
1756894711.6849232 1756894737.4236255
1756894737.42365 1756894764.413796
1756894764.4138258 1756894782.576381
1756894782.576399 1756894817.4931831
1756894817.4931998 1756894841.7494318
1756894841.7494574 1756894868.3237643
1756894868.3237827 1756894892.7127888
1756894892.7128134 1756894916.9046988
1756894916.90472 1756894938.0160666
1756894938.0160866 1756894969.9382372
1756894969.9382615 1756894988.4167092
1756894988.416727 1756895018.5399818
1756895018.5400057 1756895044.9421976
1756895044.942219 1756895074.2330394
1756895074.233063 1756895095.0910962
1756895095.091121 1756895128.317322
1756895128.3173404 1756895148.1202178
1756895148.1202424 1756895180.5041494
1756895180.5041683 1756895197.9995549
1756895197.999583 1756895227.9238353
1756895227.923858 1756895251.065494
1756895251.0655153 1756895276.8282893
1756895276.828317 1756895301.2609248
1756895301.2609463 1756895326.9455647
1756895326.9455893 1756895351.4535608
1756895351.4535792 1756895373.2325637
1756895373.2325888 1756895407.3427591
1756895407.34278 1756895430.7682445
1756895430.7682693 1756895456.3499236
1756895456.3499436 1756895477.5588112
1756895477.5588386 1756895499.0360906
1756895499.036109 1756895523.195003
1756895523.1950235 1756895546.5290697
1756895546.5290952 1756895573.4300768
1756895573.430112 1756895599.8816848
1756895599.881707 1756895619.3940132
1756895619.394033 1756895647.446736
1756895647.4467657 1756895667.8361807
1756895667.8361986 1756895689.6585855
1756895689.6586082 1756895727.9880228
1756895727.9880507 1756895752.0856075
1756895752.0856266 1756895771.944921
1756895771.9449415 1756895794.0228212
1756895794.0228453 1756895810.679449
1756895810.6794672 1756895837.8752453
1756895837.8752656 1756895856.648181
1756895856.648203 1756895884.305397
1756895884.3054328 1756895908.0272772
1756895908.0272994 1756895931.508924
1756895931.5089533 1756895949.9251845
1756895949.9252012 1756895982.7071524
1756895982.70718 1756896001.0002642
