1756915592.5183687 1756915619.9718773
1756915619.9719102 1756915648.2926285
1756915648.2926583 1756915672.8093805
1756915672.8094285 1756915700.5806274
1756915700.5806575 1756915725.577028
1756915725.5770617 1756915747.5760236
1756915747.576049 1756915776.8348005
1756915776.8348246 1756915800.0691097
1756915800.069135 1756915825.23442
1756915825.2344446 1756915847.8784173
1756915847.878445 1756915874.778068
1756915874.7780914 1756915901.5721014
1756915901.57213 1756915926.5090384
1756915926.5090744 1756915953.0917864
1756915953.091809 1756915976.2307065
1756915976.230735 1756916000.1517951
1756916000.151819 1756916027.4222827
1756916027.422314 1756916045.2085986
1756916045.2086208 1756916081.02698
1756916081.0270014 1756916105.5308208
1756916105.530847 1756916130.424378
1756916130.4244032 1756916152.535842
1756916152.5358696 1756916178.2100012
1756916178.210052 1756916200.594202
1756916200.5942316 1756916216.9633272
1756916216.9633498 1756916244.6257422
1756916244.6257687 1756916274.8903742
1756916274.8904018 1756916296.0325937
1756916296.0326228 1756916320.2440028
1756916320.2440252 1756916342.8679886
1756916342.8680115 1756916368.9436097
1756916368.9436352 1756916391.4746892
1756916391.4747105 1756916418.6245909
1756916418.624621 1756916443.5603712
1756916443.5603993 1756916467.0401068
1756916467.0401342 1756916493.5861797
1756916493.5862057 1756916520.0199766
1756916520.0200043 1756916545.1071374
1756916545.1071594 1756916559.2448716
1756916559.244891 1756916587.6622663
1756916587.6622946 1756916604.40536
1756916604.4053884 1756916632.3751068
1756916632.3751388 1756916652.4126198
1756916652.4126468 1756916678.041683
1756916678.0417066 1756916701.6707015
1756916701.6707304 1756916726.642115
1756916726.642145 1756916751.374476
1756916751.3745084 1756916773.1045306
1756916773.1045525 1756916804.5070589
1756916804.5070858 1756916829.213187
1756916829.213221 1756916859.2814515
1756916859.2814786 1756916887.0304177
1756916887.030439 1756916914.723232
1756916914.7232587 1756916935.3673444
1756916935.3673692 1756916954.1790485
1756916954.1790738 1756916979.2580867
1756916979.2581081 1756917006.6041517
1756917006.6041791 1756917032.8146791
1756917032.8147006 1756917063.5505488
1756917063.5505815 1756917094.9610827
1756917094.9611032 1756917112.6728995
1756917112.67293 1756917134.3047955
1756917134.3048158 1756917155.205219
1756917155.2052386 1756917188.1589632
1756917188.158988 1756917215.104631
1756917215.1046538 1756917236.4122922
1756917236.4123201 1756917262.9133174
1756917262.9133406 1756917283.5054874
1756917283.5055137 1756917309.110071
1756917309.1101089 1756917326.9039178
1756917326.903944 1756917360.5198
1756917360.5198264 1756917392.3823442
1756917392.382386 1756917413.724386
1756917413.7244096 1756917443.3960333
1756917443.396058 1756917469.2176108
1756917469.217632 1756917494.0338597
1756917494.0338895 1756917513.7296553
1756917513.7296805 1756917533.0302792
1756917533.030304 1756917558.7846632
1756917558.7846842 1756917588.305449
1756917588.3055024 1756917607.869358
1756917607.8693817 1756917629.701914
1756917629.701938 1756917654.404466
1756917654.4044888 1756917683.1758838
1756917683.175906 1756917708.8568482
1756917708.8568742 1756917728.6065187
1756917728.6065505 1756917757.8412044
1756917757.8412273 1756917782.153402
1756917782.153435 1756917809.6277008
1756917809.6277242 1756917831.9369628
1756917831.9369907 1756917855.980874
1756917855.9808962 1756917882.521401
1756917882.521439 1756917903.0501513
1756917903.0501769 1756917917.1994994
1756917917.1995244 1756917947.5258696
1756917947.5259 1756917970.0997496
1756917970.0997794 1756917993.6060214
1756917993.6060503 1756918014.523865
1756918014.5238903 1756918041.1480076
1756918041.1480355 1756918066.9394307
