1756915588.2186606 1756915616.324972
1756915616.3250139 1756915646.5296228
1756915646.529661 1756915675.3114386
1756915675.311461 1756915703.4762263
1756915703.4762535 1756915728.6155012
1756915728.615527 1756915749.2526495
1756915749.2526715 1756915776.057967
1756915776.0579994 1756915803.2486534
1756915803.2486727 1756915826.5057797
1756915826.5058105 1756915845.9406269
1756915845.9406497 1756915871.645435
1756915871.6454573 1756915901.2788744
1756915901.2788968 1756915930.06014
1756915930.0601645 1756915946.842345
1756915946.8423626 1756915976.1320765
1756915976.13211 1756916003.9772344
1756916003.9772584 1756916027.6346574
1756916027.6346774 1756916055.6051733
1756916055.6051946 1756916072.8968627
1756916072.8968844 1756916102.3716006
1756916102.371627 1756916126.6123312
1756916126.6123657 1756916153.5068796
1756916153.5069015 1756916175.0731385
1756916175.0731647 1756916200.5821776
1756916200.5822043 1756916222.5249534
1756916222.5249798 1756916249.187486
1756916249.1875088 1756916271.5253453
1756916271.5253665 1756916294.4493153
1756916294.44934 1756916321.8688645
1756916321.8688872 1756916341.2312186
1756916341.2312386 1756916369.9142723
1756916369.9142992 1756916393.723532
1756916393.7235515 1756916417.2833838
1756916417.283408 1756916443.7562125
1756916443.7562356 1756916465.8900642
1756916465.8900871 1756916491.256171
1756916491.2562063 1756916516.2368848
1756916516.2369092 1756916544.2786176
1756916544.2786624 1756916561.0078804
1756916561.0079062 1756916591.161258
1756916591.1612778 1756916604.921049
1756916604.9210703 1756916634.104
1756916634.1040266 1756916656.76904
1756916656.769063 1756916673.6494026
1756916673.6494257 1756916704.710646
1756916704.710666 1756916731.0638962
1756916731.0639222 1756916754.5749736
1756916754.5749962 1756916780.0687506
1756916780.068786 1756916798.9355588
1756916798.9356062 1756916828.2655928
1756916828.2656147 1756916859.1529596
1756916859.1529832 1756916878.3619666
1756916878.3619874 1756916911.4681375
1756916911.4681573 1756916937.614231
1756916937.6142795 1756916954.0416315
1756916954.0416558 1756916977.5897944
1756916977.5898144 1756917010.4989843
1756917010.4990191 1756917034.1144822
1756917034.1145065 1756917061.5931084
1756917061.5931308 1756917090.873746
1756917090.8737714 1756917115.5286605
1756917115.5286794 1756917141.3847797
1756917141.3847983 1756917153.651847
1756917153.651871 1756917186.0092032
1756917186.0092268 1756917214.2754102
1756917214.2754374 1756917237.2142594
1756917237.2142804 1756917260.6658373
1756917260.6658657 1756917289.0850828
1756917289.085108 1756917307.9741929
1756917307.9742208 1756917332.6611857
1756917332.6612108 1756917362.8740916
1756917362.8741107 1756917392.6570084
1756917392.6570323 1756917415.8983843
1756917415.898406 1756917443.416807
1756917443.416828 1756917467.5190127
1756917467.5190415 1756917492.971356
1756917492.9713788 1756917510.3318071
1756917510.331828 1756917540.255694
1756917540.2557197 1756917566.3371246
1756917566.3371491 1756917583.3342319
1756917583.3342528 1756917611.0741959
1756917611.074221 1756917632.6274064
1756917632.6274338 1756917649.3533173
1756917649.353337 1756917681.7617462
1756917681.7617753 1756917702.581377
1756917702.5814006 1756917732.4210212
1756917732.4210422 1756917756.7621415
1756917756.7621696 1756917780.6332414
1756917780.6332667 1756917809.3744023
1756917809.3744264 1756917830.2933588
1756917830.2933857 1756917856.964154
1756917856.9641802 1756917877.7823045
1756917877.782325 1756917904.2737195
1756917904.2737498 1756917925.1643717
1756917925.1643956 1756917947.1685824
1756917947.1686182 1756917970.5208442
1756917970.5208673 1756917988.708824
1756917988.7088418 1756918012.6687276
1756918012.668753 1756918043.8749409
1756918043.8749657 1756918058.8317666
