1756915587.6919942 1756915622.6753728
1756915622.6754127 1756915642.4468386
1756915642.44686 1756915675.0226958
1756915675.0227213 1756915694.554841
1756915694.5548606 1756915726.257576
1756915726.2575972 1756915750.032421
1756915750.0324419 1756915778.383896
1756915778.3839202 1756915799.3348274
1756915799.3348558 1756915819.8087716
1756915819.8087888 1756915847.3064897
1756915847.3065112 1756915866.0997765
1756915866.0997975 1756915897.9520202
1756915897.952038 1756915928.5007176
1756915928.5007405 1756915953.4394464
1756915953.4394686 1756915978.0396433
1756915978.0396643 1756916003.5747998
1756916003.5748224 1756916027.1786788
1756916027.1787107 1756916050.1575525
1756916050.1575723 1756916078.651653
1756916078.6516755 1756916105.9821982
1756916105.9822242 1756916130.8163593
1756916130.816385 1756916152.8089426
1756916152.8089604 1756916178.4559138
1756916178.4559345 1756916202.0566761
1756916202.056702 1756916224.4262462
1756916224.4262688 1756916247.1997728
1756916247.1997926 1756916276.6424675
1756916276.6424859 1756916291.4671335
1756916291.467165 1756916321.5211139
1756916321.521135 1756916344.3808944
1756916344.380912 1756916369.717664
1756916369.717693 1756916391.0455575
1756916391.0455866 1756916422.5741038
1756916422.574124 1756916443.5923462
1756916443.5923753 1756916463.1061573
1756916463.1061769 1756916492.7954276
1756916492.795458 1756916518.7229853
1756916518.7230055 1756916543.546547
1756916543.5465674 1756916562.9696717
1756916562.9696958 1756916588.610269
1756916588.6102986 1756916606.398239
1756916606.3982596 1756916628.9677699
1756916628.9677896 1756916656.9435427
1756916656.9435785 1756916682.173719
1756916682.1737382 1756916703.284822
1756916703.2848415 1756916725.9043596
1756916725.9043832 1756916754.466032
1756916754.466061 1756916775.1718585
1756916775.1718795 1756916803.7726164
1756916803.7726357 1756916826.4765284
1756916826.4765506 1756916856.1611216
1756916856.1611388 1756916885.196551
1756916885.1965764 1756916911.7320564
1756916911.732077 1756916933.3299358
1756916933.329956 1756916958.8022
1756916958.8022234 1756916983.3048637
1756916983.304884 1756917008.9699106
1756917008.9699442 1756917027.2244842
1756917027.2245052 1756917062.7750223
1756917062.7750523 1756917092.6134202
1756917092.6134393 1756917109.6756935
1756917109.6757135 1756917137.7562475
1756917137.7562716 1756917160.8342774
1756917160.8342965 1756917183.3673096
1756917183.3673317 1756917214.1364212
1756917214.1364403 1756917236.5102232
1756917236.5102458 1756917263.722598
1756917263.7226193 1756917287.7013836
1756917287.701408 1756917307.2192774
1756917307.2192965 1756917338.9115093
1756917338.9115424 1756917365.10605
1756917365.1060734 1756917389.7756898
1756917389.7757115 1756917418.483756
1756917418.4837782 1756917444.648207
1756917444.6482255 1756917467.2986963
1756917467.298719 1756917487.3145628
1756917487.3145847 1756917514.9716625
1756917514.9716854 1756917538.1576934
1756917538.1577227 1756917565.027276
1756917565.0272985 1756917588.3263588
1756917588.3263834 1756917610.464267
1756917610.464288 1756917631.7666676
1756917631.7666972 1756917651.171804
1756917651.1718311 1756917674.9923992
1756917674.992428 1756917700.6894667
1756917700.6894877 1756917732.0644286
1756917732.0644524 1756917754.7890573
1756917754.7890766 1756917783.5267568
1756917783.52678 1756917804.6252294
1756917804.6252577 1756917833.2910087
1756917833.2910337 1756917854.79481
1756917854.7948287 1756917871.918509
1756917871.91853 1756917901.1228855
1756917901.122905 1756917925.729232
1756917925.7292519 1756917943.1012065
1756917943.1012309 1756917972.0867388
1756917972.0867627 1756917996.823383
1756917996.8234005 1756918014.5669258
1756918014.5669463 1756918043.7560203
1756918043.7560465 1756918061.4544835
