1754102932.645588 1754102965.7188308
1754102965.718849 1754102994.017032
1754102994.0170498 1754103021.1610885
1754103021.1611109 1754103046.4008281
1754103046.4008486 1754103066.90514
1754103066.9051645 1754103104.218533
1754103104.2185485 1754103130.72953
1754103130.7295506 1754103162.1611912
1754103162.161222 1754103191.355885
1754103191.355911 1754103220.4038029
1754103220.4038281 1754103251.727697
1754103251.7277226 1754103281.5399563
1754103281.5399792 1754103309.4614677
1754103309.4614859 1754103337.4228957
1754103337.4229171 1754103362.2030478
1754103362.2030668 1754103390.9951756
1754103390.9951959 1754103418.333556
1754103418.3335779 1754103454.3308172
1754103454.330838 1754103483.39039
1754103483.390414 1754103519.57317
1754103519.5731878 1754103547.992816
1754103547.9928422 1754103578.7104475
1754103578.710472 1754103613.5148466
1754103613.5148733 1754103648.4312997
1754103648.4313207 1754103676.5931408
1754103676.5931625 1754103700.2879255
1754103700.2879515 1754103726.8902879
1754103726.8903072 1754103755.356626
1754103755.3566523 1754103776.7603507
1754103776.7603705 1754103809.8276353
1754103809.8276622 1754103840.675711
1754103840.675733 1754103869.829882
1754103869.8299057 1754103902.6339817
1754103902.6339996 1754103930.607897
1754103930.6079216 1754103965.451192
1754103965.4512153 1754104000.0995457
1754104000.0995808 1754104037.785931
1754104037.7859547 1754104068.7033129
1754104068.7033336 1754104103.2701147
1754104103.2701373 1754104124.866392
1754104124.8664253 1754104152.9492395
1754104152.9492602 1754104186.2465732
1754104186.2465985 1754104212.830325
1754104212.8303444 1754104239.9442286
1754104239.9442525 1754104262.9886293
1754104262.9886458 1754104294.206487
1754104294.2065089 1754104323.0499377
1754104323.049973 1754104347.854987
1754104347.8550036 1754104379.3686197
1754104379.368637 1754104412.0299385
1754104412.029961 1754104441.2505682
1754104441.2505846 1754104471.4083898
1754104471.408413 1754104511.697535
1754104511.697552 1754104551.6224546
1754104551.6224747 1754104577.6787379
1754104577.678756 1754104608.1829898
1754104608.1830142 1754104638.9469008
1754104638.946922 1754104666.5657198
1754104666.565742 1754104701.4562285
1754104701.4562466 1754104729.5108814
1754104729.5108995 1754104762.5760252
1754104762.576053 1754104793.1586666
1754104793.1586945 1754104824.1549454
1754104824.154962 1754104856.0707664
1754104856.070791 1754104880.3541143
1754104880.3541355 1754104914.071448
1754104914.0714703 1754104948.7379634
1754104948.7379832 1754104980.530676
1754104980.5306978 1754105010.1638165
1754105010.1638346 1754105035.5010803
1754105035.5011024 1754105071.0929608
1754105071.0929859 1754105107.2166355
1754105107.216652 1754105141.4882715
1754105141.488296 1754105175.5809026
1754105175.580922 1754105207.8987272
1754105207.8987544 1754105231.4767594
1754105231.4767892 1754105261.3421752
1754105261.342194 1754105293.1790817
1754105293.1791055 1754105328.3449037
1754105328.3449316 1754105352.5243034
1754105352.5243282 1754105377.8719306
1754105377.8719506 1754105407.746936
1754105407.7469535 1754105439.9179277
1754105439.9179487 1754105465.51893
1754105465.5189497 1754105488.5883493
1754105488.5883758 1754105510.9783378
1754105510.978363 1754105534.5810187
1754105534.5810425 1754105560.0499644
1754105560.0499964 1754105592.0264893
1754105592.026511 1754105626.9335787
1754105626.9336066 1754105657.9644802
1754105657.9645128 1754105688.5385725
1754105688.5385938 1754105723.2388334
1754105723.2388508 1754105756.2691226
1754105756.2691538 1754105784.6578085
1754105784.6578314 1754105813.6224072
1754105813.6224368 1754105847.977205
1754105847.9772234 1754105871.935028
1754105871.9350526 1754105899.9172616
1754105899.9172804 1754105933.8857443
1754105933.885775 1754105961.2717636
1754105961.271793 1754105993.7333124
1754105993.73333 1754106020.8542528
1754106020.8542736 1754106062.0958788
1754106062.095899 1754106088.074473
1754106088.0745032 1754106124.9882941
1754106124.988311 1754106161.565852
1754106161.5658743 1754106194.8403842
1754106194.8404028 1754106226.918457
1754106226.9184735 1754106259.4784887
1754106259.4785314 1754106291.753063
1754106291.7530923 1754106319.0471425
1754106319.047164 1754106351.2202904
1754106351.220312 1754106374.5278049
1754106374.5278265 1754106404.3098805
1754106404.3098981 1754106437.0832925
1754106437.0833163 1754106463.041925
1754106463.0419464 1754106490.9825227
1754106490.9825413 1754106526.1622994
1754106526.1623232 1754106547.3476532
1754106547.3476732 1754106569.2377264
1754106569.237751 1754106598.0242612
1754106598.024283 1754106626.6132245
1754106626.613247 1754106655.7215042
1754106655.7215295 1754106679.3926148
1754106679.3926344 1754106705.7482378
1754106705.7482646 1754106737.9723988
1754106737.9724205 1754106766.0073063
1754106766.007329 1754106792.9374998
1754106792.9375246 1754106822.3230762
1754106822.323095 1754106847.9650064
1754106847.9650335 1754106868.6329713
1754106868.6329973 1754106899.551785
1754106899.5518105 1754106927.9490216
1754106927.9490454 1754106957.0218534
1754106957.0218794 1754106979.5414848
1754106979.5415194 1754107007.142148
1754107007.1421697 1754107036.0986567
1754107036.0986803 1754107066.5973096
1754107066.5973372 1754107092.3308141
1754107092.3308342 1754107122.197353
1754107122.1973753 1754107149.8539057
1754107149.8539262 1754107181.6163635
1754107181.6163843 1754107213.1378667
1754107213.137892 1754107248.4447372
1754107248.4447608 1754107280.1143446
1754107280.1143682 1754107310.9892902
1754107310.9893272 1754107338.2617273
1754107338.2617493 1754107365.6954186
1754107365.695439 1754107393.5880632
1754107393.588096 1754107420.829547
1754107420.8295705 1754107447.5916786
1754107447.5917141 1754107478.1021855
1754107478.102205 1754107501.526949
1754107501.526975 1754107524.9373426
1754107524.9373603 1754107551.062324
1754107551.0623436 1754107580.4246507
1754107580.424677 1754107610.2633388
1754107610.2633638 1754107643.3917246
1754107643.391752 1754107674.922744
1754107674.9227645 1754107703.4650724
1754107703.4651062 1754107733.7885349
1754107733.7885573 1754107763.2967067
1754107763.2967265 1754107800.0381153
1754107800.0381396 1754107830.4250453
1754107830.4250636 1754107855.4959884
1754107855.4960084 1754107885.4615257
1754107885.46155 1754107917.6679401
1754107917.667968 1754107956.3848248
1754107956.3848608 1754107984.0828345
1754107984.0828564 1754108010.598251
1754108010.5982747 1754108040.7189877
1754108040.7190063 1754108072.8258429
1754108072.8258698 1754108102.002278
1754108102.0023012 1754108133.7477317
1754108133.7477536 1754108165.644415
1754108165.6444476 1754108196.6971984
1754108196.6972215 1754108221.2665927
1754108221.2666209 1754108252.2692833
1754108252.2693064 1754108282.2162569
1754108282.2162814 1754108312.158195
1754108312.1582227 1754108340.9341936
1754108340.9342108 1754108381.3993905
1754108381.3994086 1754108416.5554347
1754108416.5554626 1754108444.5632007
1754108444.5632238 1754108475.8466108
1754108475.8466368 1754108512.7496245
1754108512.7496555 1754108539.4350169
1754108539.4350445 1754108565.6730552
1754108565.6730719 1754108593.8381097
1754108593.8381357 1754108615.925979
1754108615.925999 1754108645.5901442
1754108645.590174 1754108678.7176979
1754108678.7177184 1754108701.5862584
1754108701.586277 1754108732.0111086
1754108732.0111396 1754108762.7790017
1754108762.7790253 1754108793.9412303
1754108793.9412568 1754108826.7676873
1754108826.7677104 1754108865.782329
1754108865.7823465 1754108901.8654306
1754108901.8654585 1754108937.1855867
1754108937.1856062 1754108969.788412
1754108969.7884543 1754108995.76335
1754108995.7633684 1754109024.029109
1754109024.029128 1754109050.8933296
1754109050.893358 1754109077.348592
1754109077.3486192 1754109109.14649
1754109109.1465137 1754109127.5854278
1754109127.5854485 1754109158.5354664
1754109158.5354981 1754109189.929646
1754109189.9296725 1754109210.2666225
1754109210.2666492 1754109240.3969722
1754109240.3969922 1754109271.2831807
1754109271.2832088 1754109290.310194
1754109290.3102107 1754109322.1951115
1754109322.1951365 1754109358.8279095
1754109358.8279347 1754109389.753767
1754109389.7537897 1754109426.8432784
1754109426.8433025 1754109457.9785798
1754109457.9786046 1754109482.2583096
1754109482.2583363 1754109508.9813933
1754109508.9814103 1754109547.3691375
1754109547.3691607 1754109575.7865512
1754109575.7865694 1754109602.2116585
1754109602.211679 1754109639.27703
1754109639.277058 1754109673.534046
1754109673.5340624 1754109701.009061
1754109701.0090854 1754109725.781352
1754109725.7813783 1754109762.5755498
1754109762.5755754 1754109804.3375075
1754109804.3375344 1754109839.4884696
1754109839.4884906 1754109862.4144604
1754109862.4144845 1754109892.513951
1754109892.5139751 1754109927.3379984
1754109927.3380163 1754109948.4124231
1754109948.4124517 1754109973.4833074
1754109973.4833255 1754110005.0100353
1754110005.010062 1754110028.3575003
1754110028.3575377 1754110057.7902465
1754110057.7902637 1754110088.052243
1754110088.052272 1754110120.767815
1754110120.7678342 1754110146.5858939
1754110146.5859118 1754110179.217626
1754110179.2176535 1754110204.7433949
1754110204.7434182 1754110233.888275
1754110233.8882937 1754110266.8401315
1754110266.8401563 1754110297.257901
1754110297.2579262 1754110325.572595
1754110325.5726147 1754110354.1610112
1754110354.161052 1754110387.148856
1754110387.148877 1754110420.552418
1754110420.552455 1754110462.0033848
1754110462.00341 1754110489.9654975
1754110489.965524 1754110522.5892513
1754110522.5892708 1754110552.0282884
1754110552.0283136 1754110582.8398943
1754110582.8399217 1754110613.4912472
1754110613.4912648 1754110643.2461221
1754110643.2461426 1754110671.5349057
1754110671.5349367 1754110696.6629446
1754110696.6629603 1754110730.11488
1754110730.1149032 1754110752.554789
1754110752.5548115 1754110782.3809905
1754110782.3810124 1754110813.4099948
1754110813.410017 1754110836.776523
1754110836.7765527 1754110860.923531
1754110860.9235485 1754110892.739036
1754110892.7390609 1754110923.042955
1754110923.042989 1754110949.8187478
1754110949.8187733 1754110974.6083434
1754110974.6083655 1754111002.9884002
1754111002.9884253 1754111034.2040563
1754111034.2040794 1754111062.8743925
1754111062.8744254 1754111102.6003077
1754111102.6003332 1754111131.225233
1754111131.2252502 1754111165.2094476
1754111165.2094738 1754111189.6854327
1754111189.6854491 1754111219.4659739
1754111219.4659956 1754111246.8326695
1754111246.8326983 1754111273.77412
1754111273.7741556 1754111308.9270937
1754111308.9271293 1754111334.5299597
1754111334.5299778 1754111361.116704
1754111361.116727 1754111390.255217
1754111390.2552493 1754111417.1892378
1754111417.1892605 1754111447.6720157
1754111447.6720455 1754111477.6027517
1754111477.6027787 1754111508.1106353
1754111508.1106622 1754111535.6079082
1754111535.6079369 1754111561.3095136
1754111561.3095372 1754111586.6458056
1754111586.6458335 1754111611.1634967
1754111611.1635153 1754111637.9236288
1754111637.9236553 1754111664.3031166
1754111664.3031378 1754111697.8321939
1754111697.8322148 1754111728.856506
1754111728.8565338 1754111759.8046622
1754111759.804681 1754111795.8182843
1754111795.818312 1754111828.4641085
1754111828.464126 1754111860.540529
1754111860.5405548 1754111892.0538764
1754111892.0538995 1754111924.2169857
1754111924.2170045 1754111952.7901292
1754111952.7901585 1754111979.3645875
1754111979.3646095 1754112015.8717656
1754112015.8717895 1754112042.8849826
1754112042.8850043 1754112070.367775
1754112070.3678017 1754112096.8881264
1754112096.8881457 1754112123.1577
1754112123.1577241 1754112151.3235433
1754112151.3235753 1754112174.268267
1754112174.2682962 1754112205.8519306
1754112205.8519537 1754112234.2713785
1754112234.2714024 1754112255.6569118
1754112255.6569383 1754112289.769127
1754112289.769148 1754112319.799606
1754112319.7996407 1754112347.070921
1754112347.0709417 1754112379.5938027
1754112379.5938222 1754112414.813194
1754112414.8132179 1754112445.9937336
1754112445.9937587 1754112470.8797834
1754112470.879804 1754112500.050349
1754112500.0503721 1754112533.0696614
1754112533.0696805 1754112558.5724504
1754112558.5724726 1754112589.1389186
1754112589.1389446 1754112620.0255382
1754112620.0255566 1754112646.2877803
1754112646.2877975 1754112676.4519362
1754112676.4519668 1754112707.9197795
1754112707.9197989 1754112735.528408
1754112735.528435 1754112771.8615773
1754112771.861595 1754112808.124126
1754112808.1241515 1754112843.6134024
1754112843.6134212 1754112872.8864708
1754112872.8864934 1754112902.407874
1754112902.4079003 1754112930.8436694
1754112930.843696 1754112962.4597447
1754112962.4597678 1754112994.5667653
1754112994.566809 1754113027.7102265
1754113027.7102618 1754113058.952397
1754113058.9524443 1754113081.9380941
1754113081.9381163 1754113120.4536445
1754113120.4536698 1754113150.5284693
1754113150.5285192 1754113188.8704338
1754113188.8704522 1754113218.0049598
1754113218.0049827 1754113245.850351
1754113245.8503776 1754113269.8697262
1754113269.8697448 1754113300.8143992
1754113300.8144267 1754113338.4615035
1754113338.4615192 1754113363.3343298
1754113363.3343542 1754113388.9074934
1754113388.907511 1754113420.3982832
1754113420.3983073 1754113445.0343823
1754113445.034402 1754113477.8142898
1754113477.814308 1754113501.1029432
1754113501.1029701 1754113527.0360417
1754113527.0360625 1754113559.8639302
1754113559.8639545 1754113591.4164786
1754113591.416509 1754113622.876197
1754113622.8762195 1754113647.1216478
1754113647.1216712 1754113675.166813
1754113675.166831 1754113710.2681086
1754113710.2681296 1754113743.5150843
1754113743.5151124 1754113766.7882648
1754113766.7882838 1754113803.6182666
1754113803.6182828 1754113836.6695056
1754113836.6695294 1754113873.6641803
1754113873.6641986 1754113900.437202
1754113900.4372334 1754113929.5456333
1754113929.5456603 1754113955.0035505
1754113955.0035806 1754113981.7310913
1754113981.731117 1754114001.439169
1754114001.439195 1754114026.8745177
1754114026.8745406 1754114056.3008976
1754114056.3009274 1754114086.0368688
1754114086.0368922 1754114117.6068332
1754114117.606859 1754114156.8101907
1754114156.81021 1754114187.7660918
1754114187.7661245 1754114220.7563605
1754114220.7563827 1754114247.831646
1754114247.831664 1754114286.31063
1754114286.3106527 1754114322.1949313
1754114322.1949482 1754114354.5452454
1754114354.5452664 1754114387.2066085
1754114387.2066278 1754114420.0368192
1754114420.036848 1754114443.9509661
1754114443.9509895 1754114475.0729022
1754114475.072923 1754114513.679154
1754114513.6791759 1754114536.0919354
1754114536.0919611 1754114562.3363955
1754114562.336415 1754114584.3890736
1754114584.3890939 1754114613.7364974
1754114613.7365248 1754114646.3148334
1754114646.3148515 1754114678.5723305
1754114678.5723543 1754114712.1408427
1754114712.140866 1754114745.0841718
1754114745.084189 1754114778.441696
1754114778.4417212 1754114817.03355
1754114817.0335934 1754114845.8932154
1754114845.8932393 1754114877.846433
1754114877.8464513 1754114909.0523515
1754114909.0523767 1754114936.5061214
1754114936.506151 1754114959.1628509
1754114959.1628847 1754114986.5813816
1754114986.581402 1754115017.5434117
1754115017.54343 1754115055.3161557
1754115055.3161845 1754115085.4113564
1754115085.4113872 1754115119.319763
1754115119.319783 1754115143.6197147
1754115143.6197412 1754115176.1811473
1754115176.1811676 1754115202.6877067
1754115202.6877306 1754115227.4606726
1754115227.4606934 1754115259.0693839
1754115259.0694091 1754115284.647336
1754115284.6473575 1754115312.312777
1754115312.3128023 1754115339.5664837
1754115339.5665083 1754115370.6819375
1754115370.68196 1754115396.8856277
1754115396.8856459 1754115427.8032181
1754115427.8032427 1754115453.7577283
1754115453.7577524 1754115479.8972342
1754115479.8972552 1754115507.652742
1754115507.6527734 1754115544.174694
1754115544.1747122 1754115572.9518871
1754115572.9519105 1754115602.8029542
1754115602.802978 1754115628.9610078
1754115628.9610312 1754115662.2830522
1754115662.2830715 1754115690.4528375
1754115690.4528599 1754115722.8692741
1754115722.8692992 1754115750.578962
1754115750.5789795 1754115772.8341095
1754115772.8341324 1754115809.1802993
1754115809.1803174 1754115839.6954308
1754115839.6954718 1754115871.5345304
1754115871.5345464 1754115898.4607232
1754115898.4607477 1754115929.328058
1754115929.3280776 1754115963.0688097
1754115963.0688353 1754115988.1217518
1754115988.1217737 1754116023.9037223
1754116023.9037426 1754116047.0320332
1754116047.032057 1754116081.1681108
1754116081.1681342 1754116120.1786644
1754116120.178685 1754116152.9668021
1754116152.9668202 1754116177.096025
1754116177.0960584 1754116203.4045446
1754116203.4045615 1754116233.756652
1754116233.7566798 1754116260.500064
1754116260.500089 1754116295.9476538
1754116295.9476755 1754116320.9462805
1754116320.9463086 1754116357.2247105
1754116357.2247329 1754116390.1119034
1754116390.1119275 1754116421.0072012
1754116421.0072222 1754116448.3790984
1754116448.3791223 1754116476.707542
1754116476.7075608 1754116507.9844198
1754116507.9844398 1754116538.9243195
1754116538.9243555 1754116567.2544913
1754116567.254517 1754116592.8861485
1754116592.8861716 1754116621.4474208
1754116621.4474506 1754116646.9814873
1754116646.9815032 1754116678.4700968
1754116678.4701147 1754116708.5843294
1754116708.5843613 1754116736.83149
1754116736.8315134 1754116761.7574475
1754116761.7574656 1754116791.3326793
1754116791.3327055 1754116828.1927664
1754116828.1927855 1754116861.8146322
1754116861.8146524 1754116890.1377964
1754116890.1378279 1754116922.7744966
1754116922.7745154 1754116950.7611709
1754116950.7611964 1754116981.8846807
1754116981.8847003 1754117003.1062202
1754117003.1062465 1754117034.8565538
1754117034.856574 1754117067.7478738
1754117067.7478936 1754117098.9559422
1754117098.9559705 1754117124.3387263
1754117124.3387427 1754117154.080218
1754117154.080242 1754117184.118229
1754117184.118253 1754117212.7596304
1754117212.759657 1754117242.6772075
1754117242.677232 1754117278.0781424
1754117278.0781627 1754117317.811731
1754117317.8117585 1754117345.8503408
1754117345.8503668 1754117376.9230645
1754117376.9230819 1754117407.2034957
1754117407.2035172 1754117435.5236983
1754117435.523722 1754117464.500277
1754117464.5003068 1754117498.9129179
1754117498.9129424 1754117527.6188817
1754117527.6189015 1754117557.8821595
1754117557.882183 1754117586.1577303
1754117586.157749 1754117623.1512923
1754117623.15131 1754117657.1321986
1754117657.132225 1754117683.8342762
1754117683.834295 1754117714.0709872
1754117714.0710123 1754117751.9385822
1754117751.9385974 1754117780.0234315
1754117780.0234563 1754117812.2136028
1754117812.2136216 1754117842.3950949
1754117842.3951175 1754117875.2234154
1754117875.2234464 1754117911.1431246
1754117911.1431413 1754117940.7988768
1754117940.7988982 1754117966.9543016
1754117966.95433 1754117994.7534313
1754117994.75345 1754118019.7784076
1754118019.7784264 1754118046.6198635
1754118046.6198893 1754118072.9593465
1754118072.959364 1754118103.8837209
1754118103.8837376 1754118133.6816244
1754118133.6816518 1754118168.1969273
1754118168.196952 1754118196.9002318
1754118196.9002519 1754118227.050405
1754118227.0504296 1754118260.0692255
1754118260.0692449 1754118288.6844456
1754118288.6844704 1754118321.150948
1754118321.150975 1754118350.668886
1754118350.6689107 1754118379.9158814
1754118379.915908 1754118412.2004523
1754118412.2004797 1754118446.1941102
1754118446.1941326 1754118473.3594184
1754118473.3594363 1754118509.329126
1754118509.3291476 1754118547.5727377
1754118547.5727608 1754118578.161719
1754118578.1617408 1754118612.7026255
1754118612.7026446 1754118638.0716767
1754118638.0717046 1754118670.1232083
1754118670.1232266 1754118702.7611587
1754118702.7611804 1754118729.4320467
1754118729.4320686 1754118758.5223322
1754118758.5223496 1754118780.259981
1754118780.2600062 1754118809.9570837
1754118809.9571052 1754118833.115988
1754118833.116026 1754118863.2517307
1754118863.2517538 1754118894.3279753
1754118894.3279965 1754118926.9730806
1754118926.9731033 1754118957.3759956
1754118957.3760247 1754118988.3133447
1754118988.3133636 1754119015.8254433
1754119015.825469 1754119042.3330047
1754119042.3330243 1754119069.5384035
1754119069.5384357 1754119094.6466918
1754119094.6467128 1754119120.8673851
1754119120.8674083 1754119154.2266042
1754119154.2266235 1754119185.8339384
1754119185.833961 1754119217.4093585
1754119217.409381 1754119246.3289135
1754119246.3289387 1754119288.8683462
1754119288.8683689 1754119320.2327447
1754119320.2327673 1754119355.8737032
1754119355.873727 1754119389.1765804
1754119389.176614 1754119427.0825436
1754119427.082565 1754119458.991034
1754119458.991065 1754119485.606688
1754119485.606707 1754119511.4994168
1754119511.4994373 1754119536.3293335
1754119536.3293612 1754119565.622105
1754119565.622123 1754119594.178091
1754119594.17811 1754119623.3830645
1754119623.3830888 1754119651.325527
1754119651.325544 1754119679.3506403
1754119679.3506587 1754119706.5613968
1754119706.5614235 1754119736.1770263
1754119736.1770437 1754119768.4393284
1754119768.4393468 1754119800.7308636
1754119800.7308857 1754119833.461547
1754119833.461567 1754119861.5754917
1754119861.575541 1754119893.1180093
1754119893.1180346 1754119918.223487
1754119918.2235136 1754119948.86172
1754119948.8617373 1754119979.0501463
1754119979.0501714 1754120014.9708376
1754120014.9708574 1754120049.1635075
1754120049.1635342 1754120078.619695
1754120078.6197207 1754120108.904018
1754120108.904041 1754120125.8992085
1754120125.8992302 1754120156.1891973
1754120156.1892226 1754120182.5186808
1754120182.5187018 1754120213.63257
1754120213.6325905 1754120242.0611558
1754120242.0611722 1754120274.4138381
1754120274.413862 1754120303.2562215
1754120303.256245 1754120329.2587016
1754120329.2587352 1754120355.8037899
1754120355.8038156 1754120378.8203037
1754120378.82033 1754120411.238806
1754120411.2388241 1754120439.0742009
1754120439.0742288 1754120466.983912
1754120466.9839373 1754120491.6844761
1754120491.6845026 1754120520.258504
1754120520.258527 1754120547.402844
1754120547.4028642 1754120574.7033856
1754120574.703422 1754120606.5519845
1754120606.552009 1754120642.4518845
1754120642.4519124 1754120671.5646203
1754120671.5646539 1754120702.566188
1754120702.5662074 1754120737.7168772
1754120737.7169018 1754120764.529801
1754120764.529822 1754120793.602564
1754120793.6025841 1754120818.8330128
1754120818.8330297 1754120848.876769
1754120848.8767943 1754120880.1131577
1754120880.1131809 1754120906.6783636
1754120906.678384 1754120927.8931239
1754120927.8931463 1754120965.261266
1754120965.2612834 1754121010.1741278
1754121010.1741545 1754121042.0744205
1754121042.0744476 1754121058.7458613
1754121058.7458804 1754121090.0640414
1754121090.0640676 1754121118.1356206
1754121118.1356392 1754121148.4191134
1754121148.4191365 1754121172.511784
1754121172.5118005 1754121197.0302882
1754121197.0303102 1754121228.8556561
1754121228.855675 1754121259.4280665
1754121259.4280872 1754121281.4094138
1754121281.4094355 1754121315.7466156
1754121315.7466311 1754121349.925896
1754121349.9259193 1754121375.1101177
1754121375.1101336 1754121401.9478436
1754121401.9478676 1754121430.9296095
1754121430.9296315 1754121458.6940742
1754121458.6940901 1754121489.6370063
1754121489.6370378 1754121516.7429905
1754121516.7430305 1754121545.7555816
1754121545.7556102 1754121571.7411075
1754121571.7411327 1754121599.4595244
1754121599.4595459 1754121626.035111
1754121626.035137 1754121656.8473942
1754121656.8474133 1754121688.7834663
1754121688.7834895 1754121713.7536685
1754121713.7536933 1754121738.888147
1754121738.888167 1754121768.125979
1754121768.1259937 1754121799.217893
1754121799.2179184 1754121830.7912436
1754121830.79126 1754121858.725743
1754121858.7257686 1754121892.4629295
1754121892.4629476 1754121924.2498147
1754121924.2498348 1754121961.1930637
1754121961.1930842 1754121988.029151
1754121988.0291846 1754122017.513656
1754122017.5136855 1754122044.8220723
1754122044.822091 1754122075.7489126
1754122075.7489426 1754122097.7875824
1754122097.7876031 1754122120.1503632
1754122120.1503873 1754122144.3789783
1754122144.3789973 1754122176.4858015
1754122176.485825 1754122210.9038258
1754122210.9038424 1754122241.4446692
1754122241.444694 1754122266.7445421
1754122266.7445667 1754122297.080218
1754122297.080242 1754122329.5748546
1754122329.5748734 1754122364.2673147
1754122364.2673337 1754122390.2602572
1754122390.260282 1754122423.973586
1754122423.9736054 1754122451.63961
1754122451.6396394 1754122477.3472946
1754122477.3473217 1754122509.015052
1754122509.0150728 1754122540.8438632
1754122540.8438883 1754122574.1262853
1754122574.126303 1754122606.5420141
1754122606.5420406 1754122641.9028623
1754122641.9028852 1754122674.8083925
1754122674.8084188 1754122697.1057055
1754122697.1057236 1754122725.581865
1754122725.5819004 1754122753.8190043
1754122753.819033 1754122780.7105389
1754122780.710561 1754122816.27111
1754122816.2711325 1754122838.6588776
1754122838.6589026 1754122868.9340727
1754122868.934097 1754122895.9870322
1754122895.9870613 1754122920.3431702
1754122920.3431892 1754122944.3733077
1754122944.3733609 1754122970.1544614
1754122970.1544843 1754122998.871339
1754122998.871367 1754123033.7560098
1754123033.7560284 1754123059.2680793
1754123059.2681103 1754123088.4239345
1754123088.423956 1754123114.7928216
1754123114.792855 1754123146.4199598
1754123146.41998 1754123176.5821056
1754123176.5821235 1754123210.8139808
1754123210.8140223 1754123234.497868
1754123234.4978855 1754123270.2067242
1754123270.2067432 1754123301.7880342
1754123301.7880619 1754123337.7117002
1754123337.7117205 1754123376.5904067
1754123376.590437 1754123415.4678442
1754123415.4678664 1754123450.4874752
1754123450.4874992 1754123478.212439
1754123478.212485 1754123508.9888127
1754123508.9888334 1754123541.0237365
1754123541.0237556 1754123571.7616866
1754123571.7617106 1754123600.9282577
1754123600.9282804 1754123624.8986478
1754123624.898667 1754123652.0712814
1754123652.071321 1754123677.3487444
1754123677.348769 1754123707.4166157
1754123707.4166334 1754123735.1560616
1754123735.1560857 1754123761.440604
1754123761.440627 1754123787.4738536
1754123787.4738777 1754123821.8129067
1754123821.8129308 1754123850.3787048
1754123850.378729 1754123877.991895
1754123877.9919193 1754123906.76778
1754123906.7678082 1754123941.1403077
1754123941.140329 1754123976.712033
1754123976.7120607 1754124004.7839422
1754124004.783963 1754124029.6949797
1754124029.6950057 1754124057.4094622
1754124057.40949 1754124081.419059
1754124081.4190795 1754124110.0815396
1754124110.0815656 1754124142.7414088
1754124142.7414277 1754124175.955228
1754124175.955248 1754124209.0073755
1754124209.0073998 1754124243.8399243
1754124243.8399453 1754124274.820294
1754124274.8203206 1754124307.2214918
1754124307.2215102 1754124342.7665184
1754124342.7665353 1754124377.7121575
1754124377.7121851 1754124405.037923
1754124405.0379417 1754124432.9200404
1754124432.9200683 1754124463.73873
1754124463.7387483 1754124489.0311759
1754124489.031204 1754124515.6800346
1754124515.6800525 1754124540.0007355
1754124540.0007582 1754124574.3871188
1754124574.3871458 1754124613.779608
1754124613.77964 1754124640.1581187
1754124640.1581378 1754124673.466299
1754124673.466332 1754124704.707323
1754124704.7073395 1754124727.8689594
1754124727.8689826 1754124760.6996202
1754124760.6996524 1754124792.9937518
1754124792.9937732 1754124819.8801956
1754124819.8802247 1754124846.5553095
1754124846.5553286 1754124879.437634
1754124879.4376578 1754124921.2869773
1754124921.2869995 1754124952.8989794
1754124952.8989997 1754124982.7086034
1754124982.7086296 1754125009.0983047
1754125009.0983274 1754125037.9263644
1754125037.9263856 1754125065.061535
1754125065.0615606 1754125098.3219123
1754125098.3219314 1754125132.835774
1754125132.835804 1754125159.2959354
1754125159.2959554 1754125187.304847
1754125187.3048747 1754125214.0861113
1754125214.086136 1754125240.5831165
1754125240.5831356 1754125271.6764224
1754125271.6764421 1754125301.0246644
1754125301.0246832 1754125331.231055
1754125331.2310796 1754125359.4702764
1754125359.4703002 1754125384.7749395
1754125384.7749593 1754125412.6580637
1754125412.6580882 1754125447.7761254
1754125447.7761474 1754125477.4241288
1754125477.4241455 1754125517.720847
1754125517.7208729 1754125544.8142927
1754125544.8143163 1754125572.719681
1754125572.7197158 1754125602.0704172
1754125602.0704377 1754125632.3398726
1754125632.339898 1754125656.0984626
1754125656.098489 1754125688.1340065
1754125688.1340315 1754125724.732409
1754125724.732433 1754125749.160148
1754125749.1601756 1754125775.7312753
1754125775.7313035 1754125799.4531348
1754125799.453155 1754125825.905091
1754125825.9051383 1754125856.22903
1754125856.2290552 1754125880.8222923
1754125880.822312 1754125908.4211147
1754125908.4211445 1754125930.7938244
1754125930.7938523 1754125955.5659366
1754125955.5659575 1754125982.3288145
1754125982.3288434 1754126014.2482758
1754126014.2482939 1754126044.7931824
1754126044.7932057 1754126070.1255145
1754126070.125533 1754126100.4913566
1754126100.4913743 1754126131.353396
1754126131.3534262 1754126164.8846114
1754126164.8846335 1754126201.2130008
1754126201.2130303 1754126232.1774576
1754126232.1774812 1754126259.6720433
1754126259.6720657 1754126297.2333488
1754126297.233373 1754126320.9840412
1754126320.9840608 1754126353.5150344
1754126353.5150585 1754126377.1234207
1754126377.1234486 1754126403.264823
1754126403.2648404 1754126430.231537
1754126430.2315593 1754126456.2431629
1754126456.2431881 1754126485.570362
1754126485.5703814 1754126520.6547751
1754126520.6547997 1754126556.7230046
1754126556.723022 1754126590.6909127
1754126590.6909337 1754126619.611311
1754126619.6113536 1754126648.5920503
1754126648.5920756 1754126677.114176
1754126677.114209 1754126707.2418392
1754126707.2418597 1754126739.7235076
1754126739.723532 1754126762.2913477
1754126762.2913687 1754126794.5054784
1754126794.505496 1754126823.2863066
1754126823.2863283 1754126849.9102912
1754126849.9103076 1754126882.2732284
1754126882.2732608 1754126905.0644462
1754126905.064463 1754126937.792385
1754126937.7924125 1754126963.1462214
1754126963.146244 1754126991.8080847
1754126991.808103 1754127017.1089168
1754127017.1089442 1754127047.102772
1754127047.1027937 1754127076.3980525
1754127076.3980787 1754127106.3176494
1754127106.3176703 1754127134.0642276
1754127134.0642557 1754127164.6432335
1754127164.643251 1754127198.0136733
1754127198.0137098 1754127224.7478702
1754127224.7478878 1754127258.7066844
1754127258.7067027 1754127283.1953607
1754127283.1953897 1754127311.3155172
1754127311.3155575 1754127335.634484
1754127335.63451 1754127365.1902556
1754127365.1902735 1754127389.9869602
1754127389.986982 1754127423.4800024
1754127423.480028 1754127454.8693101
1754127454.8693264 1754127478.9150164
1754127478.9150457 1754127507.3097222
1754127507.3097508 1754127542.3812416
1754127542.381289 1754127574.2145536
1754127574.2145724 1754127607.7242448
1754127607.724274 1754127638.8839438
1754127638.8839707 1754127672.0887258
1754127672.0887527 1754127700.610442
1754127700.6104612 1754127729.8451328
1754127729.8451598 1754127753.977504
1754127753.9775264 1754127779.7788434
1754127779.7788672 1754127808.2401721
1754127808.2401931 1754127836.5337198
1754127836.5337462 1754127859.8795564
1754127859.8795922 1754127889.9184327
1754127889.9184515 1754127923.922034
1754127923.922054 1754127954.9619474
1754127954.961974 1754127982.552518
1754127982.552535 1754128009.6258667
1754128009.62589 1754128039.9370017
1754128039.9370224 1754128072.7194622
1754128072.7194812 1754128103.3702705
1754128103.3702967 1754128128.1087663
1754128128.1087883 1754128158.1768239
1754128158.1768496 1754128187.6340468
1754128187.634073 1754128221.0721927
1754128221.0722094 1754128249.1071012
1754128249.1071243 1754128283.1324716
1754128283.1324914 1754128316.4155197
1754128316.4155426 1754128345.8497286
1754128345.849754 1754128380.8212638
1754128380.8212826 1754128406.257715
1754128406.25774 1754128435.3721569
1754128435.372177 1754128465.7061276
1754128465.70615 1754128496.980232
1754128496.980253 1754128529.992023
1754128529.9920495 1754128555.0542734
1754128555.0542989 1754128586.3378541
1754128586.3378751 1754128619.475098
1754128619.475125 1754128644.2329612
1754128644.2329798 1754128677.5765665
1754128677.576593 1754128704.2582064
1754128704.2582304 1754128733.915298
1754128733.9153218 1754128764.4909136
1754128764.4909315 1754128788.4710224
1754128788.4710443 1754128821.4580681
1754128821.4580934 1754128856.4985068
1754128856.4985292 1754128885.9625876
1754128885.9626186 1754128910.826268
1754128910.8262894 1754128936.068201
1754128936.0682244 1754128962.518223
1754128962.51824 1754128989.4394166
1754128989.4394355 1754129016.2774932
1754129016.277522 1754129045.1743462
1754129045.1743743 1754129073.9980302
1754129073.9980555 1754129099.8138268
1754129099.8138447 1754129131.9288921
1754129131.9289157 1754129159.8557763
1754129159.8558025 1754129186.9222426
1754129186.9222684 1754129216.480191
1754129216.480209 1754129244.5418286
1754129244.5418644 1754129268.0652337
1754129268.0652516 1754129293.2874422
1754129293.2874653 1754129325.3839526
1754129325.3839731 1754129354.4610674
1754129354.4611225 1754129380.081121
1754129380.0811436 1754129410.2836215
1754129410.2836473 1754129441.3507707
1754129441.350795 1754129466.2411852
1754129466.2412019 1754129490.7906168
1754129490.7906399 1754129519.3650692
1754129519.3650901 1754129552.1547039
1754129552.1547282 1754129576.3588634
1754129576.3588865 1754129609.0263839
1754129609.0264041 1754129638.356882
1754129638.3569038 1754129661.67124
1754129661.6712596 1754129690.6266694
1754129690.626694 1754129713.5603807
1754129713.5604053 1754129737.467598
1754129737.4676347 1754129762.7581804
1754129762.7582104 1754129788.2270741
1754129788.2270927 1754129817.5132208
1754129817.5132513 1754129850.6871355
1754129850.6871548 1754129881.7209382
1754129881.7209659 1754129905.6262927
1754129905.626311 1754129933.3717284
1754129933.3717525 1754129965.5864727
1754129965.5864944 1754129991.776236
1754129991.776255 1754130026.7833369
1754130026.7833612 1754130058.9579828
1754130058.9580004 1754130085.1335135
1754130085.1335378 1754130112.578434
1754130112.5784683 1754130148.033461
1754130148.0334775 1754130171.188925
1754130171.1889493 1754130196.166716
1754130196.1667333 1754130221.0934432
1754130221.0934663 1754130256.8757782
1754130256.8757975 1754130294.5016816
1754130294.5017061 1754130324.2221644
1754130324.2221806 1754130364.7021616
1754130364.702187 1754130390.8756208
1754130390.875641 1754130425.4236565
1754130425.4236763 1754130462.6579456
1754130462.657975 1754130495.5542808
1754130495.5543 1754130530.4270616
1754130530.427084 1754130553.4958208
1754130553.4958403 1754130581.8813674
1754130581.8813922 1754130613.633605
1754130613.6336234 1754130643.4656475
1754130643.46567 1754130676.171315
1754130676.1713388 1754130704.8698099
1754130704.8698323 1754130736.3381462
1754130736.3381727 1754130770.527637
1754130770.527664 1754130796.3216422
1754130796.3216693 1754130826.378911
1754130826.3789313 1754130856.4221134
1754130856.4221382 1754130881.3788323
1754130881.378858 1754130909.0380378
1754130909.0380628 1754130938.5470424
1754130938.5470634 1754130971.0344234
1754130971.0344455 1754130995.1422012
1754130995.1422303 1754131024.9384086
1754131024.9384336 1754131054.877362
1754131054.8773804 1754131094.3066807
1754131094.3067057 1754131115.6845667
1754131115.6845834 1754131147.7655647
1754131147.765588 1754131182.776282
1754131182.7763042 1754131216.2962778
1754131216.296296 1754131245.1862686
1754131245.186289 1754131286.5028932
1754131286.5029137 1754131318.355072
1754131318.3550951 1754131349.8121605
1754131349.81218 1754131385.9817438
1754131385.981763 1754131413.9865322
1754131413.9865618 1754131443.9496677
1754131443.9496856 1754131473.6518073
1754131473.6518323 1754131501.5017831
1754131501.5018063 1754131534.061679
1754131534.0617015 1754131557.8139892
1754131557.814009 1754131583.4832869
1754131583.483312 1754131609.7108681
1754131609.7108905 1754131637.1582513
1754131637.1582718 1754131665.1918144
1754131665.1918328 1754131698.8135774
1754131698.8136024 1754131727.1742241
1754131727.1742406 1754131751.415634
1754131751.415658 1754131778.0498576
1754131778.0498753 1754131806.7898614
1754131806.7898824 1754131834.8944862
1754131834.894514 1754131864.6044137
1754131864.6044323 1754131890.6773686
1754131890.6773934 1754131924.8669207
1754131924.8669436 1754131954.0834446
1754131954.0834632 1754131979.088522
1754131979.0885456 1754132011.7662647
1754132011.7662883 1754132044.363241
1754132044.3632646 1754132062.3076947
1754132062.3077152 1754132090.4671772
1754132090.4671955 1754132128.2883139
1754132128.2883415 1754132162.277789
1754132162.277808 1754132189.8996668
1754132189.8996887 1754132214.916421
1754132214.9164484 1754132251.008261
1754132251.0082784 1754132277.1046762
1754132277.1047 1754132307.7514327
1754132307.7514534 1754132335.9187002
1754132335.918724 1754132374.1682813
1754132374.1683018 1754132409.624484
1754132409.6245093 1754132438.7952366
1754132438.7952628 1754132465.2316675
1754132465.2316906 1754132490.14529
1754132490.1453075 1754132519.7248626
1754132519.7249072 1754132551.0991962
1754132551.0992174 1754132573.0992677
1754132573.099291 1754132601.1485069
1754132601.1485345 1754132627.2681417
