1764334475.1941097 1764334507.1944044
1764334511.1950355 1764334558.1635675
1764334561.1640704 1764334606.4218686
1764334610.4259477 1764334646.1602228
1764334651.1653855 1764334684.6084108
1764334692.6148977 1764334726.771488
1764334730.775564 1764334766.3273287
1764334767.3276565 1764334801.9134922
1764334809.92164 1764334841.8333626
1764334850.8424492 1764334884.2928474
1764334890.2989264 1764334929.0857778
1764334934.0908706 1764334975.7010999
1764334983.7068818 1764335026.952305
1764335035.9529092 1764335068.7527363
1764335077.761811 1764335120.9024477
1764335130.902892 1764335165.3656788
1764335172.3727663 1764335199.9930494
1764335199.9930825 1764335231.3145628
1764335241.3246453 1764335265.6051085
1764335268.6054688 1764335299.2601
1764335306.2668808 1764335329.3699417
1764335337.3748856 1764335366.4871125
1764335368.489179 1764335396.3363545
1764335397.3374348 1764335427.990359
1764335433.9964345 1764335458.7771885
1764335458.777217 1764335486.3007054
1764335492.3029034 1764335522.131124
1764335526.1351998 1764335567.2545516
1764335576.2557342 1764335611.3910015
1764335621.4010756 1764335658.7455237
1764335663.7475173 1764335693.2524343
1764335702.25894 1764335727.1004162
1764335737.1105392 1764335763.0760677
1764335769.0788772 1764335799.1705675
1764335802.173644 1764335835.332207
1764335837.3342752 1764335870.5536249
1764335875.5587409 1764335909.8713226
1764335911.8734033 1764335952.9991508
1764335959.005226 1764335990.522746
1764335993.525774 1764336025.4298434
1764336030.4349632 1764336063.0368347
1764336069.042892 1764336098.1785905
1764336107.1876583 1764336135.2107599
1764336144.2188838 1764336182.64342
1764336184.645548 1764336228.2607372
1764336238.2709303 1764336270.9046874
1764336270.9047153 1764336311.1976545
1764336320.203667 1764336340.9988048
1764336351.0088985 1764336373.4317214
1764336377.4357955 1764336409.7676792
1764336418.7749844 1764336443.653166
1764336447.6572459 1764336475.9555871
1764336485.9656634 1764336514.263765
1764336519.2668898 1764336572.7937686
1764336581.794093 1764336617.3806722
1764336627.3829048 1764336657.6451876
1764336658.6462493 1764336693.8724325
1764336693.872465 1764336731.5312397
1764336735.5320797 1764336768.773359
1764336771.7764294 1764336805.072476
1764336815.0776238 1764336832.7174911
1764336839.7228816 1764336865.766468
1764336868.7668943 1764336897.4343154
1764336905.4424052 1764336932.1803827
1764336934.1824498 1764336972.2848299
1764336973.2858937 1764337005.443512
1764337006.444588 1764337037.8080158
1764337043.8140833 1764337080.2186096
1764337084.2226884 1764337115.8774526
1764337121.8835156 1764337159.3256383
1764337168.3308759 1764337195.711276
1764337202.7114358 1764337228.5012398
1764337237.5103137 1764337271.0010617
1764337276.0061333 1764337306.779569
1764337314.7877257 1764337345.1471486
1764337349.1512258 1764337379.2063577
1764337386.2134407 1764337415.332948
1764337420.3348966 1764337447.492584
1764337457.498889 1764337486.4878979
1764337493.4948866 1764337518.9192271
1764337527.9283879 1764337550.2767825
1764337550.276813 1764337589.8022788
1764337597.8068972 1764337625.3846076
1764337629.388678 1764337673.0074742
1764337675.0095387 1764337716.637584
1764337718.6388745 1764337759.003514
1764337759.0035377 1764337805.1081295
1764337808.1108847 1764337848.1647975
1764337855.1718624 1764337890.357606
1764337900.3668897 1764337926.9817808
1764337931.9868848 1764337966.29821
1764337968.3003578 1764337998.9411561
1764338002.9452426 1764338038.7468643
1764338046.7549953 1764338076.1412559
1764338077.1423264 1764338123.2012916
1764338123.2013211 1764338161.1992023
1764338169.2068775 1764338208.3877945
1764338218.3978753 1764338244.728222
1764338252.7344415 1764338288.656946
1764338292.6610126 1764338327.481574
