1764334470.8971405 1764334510.330607
1764334514.3347259 1764334563.0591328
1764334570.062897 1764334610.0454519
1764334619.054532 1764334648.736972
1764334655.7440925 1764334688.8542123
1764334688.8542376 1764334729.8752818
1764334734.8788898 1764334768.6603267
1764334772.6629655 1764334803.8855598
1764334811.8937263 1764334845.0843031
1764334845.0843337 1764334881.4470818
1764334881.4471068 1764334935.286262
1764334938.2868724 1764334978.3856468
1764334979.3867192 1764335028.0583022
1764335035.0653799 1764335071.701567
1764335077.707676 1764335121.810103
1764335131.8188965 1764335164.7234998
1764335168.72688 1764335200.6890001
1764335209.6958303 1764335236.5459573
1764335238.5480294 1764335266.899117
1764335274.903097 1764335300.4391112
1764335307.4462385 1764335334.1687837
1764335341.1748836 1764335367.0071204
1764335368.0081935 1764335397.2223263
1764335405.2268972 1764335428.4507105
1764335435.4548779 1764335459.6993723
1764335465.7028892 1764335491.9717588
1764335493.9738371 1764335526.0825043
1764335535.089014 1764335569.1280348
1764335578.1371145 1764335609.7181547
1764335615.7242274 1764335658.1397216
1764335659.140801 1764335692.4965498
1764335693.4976208 1764335727.8159473
1764335727.815975 1764335764.9571366
1764335773.9662106 1764335800.9363148
1764335808.942879 1764335836.9917438
1764335841.9968212 1764335873.3028078
1764335882.3100533 1764335911.6245954
1764335917.6288023 1764335956.523027
1764335958.523173 1764335994.3598764
1764335994.3599117 1764336023.3762002
1764336026.3793159 1764336062.077559
1764336062.0775857 1764336092.2784822
1764336094.2805758 1764336132.587919
1764336136.5908802 1764336183.6225102
1764336185.6245792 1764336227.0920079
1764336230.094894 1764336274.6706877
1764336282.6749017 1764336309.398085
1764336316.402876 1764336342.7264707
1764336351.7269318 1764336374.2289526
1764336375.2300286 1764336411.9883516
1764336417.9944184 1764336445.8982837
1764336452.9028804 1764336476.8319914
1764336481.8348856 1764336519.0650334
1764336519.0650582 1764336574.4677007
1764336576.4697704 1764336617.5957558
1764336623.5962245 1764336658.1482043
1764336666.156297 1764336699.2865837
1764336699.2866158 1764336735.002879
1764336736.0039506 1764336771.0917354
1764336779.099807 1764336803.4549353
1764336804.4560041 1764336836.3646026
1764336842.3706636 1764336867.1086535
1764336875.115666 1764336902.6373606
1764336902.6373858 1764336935.1668699
1764336942.1708868 1764336969.9565587
1764336974.9588838 1764337005.1689374
1764337010.1713421 1764337043.5918984
1764337044.592973 1764337078.7631571
1764337079.763768 1764337118.0694623
1764337122.0696673 1764337157.6685133
1764337158.6695871 1764337195.3787599
1764337201.3828862 1764337229.1760125
1764337235.1820855 1764337271.7895095
1764337271.789534 1764337309.3951833
1764337318.4043374 1764337346.7750258
1764337351.7801027 1764337380.925995
1764337390.934951 1764337415.4805598
1764337417.4827142 1764337449.6052032
1764337455.6112711 1764337484.2115705
1764337484.2116008 1764337519.751474
1764337520.7525423 1764337551.4779036
1764337552.4787514 1764337590.7117956
1764337593.7148786 1764337626.7130153
1764337626.7130423 1764337673.0813293
1764337674.0823956 1764337712.202064
1764337721.2111378 1764337762.0513127
1764337768.0549166 1764337806.6989405
1764337807.7000194 1764337847.122251
1764337854.1268795 1764337885.925796
1764337888.9288738 1764337924.9162097
1764337925.9172702 1764337961.1058955
1764337966.1077173 1764337996.9422858
1764337997.9428887 1764338038.9620214
1764338039.9628808 1764338075.8611078
1764338076.8621829 1764338122.5695362
1764338124.5716054 1764338158.7640464
1764338162.7668948 1764338198.870371
1764338208.8804386 1764338244.336057
1764338251.3429034 1764338286.7574975
1764338296.7575934 1764338325.3730333
