1764334469.972144 1764334509.5685537
1764334515.5747385 1764334561.9721608
1764334569.973275 1764334608.9960194
1764334616.003135 1764334647.1031237
1764334647.103153 1764334687.8799016
1764334693.8833208 1764334728.2679145
1764334730.270026 1764334759.8648202
1764334763.8688948 1764334800.680271
1764334809.6889415 1764334844.28858
1764334849.2936473 1764334885.0643117
1764334891.0668921 1764334931.4208226
1764334938.4268916 1764334976.869546
1764334986.8796592 1764335026.7486851
1764335035.7577655 1764335062.6485167
1764335065.6515799 1764335119.040473
1764335129.0505607 1764335165.2971315
1764335167.2992148 1764335200.484816
1764335210.485217 1764335230.7665985
1764335236.770884 1764335266.866755
1764335275.8675337 1764335300.0866654
1764335306.0927348 1764335332.2369022
1764335338.2429814 1764335366.7384186
1764335368.7389002 1764335396.4566126
1764335401.4615688 1764335428.483155
1764335433.4868805 1764335458.9162138
1764335463.9206452 1764335491.0378125
1764335500.038095 1764335525.1839504
1764335527.1860278 1764335568.8895428
1764335574.894927 1764335615.1960773
1764335618.1988878 1764335659.1915095
1764335662.1945856 1764335695.7142851
1764335697.7148826 1764335729.3263292
1764335732.326878 1764335765.423156
1764335775.4332726 1764335800.9583583
1764335806.964437 1764335835.6251228
1764335837.626877 1764335871.0201797
1764335873.0222569 1764335903.9938805
1764335909.998885 1764335954.868373
1764335959.8734484 1764335996.1975803
1764336005.2066934 1764336028.0807066
1764336036.0887783 1764336060.2572985
1764336066.2633703 1764336092.0590854
1764336095.0622118 1764336127.0938196
1764336132.0961585 1764336172.9776216
1764336179.984696 1764336219.2783449
1764336228.2869873 1764336275.9490347
1764336281.9494996 1764336310.772322
1764336312.7743897 1764336343.2315092
1764336350.2385828 1764336375.7736135
1764336377.7748759 1764336412.2886262
1764336418.290883 1764336445.4345462
1764336447.4348795 1764336474.470206
1764336477.473273 1764336512.2291102
1764336521.2349763 1764336565.624203
1764336568.6272855 1764336616.8347497
1764336618.8368375 1764336659.1733453
1764336666.173881 1764336701.736807
1764336710.743946 1764336732.4187336
1764336738.4248073 1764336770.039169
1764336771.0402327 1764336804.738476
1764336804.7385106 1764336835.3763294
1764336839.3788848 1764336865.857088
1764336873.8628862 1764336899.4310892
1764336900.4321632 1764336931.5700793
1764336936.5741992 1764336965.4118738
1764336969.4135034 1764337004.1598387
1764337011.1669137 1764337044.7649195
1764337047.7668827 1764337073.032287
1764337083.038932 1764337116.55233
1764337121.5574083 1764337160.478531
1764337165.483581 1764337192.9185472
1764337202.9286652 1764337228.1093278
1764337233.110886 1764337268.556167
1764337268.5561912 1764337306.5621772
1764337307.5623267 1764337343.1818962
1764337347.185966 1764337380.6873856
1764337381.688459 1764337413.7084587
1764337414.7094684 1764337449.086207
1764337455.092279 1764337485.3304338
1764337489.33088 1764337517.6457462
1764337517.6457784 1764337552.9260874
1764337561.934883 1764337587.3087971
1764337589.3108754 1764337625.4656374
1764337633.4689465 1764337667.792227
1764337667.7922528 1764337711.9256117
1764337714.9258738 1764337759.6939595
1764337766.6947703 1764337804.433762
1764337808.4352183 1764337845.5433962
1764337845.543426 1764337883.2484612
1764337885.2505941 1764337927.0146127
1764337936.0236807 1764337963.414948
1764337963.4149773 1764337997.4743927
1764338002.4794703 1764338039.1995313
1764338043.2000175 1764338076.7321322
1764338080.7348826 1764338124.8096147
1764338127.8108788 1764338162.6958032
1764338170.703879 1764338208.373675
1764338209.3747623 1764338248.5119054
1764338248.511938 1764338290.9882326
1764338297.9916246 1764338327.4842837
