1764334466.78724 1764334511.3620148
1764334516.367165 1764334562.5298703
1764334562.5298939 1764334610.0116277
1764334617.0187132 1764334649.8039477
1764334653.808046 1764334690.5869803
1764334697.5940552 1764334731.0605614
1764334735.0628867 1764334770.037761
1764334776.0438845 1764334804.63987
1764334807.6429503 1764334840.4980702
1764334848.5061445 1764334883.0187325
1764334889.0192072 1764334932.2603762
1764334939.2674513 1764334977.1296117
1764334977.1296408 1764335029.412905
1764335029.4129276 1764335070.8743088
1764335077.8813727 1764335118.0911674
1764335119.092245 1764335165.659181
1764335171.6628819 1764335199.9600446
1764335199.9600747 1764335232.964124
1764335236.9668798 1764335267.7257075
1764335271.7297862 1764335301.6759388
1764335302.6764762 1764335333.7503383
1764335339.7548916 1764335367.5483956
1764335367.5484257 1764335397.9455342
1764335406.95087 1764335428.4361837
1764335433.441251 1764335459.0808084
1764335465.0868878 1764335491.6011996
1764335494.6042776 1764335526.7417188
1764335532.7477822 1764335569.010614
1764335576.0176854 1764335612.6519349
1764335612.6519582 1764335660.4326668
1764335664.436732 1764335694.8144307
1764335695.8147845 1764335729.867711
1764335737.874971 1764335766.6711712
1764335772.6749856 1764335801.181949
1764335810.185805 1764335836.778449
1764335842.7845292 1764335872.853563
1764335879.8588932 1764335914.510551
1764335921.517646 1764335956.4613712
1764335965.4704952 1764335995.4461534
1764336002.4532592 1764336028.564285
1764336031.5673647 1764336064.289199
1764336073.2982726 1764336099.152778
1764336105.1588702 1764336135.4582107
1764336141.4642947 1764336184.8218727
1764336186.8239443 1764336229.4316754
1764336237.4388795 1764336276.2289453
1764336276.2289977 1764336311.203463
1764336315.206888 1764336343.2622185
1764336346.2629242 1764336376.5289264
1764336378.5308921 1764336412.0084484
1764336417.0109115 1764336446.6684895
1764336453.6755624 1764336479.5360634
1764336483.5388856 1764336518.0923293
1764336519.0933928 1764336574.7890224
1764336576.7909107 1764336618.9031591
1764336621.9062219 1764336658.5634665
1764336664.5695431 1764336701.7938085
1764336702.7948797 1764336736.9366472
1764336742.9391172 1764336771.732822
1764336778.7332664 1764336802.723897
1764336809.730888 1764336835.7928834
1764336844.801947 1764336867.5233207
1764336877.5237951 1764336902.0697896
1764336907.074873 1764336934.5963335
1764336944.6022043 1764336971.2385998
1764336981.248697 1764337007.6976242
1764337013.7036989 1764337037.498213
1764337039.499257 1764337079.8789618
1764337087.8870504 1764337117.288756
1764337125.2889886 1764337159.1781075
1764337165.1828814 1764337197.8594522
1764337200.862529 1764337232.6888845
1764337235.69195 1764337272.4308426
1764337279.437912 1764337308.363943
1764337316.3720126 1764337349.270696
1764337353.274762 1764337383.0273838
1764337393.0302627 1764337419.7866976
1764337421.7868836 1764337454.808066
1764337456.8101487 1764337487.238453
1764337493.24457 1764337520.672292
1764337525.6773667 1764337553.8407907
1764337559.8432393 1764337590.6196568
1764337594.6237338 1764337629.5640333
1764337633.5668867 1764337674.6247177
1764337678.62878 1764337719.869896
1764337719.869924 1764337761.0117648
1764337762.0123208 1764337805.7145317
1764337812.7149553 1764337849.5124664
1764337850.5135372 1764337889.0719342
1764337892.0748885 1764337926.3202634
1764337933.326898 1764337963.9682257
1764337972.9772952 1764337997.7431092
1764338007.7531793 1764338038.248315
1764338046.2548892 1764338075.6659656
1764338080.6709337 1764338124.508722
1764338129.5138 1764338163.3380854
1764338163.3381073 1764338208.0267875
1764338215.0338645 1764338248.6844087
1764338249.6849847 1764338289.6465006
1764338290.6468801 1764338326.4453983
