1767151692.6925118 1767151855.4500437
1767151855.4500623 1767152187.4757922
1767152187.4758132 1767152477.6918542
1767152477.6918778 1767152756.001091
1767152756.0011137 1767152887.904781
1767152887.9048038 1767153135.1657057
1767153135.1657226 1767153412.5875452
1767153412.587568 1767153689.592621
1767153689.592642 1767153900.413526
1767153900.4135451 1767154102.8082504
1767154102.808273 1767154396.6074598
1767154396.6074765 1767154612.8300352
1767154612.8300586 1767154849.3066578
1767154849.306681 1767155078.9830067
1767155078.9830296 1767155331.501163
1767155331.5011866 1767155503.8079917
1767155503.8080082 1767155850.9532738
1767155850.9532971 1767156061.592587
1767156061.592609 1767156301.3303227
1767156301.3303468 1767156648.9607682
1767156648.9607902 1767156895.949982
1767156895.9500034 1767157176.251289
1767157176.2513113 1767157417.5062182
1767157417.506241 1767157719.190154
1767157719.1901774 1767157936.2823024
1767157936.28232 1767158129.0112731
1767158129.0112958 1767158310.8677168
1767158310.8677385 1767158567.0549374
1767158567.0549598 1767158774.6530957
1767158774.653114 1767158984.008609
1767158984.0086334 1767159230.7295444
1767159230.7295675 1767159401.45429
1767159401.454307 1767159678.8590045
1767159678.8590271 1767159915.4666533
1767159915.4666765 1767160141.2410996
1767160141.2411227 1767160337.8038547
1767160337.8038774 1767160652.3518224
1767160652.351845 1767160915.7898273
1767160915.789844 1767161235.9937139
1767161235.9937387 1767161512.6607015
1767161512.6607242 1767161634.3032353
1767161634.3032565 1767161903.8041997
1767161903.8042178 1767162218.9187567
1767162218.9187856 1767162491.289695
1767162491.2897186 1767162695.574118
1767162695.5741413 1767162929.882057
1767162929.8820755 1767163236.7528286
1767163236.7528522 1767163490.475163
1767163490.4751856 1767163670.419749
1767163670.4197721 1767163885.661892
1767163885.6619139 1767164035.8730924
1767164035.8731098 1767164344.7849376
1767164344.7849603 1767164569.7787075
1767164569.7787292 1767164907.424302
1767164907.4243238 1767165147.6998243
1767165147.6998467 1767165299.9554915
1767165299.9555087 1767165504.5232446
1767165504.5232677 1767165673.4288287
1767165673.4288514 1767165862.321765
1767165862.3217828 1767166172.3672657
1767166172.3672898 1767166375.3676395
1767166375.3676627 1767166680.9311564
1767166680.9311798 1767166901.47935
1767166901.4793727 1767167064.4660578
1767167064.46608 1767167347.4035676
1767167347.4035845 1767167648.5588992
1767167648.5589225 1767167842.6396308
1767167842.6396537 1767167998.1203532
1767167998.1203775 1767168205.3111558
1767168205.3111787 1767168440.5646446
1767168440.5646625 1767168667.701513
1767168667.7015426 1767168887.4427345
1767168887.4427588 1767169119.0506487
1767169119.0506718 1767169320.0559053
1767169320.0559275 1767169444.4513001
1767169444.4513183 1767169751.704661
1767169751.7046835 1767170067.401018
1767170067.4010413 1767170289.0487478
1767170289.04877 1767170440.148167
1767170440.1481874 1767170681.5804064
1767170681.5804248 1767170741.3084378
1767170741.3084617 1767171064.2335846
1767171064.2336025 1767171321.2631247
1767171321.2631462 1767171553.022724
1767171553.0227437 1767171810.7006762
1767171810.7006998 1767172092.2214646
1767172092.2214818 1767172267.963175
1767172267.963199 1767172462.6385496
1767172462.6385717 1767172739.1846867
1767172739.1847084 1767173026.342153
1767173026.34217 1767173212.7143326
1767173212.7143557 1767173395.9487495
1767173395.9487658 1767173603.4392986
1767173603.439322 1767173799.0607448
1767173799.0607672 1767173980.1001794
1767173980.1001966 1767174267.763731
1767174267.763753 1767174445.0564418
1767174445.056465 1767174625.5894282
1767174625.5894458 1767174981.7460003
1767174981.7460237 1767175238.0216804
