1765780645.6322365 1765780674.7280085
1765780676.730162 1765780705.3780015
1765780712.3851788 1765780737.0858881
1765780742.0909097 1765780769.3162975
1765780774.3189788 1765780795.2848637
1765780803.2931347 1765780827.0299585
1765780835.0349526 1765780858.8080628
1765780859.80922 1765780887.3052044
1765780897.3153934 1765780916.187665
1765780922.190978 1765780945.527058
1765780954.5362883 1765780972.6301851
1765780973.6313508 1765781004.5704339
1765781009.571622 1765781038.3675697
1765781039.3686948 1765781073.763728
1765781078.7673497 1765781105.5486424
1765781115.5589983 1765781139.5002074
1765781140.501366 1765781176.4084332
1765781177.4095454 1765781211.1653762
1765781218.172538 1765781243.1634417
1765781251.1708944 1765781275.689492
1765781280.694656 1765781315.5652843
1765781317.5668743 1765781344.3311126
1765781346.3332567 1765781377.9700172
1765781377.9700863 1765781407.2183769
1765781413.2245383 1765781437.8567934
1765781447.867061 1765781472.760819
1765781480.7689986 1765781501.9251337
1765781504.9282482 1765781533.1214316
1765781539.12759 1765781557.4030666
1765781560.4061937 1765781592.0236151
1765781599.0307875 1765781624.231799
1765781632.234949 1765781659.7239473
1765781664.72458 1765781690.2657568
1765781695.2668824 1765781725.244608
1765781732.2517614 1765781756.5238628
1765781766.5339842 1765781787.3002105
1765781790.3028793 1765781821.6910996
1765781823.6932733 1765781850.6129968
1765781855.6181889 1765781880.272883
1765781887.2732205 1765781910.3908129
1765781914.3910298 1765781941.9942782
1765781951.0034418 1765781978.0201206
1765781984.0263393 1765782014.1381085
1765782023.1472888 1765782051.7704027
1765782061.780672 1765782088.0934453
1765782090.095605 1765782125.8409026
1765782126.8420646 1765782159.042182
1765782164.0473394 1765782201.8072875
1765782201.807423 1765782236.6917784
1765782239.6949162 1765782271.712349
1765782273.7145164 1765782304.4685402
1765782305.4692817 1765782343.6065984
1765782346.6097665 1765782373.263256
1765782376.2663658 1765782412.510193
1765782420.5148733 1765782449.6972046
1765782450.6983247 1765782488.6728425
1765782492.6770096 1765782521.6726706
1765782522.6737738 1765782554.1203446
1765782559.1229784 1765782590.7493205
1765782596.7554765 1765782629.0515692
1765782629.0516877 1765782661.7084167
1765782668.714869 1765782699.0839336
1765782700.0851195 1765782735.211186
1765782743.219394 1765782770.76246
1765782778.7706923 1765782807.3639944
1765782816.3732579 1765782848.661358
1765782855.6685205 1765782880.1354373
1765782885.1388884 1765782921.5549839
1765782926.5556653 1765782964.838756
1765782969.84289 1765783004.223368
1765783010.2295406 1765783047.3551593
1765783050.358281 1765783087.2787485
1765783094.2859316 1765783137.9710262
1765783146.9712915 1765783176.7200522
1765783181.7252097 1765783222.2322657
1765783232.2389455 1765783266.431566
1765783270.4357982 1765783300.6211698
1765783303.6230083 1765783345.9240744
1765783346.9251938 1765783377.0046642
1765783381.008663 1765783411.528502
1765783416.5289261 1765783443.626184
1765783445.6266408 1765783478.2125065
1765783483.2176223 1765783507.2812974
1765783509.2834654 1765783542.8997576
1765783551.908938 1765783568.3997183
1765783569.4009 1765783598.3177862
1765783600.3200085 1765783625.9395406
1765783631.945691 1765783660.0619574
1765783669.07004 1765783695.1852515
1765783696.1863756 1765783726.773942
1765783727.775101 1765783760.712209
1765783760.7122793 1765783789.9936423
1765783789.993752 1765783822.819728
1765783824.8218496 1765783858.0126235
1765783865.0188737 1765783889.931935
1765783893.9361 1765783923.2658954
1765783924.2668786 1765783964.6693454
1765783966.6708782 1765783999.1540008
1765784004.1591098 1765784037.020556
1765784044.0209634 1765784074.0079508
