1765780648.1824574 1765780673.1549637
1765780679.1612394 1765780703.6793544
1765780712.686934 1765780735.3691225
1765780743.377443 1765780766.7389383
1765780767.7400813 1765780791.970776
1765780793.9730666 1765780827.3360794
1765780829.3382385 1765780858.953697
1765780866.958896 1765780886.6503026
1765780888.650901 1765780913.1431215
1765780916.1462686 1765780941.1959012
1765780945.200076 1765780971.1339266
1765780971.1340053 1765781003.3172932
1765781006.3204648 1765781038.095813
1765781047.1050687 1765781072.0776162
1765781077.0827844 1765781102.5442605
1765781109.5508885 1765781138.286755
1765781143.2918918 1765781176.0257754
1765781180.026893 1765781207.324628
1765781216.3337677 1765781238.0247798
1765781242.028667 1765781275.359447
1765781277.361635 1765781313.65786
1765781321.6585019 1765781343.268939
1765781351.2748942 1765781376.624688
1765781380.6288168 1765781405.0963323
1765781408.0989547 1765781437.7478318
1765781440.750973 1765781469.8164427
1765781477.8196096 1765781500.2931294
1765781504.2973273 1765781525.4735007
1765781534.4827042 1765781558.3476765
1765781567.3548858 1765781589.4759524
1765781594.478942 1765781623.2146547
1765781625.2148943 1765781656.3989697
1765781661.3996036 1765781686.9406333
1765781694.9432673 1765781721.1238773
1765781731.1309125 1765781755.5656376
1765781762.572813 1765781785.536107
1765781794.5429795 1765781817.2344818
1765781821.2386744 1765781847.4039562
1765781852.407433 1765781877.5830488
1765781880.5862274 1765781908.2963192
1765781910.298455 1765781939.584684
1765781949.5908833 1765781976.3598435
1765781981.3650188 1765782009.4043312
1765782014.4095542 1765782044.079127
1765782052.0872889 1765782083.217747
1765782089.223957 1765782120.8285985
1765782125.8337364 1765782164.179343
1765782173.186881 1765782193.9098258
1765782198.914955 1765782237.025224
1765782239.027392 1765782271.8983655
1765782278.902887 1765782305.9910183
1765782313.9991782 1765782342.3306391
1765782347.3348927 1765782379.567486
1765782384.5709274 1765782415.7255838
1765782421.7317507 1765782451.8778403
1765782459.8860059 1765782486.7511563
1765782491.7563152 1765782521.4549284
1765782525.459067 1765782556.2174625
1765782560.2216134 1765782592.585121
1765782593.5862534 1765782631.7453322
1765782634.748454 1765782665.6959808
1765782666.6971498 1765782699.8422523
1765782708.8513668 1765782736.7857118
1765782736.7858343 1765782771.6066573
1765782780.6108937 1765782807.783137
1765782809.7838557 1765782848.8665764
1765782850.8686936 1765782884.896851
1765782886.8989682 1765782923.3272066
1765782923.327331 1765782964.9600515
1765782970.966171 1765783005.0873368
1765783009.0896103 1765783050.0773923
1765783060.0875149 1765783086.2990448
1765783086.2991242 1765783138.084858
1765783148.094953 1765783178.8670805
1765783179.86825 1765783224.822217
1765783233.8313396 1765783266.7811768
1765783275.7868795 1765783306.0460057
1765783309.049167 1765783345.9731197
1765783352.9802568 1765783384.273217
1765783392.2754238 1765783419.5247521
1765783425.5269084 1765783448.2145472
1765783455.221663 1765783480.3003528
1765783483.303042 1765783508.4802132
1765783516.4883459 1765783542.7622902
1765783544.7629917 1765783566.4149797
1765783569.415446 1765783597.1685658
1765783600.1718185 1765783625.3903375
1765783628.3934517 1765783662.5092995
1765783672.519418 1765783694.3725545
1765783696.374715 1765783727.4989269
1765783729.5011017 1765783759.6068118
1765783760.6079905 1765783792.3079894
1765783793.3091044 1765783822.24554
1765783829.2526653 1765783857.9620583
1765783861.9662242 1765783889.0340877
1765783894.039218 1765783921.5837193
1765783929.5918505 1765783965.8427196
1765783974.851903 1765784001.315287
1765784005.318912 1765784036.9269753
1765784039.9301 1765784074.7478487
