1761462454.4064574 1761462508.0120807
1761462510.0142841 1761462570.4333527
1761462579.4359186 1761462620.7633243
1761462622.7654126 1761462680.8113716
1761462688.8195052 1761462740.541846
1761462750.5516193 1761462812.2609844
1761462816.2650864 1761462870.5029755
1761462880.513125 1761462916.6781704
1761462917.6792915 1761462977.1397355
1761462977.1397655 1761463032.74996
1761463032.7499883 1761463084.5233386
1761463094.5316882 1761463149.0590417
1761463159.0677059 1761463203.3172848
1761463210.3243694 1761463257.8280706
1761463260.8312032 1761463311.8460345
1761463318.8517463 1761463377.3614523
1761463383.3637052 1761463428.0521994
1761463428.05223 1761463492.8894038
1761463500.895655 1761463544.4171846
1761463544.4172165 1761463615.3967438
1761463619.3996875 1761463679.369904
1761463679.3699331 1761463728.9127758
1761463728.912801 1761463789.0133078
1761463789.013342 1761463852.006585
1761463854.007623 1761463906.7077425
1761463916.7156932 1761463967.4402363
1761463969.442365 1761464032.7712274
1761464034.7716906 1761464089.5654624
1761464092.567605 1761464154.733238
1761464157.7356699 1761464208.8354154
1761464208.8354495 1761464264.0875394
1761464273.0957022 1761464330.701974
1761464330.7020109 1761464382.7101238
1761464384.7116208 1761464455.2234108
1761464460.2278466 1761464518.9064891
1761464525.9116218 1761464568.5336857
1761464569.5347698 1761464618.0358617
1761464619.0369473 1761464657.4050112
1761464667.411648 1761464712.9568589
1761464715.9599469 1761464773.188115
1761464773.1881478 1761464840.9029646
1761464849.9116812 1761464897.7695663
1761464904.7756984 1761464955.5206964
1761464959.5238912 1761465006.6472218
1761465016.6556733 1761465073.337013
1761465078.342162 1761465131.232321
1761465139.2396154 1761465206.6511571
1761465215.659712 1761465287.6142716
1761465288.615349 1761465369.1419556
1761465372.1450922 1761465428.3333282
1761465437.3424923 1761465494.3459291
1761465496.3476195 1761465562.7364454
1761465563.7375882 1761465649.9516182
1761465654.9567137 1761465707.382247
1761465713.3883739 1761465775.2903068
1761465782.2932606 1761465839.118616
1761465840.1196728 1761465903.4781585
1761465912.4873285 1761465966.4543371
1761465967.4554124 1761466021.8555212
1761466021.8555555 1761466089.6234667
1761466095.6296034 1761466165.3781633
1761466168.3800383 1761466220.8328948
1761466225.838026 1761466286.2966218
1761466286.2966497 1761466341.2478185
1761466347.2517073 1761466391.701599
1761466398.7087262 1761466453.8148348
1761466456.8156784 1761466524.098894
1761466529.103978 1761466572.671032
1761466572.671058 1761466634.331379
1761466634.3314185 1761466676.4379885
1761466680.4396746 1761466735.0521913
1761466735.0522184 1761466783.8857195
1761466789.891668 1761466833.8711922
1761466837.8753276 1761466877.3760953
1761466886.3851862 1761466935.8715718
1761466942.8756802 1761466996.050139
1761467006.0596855 1761467057.8409455
1761467062.8460412 1761467121.9353976
1761467127.939748 1761467179.2855322
1761467188.2946677 1761467233.7038238
1761467243.7117343 1761467304.7344358
1761467314.7436752 1761467360.0696754
1761467365.0716546 1761467419.869484
1761467423.8735585 1761467499.8468492
1761467501.8489482 1761467573.6531599
1761467574.6542237 1761467642.2463927
1761467651.255528 1761467710.108702
1761467714.1112838 1761467760.3237982
1761467769.3316786 1761467839.1588635
1761467847.1636212 1761467887.8364658
1761467888.837542 1761467962.6010108
1761467966.605148 1761468040.6952424
1761468044.6956916 1761468110.6419172
1761468111.6424215 1761468173.9445424
1761468174.945658 1761468244.4730175
1761468244.4730473 1761468292.5162156
1761468301.525347 1761468356.9992356
1761468367.0093544 1761468430.0506408
1761468440.0607796 1761468501.5143666
1761468503.5165102 1761468566.8256345
