1756385497.5306761 1756385533.789796
1756385533.7898169 1756385563.0048485
1756385563.0048754 1756385591.5569732
1756385591.557003 1756385623.8186805
1756385623.8187022 1756385654.3163204
1756385654.3163476 1756385690.8766806
1756385690.8767166 1756385718.790965
1756385718.7910056 1756385743.0485184
1756385743.0485542 1756385771.4898002
1756385771.489825 1756385799.6100254
1756385799.6100655 1756385829.3678312
1756385829.3678648 1756385858.5655193
1756385858.5655737 1756385893.864699
1756385893.8647308 1756385910.342711
1756385910.342734 1756385941.456066
1756385941.4561152 1756385965.0795467
1756385965.079584 1756385992.853363
1756385992.853394 1756386018.4882855
1756386018.4883106 1756386053.865577
1756386053.8656065 1756386077.0025377
1756386077.0025609 1756386109.9531233
1756386109.9531453 1756386131.8741179
1756386131.874137 1756386155.0551152
1756386155.055139 1756386178.8516006
1756386178.8516204 1756386203.937283
1756386203.9373064 1756386228.3398826
1756386228.3399012 1756386252.5643945
1756386252.564418 1756386295.0509498
1756386295.05097 1756386337.678682
1756386337.678704 1756386370.7495353
1756386370.7495618 1756386398.830237
1756386398.830256 1756386428.537193
1756386428.5372155 1756386471.3403466
1756386471.3403778 1756386499.7592075
1756386499.7592359 1756386528.3007004
1756386528.300728 1756386546.755158
1756386546.7551827 1756386574.033424
1756386574.0334444 1756386605.2579584
1756386605.2579863 1756386637.7443116
1756386637.744344 1756386656.451114
1756386656.451142 1756386685.7518697
1756386685.751891 1756386717.3758817
1756386717.375905 1756386753.6627493
1756386753.6627731 1756386780.5906496
1756386780.5906694 1756386813.9932327
1756386813.993262 1756386845.2187932
1756386845.2188196 1756386878.0843396
1756386878.0843616 1756386909.0236702
1756386909.0236933 1756386937.7171376
1756386937.7171667 1756386976.0258403
1756386976.025861 1756386999.0157127
1756386999.0157409 1756387023.783049
1756387023.7830768 1756387049.0741887
1756387049.074218 1756387074.3450768
1756387074.3450987 1756387100.1149132
1756387100.114936 1756387132.2419965
1756387132.2420313 1756387167.631317
1756387167.6313488 1756387197.1554756
1756387197.1555026 1756387222.3609784
1756387222.3610117 1756387251.0280786
1756387251.0281174 1756387274.992597
1756387274.9926195 1756387308.0853589
1756387308.0853868 1756387333.84991
1756387333.8499384 1756387367.0569305
1756387367.0569584 1756387394.6129966
1756387394.6130207 1756387419.0842514
1756387419.0842803 1756387441.9579732
1756387441.9579973 1756387462.6965961
1756387462.6966193 1756387493.6254585
1756387493.6254969 1756387523.874275
1756387523.8743088 1756387543.8340569
1756387543.8340924 1756387570.6527278
1756387570.6527464 1756387608.8455803
1756387608.8456044 1756387631.261871
1756387631.261892 1756387665.5831745
1756387665.583198 1756387689.2685742
1756387689.268615 1756387707.2083907
1756387707.2084117 1756387734.8115883
1756387734.81162 1756387773.4119675
1756387773.4119952 1756387815.2887585
1756387815.2887855 1756387845.2596314
1756387845.2596571 1756387874.8573112
1756387874.8573313 1756387900.1046808
1756387900.1047082 1756387925.4068115
1756387925.4068336 1756387958.2339346
1756387958.2339602 1756387976.8576982
1756387976.8577175 1756388004.0804317
1756388004.0804548 1756388038.2267394
1756388038.2267625 1756388059.3153498
1756388059.3153708 1756388086.409385
1756388086.409417 1756388121.7906408
1756388121.790663 1756388148.7330863
1756388148.733135 1756388175.8010585
1756388175.801085 1756388196.544197
1756388196.5442266 1756388218.41186
1756388218.411885 1756388245.7761633
1756388245.7761881 1756388270.8339047
1756388270.8339422 1756388300.1449068
1756388300.1449327 1756388323.7157753
1756388323.7157953 1756388353.8539898
