1756385502.6461523 1756385530.8409162
1756385530.840945 1756385560.4002185
1756385560.4002385 1756385593.5348346
1756385593.5349255 1756385622.9424484
1756385622.9424775 1756385653.380235
1756385653.3802648 1756385688.9240112
1756385688.9240372 1756385714.096188
1756385714.0962105 1756385743.6917372
1756385743.6917603 1756385772.2532039
1756385772.2532306 1756385799.5842957
1756385799.584329 1756385829.052871
1756385829.0529094 1756385857.8106592
1756385857.8106842 1756385890.4591732
1756385890.4592128 1756385914.3921638
1756385914.3921907 1756385941.2216218
1756385941.221684 1756385964.5670495
1756385964.567073 1756385992.3036103
1756385992.3036423 1756386014.7311192
1756386014.7311397 1756386053.433284
1756386053.43331 1756386085.5168386
1756386085.5168607 1756386115.4747145
1756386115.4747386 1756386135.0172157
1756386135.0172396 1756386163.191809
1756386163.1918392 1756386182.3010314
1756386182.301066 1756386208.5209002
1756386208.5209236 1756386235.9355836
1756386235.9356203 1756386257.8890495
1756386257.889075 1756386302.8763254
1756386302.8763502 1756386340.7546608
1756386340.7546875 1756386377.635211
1756386377.6352327 1756386401.3973467
1756386401.3973737 1756386434.812314
1756386434.8123376 1756386470.7205088
1756386470.72054 1756386500.3124378
1756386500.3124688 1756386526.341981
1756386526.3420115 1756386547.4697735
1756386547.4697952 1756386578.5146065
1756386578.514635 1756386610.594567
1756386610.594596 1756386638.4178474
1756386638.4178758 1756386661.5057104
1756386661.5057292 1756386690.9414108
1756386690.9414377 1756386723.4444835
1756386723.4445078 1756386756.125175
1756386756.1251967 1756386783.4385412
1756386783.438567 1756386810.4957747
1756386810.495797 1756386845.4158678
1756386845.4159024 1756386881.3745244
1756386881.374549 1756386907.8407123
1756386907.8407478 1756386936.759601
1756386936.7596228 1756386979.0031867
1756386979.003214 1756387003.1676955
1756387003.1677175 1756387025.0780394
1756387025.0780632 1756387052.9303234
1756387052.930344 1756387078.1695585
1756387078.1695788 1756387102.547683
1756387102.5477152 1756387135.3148093
1756387135.3148422 1756387167.6633532
1756387167.663383 1756387196.5291543
1756387196.529176 1756387224.5946608
1756387224.5946867 1756387252.131447
1756387252.131479 1756387271.529125
1756387271.5291433 1756387304.0442598
1756387304.044286 1756387333.7307816
1756387333.7308097 1756387363.1055996
1756387363.1056378 1756387395.5470989
1756387395.5471206 1756387415.5080473
1756387415.5080683 1756387438.9175804
1756387438.917612 1756387464.0630195
1756387464.0630531 1756387497.8391109
1756387497.8391376 1756387523.3115306
1756387523.3115761 1756387544.4195716
1756387544.4196327 1756387578.0657215
1756387578.0657427 1756387606.346264
1756387606.346293 1756387632.230427
1756387632.2304509 1756387666.387747
1756387666.3877752 1756387689.6509135
1756387689.6509368 1756387708.2520669
1756387708.252096 1756387735.35459
1756387735.3546145 1756387771.950101
1756387771.9501297 1756387815.87546
1756387815.8754873 1756387843.0006535
1756387843.0006754 1756387872.7957015
1756387872.7957397 1756387898.9062066
1756387898.9062304 1756387926.5986717
1756387926.598706 1756387961.2552717
1756387961.255298 1756387989.2767715
1756387989.2768216 1756388010.1271267
1756388010.127149 1756388038.2173004
1756388038.2173233 1756388058.2764924
1756388058.2765217 1756388083.856725
1756388083.8567443 1756388114.809267
1756388114.8092952 1756388148.8213117
1756388148.821347 1756388174.6458766
1756388174.6459088 1756388194.649181
1756388194.649218 1756388218.9059565
1756388218.9059803 1756388245.695397
1756388245.695421 1756388271.5050461
1756388271.5050719 1756388300.8577983
1756388300.8578181 1756388328.2829504
1756388328.2829773 1756388361.2479153
