1756385502.1534946 1756385533.793324
1756385533.7933512 1756385561.5681891
1756385561.5682113 1756385593.9637554
1756385593.963788 1756385623.2578533
1756385623.2578754 1756385655.4606879
1756385655.4607172 1756385686.3223782
1756385686.3224342 1756385719.394455
1756385719.3944771 1756385743.357314
1756385743.357349 1756385768.9794924
1756385768.9795134 1756385798.3982337
1756385798.3982615 1756385828.9877965
1756385828.9878285 1756385855.9291177
1756385855.9291408 1756385890.7180781
1756385890.718107 1756385915.1947644
1756385915.1947868 1756385941.3257446
1756385941.3257704 1756385966.8867333
1756385966.8867524 1756385989.4164605
1756385989.4164922 1756386016.2415686
1756386016.2415903 1756386056.013462
1756386056.0134838 1756386083.6067302
1756386083.6067505 1756386112.783938
1756386112.7839622 1756386136.9488628
1756386136.9488854 1756386161.2667341
1756386161.2667627 1756386184.6001549
1756386184.6001778 1756386213.7505202
1756386213.7505434 1756386235.1302397
1756386235.1302636 1756386257.7443488
1756386257.7443714 1756386302.5512917
1756386302.551316 1756386340.7315402
1756386340.731574 1756386379.5482028
1756386379.5482266 1756386403.3479843
1756386403.3480098 1756386436.3778403
1756386436.3778586 1756386471.6313992
1756386471.6314213 1756386494.8221197
1756386494.8221405 1756386522.3853765
1756386522.385394 1756386541.9936697
1756386541.993691 1756386571.9952538
1756386571.995272 1756386606.970448
1756386606.970477 1756386632.7052612
1756386632.7052794 1756386652.6162775
1756386652.6162944 1756386680.2056866
1756386680.205709 1756386718.1720748
1756386718.1720939 1756386752.5294664
1756386752.5294886 1756386780.4530795
1756386780.4530969 1756386806.25336
1756386806.25338 1756386837.672346
1756386837.6723669 1756386870.0728383
1756386870.0728557 1756386898.4107308
1756386898.410753 1756386936.7258177
1756386936.7258353 1756386969.402436
1756386969.4024582 1756386998.580296
1756386998.5803156 1756387022.7389262
1756387022.7389457 1756387047.326973
1756387047.3270042 1756387073.8591685
1756387073.859185 1756387097.3672118
1756387097.3672304 1756387135.244659
1756387135.2446866 1756387161.3724034
1756387161.372422 1756387194.1853163
1756387194.1853468 1756387226.7528915
1756387226.752911 1756387250.7802997
1756387250.7803316 1756387279.1351688
1756387279.1351945 1756387304.0616024
1756387304.0616262 1756387331.2045236
1756387331.2045438 1756387367.598234
1756387367.5982573 1756387394.0454812
1756387394.0455034 1756387418.1471934
1756387418.1472135 1756387437.9825375
1756387437.982561 1756387461.6121283
1756387461.6121495 1756387494.9462123
1756387494.9462357 1756387521.9902556
1756387521.9902806 1756387545.137982
1756387545.1380022 1756387577.7723694
1756387577.7724004 1756387605.360235
1756387605.3602564 1756387631.7719872
1756387631.7720149 1756387665.8999035
1756387665.8999243 1756387689.4588077
1756387689.458837 1756387709.9802992
1756387709.9803252 1756387732.6418586
1756387732.641879 1756387767.5363026
1756387767.536322 1756387811.166559
1756387811.1665785 1756387841.2813103
1756387841.281335 1756387872.0219603
1756387872.0219858 1756387899.8313174
1756387899.8313372 1756387929.8523362
1756387929.8523638 1756387963.4727566
1756387963.4727762 1756387983.825535
1756387983.8255563 1756388018.5392916
1756388018.5393136 1756388042.0030334
1756388042.0030527 1756388062.1809232
1756388062.1809437 1756388084.9679472
1756388084.9679732 1756388119.5946312
1756388119.5946496 1756388149.6060486
1756388149.6060784 1756388176.6873574
1756388176.6873815 1756388197.33628
1756388197.3363073 1756388219.3426585
1756388219.3426778 1756388244.939067
1756388244.9390943 1756388270.2520318
1756388270.2520525 1756388301.2836134
1756388301.2836373 1756388333.222783
1756388333.2228024 1756388360.232872
