1722313818.4596012 1722313842.9583173
1722313851.7332273 1722313889.0569391
1722313899.1788018 1722313931.2568724
1722313940.8727124 1722313972.3077042
1722313974.3788016 1722314012.0579941
1722314014.3609786 1722314047.4066691
1722314048.1167624 1722314091.7566552
1722314102.430742 1722314130.106509
1722314139.3300114 1722314170.4080088
1722314172.8136256 1722314207.5591106
1722314208.878721 1722314238.2570336
1722314249.1707325 1722314277.4613628
1722314278.0184035 1722314306.6084743
1722314308.576805 1722314346.9585085
1722314358.0824485 1722314385.7083287
1722314387.5107543 1722314426.5589347
1722314429.8227832 1722314465.6625354
1722314468.8667433 1722314508.3610666
1722314513.3810666 1722314548.0567646
1722314557.1314785 1722314582.2070405
1722314589.9317832 1722314617.362148
1722314621.4708848 1722314662.415672
1722314662.5119438 1722314691.958495
1722314695.574463 1722314728.3069549
1722314736.2317593 1722314763.510302
1722314771.878922 1722314803.660635
1722314806.3067336 1722314838.109675
1722314840.1826355 1722314873.9068127
1722314883.9273407 1722314912.4579527
1722314921.2770293 1722314958.0585675
1722314961.2636096 1722314996.1094763
1722314997.2285328 1722315033.762216
1722315044.1248887 1722315073.5104885
1722315080.6771894 1722315106.8613932
1722315110.7719636 1722315146.8565817
1722315151.8667297 1722315179.4579582
1722315183.4588242 1722315225.9103994
1722315231.8276074 1722315265.8575034
1722315274.424736 1722315306.5570192
1722315309.1657472 1722315344.4591212
1722315351.680455 1722315375.7566187
1722315378.5787225 1722315419.1586008
1722315425.97288 1722315463.8066642
1722315468.818755 1722315496.256959
1722315506.5835845 1722315532.7624295
1722315535.3280103 1722315566.5099332
1722315568.7724304 1722315607.6569428
1722315608.068647 1722315653.3096468
1722315663.4187336 1722315701.6585968
1722315706.9732952 1722315740.1615336
1722315744.9749684 1722315770.560372
1722315780.5780435 1722315808.3087575
1722315818.2347407 1722315855.4065065
1722315862.3148055 1722315884.3119009
1722315895.3787243 1722315932.8136802
1722315938.9747398 1722315976.2567165
1722315985.720545 1722316006.7568696
1722316017.8321598 1722316055.3622067
1722316062.6273544 1722316087.2583807
1722316090.1233768 1722316133.3606465
1722316138.3787837 1722316173.8588698
1722316178.1745625 1722316213.456784
1722316224.190576 1722316245.3660135
1722316248.6297476 1722316286.9570568
1722316294.3874948 1722316320.1586466
1722316327.1201909 1722316359.3567889
1722316364.0819058 1722316398.5602098
1722316399.512965 1722316430.9572766
1722316431.8091185 1722316461.0602443
1722316462.2617602 1722316499.358176
1722316502.3625996 1722316538.656765
1722316549.4231813 1722316576.006668
1722316580.6634624 1722316615.6576486
1722316618.1096597 1722316646.3101213
1722316647.3812664 1722316685.857771
1722316693.9171968 1722316712.8085513
1722316721.0268152 1722316751.7566943
1722316760.4781768 1722316794.3648524
1722316800.1205575 1722316834.4072073
1722316840.9667392 1722316868.4097104
1722316871.6222486 1722316909.1085045
1722316912.9227908 1722316952.1065793
1722316952.9202704 1722316997.5575697
1722317000.5257351 1722317030.658651
1722317037.1132622 1722317073.0585172
1722317082.1357148 1722317106.259203
1722317114.8312643 1722317146.8599641
1722317150.0758197 1722317180.8131242
1722317190.7283316 1722317215.9085343
1722317223.9791062 1722317247.3073833
1722317252.8790839 1722317280.809884
1722317289.9672348 1722317321.6603193
1722317332.2775936 1722317359.6623042
1722317366.0738964 1722317399.1609719
1722317402.3233376 1722317439.6584747
1722317440.4127257 1722317472.8099759
1722317480.4807003 1722317518.6091595
1722317526.6307344 1722317557.2590542
1722317566.0307863 1722317597.0102859
1722317601.3198664 1722317633.1569192
1722317643.0765793 1722317665.5565753
1722317676.61922 1722317706.856689
1722317709.7291164 1722317748.1081252
1722317753.7707818 1722317786.3103
1722317796.436807 1722317824.7623613
1722317834.8864577 1722317867.1133924
1722317875.224363 1722317899.907869
1722317909.1293397 1722317946.9608932
1722317950.966035 1722317986.1070044
1722317986.9137409 1722318020.2633626
1722318023.3591142 1722318058.6611552
1722318067.7822433 1722318095.8578713
1722318099.2366474 1722318128.106954
1722318136.5151076 1722318153.358639
1722318155.7744231 1722318190.1616805
1722318198.4789333 1722318226.3569248
1722318228.6209219 1722318274.3565314
1722318280.818789 1722318302.3084955
1722318305.2147963 1722318343.856849
1722318353.8763938 1722318370.7100515
1722318374.1684375 1722318410.60963
1722318416.1281335 1722318448.5136883
1722318453.1708333 1722318482.3568928
1722318484.1080008 1722318525.9071453
1722318526.909996 1722318563.0614643
1722318569.286558 1722318602.708061
1722318606.7307928 1722318640.4609873
1722318641.5605779 1722318673.7085502
1722318681.724381 1722318721.0568442
1722318722.7792652 1722318761.7581491
1722318771.7387004 1722318798.8567526
1722318800.6667404 1722318839.3616958
1722318849.530802 1722318884.2567148
1722318888.0262089 1722318917.5092735
1722318918.86986 1722318953.8570387
1722318955.7097428 1722318983.3068142
1722318987.1780097 1722319021.708801
1722319030.7828684 1722319053.6087315
1722319059.5667396 1722319092.4565873
1722319102.3814495 1722319125.2617123
1722319132.382141 1722319166.2084947
1722319168.2097974 1722319207.6085374
1722319216.4708 1722319240.9571826
1722319243.4245625 1722319285.2567513
1722319286.6252615 1722319321.7596338
1722319326.8748527 1722319355.0080667
1722319364.4367216 1722319389.610502
1722319398.777341 1722319424.9087238
1722319429.984749 1722319462.0086207
1722319473.1312242 1722319500.1615143
1722319504.233209 1722319530.965933
1722319536.322741 1722319565.3103042
1722319575.9721704 1722319598.8600392
1722319606.6784732 1722319636.3572173
1722319637.5242283 1722319673.059526
1722319675.209361 1722319710.6069114
1722319715.1307504 1722319754.5589132
1722319758.4775367 1722319787.506651
1722319792.4707892 1722319824.761587
1722319833.7721074 1722319863.2566998
1722319863.6680229 1722319895.5590353
1722319897.072385 1722319928.2578971
1722319936.0188289 1722319963.610639
1722319964.7294438 1722319993.6078951
1722320000.6224644 1722320032.1619022
1722320033.812849 1722320072.40941
1722320077.7219574 1722320109.4598596
1722320110.2191663 1722320143.760285
1722320145.8194838 1722320181.1093886
1722320182.9108047 1722320214.508795
1722320225.7227297 1722320253.6065369
1722320255.5264554 1722320292.8593616
1722320293.176022 1722320317.2088199
1722320326.281665 1722320368.6568627
1722320376.5326903 1722320403.808743
1722320405.2175972 1722320443.014619
1722320445.913171 1722320476.3607376
1722320477.0690842 1722320517.9571302
1722320521.9152555 1722320557.0586734
1722320562.5341725 1722320594.9565403
1722320596.8688552 1722320630.1624293
1722320635.3667793 1722320676.7585828
1722320687.5334811 1722320714.0619154
1722320715.217292 1722320752.7588258
1722320762.618747 1722320787.9567235
1722320790.8147233 1722320839.2606013
1722320848.3691974 1722320882.1567526
1722320884.8745298 1722320914.2069578
1722320921.036741 1722320948.9568424
1722320957.623061 1722320986.958625
1722320990.323615 1722321026.6568336
1722321036.6255112 1722321069.2567496
1722321080.0257106 1722321107.0072124
1722321108.7189667 1722321158.660532
1722321166.7722962 1722321195.6567147
1722321206.4342597 1722321237.8571346
1722321238.9133494 1722321277.9597855
1722321287.1215532 1722321312.8567746
1722321316.907308 1722321352.5566695
1722321363.3866608 1722321401.661064
