1752375706.8797076 1752375731.6434944
1752375731.6435297 1752375758.1651087
1752375758.1651402 1752375783.572584
1752375783.5726051 1752375803.760775
1752375803.7608163 1752375831.582366
1752375831.5823998 1752375851.6531994
1752375851.6532288 1752375877.9261334
1752375877.926161 1752375906.349814
1752375906.3498433 1752375925.9827163
1752375925.9827404 1752375947.1062846
1752375947.1063032 1752375980.8772113
1752375980.8772416 1752376005.0026078
1752376005.0026548 1752376035.5596504
1752376035.559674 1752376055.5543709
1752376055.554394 1752376080.8568616
1752376080.8568888 1752376103.8180852
1752376103.8181243 1752376131.4067147
1752376131.4067488 1752376155.4607527
1752376155.4607785 1752376173.151057
1752376173.1510763 1752376197.450324
1752376197.450346 1752376226.5291052
1752376226.529133 1752376253.1216471
1752376253.1216738 1752376281.6462116
1752376281.646236 1752376305.549206
1752376305.5492284 1752376333.7096138
1752376333.7096384 1752376354.651926
1752376354.6519442 1752376379.8280864
1752376379.8281062 1752376410.5021632
1752376410.502187 1752376439.165019
1752376439.1650386 1752376462.8149173
1752376462.8149402 1752376494.4376338
1752376494.4376562 1752376515.8373697
1752376515.8373964 1752376533.4261642
1752376533.4261837 1752376561.0204775
1752376561.020506 1752376585.0918026
1752376585.0918238 1752376612.4464958
1752376612.4465258 1752376634.633576
1752376634.6335976 1752376660.2227082
1752376660.2227323 1752376687.3813457
1752376687.3813694 1752376705.4338305
1752376705.4338498 1752376743.261244
1752376743.2612734 1752376771.421182
1752376771.421203 1752376796.5794387
1752376796.5794635 1752376823.1613357
1752376823.1613555 1752376849.2967496
1752376849.2967806 1752376874.8667967
1752376874.866821 1752376900.0464892
1752376900.046511 1752376921.8133383
1752376921.8133612 1752376947.3538942
1752376947.3539226 1752376975.5646358
1752376975.5646577 1752376997.6280546
1752376997.6280763 1752377015.8172925
1752377015.8173175 1752377041.6003513
1752377041.6003768 1752377067.9260268
1752377067.9260502 1752377079.0728304
1752377079.0728512 1752377107.3981488
1752377107.398172 1752377132.0742886
1752377132.0743127 1752377156.070167
1752377156.0701895 1752377187.0838075
1752377187.0838315 1752377214.4539044
1752377214.453933 1752377240.7125242
1752377240.712546 1752377262.2185657
1752377262.21859 1752377298.4884896
1752377298.4885175 1752377322.6399677
1752377322.6400008 1752377343.84282
1752377343.842842 1752377376.7620835
1752377376.7621078 1752377405.3075027
1752377405.3075347 1752377431.6716635
1752377431.67169 1752377447.6351602
1752377447.6351843 1752377478.5790863
1752377478.5791063 1752377510.9476304
1752377510.9476569 1752377537.4532113
1752377537.4532318 1752377572.1921506
1752377572.1921759 1752377599.5988984
1752377599.598919 1752377632.4172473
1752377632.4172783 1752377650.3206933
1752377650.3207142 1752377683.1559048
1752377683.1559315 1752377704.1855516
1752377704.1855757 1752377726.0218983
1752377726.0219312 1752377749.830524
1752377749.8305488 1752377771.3115191
1752377771.311542 1752377794.6398027
1752377794.6398299 1752377814.8058515
1752377814.8058724 1752377844.1159053
1752377844.1159341 1752377871.534595
1752377871.5346165 1752377891.566352
1752377891.5663745 1752377921.5123765
1752377921.5124013 1752377948.6987011
1752377948.698726 1752377978.1780772
1752377978.178106 1752377997.6952164
1752377997.6952393 1752378025.8550735
1752378025.8551037 1752378051.6415215
1752378051.6415467 1752378072.1087296
1752378072.1087565 1752378105.7364378
1752378105.7364576 1752378125.9216478
1752378125.9216743 1752378155.225336
1752378155.2253635 1752378181.196073
1752378181.1960967 1752378205.8886533
1752378205.8886766 1752378227.2824538
1752378227.2824771 1752378255.829219
1752378255.8292425 1752378285.6615546
1752378285.661581 1752378312.3380969
1752378312.338123 1752378339.6964946
1752378339.6965284 1752378363.6586864
1752378363.6587145 1752378386.795792
1752378386.7958167 1752378407.3749642
1752378407.3749878 1752378431.6737776
1752378431.6738026 1752378454.6499488
1752378454.6499715 1752378478.3112779
1752378478.3113036 1752378498.6926417
1752378498.6926663 1752378521.3722432
1752378521.372275 1752378545.8752263
1752378545.8752575 1752378563.2162418
1752378563.2162607 1752378588.2477372
1752378588.247762 1752378622.9096787
1752378622.9097037 1752378641.8330467
1752378641.8330698 1752378662.7116222
1752378662.7116506 1752378685.494185
1752378685.4942129 1752378704.7659576
1752378704.7659814 1752378730.360776
1752378730.360803 1752378758.134613
1752378758.1346366 1752378780.856563
1752378780.856599 1752378808.2731388
1752378808.2731607 1752378833.8909965
1752378833.8910208 1752378860.3823402
1752378860.3823757 1752378889.325273
1752378889.3253002 1752378917.469937
1752378917.4699585 1752378936.626487
1752378936.6265168 1752378964.4651864
1752378964.4652324 1752378984.4797523
1752378984.479772 1752379006.192187
1752379006.1922143 1752379030.7819347
1752379030.7819595 1752379055.708751
1752379055.7087822 1752379084.4769495
1752379084.4769716 1752379100.8103948
1752379100.8104196 1752379134.5742645
1752379134.5742908 1752379153.4969926
1752379153.4970164 1752379177.9448729
1752379177.9448946 1752379200.1143649
1752379200.1143875 1752379232.3621929
1752379232.362226 1752379262.6776912
1752379262.6777136 1752379282.869883
1752379282.8699055 1752379314.3569226
1752379314.3569443 1752379334.7082286
1752379334.708257 1752379356.2831054
1752379356.2831244 1752379384.005572
1752379384.005596 1752379410.2082515
1752379410.208282 1752379434.6536753
1752379434.653698 1752379454.9692705
1752379454.9692953 1752379484.4988198
1752379484.498844 1752379509.3769863
1752379509.3770063 1752379530.840653
1752379530.8406792 1752379558.914304
1752379558.9143322 1752379579.2442396
1752379579.244263 1752379607.088986
1752379607.089023 1752379630.5756357
1752379630.5756655 1752379649.0254354
1752379649.0254571 1752379674.3555503
1752379674.3555956 1752379700.1017056
1752379700.1017334 1752379728.671752
1752379728.6717732 1752379751.7364292
1752379751.736455 1752379773.728367
1752379773.7283921 1752379796.2456174
1752379796.2456396 1752379824.093686
1752379824.0937119 1752379844.747282
1752379844.7473018 1752379868.113271
1752379868.113291 1752379894.9308798
1752379894.9309173 1752379917.2760425
1752379917.2760658 1752379941.419097
1752379941.4191217 1752379971.4091933
1752379971.4092162 1752380002.484924
1752380002.4849484 1752380026.2775416
1752380026.2775645 1752380043.4968545
1752380043.4968746 1752380072.5521266
1752380072.5521574 1752380098.9943979
1752380098.9944203 1752380125.629867
1752380125.6298966 1752380149.2499974
1752380149.2500215 1752380176.0470324
1752380176.0470557 1752380203.1292412
1752380203.1292672 1752380217.4701936
1752380217.4702134 1752380238.5508428
1752380238.5508668 1752380260.77927
1752380260.7792892 1752380287.8022375
1752380287.8022609 1752380314.9467835
1752380314.9468155 1752380346.278699
1752380346.2787256 1752380381.2011542
1752380381.2011805 1752380401.3147488
1752380401.3147712 1752380431.4673235
1752380431.4673512 1752380450.2373533
1752380450.2373793 1752380473.7298942
1752380473.7299192 1752380497.195687
1752380497.1957123 1752380524.5439804
1752380524.5440083 1752380549.0747879
1752380549.0748117 1752380576.5356503
1752380576.5356765 1752380603.4581091
1752380603.4581442 1752380630.793071
1752380630.793095 1752380656.2450347
1752380656.2450583 1752380670.043824
1752380670.0438483 1752380700.942052
1752380700.9420784 1752380723.4010522
1752380723.4010892 1752380749.7170746
1752380749.7170975 1752380775.7852786
1752380775.7853034 1752380800.047337
1752380800.047371 1752380823.3065434
1752380823.3065789 1752380848.9774172
1752380848.9774425 1752380876.6740596
1752380876.6740823 1752380901.439303
1752380901.4393306 1752380930.4966345
1752380930.4966629 1752380953.7566233
1752380953.7566469 1752380987.04299
1752380987.0430288 1752381013.9714289
1752381013.971451 1752381039.5660403
1752381039.566065 1752381065.4377847
1752381065.437813 1752381089.7731423
1752381089.7731628 1752381114.0563812
1752381114.056406 1752381140.0349543
1752381140.034987 1752381165.9412086
1752381165.9412253 1752381188.796742
1752381188.7967732 1752381210.2654116
1752381210.2654366 1752381234.832657
1752381234.8326814 1752381263.9102886
1752381263.9103165 1752381288.184372
1752381288.184395 1752381308.6681309
1752381308.6681561 1752381344.416232
1752381344.4162607 1752381370.760301
1752381370.760336 1752381399.5871172
1752381399.5871391 1752381422.688522
1752381422.688551 1752381447.5885048
1752381447.5885391 1752381479.203025
1752381479.20305 1752381506.164483
1752381506.1645162 1752381530.4122806
1752381530.4123127 1752381558.9968731
1752381558.9968975 1752381579.3587286
1752381579.3587492 1752381607.2170968
1752381607.2171502 1752381631.0209646
1752381631.0209858 1752381661.788486
1752381661.788509 1752381687.2313995
1752381687.2314389 1752381709.0140333
1752381709.0140605 1752381745.5367699
1752381745.5368106 1752381769.9766166
1752381769.9766445 1752381800.3771956
1752381800.3772442 1752381824.3406131
1752381824.3406396 1752381850.4179816
1752381850.4180036 1752381870.650562
1752381870.6505926 1752381893.9889202
1752381893.9889472 1752381912.2218418
1752381912.2218702 1752381942.8839686
1752381942.8839953 1752381969.567706
1752381969.5677342 1752381998.9209173
1752381998.9209454 1752382023.0170872
1752382023.017113 1752382052.7367682
1752382052.7367911 1752382082.4915295
1752382082.4915576 1752382107.3168588
1752382107.3168783 1752382138.8905323
1752382138.8905563 1752382163.023921
1752382163.0239472 1752382187.610237
1752382187.6102636 1752382209.8359065
1752382209.8359282 1752382231.488473
1752382231.4885015 1752382261.6493297
1752382261.649356 1752382276.4078507
1752382276.4078708 1752382303.9007394
1752382303.9007745 1752382326.122472
1752382326.1224976 1752382354.1690736
1752382354.169098 1752382380.138518
1752382380.1385396 1752382395.4783607
1752382395.478383 1752382420.2617016
1752382420.2617297 1752382447.0545928
1752382447.0546155 1752382473.129492
1752382473.1295176 1752382499.774267
1752382499.774294 1752382521.8965313
1752382521.8965614 1752382548.2597222
1752382548.2597537 1752382572.948906
1752382572.948932 1752382595.192746
1752382595.1927679 1752382625.7171052
1752382625.717133 1752382651.7930772
1752382651.7930987 1752382671.2097037
1752382671.2097256 1752382696.9466064
1752382696.9466326 1752382721.9148722
1752382721.914894 1752382740.0682013
1752382740.068223 1752382768.0601182
1752382768.0601428 1752382796.4608018
1752382796.460863 1752382822.85663
1752382822.8566527 1752382846.333812
1752382846.333841 1752382870.5943387
1752382870.594368 1752382898.5076568
1752382898.5076902 1752382922.8904412
1752382922.8904715 1752382945.7304997
1752382945.7305248 1752382967.9074519
1752382967.9074812 1752382990.4520295
1752382990.452059 1752383016.6420853
1752383016.6421123 1752383043.5146673
1752383043.5146945 1752383069.2427726
1752383069.2428012 1752383088.196018
1752383088.196039 1752383110.5332727
1752383110.5332973 1752383131.8806815
1752383131.8807378 1752383155.1200528
1752383155.1200788 1752383186.304027
1752383186.3040595 1752383214.3334758
1752383214.3334978 1752383240.2836661
1752383240.2836936 1752383271.2301006
1752383271.2301207 1752383298.5647995
1752383298.5648286 1752383321.2924151
1752383321.2924373 1752383348.95205
1752383348.9520717 1752383368.3952947
1752383368.3953216 1752383407.2635803
1752383407.2636273 1752383430.4200747
1752383430.4200983 1752383453.5640051
1752383453.5640283 1752383476.3119245
1752383476.3119533 1752383504.2248495
1752383504.224873 1752383532.8781211
1752383532.878143 1752383560.0673108
1752383560.0673375 1752383585.0714047
1752383585.0714278 1752383612.2437503
1752383612.2437794 1752383642.5374928
1752383642.5375142 1752383668.7508597
1752383668.750882 1752383694.7151349
1752383694.7151687 1752383725.5441508
1752383725.544171 1752383742.822152
1752383742.822176 1752383773.3512676
1752383773.3512921 1752383793.8917787
1752383793.8918226 1752383818.962523
1752383818.9625475 1752383840.83074
1752383840.8307633 1752383863.2340002
1752383863.2340276 1752383888.4057298
1752383888.4057524 1752383902.7659533
1752383902.7659783 1752383931.3892677
1752383931.389288 1752383957.0210648
1752383957.0210862 1752383992.2595146
1752383992.2595487 1752384014.430929
1752384014.430974 1752384039.0448105
1752384039.0448315 1752384061.4963737
1752384061.4963977 1752384082.189202
1752384082.1892247 1752384105.7101676
1752384105.710187 1752384127.5386767
1752384127.5387 1752384152.5577812
1752384152.5578024 1752384188.0843003
1752384188.0843275 1752384213.3962014
1752384213.396265 1752384237.049797
1752384237.0498307 1752384263.7959318
1752384263.7959573 1752384289.371209
1752384289.3712366 1752384310.6624725
1752384310.6624944 1752384331.303222
1752384331.3032446 1752384361.465907
1752384361.4659328 1752384383.8463314
1752384383.8463526 1752384404.5044725
1752384404.504505 1752384428.0700119
1752384428.0700378 1752384447.5880666
1752384447.588089 1752384474.570009
1752384474.5700436 1752384500.6939645
1752384500.6939867 1752384527.7456505
1752384527.7456715 1752384553.1411324
1752384553.1411586 1752384577.9268866
1752384577.926912 1752384600.3302367
1752384600.3302653 1752384625.5244782
1752384625.524505 1752384642.535098
1752384642.5351179 1752384675.6428041
1752384675.6428337 1752384701.5363522
1752384701.536376 1752384729.0450652
1752384729.0450897 1752384755.7121089
1752384755.712132 1752384781.8169973
1752384781.8170261 1752384806.843602
1752384806.8436236 1752384822.1923842
1752384822.1924088 1752384855.0226946
1752384855.0227182 1752384883.6166418
1752384883.6166728 1752384905.9994137
1752384905.999443 1752384927.7607079
1752384927.7607508 1752384952.9254668
1752384952.925491 1752384971.9562614
1752384971.956291 1752384995.6119509
1752384995.611977 1752385021.6819403
1752385021.681981 1752385050.3314998
1752385050.3315313 1752385067.4684947
1752385067.468517 1752385097.035336
1752385097.0353656 1752385119.1583314
1752385119.1583672 1752385141.8430088
1752385141.843037 1752385160.245974
1752385160.2460003 1752385185.4939916
1752385185.494023 1752385209.5838003
1752385209.5838192 1752385236.6411567
1752385236.6411846 1752385261.8894596
1752385261.8894897 1752385287.773962
1752385287.7739878 1752385306.019243
1752385306.019266 1752385336.7332244
1752385336.7332516 1752385363.0656774
1752385363.0656986 1752385390.1139107
1752385390.1139493 1752385420.01622
1752385420.0162475 1752385438.523877
1752385438.5238998 1752385460.3301544
1752385460.330179 1752385490.8351064
1752385490.8351305 1752385507.5165048
1752385507.5165243 1752385538.0200403
1752385538.02007 1752385560.4962833
1752385560.4963083 1752385588.5707765
1752385588.5708022 1752385614.489751
1752385614.489774 1752385639.4871373
1752385639.4871657 1752385673.1656382
1752385673.1656654 1752385698.4404101
1752385698.4404328 1752385729.6343277
1752385729.6343622 1752385753.0124278
1752385753.0124593 1752385777.9650712
1752385777.9650934 1752385804.1670773
1752385804.1671 1752385833.3405173
1752385833.3405464 1752385854.8426263
1752385854.8426456 1752385883.2365184
1752385883.236548 1752385910.8826735
1752385910.882697 1752385938.987853
1752385938.9878771 1752385963.404698
1752385963.404719 1752385993.4408443
1752385993.4408684 1752386022.218849
1752386022.2188785 1752386047.3627727
1752386047.3628032 1752386072.2014234
1752386072.2014463 1752386093.168618
1752386093.168643 1752386122.3625152
1752386122.3625371 1752386140.6521912
1752386140.6522186 1752386167.2796443
1752386167.2796648 1752386196.7638056
1752386196.763841 1752386220.6941273
1752386220.6941552 1752386244.0831413
1752386244.0831692 1752386268.7969537
1752386268.796981 1752386292.9638753
1752386292.9638999 1752386311.0056655
1752386311.0056922 1752386344.9960213
1752386344.9960458 1752386372.4977343
1752386372.4977756 1752386396.5530903
1752386396.5531287 1752386416.7343147
1752386416.7343485 1752386440.444472
1752386440.444495 1752386457.7468905
1752386457.7469153 1752386486.4477038
1752386486.4477284 1752386507.4590816
1752386507.4591074 1752386527.293166
1752386527.293188 1752386555.8114982
1752386555.8115242 1752386582.3199415
1752386582.3199666 1752386601.7858183
1752386601.7858403 1752386620.2112846
1752386620.2113051 1752386648.2926757
1752386648.2927022 1752386668.4379623
1752386668.437992 1752386689.534739
1752386689.5347726 1752386712.306811
1752386712.3068304 1752386736.3834743
1752386736.3834999 1752386762.650567
1752386762.6506248 1752386790.419509
1752386790.4195352 1752386810.8797004
1752386810.8797204 1752386838.0253425
1752386838.0253675 1752386864.2613726
1752386864.2613978 1752386891.0326946
1752386891.0327172 1752386906.1569037
1752386906.1569278 1752386940.2754197
1752386940.2754412 1752386960.4225192
1752386960.4225435 1752386990.833039
1752386990.8330603 1752387012.3779423
1752387012.377974 1752387032.7561154
1752387032.7561388 1752387057.2060816
1752387057.2061043 1752387088.67696
1752387088.676991 1752387112.1989105
1752387112.1989355 1752387131.9000084
1752387131.90003 1752387155.749059
1752387155.749082 1752387183.7008975
1752387183.7009196 1752387212.6772761
1752387212.6773021 1752387239.2316616
1752387239.2316828 1752387270.0075092
1752387270.0075302 1752387288.9968984
1752387288.9969234 1752387317.6724875
1752387317.6725101 1752387347.4532065
1752387347.453232 1752387378.6565447
1752387378.6565723 1752387401.651806
1752387401.6518266 1752387427.6466982
1752387427.6467235 1752387452.1904273
1752387452.1904483 1752387478.5271814
1752387478.5272052 1752387509.7582648
1752387509.7582889 1752387541.0587814
1752387541.0588038 1752387569.540593
1752387569.5406332 1752387592.8620548
1752387592.8620753 1752387629.7114873
1752387629.7115145 1752387649.4056535
1752387649.405674 1752387682.094336
1752387682.0943596 1752387697.4944615
1752387697.4944863 1752387728.1203053
1752387728.120329 1752387755.3614504
1752387755.3614774 1752387780.9107451
1752387780.910768 1752387803.449281
1752387803.4493046 1752387828.325562
1752387828.3255868 1752387853.4208436
1752387853.420868 1752387871.3257551
1752387871.325781 1752387893.9651883
1752387893.9652088 1752387922.1370213
1752387922.1370432 1752387943.5686932
1752387943.5687153 1752387969.5531166
1752387969.55314 1752387992.2513328
1752387992.251362 1752388013.8337388
1752388013.8337681 1752388030.35449
1752388030.3545098 1752388061.7206857
1752388061.7207267 1752388086.0173657
1752388086.0173926 1752388106.0588613
1752388106.0588863 1752388128.6617785
1752388128.6618087 1752388159.2810216
1752388159.28105 1752388179.9680352
1752388179.9680665 1752388197.4859643
1752388197.4859967 1752388227.9189062
1752388227.918927 1752388254.0666873
1752388254.0667198 1752388279.972599
1752388279.9726255 1752388303.9424217
1752388303.942448 1752388326.1533883
1752388326.1534178 1752388351.0102096
1752388351.0102303 1752388372.1335557
1752388372.1335752 1752388405.2713022
1752388405.271328 1752388424.8550093
1752388424.855029 1752388446.8597157
1752388446.859742 1752388473.9478624
1752388473.947904 1752388499.6738799
1752388499.6739035 1752388524.332861
1752388524.3328812 1752388555.2189012
1752388555.2189293 1752388584.789475
1752388584.7894955 1752388609.8570051
1752388609.8570306 1752388634.1556466
1752388634.1556685 1752388658.4231536
1752388658.4231813 1752388685.2462232
1752388685.2462454 1752388709.5741386
1752388709.5741584 1752388739.1182525
1752388739.1182773 1752388768.16256
1752388768.1625843 1752388796.6116138
1752388796.611639 1752388821.381663
1752388821.3816843 1752388837.4449472
1752388837.4449706 1752388871.2509382
1752388871.2509642 1752388892.1034539
1752388892.1034832 1752388917.4262917
1752388917.4263127 1752388947.3497283
1752388947.3497543 1752388979.5288374
1752388979.5288682 1752389002.3662233
1752389002.3662493 1752389030.9056911
1752389030.9057248 1752389056.445204
1752389056.4452329 1752389078.561146
1752389078.561169 1752389100.7454495
1752389100.745474 1752389125.3416002
1752389125.3416295 1752389149.3474238
1752389149.3474474 1752389175.4432194
1752389175.4432433 1752389200.2414694
1752389200.2414951 1752389227.0569513
1752389227.0569763 1752389250.6881287
1752389250.6881545 1752389279.8723228
1752389279.8723524 1752389304.039086
1752389304.03911 1752389336.7154546
1752389336.71549 1752389364.09179
1752389364.091816 1752389388.2524042
1752389388.2524352 1752389418.8276098
1752389418.8276286 1752389445.629684
1752389445.6297133 1752389467.8677452
1752389467.8677669 1752389499.7687147
1752389499.76874 1752389521.700061
1752389521.7000875 1752389543.6032667
1752389543.603291 1752389568.15831
1752389568.158332 1752389597.0739589
1752389597.0739832 1752389615.4154994
1752389615.4155223 1752389637.923441
1752389637.9234653 1752389657.9738135
1752389657.9738321 1752389691.5851297
1752389691.5851605 1752389719.3899484
1752389719.3899732 1752389742.5975697
1752389742.5975907 1752389767.6773953
1752389767.6774187 1752389794.3661258
1752389794.3661501 1752389818.711024
1752389818.7110474 1752389838.0394611
1752389838.039485 1752389866.1604123
1752389866.1604366 1752389891.533189
1752389891.5332267 1752389917.1553159
1752389917.1553485 1752389942.538461
1752389942.5384872 1752389964.856275
1752389964.8562946 1752389995.0297887
1752389995.029811 1752390008.9487736
1752390008.9488091 1752390040.9286976
1752390040.9287248 1752390063.7466714
1752390063.7466946 1752390088.3683577
1752390088.3683934 1752390113.0203488
1752390113.020369 1752390133.682672
1752390133.6827025 1752390157.835872
1752390157.8359094 1752390182.9324543
1752390182.9324782 1752390211.102274
1752390211.1022947 1752390230.8938274
1752390230.8938558 1752390251.6029782
1752390251.603 1752390280.5034437
1752390280.5034647 1752390303.4172106
1752390303.4172406 1752390335.6815524
1752390335.6815732 1752390356.4478252
1752390356.4478471 1752390384.0846884
1752390384.084721 1752390405.8381207
1752390405.8381457 1752390432.0850148
1752390432.0850375 1752390461.8849888
1752390461.885016 1752390486.9040496
1752390486.904072 1752390518.2643032
1752390518.2643309 1752390545.146354
1752390545.1463761 1752390572.5112522
1752390572.5112789 1752390597.0036829
1752390597.0037057 1752390624.9659748
1752390624.9659956 1752390649.6755848
1752390649.6756313 1752390677.2098927
1752390677.209918 1752390702.8683596
1752390702.8683877 1752390725.1939998
1752390725.1940205 1752390746.1322641
1752390746.1322885 1752390761.072908
1752390761.0729306 1752390788.5709925
1752390788.5710318 1752390813.9813154
1752390813.98134 1752390841.4976845
1752390841.4977095 1752390870.7402768
1752390870.7402985 1752390895.5938416
1752390895.5938704 1752390918.0250614
1752390918.025082 1752390944.2434785
1752390944.2435024 1752390968.5911715
1752390968.5912051 1752390996.0684495
1752390996.068492 1752391020.5786796
1752391020.5787053 1752391044.433523
1752391044.4335501 1752391070.2712834
1752391070.2713056 1752391091.3974984
1752391091.3975217 1752391124.0078146
1752391124.0078444 1752391147.605383
1752391147.6054087 1752391171.4554338
1752391171.4554598 1752391200.5897138
1752391200.589735 1752391227.7914364
1752391227.7914612 1752391254.2987883
1752391254.2988167 1752391275.6563563
1752391275.6563764 1752391297.745016
1752391297.7450435 1752391320.8838398
1752391320.8838634 1752391345.2502809
1752391345.2503028 1752391365.6843736
1752391365.684409 1752391383.5200288
1752391383.520054 1752391411.6226676
1752391411.62269 1752391435.5860887
1752391435.5861113 1752391459.339928
1752391459.3399544 1752391478.9452553
1752391478.9452808 1752391505.8295736
1752391505.8296182 1752391521.3509758
1752391521.3509958 1752391540.59276
1752391540.5927832 1752391577.4108734
1752391577.4108987 1752391603.6987097
1752391603.6987321 1752391635.8051872
1752391635.8052115 1752391662.154172
1752391662.1542013 1752391689.2449634
1752391689.2449899 1752391713.6883981
1752391713.68842 1752391739.1534817
1752391739.1535044 1752391764.7930017
1752391764.793027 1752391790.2281249
1752391790.2281468 1752391815.0338867
1752391815.033914 1752391840.2186332
1752391840.2186594 1752391869.2930167
1752391869.2930388 1752391889.1504548
1752391889.1504886 1752391913.627977
1752391913.628 1752391933.6824806
1752391933.6825082 1752391958.5437555
1752391958.5437763 1752391983.282401
1752391983.282425 1752392007.372514
1752392007.3725529 1752392032.264652
1752392032.264678 1752392051.154759
1752392051.1547816 1752392073.585794
1752392073.585815 1752392104.4118254
1752392104.4118595 1752392125.2952373
1752392125.2952573 1752392153.1043105
1752392153.1043386 1752392178.171875
1752392178.1719031 1752392205.9540606
1752392205.9540908 1752392224.9347715
1752392224.9347973 1752392251.231744
1752392251.231772 1752392273.4215355
1752392273.4215596 1752392296.6439774
1752392296.644004 1752392319.0893488
1752392319.0893707 1752392349.6832304
1752392349.6832604 1752392368.375779
1752392368.3758023 1752392394.1672916
1752392394.167317 1752392420.9449732
1752392420.9449964 1752392447.160671
1752392447.1606922 1752392474.9355392
1752392474.9355886 1752392504.003061
1752392504.003104 1752392531.2064579
1752392531.206493 1752392549.8133373
1752392549.8133574 1752392584.6331716
1752392584.633203 1752392610.3664339
1752392610.3664849 1752392631.5560296
1752392631.556052 1752392652.0834599
1752392652.0834873 1752392678.1007445
1752392678.1007667 1752392706.237503
1752392706.237531 1752392727.8195472
1752392727.819603 1752392752.32188
1752392752.321904 1752392776.914805
1752392776.9148283 1752392792.5257661
1752392792.5257938 1752392818.7939699
1752392818.793991 1752392850.3349202
1752392850.334948 1752392870.687907
1752392870.6879299 1752392897.5568871
1752392897.556915 1752392924.3468578
1752392924.3469007 1752392949.5810785
1752392949.5810997 1752392966.9314096
1752392966.931434 1752392996.8670566
1752392996.8670785 1752393015.3245456
1752393015.3245711 1752393039.6915524
1752393039.691606 1752393069.3192902
1752393069.3193145 1752393091.3029447
1752393091.3029656 1752393123.783
1752393123.7830276 1752393142.1808043
1752393142.1808317 1752393171.381235
1752393171.3812637 1752393200.1492426
1752393200.1492796 1752393228.1718287
1752393228.1718543 1752393255.194182
1752393255.194204 1752393278.9402533
1752393278.9402833 1752393296.776442
1752393296.7764647 1752393324.5666523
1752393324.566696 1752393346.0808115
1752393346.0808349 1752393365.775518
1752393365.7755435 1752393396.0377495
1752393396.0377803 1752393426.6804736
1752393426.6804972 1752393452.4260452
1752393452.42608 1752393485.7232215
1752393485.7232454 1752393515.2174056
1752393515.2174258 1752393533.339528
1752393533.3395536 1752393560.3014271
1752393560.301449 1752393586.5437021
1752393586.5437298 1752393608.1442955
1752393608.1443207 1752393626.4273918
1752393626.4274125 1752393649.9549627
1752393649.955005 1752393673.1312232
1752393673.131254 1752393697.0373163
1752393697.0373428 1752393715.638496
1752393715.6385264 1752393732.5949068
1752393732.5949407 1752393755.590599
1752393755.5906286 1752393775.4270205
1752393775.427046 1752393800.9794078
1752393800.9794307 1752393830.690545
1752393830.6905813 1752393852.9134018
1752393852.9134307 1752393877.6375544
1752393877.6375778 1752393905.5989883
1752393905.599015 1752393931.0718868
1752393931.0719082 1752393958.200522
1752393958.2005641 1752393977.069413
1752393977.069448 1752393998.7566247
1752393998.7566504 1752394025.6919458
1752394025.6919742 1752394044.2773867
1752394044.2774127 1752394063.7527454
1752394063.7527723 1752394079.868441
1752394079.868465 1752394105.7868354
1752394105.7868626 1752394128.4131973
1752394128.413219 1752394150.291795
1752394150.2918189 1752394176.4705853
1752394176.4706144 1752394202.5918088
1752394202.591859 1752394226.3390036
1752394226.3390265 1752394255.5790787
1752394255.5791175 1752394278.9196155
1752394278.9196382 1752394303.3741524
1752394303.3741846 1752394327.6256866
1752394327.6257102 1752394354.1591063
1752394354.159128 1752394376.8468506
1752394376.84688 1752394395.110841
1752394395.1108627 1752394423.772466
1752394423.7724926 1752394447.9092407
1752394447.909263 1752394472.0811372
1752394472.0811603 1752394498.122265
1752394498.1222954 1752394524.7983449
1752394524.7983677 1752394548.8534613
1752394548.8534915 1752394566.6360989
1752394566.63612 1752394591.8590364
1752394591.859069 1752394616.8090346
1752394616.809064 1752394641.4372327
1752394641.437259 1752394666.4484758
1752394666.448504 1752394693.0258353
1752394693.0258565 1752394715.0783465
1752394715.0783765 1752394733.055452
1752394733.0554736 1752394763.3578074
1752394763.3578343 1752394789.0218124
1752394789.0218382 1752394809.9506304
1752394809.9506624 1752394835.3803804
1752394835.380406 1752394855.6220837
1752394855.6221044 1752394882.754761
1752394882.7547913 1752394915.2151947
1752394915.2152176 1752394933.1890817
1752394933.1891115 1752394956.2807438
1752394956.2807674 1752394992.6428545
1752394992.642874 1752395009.697665
1752395009.6976924 1752395037.4784386
1752395037.4784663 1752395064.5367646
1752395064.5368006 1752395086.1125789
1752395086.1125996 1752395113.2901378
1752395113.290174 1752395132.3303785
1752395132.3304064 1752395157.5430164
1752395157.5430408 1752395176.13434
1752395176.1343737 1752395194.9231021
1752395194.9231217 1752395227.1963863
1752395227.1964169 1752395252.4394598
1752395252.439482 1752395275.188966
1752395275.1889858 1752395295.3726094
1752395295.372633 1752395331.509622
1752395331.509645 1752395357.6191998
1752395357.6192267 1752395381.815022
1752395381.815055 1752395408.9743423
1752395408.9743655 1752395435.1026485
1752395435.1026728 1752395459.9996982
1752395459.9997184 1752395480.731987
1752395480.7320158 1752395505.4284441
1752395505.4284716 1752395527.4364848
1752395527.436508 1752395546.3333342
1752395546.333355 1752395575.0255709
1752395575.025603 1752395597.180313
1752395597.1803355 1752395621.0061474
1752395621.0061681 1752395644.4090948
1752395644.4091208 1752395672.4680295
1752395672.468051 1752395689.9704301
1752395689.97046 1752395723.9971962
1752395723.9972231 1752395752.050626
1752395752.050649 1752395781.265601
1752395781.26563 1752395806.509114
1752395806.5091395 1752395830.0874813
1752395830.0875056 1752395854.2163072
1752395854.216337 1752395878.9277737
1752395878.927801 1752395902.7145522
1752395902.7145734 1752395927.1969516
1752395927.1969805 1752395947.6178308
1752395947.6178498 1752395977.010712
1752395977.0107362 1752396006.3181672
1752396006.3181918 1752396029.0063565
1752396029.006383 1752396053.9029365
1752396053.9029708 1752396077.758879
1752396077.7589042 1752396101.246191
1752396101.2462168 1752396120.8681502
1752396120.8681712 1752396151.1831298
1752396151.183156 1752396181.5316296
1752396181.5316525 1752396199.1681876
1752396199.1682112 1752396220.7546918
1752396220.7547174 1752396243.6398103
1752396243.6398354 1752396273.7737494
1752396273.7737722 1752396294.9865687
1752396294.9866004 1752396317.8027916
1752396317.8028147 1752396343.734649
1752396343.7346714 1752396368.127682
1752396368.1277094 1752396401.0511775
1752396401.051198 1752396427.3622859
1752396427.3623078 1752396454.1419222
1752396454.1419487 1752396475.3136272
1752396475.3136501 1752396502.8183742
1752396502.8184085 1752396521.8180175
1752396521.818038 1752396546.4051077
1752396546.4051278 1752396574.185367
1752396574.1853955 1752396591.877524
1752396591.8775449 1752396622.8348775
1752396622.8349016 1752396643.3329458
1752396643.3329732 1752396664.3216348
1752396664.321662 1752396687.5992367
1752396687.5992663 1752396711.7338204
1752396711.733847 1752396726.8692448
1752396726.8692687 1752396755.96298
1752396755.9630003 1752396786.0507998
1752396786.0508397 1752396810.875937
1752396810.8759644 1752396836.0610685
1752396836.0610962 1752396859.5589423
1752396859.558974 1752396884.301593
1752396884.3016162 1752396907.1533604
1752396907.1533859 1752396935.1799183
1752396935.1799462 1752396960.4242296
1752396960.4242544 1752396986.1753201
1752396986.1753552 1752397010.3424277
1752397010.342449 1752397040.375187
1752397040.3752165 1752397067.0132906
1752397067.0133133 1752397086.7872126
1752397086.787237 1752397120.4653263
1752397120.4653473 1752397141.4196782
1752397141.419704 1752397161.3124993
1752397161.3125267 1752397183.9595444
1752397183.959579 1752397212.1689086
1752397212.1689322 1752397232.8552675
1752397232.8552902 1752397260.4305317
1752397260.4305573 1752397290.5198746
1752397290.519899 1752397315.4115083
1752397315.4115326 1752397335.8998058
1752397335.8998318 1752397357.2146983
1752397357.2147214 1752397377.6910143
1752397377.691057 1752397400.8239639
1752397400.8239894 1752397417.840371
1752397417.8403971 1752397440.0297315
1752397440.0297575 1752397468.3964417
1752397468.3964667 1752397495.1919599
1752397495.191985 1752397517.7050626
1752397517.7050908 1752397546.5484893
1752397546.54852 1752397570.7895997
1752397570.7896333 1752397591.5409625
1752397591.540988 1752397615.540091
1752397615.5401196 1752397637.9703808
1752397637.9704027 1752397660.7236946
1752397660.723722 1752397696.9507275
1752397696.9507568 1752397720.3657396
1752397720.365761 1752397748.4152799
1752397748.415305 1752397769.0991826
1752397769.0992117 1752397798.1388636
1752397798.1388857 1752397823.2227905
1752397823.2228122 1752397848.0079846
1752397848.0080123 1752397876.1351578
1752397876.1351793 1752397903.5851777
1752397903.5852025 1752397920.7679505
1752397920.7679737 1752397946.5562692
1752397946.5562909 1752397974.9055803
1752397974.905608 1752398000.243042
1752398000.243076 1752398019.19145
1752398019.1914716 1752398052.0016243
1752398052.0016634 1752398081.9021168
1752398081.9021442 1752398110.881903
1752398110.8819284 1752398136.0625856
1752398136.0626154 1752398161.7019608
1752398161.7019844 1752398190.255109
1752398190.255132 1752398224.336738
1752398224.336764 1752398247.2954404
1752398247.2954614 1752398273.7652545
1752398273.7652807 1752398303.989708
1752398303.9897346 1752398325.276989
1752398325.277009 1752398358.9572704
1752398358.9573193 1752398380.5362322
1752398380.5362556 1752398405.92999
1752398405.9300203 1752398422.6246574
1752398422.624681 1752398444.3187604
1752398444.3187838 1752398466.0416756
1752398466.0416977 1752398495.9022002
1752398495.902262 1752398520.2981756
1752398520.2982016 1752398545.2124302
1752398545.2124598 1752398573.1468854
1752398573.1469033 1752398597.783048
1752398597.7830884 1752398613.8984134
1752398613.898432 1752398640.4579546
1752398640.45798 1752398666.1429396
1752398666.1429696 1752398692.1487212
1752398692.1487439 1752398711.961005
1752398711.96103 1752398741.7060938
1752398741.7061205 1752398770.6644473
1752398770.6644733 1752398790.8328626
1752398790.8328817 1752398819.054435
1752398819.054461 1752398840.896104
1752398840.8961368 1752398861.8018491
1752398861.8018713 1752398890.07586
1752398890.0758898 1752398913.4930584
1752398913.4930875 1752398930.3169687
1752398930.3170004 1752398951.0422585
1752398951.0422828 1752398977.137274
1752398977.1372979 1752399003.9575386
1752399003.957574 1752399033.8754306
1752399033.8754554 1752399060.1288843
1752399060.1289065 1752399082.1115599
1752399082.1115956 1752399104.8803544
1752399104.8803775 1752399123.1898265
1752399123.1898468 1752399156.7260962
1752399156.7261224 1752399182.064537
1752399182.0645657 1752399202.9181154
1752399202.9181433 1752399226.7662773
1752399226.766297 1752399250.002961
1752399250.0029898 1752399280.8165607
1752399280.8165846 1752399298.6178248
1752399298.617857 1752399322.5334442
1752399322.533468 1752399350.1785908
1752399350.1786187 1752399368.7353551
1752399368.7353761 1752399401.6533175
1752399401.653344 1752399427.2655742
1752399427.2655983 1752399452.2318041
1752399452.2318327 1752399477.283293
1752399477.283315 1752399504.2965617
1752399504.2965915 1752399531.3482585
1752399531.3482845 1752399554.8650842
1752399554.865112 1752399578.9836764
1752399578.9837074 1752399599.3128247
1752399599.3128448 1752399628.3213482
1752399628.3213716 1752399655.247955
1752399655.2479808 1752399683.3123116
1752399683.3123333 1752399703.888216
1752399703.8882535 1752399727.1614451
1752399727.1614656 1752399752.1957986
1752399752.1958237 1752399782.3358421
1752399782.3358686 1752399811.009003
1752399811.0090275 1752399842.009744
1752399842.009769 1752399871.7374997
1752399871.7375257 1752399892.7368014
1752399892.7368238 1752399916.291339
1752399916.2913659 1752399946.5712533
1752399946.5712788 1752399970.7960427
1752399970.7960865 1752399990.49101
1752399990.4910307 1752400015.9314172
1752400015.9314578 1752400048.4006515
1752400048.400675 1752400077.8165367
1752400077.8165593 1752400104.2104845
1752400104.2105126 1752400125.2303796
1752400125.230402 1752400152.8403602
1752400152.8403947 1752400174.2958581
1752400174.2958832 1752400202.9545078
1752400202.9545364 1752400222.543837
1752400222.543863 1752400248.4095128
1752400248.409537 1752400271.9591074
1752400271.9591331 1752400301.0355272
1752400301.0355513 1752400322.2622523
1752400322.2622862 1752400339.914447
1752400339.9144683 1752400371.6438167
1752400371.6438434 1752400395.7250311
1752400395.7250538 1752400421.0809023
1752400421.080942 1752400444.226579
1752400444.2265995 1752400470.883752
1752400470.8837767 1752400492.7003682
1752400492.7003963 1752400515.9051092
1752400515.9051304 1752400539.8454497
1752400539.8454711 1752400564.6232193
1752400564.6232522 1752400588.4683986
1752400588.4684217 1752400608.3682325
1752400608.3682525 1752400638.9872806
1752400638.9873054 1752400664.8797607
1752400664.8797839 1752400690.9656014
1752400690.9656277 1752400715.6470084
