1752375701.1624236 1752375731.7779922
1752375731.77803 1752375757.6014557
1752375757.6014762 1752375782.2552254
1752375782.2552445 1752375806.3632658
1752375806.3632915 1752375825.903354
1752375825.9033787 1752375851.1950302
1752375851.1950526 1752375877.3667119
1752375877.366734 1752375902.5010445
1752375902.5010607 1752375928.6733131
1752375928.6733367 1752375951.434333
1752375951.4343536 1752375976.9248602
1752375976.924897 1752376006.989686
1752376006.9897063 1752376032.1893466
1752376032.1894016 1752376054.5809343
1752376054.580964 1752376078.2856953
1752376078.285721 1752376104.232131
1752376104.2321496 1752376128.2448843
1752376128.244905 1752376155.8743486
1752376155.874371 1752376176.659685
1752376176.659704 1752376198.6098866
1752376198.6099095 1752376223.9868731
1752376223.9868917 1752376248.226851
1752376248.226878 1752376280.7542257
1752376280.754245 1752376309.630174
1752376309.6301913 1752376334.1683838
1752376334.1684089 1752376360.63294
1752376360.6329648 1752376384.951533
1752376384.951552 1752376413.583207
1752376413.583239 1752376438.334393
1752376438.3344173 1752376460.3738992
1752376460.3739223 1752376490.1409237
1752376490.140945 1752376517.909192
1752376517.909209 1752376538.986336
1752376538.9863667 1752376559.149396
1752376559.1494126 1752376586.8185885
1752376586.8186111 1752376610.8450768
1752376610.8450966 1752376631.7383327
1752376631.7383568 1752376654.921635
1752376654.9216523 1752376687.4212556
1752376687.4212787 1752376716.9080229
1752376716.9080458 1752376737.8342013
1752376737.8342185 1752376770.9186513
1752376770.9186797 1752376797.9040735
1752376797.9040978 1752376819.391635
1752376819.391652 1752376845.1921449
1752376845.1921663 1752376872.6419945
1752376872.6420214 1752376898.7807944
1752376898.780821 1752376921.7456648
1752376921.745691 1752376942.583451
1752376942.5834758 1752376975.1723967
1752376975.17242 1752376998.491732
1752376998.4917517 1752377017.526457
1752377017.526477 1752377043.5727348
1752377043.5727572 1752377060.287758
1752377060.2877755 1752377086.8480408
1752377086.8480623 1752377106.8041422
1752377106.8041608 1752377129.867989
1752377129.8680089 1752377159.4450033
1752377159.445029 1752377177.231397
1752377177.2314115 1752377209.0264428
1752377209.0264633 1752377241.6897142
1752377241.6897414 1752377262.1139724
1752377262.1139896 1752377291.1379328
1752377291.1379554 1752377316.577539
1752377316.5775554 1752377351.2974575
1752377351.2974823 1752377374.7048664
1752377374.7048874 1752377402.607945
1752377402.6079853 1752377434.1626313
1752377434.1626537 1752377456.8443336
1752377456.8443532 1752377486.8959665
1752377486.8960116 1752377513.6187706
1752377513.6187901 1752377541.8701308
1752377541.870149 1752377561.397782
1752377561.3978033 1752377601.9199061
1752377601.919925 1752377630.8092327
1752377630.809259 1752377658.572967
1752377658.5729876 1752377681.3124468
1752377681.3124661 1752377704.6761103
1752377704.676134 1752377724.7907314
1752377724.7907548 1752377746.5778651
1752377746.5778847 1752377770.9049027
1752377770.9049344 1752377796.331418
1752377796.3314383 1752377819.3414884
1752377819.3415184 1752377844.4947383
1752377844.4947793 1752377872.1402714
1752377872.1402907 1752377894.4979982
1752377894.4980164 1752377919.4445999
1752377919.4446251 1752377949.7974904
1752377949.7975144 1752377968.358843
1752377968.3588598 1752378005.5123847
1752378005.5124037 1752378026.8478193
1752378026.847845 1752378054.6454184
1752378054.645436 1752378075.051782
1752378075.0517995 1752378105.934628
1752378105.9346604 1752378130.4460645
1752378130.4460857 1752378147.5543802
1752378147.5543964 1752378182.3525026
1752378182.3525288 1752378203.7588773
1752378203.758897 1752378229.1028943
1752378229.1029186 1752378258.1305616
1752378258.1305876 1752378282.7272215
1752378282.7272475 1752378315.296076
1752378315.2960958 1752378336.6927862
1752378336.69281 1752378357.9323788
1752378357.9323986 1752378384.4585607
1752378384.4585872 1752378410.1723762
1752378410.172396 1752378430.2105203
1752378430.2105434 1752378455.246973
1752378455.246993 1752378477.4533815
1752378477.4534152 1752378496.08153
1752378496.081561 1752378522.2192307
1752378522.2192574 1752378546.3180947
1752378546.3181143 1752378566.7557008
1752378566.7557244 1752378593.3175566
1752378593.317576 1752378614.3547761
1752378614.354793 1752378642.9672472
1752378642.967274 1752378655.3007095
1752378655.3007262 1752378683.156172
1752378683.1561952 1752378705.8751028
1752378705.8751242 1752378732.7211132
1752378732.7211301 1752378759.5249798
1752378759.5250046 1752378782.7977767
1752378782.7977962 1752378810.8593771
1752378810.859396 1752378830.5776489
1752378830.5776699 1752378859.7044697
1752378859.7044919 1752378890.5465913
1752378890.5466135 1752378916.3274047
1752378916.3274233 1752378937.4177678
1752378937.4177876 1752378961.2042325
1752378961.2042558 1752378980.9570448
1752378980.9570615 1752378998.39877
1752378998.3987858 1752379031.6473098
1752379031.647342 1752379057.3218133
1752379057.321835 1752379083.3439054
1752379083.3439379 1752379106.3019085
1752379106.3019273 1752379128.2687528
1752379128.268773 1752379149.7692218
1752379149.769239 1752379175.8941038
1752379175.8941286 1752379198.699925
1752379198.6999502 1752379233.8264973
1752379233.8265147 1752379262.6804612
1752379262.680488 1752379284.5749655
1752379284.5749884 1752379315.125257
1752379315.125277 1752379338.9409902
1752379338.9410193 1752379362.1903
1752379362.1903276 1752379384.1148818
1752379384.1149135 1752379410.7073548
1752379410.7073772 1752379434.1652331
1752379434.1652513 1752379461.0293384
1752379461.029363 1752379482.0242524
1752379482.0242753 1752379510.5363553
1752379510.536379 1752379529.934759
1752379529.9347756 1752379549.1117346
1752379549.1117542 1752379575.6175616
1752379575.6175783 1752379607.1569824
1752379607.1570098 1752379631.277426
1752379631.27745 1752379654.9031358
1752379654.9031594 1752379679.4514632
1752379679.451481 1752379702.9926727
1752379702.9926903 1752379719.2974212
1752379719.2974415 1752379751.083523
1752379751.0835414 1752379773.6898642
1752379773.6898923 1752379796.4070153
1752379796.407037 1752379825.814948
1752379825.8149693 1752379849.119835
1752379849.11986 1752379871.7197204
1752379871.7197444 1752379897.186511
1752379897.186538 1752379910.5643606
1752379910.5643814 1752379945.1765974
1752379945.176623 1752379974.0205023
1752379974.0205271 1752379997.6276627
1752379997.6276808 1752380028.0757854
1752380028.0758116 1752380051.0515227
1752380051.051543 1752380072.4712002
1752380072.4712226 1752380090.9557745
1752380090.955796 1752380122.7575362
1752380122.7575612 1752380151.0680728
1752380151.068092 1752380177.7614102
1752380177.7614343 1752380202.7704935
1752380202.7705152 1752380220.2817006
1752380220.2817194 1752380242.4175835
1752380242.4176087 1752380267.8606734
1752380267.8607059 1752380292.4614513
1752380292.4614775 1752380321.578731
1752380321.578756 1752380350.0659764
1752380350.0659945 1752380378.80345
1752380378.8034742 1752380396.5092978
1752380396.509314 1752380429.0645807
1752380429.064602 1752380452.470231
1752380452.470257 1752380476.1303596
1752380476.130377 1752380499.6084228
1752380499.6084416 1752380522.5542426
1752380522.5542672 1752380551.2240794
1752380551.2240992 1752380575.2985957
1752380575.298619 1752380600.6485684
1752380600.6485903 1752380625.3521142
1752380625.3521316 1752380654.561124
1752380654.5611503 1752380679.7635465
1752380679.7635794 1752380696.9907184
1752380696.990746 1752380721.6772118
1752380721.6772368 1752380749.2939613
1752380749.293987 1752380774.2201095
1752380774.2201297 1752380801.18587
1752380801.1858969 1752380819.2614677
1752380819.2615032 1752380849.1305728
1752380849.1305978 1752380873.9701633
1752380873.9701877 1752380906.614214
1752380906.6142375 1752380927.0118418
1752380927.0118613 1752380954.8776398
1752380954.877665 1752380978.3574882
1752380978.3575044 1752381012.2744029
1752381012.2744303 1752381031.973568
1752381031.973585 1752381068.829485
1752381068.8295035 1752381095.6149893
1752381095.6150153 1752381117.626692
1752381117.6267116 1752381140.993337
1752381140.9933524 1752381163.4972847
1752381163.4973059 1752381189.5744672
1752381189.5744963 1752381214.6427925
1752381214.642818 1752381238.3928776
1752381238.392904 1752381258.6503334
1752381258.6503549 1752381287.9873805
1752381287.9874046 1752381316.125188
1752381316.1252062 1752381335.519102
1752381335.5191183 1752381364.3681853
1752381364.368212 1752381399.5903742
1752381399.5904117 1752381425.933706
1752381425.9337296 1752381450.8571973
1752381450.8572164 1752381480.0198824
1752381480.020035 1752381503.417071
1752381503.4170911 1752381530.6555507
1752381530.6555853 1752381553.7967415
1752381553.79678 1752381581.9265857
1752381581.9266067 1752381610.449195
1752381610.449212 1752381635.9197884
1752381635.919806 1752381654.9692538
1752381654.96928 1752381685.1915023
1752381685.1915216 1752381707.9081354
1752381707.9081528 1752381738.9191818
1752381738.919207 1752381774.1723785
1752381774.1724057 1752381797.951127
1752381797.9511507 1752381824.3447106
1752381824.3447318 1752381849.2564728
1752381849.2565005 1752381869.4331653
1752381869.433183 1752381895.911702
1752381895.911721 1752381918.074381
1752381918.074406 1752381944.800652
1752381944.8006737 1752381966.1514626
1752381966.1514833 1752381994.0376375
1752381994.0376616 1752382021.0426557
1752382021.0426795 1752382051.268782
1752382051.2688012 1752382084.215039
1752382084.2150598 1752382110.5050092
1752382110.505033 1752382137.6356142
1752382137.6356344 1752382161.959063
1752382161.9590826 1752382187.0786543
1752382187.078682 1752382210.2037153
1752382210.203746 1752382225.9856088
1752382225.985632 1752382250.2886581
1752382250.288675 1752382280.6124325
1752382280.6124592 1752382301.7503767
1752382301.7503953 1752382331.056802
1752382331.0568323 1752382351.1433506
1752382351.1433666 1752382376.3507695
1752382376.3507962 1752382394.9191284
1752382394.9191496 1752382420.7694786
1752382420.769497 1752382445.2711053
1752382445.271126 1752382471.67497
1752382471.674989 1752382499.3423753
1752382499.342399 1752382520.2367382
1752382520.2367597 1752382550.0920448
1752382550.092071 1752382572.7846024
1752382572.7846215 1752382599.5410395
1752382599.541071 1752382623.5498276
1752382623.5498486 1752382648.0550487
1752382648.0550668 1752382673.7988327
1752382673.79886 1752382698.7713418
1752382698.7713623 1752382721.03978
1752382721.0398104 1752382745.2127175
1752382745.2127445 1752382772.0268593
1752382772.0268824 1752382794.751223
1752382794.7512424 1752382822.017893
1752382822.017919 1752382849.0849411
1752382849.084963 1752382876.8389041
1752382876.8389218 1752382901.4772596
1752382901.477287 1752382927.3743944
1752382927.3744154 1752382949.9264262
1752382949.9264526 1752382964.6710737
1752382964.6710906 1752382987.9610305
1752382987.9610522 1752383020.0836074
1752383020.0836346 1752383039.8491895
1752383039.849206 1752383068.2081006
1752383068.2081256 1752383091.994234
1752383091.9942515 1752383104.4722157
1752383104.472245 1752383123.1534507
1752383123.1534665 1752383159.0337312
1752383159.0337582 1752383186.987106
1752383186.9871252 1752383213.2419538
1752383213.2419722 1752383241.5879147
1752383241.5879433 1752383268.9261284
1752383268.9261458 1752383291.5813053
1752383291.5813265 1752383327.2075512
1752383327.2076 1752383349.928423
1752383349.9284604 1752383376.8392465
1752383376.8392687 1752383407.2529104
1752383407.252934 1752383431.4323602
1752383431.4324057 1752383453.0446503
1752383453.0446694 1752383481.037903
1752383481.0379205 1752383504.7530463
1752383504.7530704 1752383531.539389
1752383531.539408 1752383556.5425818
1752383556.5426 1752383583.4183128
1752383583.418334 1752383604.2546375
1752383604.2546544 1752383641.0650747
1752383641.0650988 1752383667.5080824
1752383667.5081022 1752383691.8689284
1752383691.8689501 1752383718.3050518
1752383718.30507 1752383752.391626
1752383752.3916633 1752383770.1638744
1752383770.1638968 1752383798.726158
1752383798.7261758 1752383819.1324654
1752383819.132486 1752383834.2950675
1752383834.2950869 1752383861.566931
1752383861.5669487 1752383883.9132752
1752383883.913294 1752383910.396263
1752383910.3962843 1752383929.973201
1752383929.9732172 1752383959.212315
1752383959.2123382 1752383988.4774873
1752383988.4775085 1752384007.7160227
1752384007.7160468 1752384037.328391
1752384037.3284187 1752384059.7264855
1752384059.7265055 1752384085.8743727
1752384085.8743918 1752384110.3552604
1752384110.3552778 1752384136.8778832
1752384136.877908 1752384159.316535
1752384159.3165529 1752384177.8911338
1752384177.891153 1752384211.3071382
1752384211.3071573 1752384233.363381
1752384233.3633978 1752384262.2468383
1752384262.24686 1752384289.0450606
1752384289.0450883 1752384312.206487
1752384312.2065096 1752384335.8980742
1752384335.8981009 1752384355.4371583
1752384355.4371748 1752384378.9917445
1752384378.9917648 1752384399.4696095
1752384399.469627 1752384429.9480622
1752384429.9480853 1752384450.5077682
1752384450.507794 1752384475.0245821
1752384475.0246077 1752384498.5989413
1752384498.5989642 1752384527.525628
1752384527.5256488 1752384551.366328
1752384551.3663518 1752384576.2599576
1752384576.2599754 1752384605.0620444
1752384605.0620682 1752384626.1828136
1752384626.1828325 1752384649.3575883
1752384649.3576126 1752384671.8964078
1752384671.896432 1752384694.5217097
1752384694.521733 1752384726.3139966
1752384726.3140152 1752384749.480062
1752384749.480079 1752384781.9248013
1752384781.9248266 1752384804.0868092
1752384804.0868278 1752384831.6252117
1752384831.6252365 1752384858.3754532
1752384858.375469 1752384880.2892094
1752384880.2892272 1752384900.9066293
1752384900.9066558 1752384928.251887
1752384928.2519138 1752384948.6239347
1752384948.6239529 1752384969.623944
1752384969.6239622 1752385002.3064709
1752385002.306494 1752385026.0441055
1752385026.0441248 1752385050.8134246
1752385050.8134508 1752385070.918479
1752385070.918498 1752385096.181512
1752385096.1815348 1752385113.8739483
1752385113.8739676 1752385142.1729472
1752385142.1729648 1752385162.942892
1752385162.9429154 1752385185.772813
1752385185.7728503 1752385211.5317461
1752385211.5317678 1752385238.7883272
1752385238.7883556 1752385260.6263795
1752385260.6264064 1752385287.152481
1752385287.1525092 1752385310.7261899
1752385310.7262068 1752385330.107067
1752385330.1070888 1752385363.9435456
1752385363.9435725 1752385390.512215
1752385390.5122385 1752385420.0311978
1752385420.0312223 1752385442.2126768
1752385442.2127 1752385468.0465927
1752385468.0466132 1752385483.6932924
1752385483.6933138 1752385516.3009462
1752385516.3009791 1752385535.376283
1752385535.3763006 1752385560.7759147
1752385560.7759433 1752385589.3578732
1752385589.3578959 1752385614.8516016
1752385614.8516204 1752385644.3487742
1752385644.3488007 1752385673.3946545
1752385673.3946834 1752385692.1982799
1752385692.1982958 1752385721.826593
1752385721.8266187 1752385753.2881842
1752385753.2882078 1752385778.8632011
1752385778.8632197 1752385799.9896097
1752385799.9896257 1752385832.7071967
1752385832.7072222 1752385858.9177105
1752385858.917732 1752385886.7224631
1752385886.7224817 1752385913.480881
1752385913.4809077 1752385942.9819522
1752385942.9819713 1752385968.403785
1752385968.4038064 1752386000.2691615
1752386000.2691848 1752386023.1794708
1752386023.1794891 1752386047.3090703
1752386047.3091009 1752386069.3581731
1752386069.3581905 1752386098.9328017
1752386098.9328349 1752386121.5054927
1752386121.505517 1752386144.4684334
1752386144.4684517 1752386170.210703
1752386170.2107265 1752386195.0359194
1752386195.0359468 1752386216.772604
1752386216.7726266 1752386236.2258594
1752386236.225881 1752386268.575436
1752386268.5754545 1752386294.5947616
1752386294.5947847 1752386314.5190542
1752386314.5190737 1752386345.488108
1752386345.488133 1752386372.011815
1752386372.0118392 1752386394.702633
1752386394.7026591 1752386410.7963035
1752386410.7963223 1752386438.320146
1752386438.3201714 1752386459.9581752
1752386459.9581912 1752386486.055207
1752386486.0552313 1752386511.2171056
1752386511.217129 1752386533.66927
1752386533.6693063 1752386554.4798343
1752386554.4798548 1752386576.5808125
1752386576.5808284 1752386602.8590314
1752386602.8590527 1752386624.957194
1752386624.9572167 1752386648.5720146
1752386648.5720336 1752386670.8099704
1752386670.8099937 1752386695.2134402
1752386695.2134662 1752386716.9478006
1752386716.9478278 1752386733.564362
1752386733.5643857 1752386762.707195
1752386762.707225 1752386790.0520318
1752386790.0520833 1752386815.2218885
1752386815.2219162 1752386839.3432658
1752386839.3432868 1752386864.1394362
1752386864.1394596 1752386887.0985913
1752386887.0986106 1752386911.2182534
1752386911.2182755 1752386930.8438709
1752386930.843889 1752386962.5280638
1752386962.5280848 1752386992.7631395
1752386992.7631652 1752387011.7840953
1752387011.784118 1752387034.1810384
1752387034.1810548 1752387061.0246766
1752387061.0246997 1752387082.8641768
1752387082.864195 1752387103.998222
1752387103.9982421 1752387129.9613335
1752387129.9613519 1752387163.7356117
1752387163.7356315 1752387188.0753791
1752387188.0754051 1752387213.9435928
1752387213.9436157 1752387242.4771092
1752387242.477128 1752387269.1866696
1752387269.1866984 1752387286.0846252
1752387286.084643 1752387318.9601371
1752387318.96016 1752387349.0688486
1752387349.068871 1752387378.0968146
1752387378.096835 1752387404.0076582
1752387404.007683 1752387424.9488773
1752387424.9488964 1752387452.721644
1752387452.7216718 1752387476.3220258
1752387476.3220427 1752387509.495713
1752387509.4957397 1752387541.7121036
1752387541.7121224 1752387571.361704
1752387571.3617294 1752387597.5789144
1752387597.5789347 1752387624.493964
1752387624.493987 1752387652.5921388
1752387652.592162 1752387682.6471682
1752387682.647188 1752387707.5504525
1752387707.5504894 1752387727.9173927
1752387727.9174197 1752387749.75893
1752387749.758947 1752387779.8258233
1752387779.8258498 1752387805.1705585
1752387805.1705756 1752387827.5926886
1752387827.592714 1752387848.8040757
1752387848.804093 1752387876.3568761
1752387876.3568969 1752387896.8809981
1752387896.8810208 1752387919.1130733
1752387919.113101 1752387941.247005
1752387941.247022 1752387968.4291246
1752387968.4291542 1752387992.9001422
1752387992.9001625 1752388013.851125
1752388013.8511462 1752388036.8915515
1752388036.8915982 1752388062.3701355
1752388062.370157 1752388086.043609
1752388086.0436363 1752388103.604841
1752388103.6048615 1752388123.1761105
1752388123.1761336 1752388158.1614807
1752388158.1615038 1752388177.8653295
1752388177.8653479 1752388206.3250942
1752388206.325122 1752388229.326367
1752388229.3263865 1752388253.509064
1752388253.509082 1752388275.8107548
1752388275.810776 1752388301.329358
1752388301.329389 1752388325.6771622
1752388325.677198 1752388352.6549342
1752388352.6549525 1752388381.1145053
1752388381.1145344 1752388404.2381876
1752388404.23821 1752388429.3049972
1752388429.3050203 1752388450.9723604
1752388450.9723837 1752388470.482977
1752388470.4829953 1752388503.1465454
1752388503.1465883 1752388530.6679657
1752388530.6679873 1752388559.7972252
1752388559.7972476 1752388588.529726
1752388588.5297508 1752388612.6009912
1752388612.6010125 1752388638.6360338
1752388638.6360538 1752388653.0451777
1752388653.045198 1752388685.8042943
1752388685.8043134 1752388717.6020582
1752388717.602082 1752388741.5054157
1752388741.5054471 1752388764.651885
1752388764.651909 1752388790.0677447
1752388790.0677626 1752388823.2603781
1752388823.2604032 1752388839.2490888
1752388839.2491071 1752388872.1919212
1752388872.1919444 1752388895.5543375
1752388895.5543613 1752388921.874829
1752388921.8748486 1752388949.8163424
1752388949.816361 1752388980.512745
1752388980.5127745 1752389005.44369
1752389005.4437106 1752389028.3433878
1752389028.343406 1752389053.732233
1752389053.732258 1752389079.7639253
1752389079.7639499 1752389098.832508
1752389098.8325322 1752389122.5227983
1752389122.522818 1752389149.8153074
1752389149.8153305 1752389174.174263
1752389174.1742852 1752389202.5174758
1752389202.5175009 1752389229.0413184
1752389229.0413358 1752389256.1978567
1752389256.1978822 1752389280.6777058
1752389280.6777225 1752389307.2638946
1752389307.2639182 1752389334.2803938
1752389334.2804153 1752389361.1874745
1752389361.1874921 1752389387.7853463
1752389387.7853687 1752389419.0427036
1752389419.0427272 1752389438.5449755
1752389438.5449936 1752389470.9890957
1752389470.9891136 1752389497.12177
1752389497.121797 1752389520.8269055
1752389520.8269248 1752389547.234682
1752389547.2347136 1752389568.3837357
1752389568.3837593 1752389592.8245702
1752389592.824595 1752389620.6535707
1752389620.65359 1752389638.3719826
1752389638.3720028 1752389660.0050895
1752389660.0051112 1752389695.301719
1752389695.3017433 1752389712.8668337
1752389712.8668578 1752389742.0569017
1752389742.0569398 1752389768.7793386
1752389768.7793589 1752389790.703128
1752389790.7031617 1752389812.7304673
1752389812.7304873 1752389842.9806979
1752389842.980726 1752389866.7071416
1752389866.7071612 1752389892.4038992
1752389892.403924 1752389910.9686139
1752389910.9686375 1752389947.2640796
1752389947.2641044 1752389967.2013137
1752389967.2013361 1752389988.8026967
1752389988.802718 1752390014.5998623
1752390014.5998805 1752390038.240666
1752390038.2406888 1752390066.1714108
1752390066.17143 1752390085.542681
1752390085.5427008 1752390110.3896468
1752390110.3896701 1752390127.4325135
1752390127.4325383 1752390160.626536
1752390160.6265593 1752390179.204495
1752390179.204513 1752390210.9591105
1752390210.9591367 1752390227.4766192
1752390227.4766402 1752390255.6750243
1752390255.6750436 1752390279.3075407
1752390279.3075728 1752390305.8314888
1752390305.8315148 1752390333.5665183
1752390333.5665367 1752390359.5467765
1752390359.546798 1752390383.0870087
1752390383.087029 1752390407.9723291
1752390407.972354 1752390429.9635725
1752390429.9636157 1752390460.1329052
1752390460.132924 1752390487.1011238
1752390487.1011686 1752390517.412147
1752390517.4121625 1752390544.7139053
1752390544.713924 1752390567.8239498
1752390567.8239706 1752390602.1798935
1752390602.1799166 1752390626.1319358
1752390626.1319628 1752390652.6385984
1752390652.6386173 1752390672.0532806
1752390672.053298 1752390695.7158003
1752390695.715823 1752390722.783904
1752390722.783926 1752390747.0478141
1752390747.0478325 1752390767.5874507
1752390767.5874684 1752390787.7173629
1752390787.717384 1752390812.586001
1752390812.5860205 1752390843.1891925
1752390843.1892097 1752390868.7142494
1752390868.7142727 1752390896.1269116
1752390896.1269312 1752390919.5267525
1752390919.5267754 1752390938.9257836
1752390938.9258063 1752390971.504207
1752390971.5042288 1752390995.51721
1752390995.517234 1752391021.273783
1752391021.273803 1752391048.437349
1752391048.4373705 1752391066.8183103
1752391066.81833 1752391096.4891098
1752391096.4891298 1752391113.3848937
1752391113.3849165 1752391147.0091338
1752391147.0091581 1752391170.5398424
1752391170.539865 1752391201.1048656
1752391201.1048858 1752391224.185784
1752391224.1858022 1752391254.574034
1752391254.5740554 1752391277.4411786
1752391277.4411988 1752391291.437003
1752391291.4370189 1752391318.9998834
1752391318.9999094 1752391341.307008
1752391341.3070273 1752391364.7589698
1752391364.758994 1752391385.391857
1752391385.3918781 1752391412.1882463
1752391412.1882904 1752391434.850997
1752391434.8510206 1752391459.0120478
1752391459.0120769 1752391478.3687186
1752391478.3687418 1752391505.5048976
1752391505.5049238 1752391527.5127928
1752391527.5128157 1752391547.5269644
1752391547.5269818 1752391570.6463594
1752391570.6463757 1752391599.732779
1752391599.7328005 1752391633.6928577
1752391633.6928763 1752391661.835257
1752391661.8352802 1752391689.4415977
1752391689.4416173 1752391712.2022364
1752391712.2022548 1752391739.1028743
1752391739.102897 1752391762.7933128
1752391762.7933314 1752391787.4126253
1752391787.4126482 1752391806.2077045
1752391806.2077222 1752391836.3398504
1752391836.339872 1752391867.1060638
1752391867.1060863 1752391890.2585936
1752391890.2586136 1752391912.0193563
1752391912.0193825 1752391938.1705468
1752391938.170569 1752391960.3648865
1752391960.3649118 1752391979.3883061
1752391979.3883233 1752392009.175687
1752392009.1757157 1752392028.2062433
1752392028.2062593 1752392053.1572096
1752392053.1572309 1752392077.3371663
1752392077.3371866 1752392105.0304606
1752392105.0304947 1752392130.6098151
1752392130.6098626 1752392152.9024146
1752392152.902435 1752392172.9903326
1752392172.9903486 1752392203.759874
1752392203.7598987 1752392228.7002313
1752392228.7002676 1752392254.812607
1752392254.8126295 1752392279.1968617
1752392279.1968832 1752392299.790591
1752392299.7906084 1752392329.5495577
1752392329.5495806 1752392342.4722056
1752392342.4722304 1752392375.4213996
1752392375.4214215 1752392398.3739672
1752392398.373996 1752392421.2969816
1752392421.2970066 1752392444.6895938
1752392444.6896124 1752392477.1500514
1752392477.1500716 1752392502.953911
1752392502.9539356 1752392529.388489
1752392529.3885114 1752392557.740081
1752392557.7401085 1752392580.7900903
1752392580.7901137 1752392607.116785
1752392607.1168072 1752392629.98383
1752392629.983858 1752392654.7640815
1752392654.7641003 1752392680.514453
1752392680.514473 1752392705.6027813
1752392705.602817 1752392727.5400174
1752392727.5400405 1752392751.381249
1752392751.381269 1752392772.3175328
1752392772.3175557 1752392798.9653356
1752392798.9653583 1752392822.1073713
1752392822.1073897 1752392845.096628
1752392845.0966501 1752392871.5612493
1752392871.5612705 1752392899.0473263
1752392899.0473459 1752392921.5865874
1752392921.58661 1752392944.5408225
1752392944.5408401 1752392967.3022885
1752392967.3023143 1752392989.7761455
1752392989.7761693 1752393013.738862
1752393013.7389026 1752393040.7557912
1752393040.7558112 1752393068.7940428
1752393068.7940674 1752393095.109004
1752393095.1090257 1752393120.1859782
1752393120.1860056 1752393145.8334908
1752393145.8335094 1752393167.4976385
1752393167.4976573 1752393200.1320314
1752393200.132062 1752393226.0218017
1752393226.0218186 1752393256.0784411
1752393256.078466 1752393277.8574252
1752393277.8574426 1752393299.2613924
1752393299.2614112 1752393324.7387588
1752393324.7387838 1752393346.1243448
1752393346.1243641 1752393368.456818
1752393368.4568443 1752393395.4377873
1752393395.4378088 1752393424.4172869
1752393424.4173052 1752393450.9517252
1752393450.9517517 1752393483.6851578
1752393483.6851747 1752393511.368986
1752393511.369017 1752393540.1501634
1752393540.1501818 1752393561.972079
1752393561.9721072 1752393585.972595
1752393585.9726129 1752393602.6154401
1752393602.615463 1752393632.0067084
1752393632.0067277 1752393650.8452442
1752393650.8452692 1752393671.025103
1752393671.0251257 1752393692.0237708
1752393692.023794 1752393719.6721437
1752393719.672167 1752393734.9566123
1752393734.9566307 1752393758.0950522
1752393758.0950768 1752393780.6320026
1752393780.6320214 1752393806.2747343
1752393806.2747605 1752393831.0008924
1752393831.00091 1752393850.881501
1752393850.8815267 1752393877.135948
1752393877.1359663 1752393899.6925814
1752393899.6925974 1752393934.9349666
1752393934.9349904 1752393958.896515
1752393958.896531 1752393976.6187387
1752393976.6187634 1752394000.5298662
1752394000.52989 1752394027.3713787
1752394027.3713982 1752394047.1672294
1752394047.167255 1752394062.263484
1752394062.2635014 1752394086.4872518
1752394086.487272 1752394106.9707794
1752394106.9708 1752394131.7841818
1752394131.7842045 1752394154.5787876
1752394154.5788052 1752394173.2845902
1752394173.284612 1752394198.421135
1752394198.4211578 1752394223.5237384
1752394223.5237565 1752394253.3108404
1752394253.310879 1752394280.33509
1752394280.3351083 1752394306.6183596
1752394306.6183825 1752394323.91467
1752394323.9146874 1752394354.4137137
1752394354.4137318 1752394377.1530664
1752394377.153091 1752394398.912956
1752394398.9129725 1752394424.913981
1752394424.9140024 1752394448.586214
1752394448.5862384 1752394474.2846715
1752394474.2846904 1752394497.903671
1752394497.903698 1752394526.228679
1752394526.2286966 1752394544.4770365
1752394544.4770663 1752394562.1644497
1752394562.1644707 1752394588.8009183
1752394588.8009346 1752394613.040248
1752394613.040268 1752394640.649905
1752394640.6499317 1752394664.7166026
1752394664.7166214 1752394690.0404274
1752394690.0404518 1752394712.5190382
1752394712.5190578 1752394735.4221468
1752394735.422164 1752394762.85267
1752394762.8526983 1752394784.9757788
1752394784.9757998 1752394810.063394
1752394810.0634246 1752394833.761101
1752394833.7611394 1752394855.8489447
1752394855.8489628 1752394883.7914364
1752394883.7914565 1752394906.5126138
1752394906.512636 1752394931.5567799
1752394931.5568023 1752394958.0390532
1752394958.0390718 1752394989.1805997
1752394989.1806242 1752395014.775093
1752395014.7751164 1752395038.7828789
1752395038.782901 1752395064.808601
1752395064.808626 1752395088.1586182
1752395088.1586385 1752395111.4046464
1752395111.4046714 1752395133.392712
1752395133.3927324 1752395155.0830126
1752395155.083031 1752395177.3205333
1752395177.3205564 1752395205.8090265
1752395205.8090441 1752395226.6520329
1752395226.6520584 1752395251.5372155
1752395251.5372353 1752395269.4623349
1752395269.462353 1752395302.6149027
1752395302.614929 1752395331.333072
1752395331.3330913 1752395357.586154
1752395357.5861795 1752395381.751911
1752395381.751935 1752395406.2594016
1752395406.2594311 1752395431.1715953
1752395431.1716206 1752395459.3638241
1752395459.3638477 1752395478.8389702
1752395478.838987 1752395500.7000365
1752395500.7000604 1752395523.35862
1752395523.3586361 1752395549.1837301
1752395549.1837559 1752395575.231916
1752395575.2319367 1752395597.0559437
1752395597.0559626 1752395622.0183635
1752395622.0183995 1752395643.8350027
1752395643.8350227 1752395669.5398388
1752395669.539858 1752395697.7532904
1752395697.7533116 1752395724.2460546
1752395724.2460766 1752395753.196526
1752395753.1965415 1752395778.5585773
1752395778.5585978 1752395804.2813048
1752395804.2813318 1752395829.503732
1752395829.5037587 1752395848.0150933
1752395848.015125 1752395876.488794
1752395876.4888217 1752395896.602147
1752395896.6021628 1752395927.0009396
1752395927.0009615 1752395955.8465507
1752395955.8465748 1752395980.695267
1752395980.6952872 1752396004.41905
1752396004.41907 1752396025.508703
1752396025.5087311 1752396053.866484
1752396053.8665004 1752396076.1486895
1752396076.1487205 1752396101.9870105
1752396101.9870353 1752396122.616736
1752396122.616759 1752396150.1320374
1752396150.132075 1752396177.1063788
1752396177.1064022 1752396201.018391
1752396201.0184286 1752396219.5545015
1752396219.554525 1752396247.1751966
1752396247.1752152 1752396272.4052565
1752396272.405279 1752396295.73761
1752396295.7376294 1752396316.9318008
1752396316.931826 1752396345.186626
1752396345.1866446 1752396368.0462172
1752396368.0462382 1752396390.7484388
1752396390.7484603 1752396421.9112313
1752396421.9112482 1752396452.4010856
1752396452.401113 1752396477.1803553
1752396477.1803918 1752396497.8269804
1752396497.8269987 1752396527.8040931
1752396527.804128 1752396553.3578005
1752396553.3578188 1752396572.3496206
1752396572.349643 1752396596.7063239
1752396596.7063515 1752396622.9579449
1752396622.9579718 1752396642.5541465
1752396642.5541677 1752396663.8620954
1752396663.862122 1752396685.96996
1752396685.9699798 1752396705.9180872
1752396705.9181123 1752396733.261659
1752396733.2616792 1752396757.5456412
1752396757.5456636 1752396787.5863295
1752396787.5863512 1752396810.0516813
1752396810.051701 1752396837.2921166
1752396837.2921371 1752396861.6362393
1752396861.6362686 1752396885.5530417
1752396885.5530617 1752396914.3044894
1752396914.3045137 1752396930.0453928
1752396930.0454109 1752396959.8734024
1752396959.8734338 1752396985.639311
1752396985.639328 1752397013.1359556
1752397013.135983 1752397037.8165488
1752397037.8165693 1752397066.3137162
1752397066.3137407 1752397091.860315
1752397091.8603342 1752397110.4395328
1752397110.4395537 1752397139.2810628
1752397139.2810829 1752397162.52193
1752397162.5219672 1752397186.6298647
1752397186.6298819 1752397212.7915757
1752397212.7916164 1752397230.165992
1752397230.1660101 1752397258.9784915
1752397258.9785116 1752397287.357936
1752397287.357961 1752397313.689718
1752397313.6897464 1752397336.2323883
1752397336.2324088 1752397356.311229
1752397356.311261 1752397379.0769038
1752397379.0769532 1752397398.11021
1752397398.1102283 1752397422.251719
1752397422.251744 1752397448.3617396
1752397448.3617642 1752397466.9077177
1752397466.9077337 1752397492.0109968
1752397492.0110183 1752397514.6224174
1752397514.6224353 1752397544.6165957
1752397544.6166148 1752397568.2217648
1752397568.2217896 1752397592.1464183
1752397592.1464448 1752397616.302742
1752397616.3027709 1752397632.382315
1752397632.3823323 1752397667.0475252
1752397667.0475473 1752397695.3800259
1752397695.3800507 1752397722.3773427
1752397722.3773723 1752397745.7625113
1752397745.762536 1752397773.8000314
1752397773.8000524 1752397795.4098601
1752397795.4098809 1752397816.9239712
1752397816.923995 1752397847.2425637
1752397847.242583 1752397875.5626326
1752397875.5626574 1752397896.5681446
1752397896.5681615 1752397925.2371511
1752397925.2371788 1752397944.3260653
1752397944.3260841 1752397971.2471035
1752397971.2471344 1752397997.4151936
1752397997.4152167 1752398022.4889023
1752398022.4889293 1752398042.3996022
1752398042.3996239 1752398076.771367
1752398076.7713897 1752398115.4238422
1752398115.423861 1752398134.9406688
1752398134.9406862 1752398164.9159417
1752398164.9159675 1752398193.454862
1752398193.4548824 1752398224.761192
1752398224.7612126 1752398242.7932334
1752398242.7932498 1752398279.041784
1752398279.041809 1752398300.8409266
1752398300.840944 1752398330.2978852
1752398330.2979114 1752398355.820272
1752398355.8202941 1752398381.8962765
1752398381.8963003 1752398403.7355556
1752398403.7355845 1752398419.5053773
1752398419.505397 1752398448.7055087
1752398448.7055347 1752398469.1850095
1752398469.1850426 1752398496.5579069
1752398496.557926 1752398519.5766454
1752398519.576666 1752398545.6657557
1752398545.665776 1752398569.1950328
1752398569.1950517 1752398595.9606225
1752398595.9606493 1752398619.3284621
1752398619.3284898 1752398644.3094878
1752398644.3095071 1752398666.877167
1752398666.87719 1752398691.6587772
1752398691.6587958 1752398710.2299223
1752398710.2299466 1752398744.5090916
1752398744.5091183 1752398767.2881367
1752398767.2881544 1752398792.2950525
1752398792.2950742 1752398816.1596112
1752398816.15963 1752398841.9843688
1752398841.9843948 1752398866.903304
1752398866.903327 1752398890.530674
1752398890.530696 1752398916.451812
1752398916.451832 1752398932.3843021
1752398932.3843217 1752398959.5305738
1752398959.5305984 1752398981.01799
1752398981.0180147 1752399006.8053906
1752399006.805418 1752399032.1102173
1752399032.1102405 1752399050.6337192
1752399050.633736 1752399084.7273812
1752399084.727408 1752399106.0018723
1752399106.0019104 1752399125.0881445
1752399125.088165 1752399154.7092652
1752399154.709286 1752399181.0050175
1752399181.0050373 1752399203.871176
1752399203.8712046 1752399224.2225142
1752399224.2225366 1752399256.556813
1752399256.5568337 1752399282.467632
1752399282.4676518 1752399304.7721858
1752399304.7722113 1752399324.3793635
1752399324.3794012 1752399349.2341511
1752399349.2341692 1752399375.4751248
1752399375.4751532 1752399395.5385566
1752399395.5385735 1752399419.804667
1752399419.804686 1752399454.1975174
1752399454.197546 1752399477.6732407
1752399477.6732607 1752399505.2854085
1752399505.285434 1752399531.5296528
1752399531.5296707 1752399552.722598
1752399552.7226222 1752399576.1845858
1752399576.1846066 1752399599.6960132
1752399599.6960306 1752399631.17236
1752399631.1723835 1752399658.3609428
1752399658.360963 1752399679.1523862
1752399679.1524103 1752399703.0533223
1752399703.053344 1752399730.5756452
1752399730.575666 1752399756.93513
1752399756.9351478 1752399783.5444405
1752399783.5444684 1752399811.2829866
1752399811.2830052 1752399843.9080095
1752399843.9080372 1752399868.2015495
1752399868.2015684 1752399892.0038888
1752399892.0039122 1752399919.097221
1752399919.0972416 1752399947.9394422
1752399947.9394648 1752399972.3505602
1752399972.3505812 1752399991.6368012
1752399991.636824 1752400019.1434517
1752400019.143476 1752400046.4008164
1752400046.4008365 1752400073.7606165
1752400073.7606394 1752400105.6571648
1752400105.657186 1752400124.1701803
1752400124.1702 1752400147.4980636
1752400147.4980829 1752400167.565412
1752400167.5654316 1752400201.8117416
1752400201.8117597 1752400222.758282
1752400222.7582998 1752400250.2960472
1752400250.2960682 1752400266.7565756
1752400266.7565947 1752400303.736366
1752400303.7363918 1752400324.9984517
1752400324.9984698 1752400344.4644334
1752400344.464466 1752400369.3926713
1752400369.3927002 1752400393.8604589
1752400393.8604846 1752400417.7977648
1752400417.7977889 1752400442.2185557
1752400442.2185757 1752400468.8107965
1752400468.8108263 1752400487.9366748
1752400487.9366934 1752400511.3953826
1752400511.3954043 1752400538.4177873
1752400538.4178166 1752400561.2250705
1752400561.2250924 1752400584.967838
1752400584.9678588 1752400612.8725336
1752400612.8725705 1752400636.6647217
1752400636.6647425 1752400660.621176
1752400660.6211996 1752400689.2709458
1752400689.2709632 1752400716.9368596
