1776170711.3256881 1776170750.404091
1776170750.4042885 1776170796.7207808
1776170801.7259054 1776170848.314917
1776170855.3221033 1776170899.9621296
1776170903.9623268 1776170950.8041189
1776170958.8123052 1776170999.0177715
1776171000.0183415 1776171045.597368
1776171049.598356 1776171090.295347
1776171093.298532 1776171138.96793
1776171143.972373 1776171188.7093282
1776171189.7103386 1776171234.4857433
1776171239.4909291 1776171270.7830284
1776171270.7831068 1776171328.4649475
1776171338.475137 1776171374.6753066
1776171374.6754715 1776171419.210843
1776171429.2209897 1776171463.4755085
1776171473.4857142 1776171508.2920487
1776171508.292186 1776171552.626063
1776171555.626342 1776171592.7580059
1776171600.758851 1776171648.0898988
1776171653.0950718 1776171688.6898072
1776171694.69053 1776171746.1838791
1776171748.185991 1776171796.9705746
1776171803.974334 1776171843.2801197
1776171853.2903383 1776171895.4972749
1776171901.5033925 1776171943.7042663
1776171943.704419 1776171980.6184652
1776171980.61854 1776172045.2123606
1776172051.2183568 1776172095.3155344
1776172104.324753 1776172150.2343793
1776172152.23651 1776172199.7882142
1776172204.7934213 1776172254.0965002
1776172254.0965898 1776172309.390904
1776172317.3983386 1776172358.3874507
1776172361.3905642 1776172405.4617107
1776172411.467878 1776172454.8768764
1776172464.8870633 1776172500.2299497
1776172501.231171 1776172550.6816144
1776172555.6867602 1776172609.651275
1776172612.6544335 1776172657.9902017
1776172662.9953449 1776172702.1501772
1776172706.1510878 1776172759.473744
1776172760.474351 1776172808.1271293
1776172814.133249 1776172864.298714
1776172869.3025115 1776172919.3577
1776172926.3644578 1776172969.4919665
1776172972.4951532 1776173025.8299968
1776173033.838206 1776173072.718236
1776173082.7284498 1776173130.9916635
1776173137.992457 1776173180.7086985
1776173186.7148151 1776173226.0915565
1776173229.094339 1776173278.5633183
1776173281.5664966 1776173327.6880102
1776173329.6901655 1776173372.5425842
1776173379.5464392 1776173417.8186274
1776173426.8278959 1776173470.5312324
1776173479.5403948 1776173524.0711622
1776173525.0722845 1776173572.954727
1776173580.9593403 1776173621.6661773
1776173631.6743424 1776173665.8813636
1776173666.882348 1776173716.6845973
1776173718.6867163 1776173761.553583
1776173765.557759 1776173805.5789502
1776173814.5792427 1776173855.5821931
1776173860.5874457 1776173902.1836312
1776173904.1858034 1776173934.8665223
1776173937.8696585 1776173992.5627947
1776173998.5663452 1776174048.2125554
1776174058.2169762 1776174096.4487932
1776174102.4490435 1776174142.2996974
1776174151.300148 1776174187.686485
1776174191.6905565 1776174243.707739
1776174247.7103264 1776174286.0492826
1776174291.054413 1776174329.5156517
1776174329.515831 1776174382.2020752
1776174385.202569 1776174429.590738
1776174430.5919094 1776174487.6247218
1776174495.6303425 1776174541.3912387
1776174546.396354 1776174588.7160137
1776174594.7183332 1776174637.6608107
1776174641.6615314 1776174700.8092377
1776174710.8194191 1776174745.8959951
1776174752.8969393 1776174809.027151
1776174813.0303514 1776174858.5321736
1776174866.5383263 1776174901.9383733
1776174901.9386058 1776174939.9214275
1776174939.9215724 1776175000.3457057
1776175008.3503373 1776175048.673579
1776175056.67834 1776175093.8049712
1776175096.8080857 1776175142.3311553
1776175150.3393383 1776175193.3201647
1776175193.3202434 1776175243.6667454
1776175248.6719346 1776175277.598554
1776175287.5992198 1776175332.8729198
1776175342.8830981 1776175380.2740116
1776175385.2752204 1776175426.1017892
1776175434.1063347 1776175469.1603897
1776175479.1703408 1776175511.7987704
1776175515.8028357 1776175560.5323064
1776175565.5375092 1776175608.8209267
