1776170714.6721678 1776170753.9074464
1776170762.9143374 1776170801.950882
1776170808.9580114 1776170852.568533
1776170861.5744715 1776170895.376387
1776170903.378379 1776170939.3578205
1776170942.3583333 1776170998.0438569
1776171008.0540102 1776171054.5110216
1776171058.5143518 1776171100.9645414
1776171102.9663255 1776171142.8263588
1776171147.8315425 1776171188.8131168
1776171195.8203723 1776171236.2445936
1776171242.2507849 1776171275.4334064
1776171281.4395847 1776171329.9623442
1776171333.9663467 1776171373.7879179
1776171380.7950685 1776171416.9187841
1776171421.9223442 1776171461.8342206
1776171468.8414116 1776171505.2904925
1776171515.291096 1776171553.743396
1776171563.7535706 1776171601.937559
1776171608.9380984 1776171648.6097505
1776171650.6103451 1776171696.6443694
1776171704.6525195 1776171746.6663866
1776171756.670349 1776171793.0880785
1776171797.0922894 1776171835.058573
1776171845.0688183 1776171892.547055
1776171902.5572412 1776171951.0273972
1776171958.034595 1776171996.4318469
1776172001.4370244 1776172042.2478328
1776172042.2479737 1776172101.2479577
1776172104.2511475 1776172149.3922648
1776172158.4014676 1776172202.7700624
1776172202.7701411 1776172255.3905897
1776172258.393793 1776172307.5382638
1776172310.5386586 1776172359.121523
1776172360.1227016 1776172405.905679
1776172411.9064364 1776172451.8903558
1776172458.8943408 1776172498.0738883
1776172503.0783353 1776172553.4421787
1776172557.4463522 1776172605.7031074
1776172609.7063375 1776172648.6164088
1776172652.6205442 1776172697.662964
1776172702.6681468 1776172755.7601485
1776172756.7613506 1776172796.8772888
1776172796.8773866 1776172863.13347
1776172872.1423411 1776172917.869726
1776172923.8758726 1776172971.995955
1776172972.996198 1776173026.2321274
1776173026.2322774 1776173076.0712519
1776173078.0718644 1776173130.835375
1776173140.8456135 1776173181.5417075
1776173190.5508204 1776173228.267234
1776173236.2753782 1776173280.7744217
1776173286.7751024 1776173331.5931242
1776173335.5975552 1776173380.9890783
1776173388.9973047 1776173419.9318357
1776173429.9384634 1776173466.2995043
1776173466.2996464 1776173520.8258414
1776173527.8303473 1776173570.040127
1776173578.0483177 1776173618.9206545
1776173628.930836 1776173667.16923
1776173671.1734288 1776173706.2001524
1776173709.2006311 1776173759.4982102
1776173760.4988534 1776173804.7040012
1776173806.706201 1776173853.9239726
1776173855.9244666 1776173904.0466053
1776173906.0487986 1776173952.5661867
1776173953.5673006 1776173991.078882
1776173991.0790203 1776174040.4437077
1776174047.4503613 1776174094.9284165
1776174102.9366279 1776174137.4786856
1776174138.4798744 1776174194.1212118
1776174198.1253886 1776174243.3415103
1776174244.3426526 1776174286.9732566
1776174290.9743423 1776174337.7290788
1776174346.7377095 1776174385.6206245
1776174387.6227756 1776174431.984425
1776174433.9865556 1776174478.9999738
1776174485.0006833 1776174532.6675828
1776174541.675277 1776174587.8545337
1776174588.8557262 1776174646.7614598
1776174650.7623525 1776174701.3433793
1776174708.3505235 1776174752.3471985
1776174755.3503506 1776174809.4091966
1776174809.4092832 1776174859.012056
1776174862.0143337 1776174902.7348685
1776174903.736068 1776174937.308049
1776174940.3103414 1776174996.805502
1776175000.8063464 1776175046.3454106
1776175053.3525934 1776175083.9558346
1776175086.9562988 1776175139.8790674
1776175148.8882546 1776175191.1411908
1776175192.1423707 1776175240.4016361
1776175247.4087832 1776175289.1833913
1776175296.1905956 1776175334.5540142
1776175339.5591645 1776175374.978251
1776175382.986444 1776175417.988834
1776175427.999024 1776175463.6263974
1776175463.6265004 1776175509.8464327
1776175514.8508081 1776175560.147284
1776175568.15434 1776175611.4572442
