1776170713.4969451 1776170754.5017061
1776170756.5023348 1776170804.298947
1776170809.3041227 1776170853.7004764
1776170853.7005782 1776170897.685046
1776170905.6932352 1776170943.839698
1776170943.8397896 1776171000.7341704
1776171000.7343338 1776171034.868772
1776171039.8739753 1776171094.6065834
1776171096.609045 1776171137.6527772
1776171145.6529827 1776171191.058209
1776171191.0583491 1776171228.622283
1776171234.6285448 1776171283.4473646
1776171285.4494708 1776171318.8360105
1776171325.8423615 1776171364.9086409
1776171372.914348 1776171414.1958756
1776171423.2023418 1776171461.1522498
1776171463.1526072 1776171504.7976465
1776171514.8078132 1776171554.794694
1776171562.802884 1776171596.6422122
1776171597.6431403 1776171647.1753664
1776171652.1805727 1776171696.7305272
1776171701.73435 1776171748.880574
1776171751.8837478 1776171789.7286556
1776171799.7388325 1776171844.1907072
1776171847.1938999 1776171894.8335135
1776171900.839637 1776171948.863377
1776171951.8665555 1776171995.055586
1776172005.0657904 1776172051.9956899
1776172051.9957654 1776172092.1790671
1776172102.1868258 1776172146.1167433
1776172147.1179216 1776172196.7321677
1776172203.738354 1776172255.4038036
1776172259.4063632 1776172298.0635152
1776172303.0686724 1776172352.9060428
1776172352.9061506 1776172409.884771
1776172409.8849025 1776172448.1995862
1776172453.2000177 1776172500.0433035
1776172509.0524652 1776172547.2683892
1776172555.2688491 1776172603.5090804
1776172607.5094357 1776172656.9127688
1776172660.914376 1776172703.3626149
1776172712.3718042 1776172757.3547072
1776172757.3547835 1776172811.2681928
1776172814.2703521 1776172863.0557008
1776172869.0583491 1776172914.5836911
1776172919.5888505 1776172968.9436574
1776172971.9468586 1776173025.4650683
1776173028.4682517 1776173073.2179298
1776173083.2182267 1776173129.413927
1776173138.4226472 1776173181.7255137
1776173181.7256458 1776173230.2224174
1776173231.2227824 1776173281.7684627
1776173286.770427 1776173329.997159
1776173340.000742 1776173376.2977326
1776173380.2983472 1776173422.7211092
1776173423.7223172 1776173476.110102
1776173481.1153073 1776173526.9351833
1776173528.9372997 1776173568.7865672
1776173568.7867067 1776173617.8232877
1776173621.8274217 1776173666.7139173
1776173674.7145126 1776173711.7467093
1776173715.7508364 1776173757.6174026
1776173766.6265862 1776173808.13704
1776173813.1421785 1776173854.9758122
1776173858.9783385 1776173901.1816816
1776173908.1888633 1776173945.8648176
1776173946.8660033 1776173989.9874568
1776173997.9943366 1776174046.1292043
1776174047.1303675 1776174097.6850557
1776174100.6882226 1776174137.0854137
1776174147.0943336 1776174188.5138652
1776174198.5149684 1776174239.3032594
1776174245.3093898 1776174292.7945852
1776174292.7947445 1776174340.0272954
1776174341.0284152 1776174387.7827258
1776174387.7828436 1776174431.6460643
1776174436.6503437 1776174486.985135
1776174487.9857376 1776174538.6304386
1776174542.634601 1776174588.82231
1776174593.8274372 1776174645.5781589
1776174648.5813675 1776174694.7525647
1776174694.7526414 1776174745.2317195
1776174748.2322958 1776174808.8197162
1776174811.8228488 1776174859.3278046
1776174862.3309894 1776174900.0666192
1776174907.0706997 1776174952.764379
1776174959.7715642 1776175000.1745415
1776175008.1753154 1776175041.767006
1776175042.7675722 1776175089.3946817
1776175089.3948216 1776175146.9635215
1776175154.9717076 1776175194.096745
1776175204.1063578 1776175234.846786
1776175238.8469448 1776175289.646978
1776175296.647306 1776175331.82031
1776175336.825474 1776175371.9820247
1776175380.9903376 1776175421.2530768
1776175423.2545466 1776175463.8083413
1776175468.8110704 1776175510.3016505
1776175519.3020658 1776175553.232326
1776175554.2334697 1776175607.4174414
