1776170713.7833245 1776170746.7538416
1776170756.764063 1776170801.778332
1776170801.7784674 1776170851.0633957
1776170856.0640743 1776170900.269281
1776170902.2714756 1776170947.6476438
1776170950.6507642 1776170985.8893752
1776170994.8897624 1776171050.674079
1776171053.674917 1776171087.8634257
1776171087.8635645 1776171145.6372986
1776171150.6424768 1776171193.7698667
1776171200.7743313 1776171232.3822494
1776171235.385437 1776171279.5868425
1776171288.596021 1776171328.5268903
1776171334.5331168 1776171376.551796
1776171376.5522342 1776171420.1491919
1776171426.1543393 1776171466.3221269
1776171475.3313286 1776171508.512904
1776171513.5180962 1776171549.123068
1776171554.128247 1776171602.312539
1776171605.3143406 1776171648.5127246
1776171650.5149105 1776171694.2747636
1776171703.2824478 1776171745.9609215
1776171745.9610503 1776171795.0797126
1776171796.0809362 1776171842.843181
1776171847.8434937 1776171893.0326092
1776171897.0368145 1776171946.8809676
1776171956.8911295 1776171995.745076
1776171998.7482514 1776172047.8104734
1776172049.8109229 1776172096.6145136
1776172100.618657 1776172151.4619696
1776172153.4641638 1776172201.9483607
1776172208.9554942 1776172253.614701
1776172263.624892 1776172299.3776364
1776172308.3783574 1776172359.1031063
1776172369.1103446 1776172410.778406
1776172414.782542 1776172454.519956
1776172461.5263317 1776172498.1243303
1776172506.132531 1776172550.8684385
1776172555.8735676 1776172608.474473
1776172612.4786808 1776172658.367268
1776172668.3774476 1776172706.5350342
1776172712.5411952 1776172755.0399132
1776172757.0421042 1776172809.8629773
1776172814.868164 1776172863.7277594
1776172866.7309115 1776172918.5599487
1776172924.562347 1776172967.403358
1776172973.4038615 1776173023.2858431
1776173028.2910025 1776173079.3504193
1776173088.3596122 1776173123.6398013
1776173125.6419282 1776173177.6789665
1776173181.6827712 1776173233.4446194
1776173234.4457786 1776173282.7872455
1776173292.794387 1776173330.9469962
1776173337.9541368 1776173374.1903481
1776173384.1983693 1776173430.2125773
1776173433.215766 1776173474.5442479
1776173479.5463524 1776173528.1135223
1776173531.1166918 1776173575.50708
1776173580.512228 1776173608.8448975
1776173610.8470693 1776173669.826877
1776173676.8274627 1776173713.3694787
1776173716.3706074 1776173759.108407
1776173765.11454 1776173810.092395
1776173817.0995893 1776173850.3891082
1776173857.394343 1776173901.9898884
1776173910.998342 1776173949.5719562
1776173954.5723453 1776173997.3559
1776174004.3561592 1776174048.9801993
1776174055.987369 1776174097.6192253
1776174099.621389 1776174141.683044
1776174148.686341 1776174190.0838544
1776174198.0920687 1776174248.9155319
1776174249.9167295 1776174287.6491442
1776174297.6593301 1776174339.0632353
1776174348.0724266 1776174384.3341875
1776174384.3343356 1776174438.242506
1776174443.242814 1776174487.8795092
1776174493.8856893 1776174539.74141
1776174542.7446008 1776174576.4882536
1776174586.4983742 1776174640.652733
1776174646.6583395 1776174701.9099755
1776174711.9201736 1776174757.6464393
1776174761.6503458 1776174802.4329271
1776174807.4380746 1776174858.230221
1776174862.2343526 1776174902.6244419
1776174904.6266131 1776174950.302874
1776174958.3103492 1776174982.8541722
1776174983.8552885 1776175052.326716
1776175058.3303387 1776175093.1873999
1776175096.1903358 1776175145.4959264
1776175146.4971097 1776175194.0708797
1776175201.0743623 1776175242.22836
1776175252.2385623 1776175279.996074
1776175289.0052764 1776175328.92611
1776175335.9303973 1776175378.444327
1776175382.448465 1776175426.191781
1776175431.1943493 1776175470.4416704
1776175472.4423733 1776175514.3837192
1776175521.3839579 1776175556.1265218
1776175559.1297276 1776175610.2133675
