1765895916.3845735 1765895986.6629505
1765895986.662973 1765896043.55007
1765896043.5500934 1765896117.4470263
1765896117.4470477 1765896171.572692
1765896171.5727408 1765896221.4994328
1765896221.499457 1765896278.267327
1765896278.2673485 1765896346.5934994
1765896346.5935464 1765896411.1787267
1765896411.1787539 1765896453.907902
1765896453.9079278 1765896513.1656532
1765896513.1656814 1765896561.1767976
1765896561.1768181 1765896627.7541254
1765896627.7541718 1765896699.586805
1765896699.5868294 1765896761.6923237
1765896761.6923468 1765896823.4921043
1765896823.4921293 1765896875.1602614
1765896875.160286 1765896929.5321841
1765896929.5322108 1765896999.3262994
1765896999.3263278 1765897032.7478855
1765897032.7479048 1765897078.5757835
1765897078.5758095 1765897136.4974272
1765897136.4974458 1765897207.9661453
1765897207.9661717 1765897273.4132142
1765897273.4132395 1765897328.8092296
1765897328.8092532 1765897382.9363878
1765897382.936414 1765897441.1032348
1765897441.103271 1765897489.9611638
1765897489.961189 1765897547.4712012
1765897547.4712248 1765897611.0521562
1765897611.0521784 1765897660.9596946
1765897660.959713 1765897725.4797795
1765897725.4798055 1765897770.617172
1765897770.6171904 1765897841.4179344
1765897841.4179604 1765897917.0624788
1765897917.0624976 1765897977.1510496
1765897977.151074 1765898038.9551358
1765898038.9551558 1765898089.398378
1765898089.398404 1765898163.5956705
1765898163.595689 1765898213.855326
1765898213.8553526 1765898276.373053
1765898276.373071 1765898336.3988497
1765898336.398875 1765898398.6679232
1765898398.6679485 1765898455.280035
1765898455.2800558 1765898498.468493
1765898498.4685178 1765898562.5579798
1765898562.5579994 1765898630.618337
1765898630.6183636 1765898684.364803
1765898684.3648207 1765898741.2407475
1765898741.240771 1765898803.0656614
1765898803.0656798 1765898856.7198164
1765898856.719841 1765898930.8807094
1765898930.880743 1765898995.3339028
1765898995.3339233 1765899056.9555366
1765899056.9555628 1765899119.9786813
1765899119.9786987 1765899161.7603679
1765899161.7603948 1765899211.9378946
1765899211.9379134 1765899271.2006822
1765899271.200708 1765899328.045102
1765899328.045122 1765899370.5799184
1765899370.579942 1765899427.209565
1765899427.2095852 1765899470.4763527
1765899470.4763775 1765899537.0375714
1765899537.037591 1765899605.4231303
1765899605.4231563 1765899671.6937032
1765899671.693722 1765899726.8715384
1765899726.8715646 1765899781.4171057
1765899781.4171255 1765899832.2729034
1765899832.2729452 1765899885.5859113
1765899885.5859315 1765899940.5002792
1765899940.500306 1765899990.8723204
1765899990.8723407 1765900050.1539843
1765900050.1540089 1765900079.1723986
1765900079.1724193 1765900126.4024172
1765900126.402444 1765900195.1387577
1765900195.1387773 1765900257.5933783
1765900257.593405 1765900314.3223982
1765900314.3224177 1765900393.2117562
1765900393.211782 1765900437.178596
1765900437.1786218 1765900488.584073
1765900488.584092 1765900558.9957395
1765900558.9957654 1765900613.7733536
1765900613.7733724 1765900679.2821898
1765900679.282217 1765900719.142347
1765900719.1423697 1765900779.1110015
1765900779.1110237 1765900824.5289586
1765900824.528985 1765900875.329556
1765900875.3295748 1765900918.7160776
1765900918.7161024 1765900984.7971208
1765900984.7971413 1765901044.2695048
1765901044.2695305 1765901105.438136
1765901105.438155 1765901172.2766116
1765901172.2766385 1765901226.494849
1765901226.494875 1765901278.5888064
1765901278.5888336 1765901338.0135107
1765901338.0135312 1765901386.519719
1765901386.5197449 1765901439.952041
1765901439.9520679 1765901506.436686
1765901506.4367063 1765901561.8734987
1765901561.8735325 1765901636.9641936
1765901636.9642186 1765901704.1722546
