1765895917.8073843 1765895988.4627228
1765895988.4627433 1765896043.2147894
1765896043.214815 1765896115.2339528
1765896115.2339792 1765896174.0427547
1765896174.0427802 1765896222.3529649
1765896222.352983 1765896276.4376132
1765896276.4376392 1765896343.9298604
1765896343.9298854 1765896411.7618124
1765896411.7618313 1765896464.5515492
1765896464.5515747 1765896521.0763717
1765896521.0763974 1765896582.990817
1765896582.9908495 1765896632.495416
1765896632.495436 1765896699.5441144
1765896699.5441377 1765896751.074857
1765896751.074877 1765896819.714753
1765896819.7147777 1765896879.0987556
1765896879.0987864 1765896929.796041
1765896929.7960653 1765896981.6522112
1765896981.6522365 1765897036.0689435
1765897036.0689688 1765897082.749504
1765897082.7495294 1765897162.9294035
1765897162.9294276 1765897207.6880298
1765897207.6880505 1765897278.1455603
1765897278.1455848 1765897325.0989363
1765897325.098962 1765897380.2809627
1765897380.2809825 1765897444.431208
1765897444.4312344 1765897498.2425213
1765897498.24254 1765897553.9414492
1765897553.9414747 1765897612.9041026
1765897612.904121 1765897667.5191667
1765897667.5191925 1765897723.6560802
1765897723.6560998 1765897783.6092126
1765897783.6092374 1765897851.588089
1765897851.5881135 1765897921.5326295
1765897921.5326476 1765897973.402841
1765897973.4028676 1765898043.6588252
1765898043.6588607 1765898092.3516023
1765898092.3516278 1765898163.0903084
1765898163.0903344 1765898215.1809003
1765898215.1809273 1765898275.4854233
1765898275.485448 1765898329.1957095
1765898329.195735 1765898404.9935966
1765898404.9936216 1765898454.6401029
1765898454.6401267 1765898504.3386197
1765898504.338642 1765898562.1513844
1765898562.1514082 1765898627.7403834
1765898627.740404 1765898687.5919132
1765898687.5919385 1765898748.4376228
1765898748.4376552 1765898813.0010097
1765898813.0010276 1765898873.8093712
1765898873.809398 1765898930.3251934
1765898930.3252237 1765898996.0364063
1765898996.036425 1765899054.0261302
1765899054.0261552 1765899121.510261
1765899121.510279 1765899155.9679961
1765899155.968022 1765899205.3873336
1765899205.3873575 1765899269.5997
1765899269.59972 1765899325.6333668
1765899325.6333895 1765899367.4842591
1765899367.4842806 1765899417.5983262
1765899417.5983522 1765899478.1802053
1765899478.1802287 1765899544.6288874
1765899544.6289089 1765899615.4215171
1765899615.421542 1765899673.87571
1765899673.8757343 1765899735.4890964
1765899735.4891202 1765899783.4120758
1765899783.412101 1765899830.8531783
1765899830.8532038 1765899894.5329552
1765899894.5329828 1765899937.5735803
1765899937.5736065 1765899995.8041239
1765899995.8041477 1765900032.897571
1765900032.8975906 1765900086.8316312
1765900086.831656 1765900131.9616404
1765900131.9616663 1765900199.1353414
1765900199.135367 1765900258.7919557
1765900258.7919824 1765900319.8242116
1765900319.8242366 1765900387.4322233
1765900387.4322495 1765900440.3740711
1765900440.374096 1765900489.7963953
1765900489.7964163 1765900555.8780963
1765900555.8781216 1765900609.5511005
1765900609.5511236 1765900673.4643013
1765900673.4643261 1765900716.9300408
1765900716.930061 1765900773.9541538
1765900773.9541788 1765900823.2218256
1765900823.2218454 1765900885.8426266
1765900885.8426526 1765900930.9828928
1765900930.9829166 1765900984.9587133
1765900984.9587405 1765901053.1133282
1765901053.113356 1765901108.5908856
1765901108.5909035 1765901173.1283557
1765901173.1283815 1765901242.3801653
1765901242.3801901 1765901283.8722742
1765901283.8722992 1765901344.1558416
1765901344.1558661 1765901385.4647195
1765901385.4647405 1765901435.4559526
1765901435.4559772 1765901503.754273
1765901503.7542984 1765901557.5154212
1765901557.5154395 1765901634.6817873
1765901634.6818116 1765901703.451766
