1765895913.0797231 1765895982.651441
1765895982.6514678 1765896036.226304
1765896036.2263443 1765896106.289649
1765896106.2896755 1765896164.3407326
1765896164.340758 1765896216.4543896
1765896216.45441 1765896272.252404
1765896272.252432 1765896339.1268847
1765896339.126906 1765896408.5408149
1765896408.5408363 1765896458.2861736
1765896458.2862 1765896516.6750414
1765896516.6750643 1765896575.3316393
1765896575.3316698 1765896626.7386706
1765896626.7386918 1765896697.829093
1765896697.8291194 1765896755.616523
1765896755.6165466 1765896819.9133263
1765896819.9133563 1765896867.0256367
1765896867.0256639 1765896923.4921787
1765896923.4922128 1765896975.5844097
1765896975.5844364 1765897025.5044012
1765897025.5044541 1765897081.4300609
1765897081.4300876 1765897149.0070927
1765897149.0071235 1765897206.112969
1765897206.1129951 1765897267.850729
1765897267.8507493 1765897324.4164524
1765897324.4164786 1765897382.3673513
1765897382.367377 1765897435.9434419
1765897435.9434628 1765897488.0697842
1765897488.069804 1765897546.3723202
1765897546.3723464 1765897612.86813
1765897612.8681512 1765897668.343444
1765897668.3434703 1765897724.850494
1765897724.8505144 1765897777.4216154
1765897777.4216404 1765897843.044275
1765897843.0442972 1765897910.7262006
1765897910.7262216 1765897973.9139757
1765897973.914003 1765898032.9667473
1765898032.9667678 1765898098.513209
1765898098.513235 1765898156.9692268
1765898156.969251 1765898213.4783483
1765898213.4783764 1765898263.8269262
1765898263.8269467 1765898326.5511818
1765898326.5512085 1765898408.8393202
1765898408.839342 1765898452.593872
1765898452.5938995 1765898507.7406707
1765898507.7406995 1765898566.8176234
1765898566.8176703 1765898627.2493908
1765898627.2494094 1765898685.8184943
1765898685.8185196 1765898742.107661
1765898742.1076813 1765898807.6992471
1765898807.6992736 1765898862.0456
1765898862.0456197 1765898915.6357968
1765898915.6358232 1765899001.4665258
1765899001.4665465 1765899056.9190521
1765899056.9190798 1765899114.040582
1765899114.0406013 1765899160.5649934
1765899160.565021 1765899208.6481307
1765899208.6481516 1765899272.1931849
1765899272.1932118 1765899331.190687
1765899331.1907065 1765899381.086917
1765899381.086946 1765899430.7564616
1765899430.7564821 1765899479.670543
1765899479.6705685 1765899551.1374445
1765899551.137465 1765899612.417775
1765899612.417802 1765899671.2877908
1765899671.2878113 1765899738.261792
1765899738.2618191 1765899778.4827526
1765899778.4827743 1765899831.8681993
1765899831.8682263 1765899891.946901
1765899891.946922 1765899941.5563614
1765899941.5563827 1765899997.7772334
1765899997.7772613 1765900044.6686096
1765900044.6686363 1765900087.375253
1765900087.375274 1765900132.7339678
1765900132.7339904 1765900199.524457
1765900199.5244827 1765900258.5755572
1765900258.5755785 1765900322.9736822
1765900322.973709 1765900390.0405493
1765900390.04057 1765900424.912717
1765900424.9127445 1765900497.8891642
1765900497.8891912 1765900553.8923478
1765900553.8923688 1765900623.6720665
1765900623.6720927 1765900675.449926
1765900675.4499505 1765900727.215592
1765900727.215615 1765900784.6889954
1765900784.6890225 1765900832.0089443
1765900832.0089686 1765900886.1585355
1765900886.158558 1765900931.0518208
1765900931.051848 1765900990.2301056
1765900990.230126 1765901050.0470872
1765901050.0471127 1765901116.6171274
1765901116.6171486 1765901165.3185449
1765901165.3185723 1765901215.886399
1765901215.886425 1765901272.094513
1765901272.0945334 1765901321.7221723
1765901321.7221982 1765901389.1122913
1765901389.1123178 1765901450.5819974
1765901450.582018 1765901506.640269
1765901506.6402972 1765901571.707475
1765901571.7074962 1765901638.1756582
1765901638.175678 1765901702.5984528
