1760528339.106224 1760528362.1164715
1760528371.1276636 1760528395.239347
1760528399.2433786 1760528427.75238
1760528430.7555041 1760528456.392782
1760528463.3999562 1760528489.1514225
1760528489.1514466 1760528520.4063828
1760528523.407625 1760528548.952547
1760528552.9556098 1760528580.8587337
1760528586.8636966 1760528607.3914902
1760528615.3995607 1760528636.52611
1760528639.527622 1760528661.4473157
1760528664.4476988 1760528687.2082527
1760528690.2113626 1760528718.6927981
1760528728.7029183 1760528747.1659696
1760528757.1756475 1760528771.4818687
1760528779.4899867 1760528804.4332516
1760528806.4353757 1760528836.199126
1760528838.199621 1760528865.2106426
1760528868.211672 1760528894.5025675
1760528895.503709 1760528925.3341293
1760528927.3356385 1760528955.4044626
1760528955.404494 1760528982.791032
1760528991.7927527 1760529010.9033585
1760529018.91149 1760529034.318078
1760529037.321211 1760529062.0320084
1760529069.0356135 1760529088.0007923
1760529090.003037 1760529119.844453
1760529122.8476062 1760529143.3912184
1760529150.3959851 1760529167.8505251
1760529167.8505557 1760529196.1144636
1760529197.1155486 1760529221.877818
1760529231.887699 1760529247.884488
1760529249.886606 1760529272.5773826
1760529272.577404 1760529298.8366988
1760529308.8436434 1760529325.0804472
1760529329.0846093 1760529360.9421186
1760529369.947688 1760529394.483755
1760529399.4876757 1760529424.0817235
1760529431.0888083 1760529463.528094
1760529473.5382228 1760529500.4212193
1760529505.4263434 1760529533.970953
1760529534.9716766 1760529563.0007567
1760529568.0036774 1760529604.0458784
1760529609.0509565 1760529638.8692532
1760529638.8692722 1760529678.455674
1760529682.4596634 1760529711.1424444
1760529719.1477005 1760529743.762995
1760529745.763622 1760529779.7514117
1760529787.7558732 1760529806.5139747
1760529815.5230472 1760529837.848687
1760529840.8516054 1760529870.0262306
1760529879.0318253 1760529902.118367
1760529905.1195977 1760529929.3743095
1760529930.375417 1760529963.505776
1760529973.5156121 1760529999.1101558
1760530002.1132474 1760530030.081825
1760530038.0876114 1760530065.65443
1760530070.6556504 1760530089.6722114
1760530095.675599 1760530117.90644
1760530126.9155567 1760530151.8679047
1760530161.878028 1760530181.8307478
1760530182.8316116 1760530213.673614
1760530221.6797218 1760530243.1797762
1760530244.1808543 1760530274.0205522
1760530282.0276754 1760530304.3128865
1760530308.3156884 1760530336.6187806
1760530339.6218977 1760530372.6273675
1760530382.6356285 1760530404.2797005
1760530408.2836387 1760530435.4180944
1760530444.4272113 1760530461.3246224
1760530464.327602 1760530489.9786015
1760530495.9847188 1760530515.148498
1760530523.155696 1760530542.667305
1760530549.671669 1760530566.790456
1760530571.795533 1760530594.3701956
1760530604.3802726 1760530623.556501
1760530630.5596163 1760530651.4771094
1760530657.4832256 1760530679.5732374
1760530687.5756953 1760530707.4107263
1760530707.410753 1760530737.036721
1760530744.0437813 1760530765.641681
1760530766.6417897 1760530792.600657
1760530795.603623 1760530822.3313153
1760530830.3356693 1760530849.9729297
1760530849.9729521 1760530879.778909
1760530879.7789326 1760530905.493777
1760530909.4956303 1760530934.5855598
1760530939.5876274 1760530959.3233328
1760530964.3284955 1760530984.5172842
1760530988.5196242 1760531012.1690948
1760531018.1749878 1760531040.2483616
1760531042.250486 1760531067.7874331
1760531073.7935426 1760531091.5769985
1760531098.5837233 1760531119.792891
1760531125.7990072 1760531144.8823652
1760531146.8842425 1760531172.4156754
1760531176.419695 1760531200.200832
1760531209.207766 1760531225.0338743
1760531234.03969 1760531250.0914063
1760531256.0956326 1760531281.9534047
