1760528348.032703 1760528368.3720021
1760528374.375674 1760528396.8580563
1760528406.8677306 1760528423.5254612
1760528425.5276248 1760528459.4085078
1760528468.4156837 1760528492.36914
1760528495.3716526 1760528524.8610759
1760528526.863162 1760528551.7126613
1760528559.7196183 1760528583.6591089
1760528585.659686 1760528610.2052598
1760528620.2116835 1760528639.601148
1760528646.6076975 1760528663.9879637
1760528664.9891033 1760528691.4814582
1760528699.48955 1760528720.005944
1760528729.0116816 1760528750.259892
1760528753.263033 1760528776.2479773
1760528777.2485335 1760528807.737986
1760528807.7380247 1760528838.5828295
1760528848.5929728 1760528867.122052
1760528869.1241992 1760528897.0576568
1760528899.0596943 1760528926.744906
1760528928.7470098 1760528959.3721201
1760528968.3812723 1760528982.3558142
1760528988.359683 1760529007.5074754
1760529008.5081854 1760529037.897957
1760529041.9020863 1760529063.4713924
1760529063.4714205 1760529090.226486
1760529092.2276819 1760529121.429776
1760529125.4339163 1760529147.0002859
1760529149.0023682 1760529173.066145
1760529177.0676525 1760529199.7992282
1760529206.8063648 1760529220.3864696
1760529226.3916752 1760529251.3737621
1760529255.3757 1760529276.4712677
1760529283.4783587 1760529300.221902
1760529302.2240148 1760529326.5213673
1760529332.5274954 1760529362.1343117
1760529367.1394475 1760529397.3101165
1760529405.3182688 1760529427.754262
1760529429.7556882 1760529463.4093988
1760529468.4117043 1760529501.5094354
1760529507.5116508 1760529532.7999597
1760529538.80587 1760529569.189144
1760529570.1902685 1760529595.7472026
1760529598.7503538 1760529644.6169415
1760529652.6250293 1760529674.2417943
1760529679.2436225 1760529713.5189795
1760529716.5220735 1760529749.6059835
1760529752.6077127 1760529782.366267
1760529791.3754199 1760529811.9192138
1760529818.92371 1760529843.096277
1760529843.0963144 1760529874.893165
1760529882.8999312 1760529908.666148
1760529913.6676412 1760529940.3472285
1760529950.3556871 1760529968.7263813
1760529972.7276325 1760530002.0664573
1760530003.0675426 1760530031.8581896
1760530040.8673272 1760530066.128547
1760530075.13563 1760530090.2841883
1760530100.2943199 1760530120.3212535
1760530120.321291 1760530152.4776392
1760530158.4836147 1760530182.0066936
1760530183.007624 1760530214.5823066
1760530214.5823417 1760530242.7217493
1760530250.7298868 1760530274.0280316
1760530277.0311704 1760530304.0166886
1760530312.0248272 1760530333.3317375
1760530334.332839 1760530370.3758962
1760530370.3759446 1760530403.909437
1760530408.911634 1760530436.5484378
1760530444.555866 1760530460.5607111
1760530470.5676663 1760530487.6993375
1760530488.699688 1760530512.7302809
1760530520.738433 1760530540.7199
1760530542.7211287 1760530567.1391845
1760530569.1396365 1760530597.1629915
1760530607.1716306 1760530625.249363
1760530626.2504466 1760530655.062239
1760530660.0673764 1760530682.640983
1760530682.6410158 1760530711.326188
1760530720.332628 1760530738.0283024
1760530739.0293844 1760530768.2009792
1760530777.2100801 1760530793.8175051
1760530800.8246377 1760530821.6708949
1760530825.6750264 1760530853.3168368
1760530853.3168666 1760530879.2106867
1760530881.2116475 1760530903.2819753
1760530910.2876756 1760530931.5408723
1760530931.5409048 1760530961.7233715
1760530965.7274716 1760530990.2700984
1760530991.2711778 1760531018.275519
1760531020.2776608 1760531046.5810168
1760531051.5836687 1760531072.3122375
1760531079.315641 1760531097.2191648
1760531103.2236416 1760531123.6538346
1760531123.653862 1760531149.5213716
1760531154.5265136 1760531177.7808723
1760531178.7819705 1760531204.24643
1760531214.2557514 1760531227.1206763
1760531228.121769 1760531252.229031
1760531261.2381725 1760531283.1166782
