1756376717.3374832 1756376739.8415825
1756376739.8416073 1756376767.5415368
1756376767.5415626 1756376799.570503
1756376799.5705245 1756376824.626083
1756376824.6261077 1756376855.572288
1756376855.5723128 1756376886.2071326
1756376886.2071617 1756376907.7407806
1756376907.7408154 1756376935.0327435
1756376935.0327666 1756376959.3930228
1756376959.3930583 1756376985.1500058
1756376985.1500282 1756377013.818138
1756377013.818165 1756377053.57357
1756377053.573595 1756377087.7940755
1756377087.794101 1756377112.8208065
1756377112.82083 1756377138.4656756
1756377138.4656985 1756377170.577114
1756377170.5771363 1756377192.5918958
1756377192.5919228 1756377219.706762
1756377219.7067869 1756377241.7212312
1756377241.7212555 1756377270.255291
1756377270.2553163 1756377303.1979713
1756377303.1980035 1756377324.8847713
1756377324.884807 1756377346.1928332
1756377346.1928577 1756377367.9423783
1756377367.9424045 1756377399.3133464
1756377399.313374 1756377426.1418753
1756377426.1419 1756377454.9269228
1756377454.9269438 1756377480.0566719
1756377480.0566952 1756377510.5432918
1756377510.5433297 1756377532.3469133
1756377532.3469384 1756377556.0895956
1756377556.089631 1756377579.8027725
1756377579.8027976 1756377599.7924914
1756377599.7925184 1756377622.8407025
1756377622.840729 1756377650.717435
1756377650.7174582 1756377679.9352667
1756377679.9353123 1756377715.4581404
1756377715.4581673 1756377752.116129
1756377752.1161637 1756377779.1391106
1756377779.1391351 1756377803.4953105
1756377803.4953341 1756377826.9239573
1756377826.923986 1756377852.1530697
1756377852.1530976 1756377878.2747128
1756377878.2747333 1756377908.3296585
1756377908.329691 1756377927.0104716
1756377927.0104978 1756377950.0235431
1756377950.0235753 1756377973.292256
1756377973.2922962 1756377997.4874036
1756377997.4874318 1756378026.2617338
1756378026.261756 1756378049.3564997
1756378049.3565304 1756378083.876342
1756378083.876366 1756378115.846994
1756378115.847024 1756378146.6938074
1756378146.6938436 1756378175.4091425
1756378175.4091814 1756378203.0849707
1756378203.084995 1756378232.330277
1756378232.3303072 1756378260.6350694
1756378260.6350937 1756378298.73383
1756378298.733855 1756378320.435905
1756378320.435948 1756378350.5944843
1756378350.594513 1756378379.7653568
1756378379.7653794 1756378397.566173
1756378397.5662017 1756378420.1646347
1756378420.1646729 1756378453.4337268
1756378453.43376 1756378486.978391
1756378486.9784212 1756378514.5819302
1756378514.5819597 1756378543.9252005
1756378543.9252293 1756378577.4086118
1756378577.4086337 1756378603.4195807
1756378603.419619 1756378631.6739633
1756378631.673985 1756378657.6871183
1756378657.6871457 1756378686.5063126
1756378686.5063336 1756378713.0153897
1756378713.0154116 1756378739.0414665
1756378739.0414934 1756378766.060256
1756378766.060315 1756378794.9344907
1756378794.9345133 1756378823.233018
1756378823.23304 1756378844.832329
1756378844.832354 1756378871.7345173
1756378871.734539 1756378891.896648
1756378891.8966708 1756378918.8386478
1756378918.8386772 1756378947.0713887
1756378947.071417 1756378972.651667
1756378972.651701 1756378998.5725005
1756378998.5725212 1756379025.5457036
1756379025.5457325 1756379050.4402115
1756379050.4402325 1756379073.6709135
1756379073.6709461 1756379094.2379
1756379094.2379212 1756379129.975132
1756379129.9751651 1756379154.8910298
1756379154.8910613 1756379183.4895601
1756379183.489588 1756379223.4597833
1756379223.4598103 1756379238.418234
1756379238.418256 1756379264.4045634
1756379264.404593 1756379288.0741951
1756379288.0742145 1756379310.128151
1756379310.1281831 1756379332.0485501
1756379332.0485706 1756379359.314739
1756379359.3147743 1756379383.0921228
1756379383.0921452 1756379406.4626591
