1756528870.0314744 1756528903.2122552
1756528903.2122762 1756528950.1319964
1756528950.132019 1756528989.4362173
1756528989.436254 1756529037.5236359
1756529037.52366 1756529073.42026
1756529073.4202878 1756529090.4969807
1756529090.4970226 1756529116.7558687
1756529116.7558923 1756529138.5375078
1756529138.5375273 1756529163.5071912
1756529163.5072246 1756529192.4267645
1756529192.426784 1756529219.1448338
1756529219.1448584 1756529258.055222
1756529258.0552487 1756529296.1465297
1756529296.146554 1756529327.1162686
1756529327.1162949 1756529360.2535782
1756529360.2536225 1756529393.2566597
1756529393.2566912 1756529424.9815073
1756529424.9815333 1756529457.241214
1756529457.2412364 1756529487.8165417
1756529487.816568 1756529513.0550807
1756529513.0551004 1756529541.9290109
1756529541.9290342 1756529574.1644263
1756529574.1644523 1756529603.5207915
1756529603.5208206 1756529626.1589766
1756529626.1589956 1756529658.713027
1756529658.7130566 1756529687.7125778
1756529687.7126029 1756529715.1920342
1756529715.1920626 1756529744.8570411
1756529744.8570664 1756529774.2256627
1756529774.2256868 1756529803.1740024
1756529803.1740305 1756529837.8724074
1756529837.8724363 1756529878.4517639
1756529878.451793 1756529918.9982665
1756529918.9982965 1756529964.2440643
1756529964.244091 1756530002.1439047
1756530002.1439319 1756530035.7562222
1756530035.7562551 1756530069.7583103
1756530069.7583466 1756530103.2493386
1756530103.249365 1756530139.4007847
1756530139.400816 1756530174.7935352
1756530174.7935574 1756530200.942143
1756530200.9421704 1756530232.2599123
1756530232.2599504 1756530264.1297626
1756530264.129784 1756530297.5001154
1756530297.5001364 1756530323.665722
1756530323.66575 1756530347.6196854
1756530347.6197078 1756530371.5014791
1756530371.501502 1756530397.2698274
1756530397.2698476 1756530419.8776207
1756530419.877639 1756530450.5238175
1756530450.5238495 1756530478.3407223
1756530478.3407476 1756530511.0396116
1756530511.039635 1756530556.1097584
1756530556.1097856 1756530575.6040263
1756530575.6040468 1756530608.0036917
1756530608.0037196 1756530648.6163774
1756530648.6163983 1756530681.94947
1756530681.949497 1756530714.582091
1756530714.582111 1756530748.131407
1756530748.1314275 1756530778.1116784
1756530778.1117082 1756530804.9504602
1756530804.95048 1756530843.9873433
1756530843.9873707 1756530873.6411088
1756530873.641136 1756530906.1692336
1756530906.1692605 1756530934.8591824
1756530934.8592057 1756530964.5004015
1756530964.500432 1756530993.2931104
1756530993.2931428 1756531025.7523303
1756531025.752376 1756531060.112215
1756531060.1122587 1756531085.29285
1756531085.2928789 1756531119.5149233
1756531119.5149496 1756531152.7890306
1756531152.7890527 1756531181.7191405
1756531181.7191722 1756531208.0305068
1756531208.030529 1756531237.5995522
1756531237.5996122 1756531266.502764
1756531266.502784 1756531295.0363786
1756531295.0364058 1756531325.7713792
1756531325.7714007 1756531349.9304693
1756531349.9304903 1756531371.0226576
1756531371.022697 1756531394.874241
1756531394.8742611 1756531415.3106658
1756531415.3106885 1756531438.793396
1756531438.7934265 1756531465.3054345
1756531465.305457 1756531488.5134096
1756531488.5134444 1756531524.0963159
1756531524.096342 1756531564.046496
1756531564.0465236 1756531615.3330922
1756531615.3331146 1756531654.5664954
1756531654.5665162 1756531686.5011356
1756531686.501165 1756531709.8801525
1756531709.8801777 1756531742.1781335
1756531742.178161 1756531780.451424
1756531780.4514456 1756531818.9095678
1756531818.9095907 1756531854.3081346
1756531854.30816 1756531892.313307
1756531892.3133268 1756531927.0917408
1756531927.0917628 1756531964.5783105
1756531964.5783648 1756531996.1931775
1756531996.1932154 1756532038.7858386
