1756528873.9671743 1756528901.512359
1756528901.5123782 1756528948.282177
1756528948.2821965 1756528987.8385193
1756528987.838543 1756529031.578075
1756529031.5780976 1756529071.608932
1756529071.6089613 1756529096.6394475
1756529096.639473 1756529119.5854943
1756529119.585525 1756529142.2437973
1756529142.2438164 1756529166.3925078
1756529166.392529 1756529195.155426
1756529195.155453 1756529224.5027528
1756529224.5027752 1756529260.6947088
1756529260.6947315 1756529291.0004814
1756529291.0005138 1756529330.8645294
1756529330.864575 1756529366.2765555
1756529366.2765775 1756529396.257551
1756529396.2575672 1756529429.0687833
1756529429.0688074 1756529464.334271
1756529464.3342946 1756529490.8059537
1756529490.8059726 1756529521.2033048
1756529521.203328 1756529549.9473085
1756529549.947332 1756529577.9447174
1756529577.944736 1756529605.3478158
1756529605.3478353 1756529629.1823852
1756529629.182406 1756529659.191905
1756529659.191928 1756529688.8590913
1756529688.8591154 1756529715.2308676
1756529715.2308872 1756529743.816754
1756529743.8167713 1756529773.286245
1756529773.2862718 1756529806.0303602
1756529806.0303788 1756529838.1779878
1756529838.1780152 1756529875.8546324
1756529875.8546495 1756529918.205658
1756529918.205681 1756529966.9314332
1756529966.9314537 1756530004.5723877
1756530004.5724063 1756530034.3420167
1756530034.3420393 1756530067.6045566
1756530067.6045814 1756530103.7439082
1756530103.743927 1756530137.9833205
1756530137.983344 1756530175.8251638
1756530175.8251843 1756530202.0286644
1756530202.028691 1756530234.489494
1756530234.4895155 1756530267.3390377
1756530267.3390565 1756530297.5766673
1756530297.5766912 1756530318.5440216
1756530318.5440412 1756530343.8086433
1756530343.8086617 1756530374.2532706
1756530374.2532895 1756530400.301458
1756530400.301484 1756530423.071837
1756530423.0718606 1756530449.4283144
1756530449.42834 1756530478.2149987
1756530478.215022 1756530514.9115038
1756530514.9115248 1756530554.845794
1756530554.8458111 1756530574.4466126
1756530574.4466336 1756530606.7324116
1756530606.7324286 1756530647.3149695
1756530647.314991 1756530680.5835726
1756530680.5836053 1756530712.03585
1756530712.0358708 1756530744.5855622
1756530744.58558 1756530776.7976327
1756530776.797648 1756530801.9223266
1756530801.9223483 1756530834.5445123
1756530834.5445292 1756530867.7002194
1756530867.7002418 1756530903.0489876
1756530903.0490053 1756530929.4725313
1756530929.472555 1756530960.6174688
1756530960.6174848 1756530988.2699244
1756530988.2699447 1756531021.9967477
1756531021.9967687 1756531055.811837
1756531055.811855 1756531085.7983887
1756531085.7984066 1756531117.5033011
1756531117.5033257 1756531149.5527518
1756531149.5527713 1756531181.819526
1756531181.819554 1756531210.8575244
1756531210.8575444 1756531239.1650705
1756531239.165104 1756531270.0558994
1756531270.0559258 1756531298.338249
1756531298.3382697 1756531328.2141612
1756531328.2141788 1756531354.4865022
1756531354.4865248 1756531375.284126
1756531375.2841477 1756531398.9571311
1756531398.9571495 1756531413.0157301
1756531413.0157473 1756531436.5669014
1756531436.5669255 1756531462.7697766
1756531462.7697988 1756531486.7858858
1756531486.7859087 1756531526.7145832
1756531526.7146022 1756531566.6083724
1756531566.6084037 1756531616.1038234
1756531616.1038432 1756531656.5226552
1756531656.5226772 1756531689.3229036
1756531689.3229253 1756531712.5984058
1756531712.5984285 1756531748.1241887
1756531748.124209 1756531786.115721
1756531786.115749 1756531820.9516394
1756531820.9516573 1756531859.1792986
1756531859.1793225 1756531895.3429296
1756531895.3429484 1756531928.7505093
1756531928.7505333 1756531964.752312
1756531964.7523322 1756531998.8989613
1756531998.8989909 1756532042.4775116
