1776257241.5417075 1776257271.3623664
1776257279.3703544 1776257321.9866767
1776257322.9878414 1776257354.526345
1776257360.530347 1776257389.5801182
1776257398.589262 1776257426.3219059
1776257429.3250387 1776257469.931089
1776257472.9342463 1776257503.5373998
1776257505.5395331 1776257539.0459144
1776257547.0540986 1776257576.1663268
1776257582.1724727 1776257612.8090706
1776257621.8182583 1776257654.7255492
1776257656.7265875 1776257692.8293104
1776257695.8324895 1776257722.15467
1776257730.1623366 1776257767.9432387
1776257772.9436865 1776257794.6803288
1776257803.6863408 1776257840.7129726
1776257840.7131186 1776257877.6343062
1776257884.6415067 1776257915.803812
1776257915.8039203 1776257960.1629672
1776257960.1631052 1776258006.799047
1776258011.8041713 1776258039.8165553
1776258045.822727 1776258087.4398346
1776258088.4410188 1776258124.4815223
1776258134.4917405 1776258168.039292
1776258171.0424628 1776258205.320221
1776258208.3234358 1776258246.2784696
1776258255.2876723 1776258279.1591675
1776258288.1623378 1776258320.3274353
1776258328.3354776 1776258355.0642183
1776258365.074395 1776258400.313507
1776258408.3216813 1776258442.5803752
1776258446.5845547 1776258484.3429134
1776258494.3531454 1776258518.9607117
1776258519.96186 1776258553.8543494
1776258558.8594697 1776258586.4426663
1776258594.4503438 1776258616.4263387
1776258624.4344375 1776258656.1732104
1776258658.1753888 1776258700.0863645
1776258705.0914688 1776258736.6794817
1776258742.685653 1776258769.0674653
1776258779.0776498 1776258803.5744548
1776258813.5823355 1776258835.864429
1776258837.866339 1776258874.8299687
1776258884.8378937 1776258914.7027104
1776258922.710883 1776258958.3560033
1776258959.3571339 1776258994.8178883
1776258998.8193564 1776259031.828958
1776259033.829395 1776259069.300269
1776259076.3063364 1776259105.7885263
1776259109.7903314 1776259149.7083776
1776259152.7115269 1776259187.5323374
1776259188.5334828 1776259224.52442
1776259228.5285947 1776259267.0327759
1776259267.0329108 1776259305.759198
1776259312.7663553 1776259346.6475625
1776259355.6503322 1776259385.8804216
1776259390.8808322 1776259414.1671343
1776259416.1692991 1776259452.735456
1776259462.738355 1776259498.6396966
1776259501.6414285 1776259537.9827628
1776259537.9828353 1776259577.678554
1776259583.6823304 1776259621.3231118
1776259629.3303258 1776259665.0356147
1776259670.0383358 1776259700.5457168
1776259706.550328 1776259737.370009
1776259738.3709867 1776259778.5976598
1776259779.5988393 1776259819.7598088
1776259828.768977 1776259858.2250946
1776259864.2303586 1776259893.3567479
1776259901.3623414 1776259940.7733853
1776259941.7745497 1776259979.9352345
1776259985.9414113 1776260024.1019025
1776260033.1110075 1776260064.1645832
1776260071.1717563 1776260097.714729
1776260097.7147973 1776260147.7826133
1776260149.783169 1776260188.189038
1776260196.1952426 1776260230.1924984
1776260236.1987164 1776260264.8221955
1776260272.8223956 1776260298.7965071
1776260303.8016787 1776260348.6066837
1776260358.6171727 1776260388.0667207
1776260390.0688264 1776260418.4218583
1776260428.4319963 1776260458.9991417
1776260466.9997938 1776260496.0848114
1776260503.0903308 1776260536.9363706
1776260538.9383366 1776260566.7764807
1776260567.7775826 1776260619.789855
1776260629.8000333 1776260652.8242168
1776260656.828362 1776260697.1026096
1776260700.105753 1776260735.8092985
1776260742.8164532 1776260773.9352946
1776260778.9404304 1776260814.4635231
1776260822.471708 1776260855.209529
1776260865.219642 1776260891.9915857
1776260898.9987583 1776260933.4500904
1776260942.4583352 1776260973.5058198
1776260973.5060408 1776261019.7723467
1776261019.7724164 1776261052.3534696
1776261057.3539937 1776261089.2396224
1776261095.2457705 1776261129.9001853
