1776257246.0691006 1776257282.9795442
1776257283.980845 1776257321.3067527
1776257324.307348 1776257353.1936326
1776257359.194549 1776257390.391526
1776257396.3977196 1776257424.3195665
1776257425.320693 1776257460.1766112
1776257461.1777954 1776257500.8647115
1776257507.8719058 1776257538.8958158
1776257543.9009635 1776257575.1143465
1776257577.1165106 1776257614.6017935
1776257616.6023383 1776257652.6511395
1776257656.6553454 1776257693.503164
1776257699.5093238 1776257729.5495284
1776257737.5576725 1776257760.786513
1776257762.7886922 1776257801.6863406
1776257801.68649 1776257840.307096
1776257840.3071747 1776257877.768172
1776257882.7733524 1776257915.653923
1776257925.664069 1776257960.8755116
1776257968.8823402 1776258006.7209275
1776258009.7240658 1776258047.0488698
1776258051.0530624 1776258081.4236293
1776258081.4237874 1776258130.0492651
1776258131.0504236 1776258163.26258
1776258164.263362 1776258207.3433294
1776258210.3463504 1776258245.0034552
1776258253.003918 1776258283.1628656
1776258287.167084 1776258324.7111282
1776258324.7112272 1776258362.969771
1776258362.9699364 1776258402.0251377
1776258410.0270674 1776258441.814825
1776258446.815237 1776258481.541349
1776258487.5464659 1776258515.036013
1776258522.0431416 1776258543.0709822
1776258544.072343 1776258584.8442738
1776258590.8503213 1776258623.477866
1776258628.4830601 1776258660.0424073
1776258665.0463305 1776258699.6874936
1776258709.6976094 1776258734.8952377
1776258736.8974698 1776258769.0127954
1776258773.016974 1776258806.5275083
1776258811.5326583 1776258839.4682322
1776258848.4743335 1776258872.535157
1776258877.535798 1776258915.8558059
1776258920.8610125 1776258952.6539667
1776258962.6642072 1776258986.5529444
1776258993.5601342 1776259032.4210942
1776259039.4263346 1776259070.1120524
1776259071.1132462 1776259109.3947966
1776259116.4019072 1776259150.2363884
1776259156.242502 1776259191.456314
1776259199.4645004 1776259225.6601772
1776259231.6663296 1776259261.3233094
1776259264.3264923 1776259304.424383
1776259314.434509 1776259344.6265264
1776259349.6317163 1776259376.919332
1776259376.919439 1776259418.4766326
1776259423.4804478 1776259456.7455246
1776259465.7546492 1776259496.7517972
1776259498.7539787 1776259537.374042
1776259543.380214 1776259577.5019093
1776259578.5025818 1776259623.6569333
1776259626.660111 1776259663.6341114
1776259666.6372344 1776259703.2278137
1776259708.2303398 1776259740.0248065
1776259743.0265055 1776259778.5877314
1776259786.5959475 1776259820.779309
1776259824.783503 1776259856.7880676
1776259862.7941124 1776259896.2775698
1776259898.2796793 1776259942.8431704
1776259952.8512442 1776259976.2753897
1776259983.2762632 1776260021.6843615
1776260023.686327 1776260069.6280096
1776260078.6371965 1776260110.0343575
1776260111.0354705 1776260150.4475327
1776260158.4547138 1776260186.136538
1776260191.1371355 1776260232.3254843
1776260241.3343422 1776260270.824376
1776260272.8263369 1776260307.2024193
1776260317.2103376 1776260349.2977228
1776260356.3048322 1776260375.5534809
1776260377.554339 1776260423.0115867
1776260430.018773 1776260453.5443392
1776260455.5464542 1776260496.7981837
1776260504.8063345 1776260538.4318824
1776260544.438004 1776260581.738468
1776260586.7417684 1776260619.0006833
1776260620.0018673 1776260659.9285216
1776260666.934335 1776260698.4999065
1776260705.5063453 1776260736.4008696
1776260744.408985 1776260766.683518
1776260766.6836486 1776260812.628384
1776260819.6355336 1776260846.2984207
1776260856.3086948 1776260896.757357
1776260903.7645419 1776260936.0787616
1776260940.0829487 1776260974.4310327
1776260978.4352074 1776261015.9952264
1776261019.9983542 1776261060.1290884
1776261062.1312714 1776261093.929536
1776261094.9303427 1776261126.6129127
