1761204000.0894895 1761204026.8499837
1761204034.8572803 1761204066.9449174
1761204072.9511201 1761204110.1061668
1761204111.107511 1761204148.2453744
1761204157.2545698 1761204198.3092377
1761204204.3156002 1761204232.0073152
1761204237.0116036 1761204265.3437858
1761204275.3540804 1761204298.8980124
1761204304.9042425 1761204336.1686475
1761204336.1688395 1761204369.643376
1761204379.651736 1761204407.1205463
1761204411.1236172 1761204442.5099244
1761204451.5191634 1761204472.3810835
1761204474.3832664 1761204507.8872068
1761204508.888411 1761204540.8969843
1761204550.9036896 1761204572.140862
1761204578.1471715 1761204611.5381517
1761204619.5463662 1761204641.6643906
1761204644.667645 1761204675.0714238
1761204677.0736134 1761204706.4398258
1761204715.449078 1761204761.6371527
1761204762.6383297 1761204824.8691573
1761204827.8722854 1761204879.2724495
1761204888.2816887 1761204942.6351132
1761204948.641349 1761204999.5639637
1761205004.5676737 1761205054.943891
1761205059.9491355 1761205118.8421073
1761205120.844336 1761205168.098828
1761205171.101971 1761205213.5110068
1761205218.5162435 1761205254.5944655
1761205258.5958242 1761205302.6529655
1761205310.6611881 1761205351.7186928
1761205359.7269402 1761205402.1031125
1761205405.104323 1761205442.3776264
1761205444.3797536 1761205479.1382823
1761205485.1436288 1761205520.8584406
1761205522.859624 1761205568.3217807
1761205576.3276587 1761205614.5074043
1761205621.5146024 1761205665.4786336
1761205672.4858751 1761205705.9191506
1761205708.9196706 1761205749.712106
1761205753.7160397 1761205797.1080365
1761205806.1160803 1761205836.6132376
1761205836.6133206 1761205873.358164
1761205881.366427 1761205915.492514
1761205922.4996657 1761205954.4216065
1761205962.4298458 1761205993.8500054
1761205997.854205 1761206037.318468
1761206038.319681 1761206066.182828
1761206066.1829545 1761206099.3966758
1761206105.3983803 1761206133.7094424
1761206136.7116444 1761206168.410167
1761206170.4122279 1761206203.4881985
1761206213.4956713 1761206236.2966456
1761206238.298857 1761206265.4796636
1761206265.4797876 1761206300.4665835
1761206307.4738393 1761206332.6100273
1761206334.6122708 1761206364.7641063
1761206368.7682931 1761206401.2739031
1761206409.2805467 1761206437.2259495
1761206445.2317147 1761206479.4539382
1761206487.462254 1761206516.260808
1761206516.260943 1761206548.7174685
1761206549.7186532 1761206578.898881
1761206587.8992934 1761206605.7094333
1761206615.7196195 1761206644.4159698
1761206644.416089 1761206682.6421402
1761206684.644329 1761206736.285425
1761206737.2866156 1761206779.9956558
1761206783.999617 1761206827.0644426
1761206827.0645669 1761206865.5894165
1761206870.5946019 1761206905.5109272
1761206915.5211484 1761206962.7076623
1761206968.7117357 1761207021.2674103
1761207030.275704 1761207063.7612834
1761207071.7695265 1761207101.0363278
1761207105.0396726 1761207135.0170424
1761207138.019652 1761207180.4591577
1761207189.4676394 1761207228.0261602
1761207235.0316749 1761207287.387583
1761207297.3978703 1761207341.1403718
1761207341.140489 1761207391.4192903
1761207395.419641 1761207449.3220656
1761207454.3272626 1761207497.5844488
1761207502.5879276 1761207553.868286
1761207554.8695114 1761207613.2280607
1761207623.2357183 1761207654.955404
1761207657.9585774 1761207688.315709
1761207690.3161745 1761207728.1593316
1761207728.159494 1761207766.0005074
1761207770.0036764 1761207802.1539564
1761207802.154082 1761207843.6393735
1761207846.6425567 1761207880.223909
1761207882.2261593 1761207913.6332936
1761207919.6394947 1761207951.5514462
1761207954.554647 1761207985.7761357
1761207986.7773528 1761208024.67355
1761208028.677712 1761208059.2861776
1761208067.2944071 1761208095.9808156
1761208100.983669 1761208131.230151
