1776309052.873743 1776309080.4975007
1776309080.4975448 1776309114.7075303
1776309114.707571 1776309145.96351
1776309145.963538 1776309174.911211
1776309174.9112356 1776309202.8346226
1776309202.834643 1776309226.157989
1776309226.1580117 1776309263.188352
1776309263.1883764 1776309295.4479856
1776309295.44801 1776309328.391082
1776309328.3911016 1776309353.809273
1776309353.809297 1776309386.873962
1776309386.8739824 1776309416.001412
1776309416.001456 1776309440.7483635
1776309440.7484033 1776309476.5065484
1776309476.5065713 1776309502.4488993
1776309502.4489226 1776309543.4735546
1776309543.4735787 1776309575.291077
1776309575.2910998 1776309609.3409848
1776309609.341005 1776309643.3835957
1776309643.3836184 1776309679.9262505
1776309679.9262688 1776309709.7626235
1776309709.7626462 1776309745.1844265
1776309745.1844466 1776309776.3590045
1776309776.3590262 1776309813.7036524
1776309813.70367 1776309848.5999963
1776309848.6000197 1776309881.1511843
1776309881.1512034 1776309907.1574566
1776309907.1574736 1776309943.518255
1776309943.518277 1776309976.2469473
1776309976.246967 1776310006.2894003
1776310006.289418 1776310047.2768242
1776310047.2768486 1776310073.312768
1776310073.3127859 1776310107.8229918
1776310107.8230155 1776310138.9590695
1776310138.959088 1776310168.3216848
1776310168.321707 1776310199.12549
1776310199.1255083 1776310227.8657053
1776310227.8657343 1776310253.7330117
1776310253.73303 1776310283.0234191
1776310283.0234423 1776310309.6267805
1776310309.6267996 1776310340.1911588
1776310340.1911762 1776310368.6163435
1776310368.6163666 1776310396.2566535
1776310396.2566714 1776310423.1455188
1776310423.1455407 1776310450.1440938
1776310450.1441169 1776310482.1292295
1776310482.1292477 1776310506.2242203
1776310506.224238 1776310530.8274424
1776310530.827466 1776310560.6808696
1776310560.680893 1776310586.7713
1776310586.7713182 1776310622.7116606
1776310622.7116787 1776310648.752617
1776310648.7526402 1776310675.0202553
1776310675.0202742 1776310719.3475966
1776310719.3476193 1776310746.3811214
1776310746.3811395 1776310788.643462
1776310788.6434844 1776310813.3848195
1776310813.3848398 1776310840.8600068
1776310840.8600242 1776310878.2777846
1776310878.277808 1776310908.5443115
1776310908.54433 1776310938.2582574
1776310938.2582803 1776310979.489353
1776310979.4893723 1776311001.5352995
1776311001.535322 1776311037.7202804
1776311037.720304 1776311068.0204728
1776311068.0204947 1776311101.304795
1776311101.304813 1776311134.0385816
1776311134.0385997 1776311171.205967
1776311171.2059858 1776311204.0064754
1776311204.0065002 1776311228.8033178
1776311228.803336 1776311255.3176756
1776311255.3176997 1776311287.734917
1776311287.7349408 1776311318.2411187
1776311318.2411356 1776311348.003386
1776311348.0034099 1776311382.252507
1776311382.2525313 1776311405.0523763
1776311405.0524008 1776311437.9045296
1776311437.9045534 1776311457.7566895
1776311457.756708 1776311492.9369366
1776311492.936962 1776311522.4799147
1776311522.4799373 1776311551.9080973
1776311551.9081159 1776311587.0669923
1776311587.0670161 1776311618.1168208
1776311618.11684 1776311645.9980338
1776311645.9980578 1776311673.060551
1776311673.0605688 1776311698.1629086
1776311698.162932 1776311738.6207223
1776311738.620747 1776311770.1463418
1776311770.1463642 1776311800.1658244
1776311800.1658447 1776311827.8085275
1776311827.8085508 1776311857.6940117
1776311857.6940298 1776311889.668179
1776311889.6682014 1776311927.4564264
1776311927.456447 1776311963.0562947
1776311963.0563133 1776311992.608452
1776311992.6084757 1776312021.319687
1776312021.319706 1776312050.8144088
1776312050.8144283 1776312079.4012203
1776312079.4012434 1776312111.4842877
1776312111.4843106 1776312141.0985372
