1776309052.20063 1776309076.6849236
1776309076.6849473 1776309112.4801397
1776309112.4801607 1776309144.1049428
1776309144.1049826 1776309167.5381975
1776309167.538217 1776309204.6299753
1776309204.6300008 1776309233.2090335
1776309233.2090538 1776309266.9389067
1776309266.9389307 1776309300.0805702
1776309300.0805893 1776309320.6228862
1776309320.6229117 1776309358.6847508
1776309358.6847744 1776309388.6699877
1776309388.6700065 1776309409.2404609
1776309409.2404864 1776309446.820328
1776309446.820353 1776309477.004402
1776309477.0044208 1776309507.872686
1776309507.8727102 1776309543.6141288
1776309543.6141486 1776309573.465144
1776309573.465167 1776309608.3715281
1776309608.3715527 1776309642.70604
1776309642.7060654 1776309674.771905
1776309674.7719283 1776309714.6656535
1776309714.6656773 1776309745.1372383
1776309745.137257 1776309778.9416788
1776309778.941703 1776309809.7965932
1776309809.796611 1776309847.787044
1776309847.7870677 1776309876.3428073
1776309876.3428261 1776309911.1796594
1776309911.1796834 1776309942.5289376
1776309942.5289612 1776309969.5611193
1776309969.561139 1776310004.1923704
1776310004.1923888 1776310045.748606
1776310045.748631 1776310073.805025
1776310073.8050497 1776310109.284414
1776310109.2844357 1776310139.6155818
1776310139.6156082 1776310171.0495143
1776310171.0495365 1776310200.6242223
1776310200.6242428 1776310223.9372284
1776310223.9372535 1776310259.1492167
1776310259.1492352 1776310284.6373136
1776310284.6373382 1776310309.8875144
1776310309.887534 1776310341.74134
1776310341.7413645 1776310364.0205238
1776310364.0205426 1776310395.6722493
1776310395.6722744 1776310425.896357
1776310425.896376 1776310452.7036598
1776310452.7036798 1776310480.3200498
1776310480.3200898 1776310504.5081081
1776310504.5081277 1776310533.1367514
1776310533.1367707 1776310558.486152
1776310558.4861767 1776310588.868048
1776310588.8680673 1776310621.8858333
1776310621.8858578 1776310649.9309003
1776310649.9309256 1776310687.140723
1776310687.140749 1776310715.7714868
1776310715.7715096 1776310745.781871
1776310745.781893 1776310777.1839168
1776310777.1839418 1776310811.5907433
1776310811.5907652 1776310845.2081356
1776310845.208173 1776310874.7458725
1776310874.745896 1776310905.0760758
1776310905.0761042 1776310942.3179617
1776310942.3179874 1776310974.12438
1776310974.1243982 1776311004.622365
1776311004.6223862 1776311034.2718542
1776311034.2718732 1776311067.964592
1776311067.9646168 1776311090.5221794
1776311090.5221977 1776311132.6419642
1776311132.6419907 1776311170.334929
1776311170.3349478 1776311201.9200983
1776311201.9201248 1776311226.8679554
1776311226.8679812 1776311263.4062853
1776311263.406316 1776311290.022839
1776311290.0228636 1776311313.9746776
1776311313.974703 1776311349.0329506
1776311349.0329697 1776311379.7450716
1776311379.7450907 1776311408.4767928
1776311408.476827 1776311432.5874732
1776311432.587492 1776311463.255167
1776311463.2551942 1776311494.074483
1776311494.0745025 1776311526.0109272
1776311526.0109527 1776311557.2143347
1776311557.214354 1776311584.0806274
1776311584.0806465 1776311618.4535894
1776311618.4536157 1776311641.677954
1776311641.6779733 1776311675.0068555
1776311675.0068803 1776311700.9793515
1776311700.9793723 1776311737.6346333
1776311737.63466 1776311766.0357027
1776311766.0357232 1776311795.6507945
1776311795.6508205 1776311834.7620456
1776311834.7620726 1776311862.095187
1776311862.0952077 1776311892.0255115
1776311892.0255377 1776311922.657504
1776311922.6575286 1776311957.232457
1776311957.2324827 1776311994.074223
1776311994.0742433 1776312023.542603
1776312023.5426278 1776312053.8155901
1776312053.815615 1776312083.2064602
1776312083.20648 1776312114.8759115
1776312114.8759356 1776312133.395595
