1751802110.812101 1751802141.8996518
1751802141.899675 1751802165.3463557
1751802165.34638 1751802194.74553
1751802194.745549 1751802220.0510185
1751802220.0510464 1751802248.9677913
1751802248.9678125 1751802269.7529688
1751802269.7529874 1751802301.328217
1751802301.3282394 1751802329.0413814
1751802329.0414023 1751802354.7455533
1751802354.7455726 1751802379.5200949
1751802379.5201206 1751802406.342405
1751802406.3424315 1751802437.4930375
1751802437.4930637 1751802465.6077614
1751802465.6077816 1751802490.3023777
1751802490.3024023 1751802527.2194736
1751802527.2194984 1751802553.8585246
1751802553.8585424 1751802580.0935588
1751802580.0935793 1751802614.122663
1751802614.1226978 1751802642.264449
1751802642.2644746 1751802661.92784
1751802661.9278648 1751802685.8657165
1751802685.8657339 1751802718.3096592
1751802718.3096807 1751802746.7256973
1751802746.7257178 1751802778.589031
1751802778.5890553 1751802801.3048182
1751802801.3048384 1751802829.7019956
1751802829.7020154 1751802854.1505353
1751802854.150553 1751802887.736082
1751802887.7361047 1751802929.4154375
1751802929.4154615 1751802954.8001635
1751802954.800184 1751802991.7710235
1751802991.7710433 1751803027.5817108
1751803027.5817318 1751803057.7513971
1751803057.7514195 1751803082.4651039
1751803082.4651268 1751803113.8483977
1751803113.848416 1751803132.4779232
1751803132.4779444 1751803166.0346982
1751803166.0347302 1751803189.6053405
1751803189.6053672 1751803216.8191583
1751803216.819179 1751803247.46745
1751803247.4674678 1751803282.4130409
1751803282.4130669 1751803312.857927
1751803312.8579445 1751803345.690681
1751803345.690703 1751803379.0565948
1751803379.056622 1751803405.9605267
1751803405.9605536 1751803437.495707
1751803437.4957278 1751803467.5204167
1751803467.520442 1751803498.3584316
1751803498.358451 1751803524.3328557
1751803524.332879 1751803550.39379
1751803550.3938181 1751803582.3316047
1751803582.3316226 1751803607.2588234
1751803607.2588542 1751803649.4958165
1751803649.4958422 1751803669.5133076
1751803669.5133314 1751803705.0939486
1751803705.0939677 1751803732.2016523
1751803732.2016804 1751803766.0748148
1751803766.0748513 1751803797.075863
1751803797.0759 1751803822.041488
1751803822.0415118 1751803846.7272506
1751803846.727266 1751803873.1160357
1751803873.1160583 1751803911.105518
1751803911.1055412 1751803944.8335097
1751803944.8335266 1751803968.8900561
1751803968.8900764 1751804005.2371943
1751804005.237212 1751804039.9858456
1751804039.985868 1751804077.5013194
1751804077.5013404 1751804110.9599
1751804110.9599283 1751804140.2300327
1751804140.2300656 1751804175.5291061
1751804175.5291328 1751804199.2865918
1751804199.2866166 1751804230.4443684
1751804230.4443898 1751804261.834372
1751804261.834395 1751804286.4338286
1751804286.4338546 1751804314.1195326
1751804314.1195507 1751804348.1665883
1751804348.1666076 1751804377.4650981
1751804377.4651322 1751804404.3417358
1751804404.341754 1751804429.060844
1751804429.0608747 1751804458.7750294
1751804458.775053 1751804497.926628
1751804497.926649 1751804522.2285764
1751804522.228598 1751804556.0951698
1751804556.0951927 1751804590.305212
1751804590.3052325 1751804619.895465
1751804619.8954926 1751804646.215712
1751804646.215734 1751804676.2234263
1751804676.2234626 1751804692.2515292
1751804692.2515512 1751804720.1212826
1751804720.1213098 1751804751.1349125
1751804751.134935 1751804779.1220734
1751804779.1220944 1751804799.836381
1751804799.8364003 1751804831.248616
1751804831.2486439 1751804863.5583959
1751804863.5584126 1751804891.9748971
1751804891.9749234 1751804914.5108845
1751804914.5109048 1751804945.859361
1751804945.8593812 1751804987.8451457
1751804987.845168 1751805017.2091246
1751805017.2091467 1751805042.0203974
1751805042.0204244 1751805070.5213392
1751805070.5213609 1751805095.3404238
1751805095.3404543 1751805120.845481
1751805120.845499 1751805150.91061
1751805150.9106348 1751805178.623207
1751805178.6232264 1751805216.706533
1751805216.7065651 1751805243.8029833
1751805243.8030298 1751805277.6944559
1751805277.6944754 1751805314.3314166
1751805314.331438 1751805342.7649963
1751805342.7650292 1751805378.723485
1751805378.7235029 1751805398.9317791
1751805398.9318032 1751805431.6862752
1751805431.6863008 1751805468.7296166
1751805468.7296338 1751805497.0357108
1751805497.0357425 1751805518.211583
1751805518.2116013 1751805553.2772017
1751805553.2772248 1751805588.9929414
1751805588.9929583 1751805629.7941763
1751805629.7942014 1751805661.6714187
1751805661.6714408 1751805685.3235326
1751805685.3235562 1751805707.2738311
1751805707.2738466 1751805734.5465446
1751805734.546565 1751805769.727484
1751805769.7275064 1751805802.0227976
1751805802.0228167 1751805832.4953516
1751805832.495375 1751805856.578166
1751805856.5781856 1751805896.6820157
1751805896.682039 1751805921.569795
1751805921.5698123 1751805944.8186703
1751805944.8186922 1751805975.441628
1751805975.4416459 1751806002.1652286
1751806002.1652496 1751806028.4177825
1751806028.4178073 1751806056.057077
1751806056.0571036 1751806081.855534
1751806081.8555522 1751806116.9837701
1751806116.9837978 1751806150.5090399
1751806150.5090594 1751806187.1744592
1751806187.174486 1751806213.1851125
1751806213.1851385 1751806242.7458384
1751806242.7458637 1751806272.5862732
1751806272.5862925 1751806295.8220792
1751806295.8220987 1751806326.9811654
1751806326.9811895 1751806359.7099814
1751806359.7100024 1751806387.062284
1751806387.0623016 1751806413.439799
1751806413.4398246 1751806445.5654504
1751806445.5654705 1751806479.5609934
1751806479.5610232 1751806509.6924336
1751806509.6924522 1751806540.8377917
1751806540.8378146 1751806567.1897383
1751806567.189762 1751806593.2901933
1751806593.2902203 1751806626.5003626
1751806626.5003827 1751806648.9149375
1751806648.9149675 1751806683.6645868
1751806683.664604 1751806711.8575706
1751806711.857595 1751806736.51683
1751806736.516851 1751806765.5240765
1751806765.5241108 1751806794.270049
1751806794.2700694 1751806821.6227133
1751806821.6227374 1751806847.0332532
1751806847.0332701 1751806876.7624826
1751806876.7625103 1751806899.029894
1751806899.0299208 1751806930.657483
1751806930.6575055 1751806967.1428227
1751806967.1428454 1751806990.2277775
1751806990.2277985 1751807023.0730176
1751807023.0730364 1751807059.9982743
1751807059.9982934 1751807088.153907
1751807088.1539319 1751807123.2130387
1751807123.2130573 1751807156.1007211
1751807156.1007462 1751807189.7393398
1751807189.7393584 1751807219.5920653
1751807219.5920885 1751807245.6865416
1751807245.6865623 1751807281.7203474
1751807281.7203743 1751807314.550582
1751807314.5506046 1751807347.5445762
1751807347.5445974 1751807372.0132058
1751807372.01323 1751807402.381129
1751807402.3811512 1751807424.0866215
1751807424.08664 1751807450.1914341
1751807450.1914546 1751807493.8788676
1751807493.8788939 1751807518.3155878
1751807518.3156066 1751807542.559655
1751807542.5596788 1751807576.2513506
1751807576.2513735 1751807598.141553
1751807598.1415749 1751807623.1578553
1751807623.1578813 1751807658.331987
1751807658.332008 1751807686.8691688
1751807686.8691936 1751807719.6666353
1751807719.6666577 1751807751.3860052
1751807751.3860302 1751807777.075164
1751807777.0751824 1751807800.4031801
1751807800.403209 1751807835.7239866
1751807835.7240071 1751807861.4995596
1751807861.4995954 1751807891.0960116
1751807891.096031 1751807920.8376048
1751807920.8376276 1751807948.4012938
1751807948.401322 1751807971.9208226
1751807971.920848 1751808004.2317817
1751808004.2318077 1751808037.8528492
1751808037.8528674 1751808064.425357
1751808064.4253783 1751808102.4503741
1751808102.4504008 1751808120.407965
1751808120.407987 1751808156.9085171
1751808156.9085548 1751808175.8670216
1751808175.8670456 1751808204.9328167
1751808204.9328377 1751808242.1471434
1751808242.14717 1751808269.36158
1751808269.3616002 1751808293.7940462
1751808293.7940798 1751808325.4601507
1751808325.4601722 1751808353.674145
1751808353.6741664 1751808385.024049
1751808385.0240715 1751808409.2691581
1751808409.2691774 1751808436.2300513
1751808436.2300737 1751808466.5296881
1751808466.529705 1751808504.7753031
1751808504.7753322 1751808535.5971947
1751808535.5972133 1751808567.4431343
1751808567.443167 1751808594.788269
1751808594.7882874 1751808620.426185
1751808620.4262094 1751808645.43427
1751808645.4342875 1751808679.9577997
1751808679.9578247 1751808729.405945
1751808729.4059684 1751808744.7002041
1751808744.7002254 1751808772.6570683
1751808772.657087 1751808806.8682494
1751808806.8682785 1751808838.7304873
1751808838.7305198 1751808865.9326377
1751808865.9326587 1751808892.5049179
1751808892.5049396 1751808921.2408054
1751808921.2408288 1751808945.2243152
1751808945.2243338 1751808978.1353054
1751808978.1353211 1751809010.8730547
1751809010.8730795 1751809039.2958846
1751809039.2959034 1751809078.0985456
1751809078.0985703 1751809105.6203017
1751809105.6203275 1751809132.640975
1751809132.6409976 1751809158.2484212
1751809158.2484493 1751809188.6225684
1751809188.6225846 1751809223.328321
1751809223.3283455 1751809252.993644
1751809252.993665 1751809289.6953754
1751809289.695404 1751809314.9982462
1751809314.99827 1751809359.3420913
1751809359.3421104 1751809381.695979
1751809381.6959991 1751809414.6769242
1751809414.6769476 1751809445.7872896
1751809445.7873073 1751809481.0518603
1751809481.0519025 1751809502.6520467
1751809502.6520627 1751809540.087788
1751809540.087817 1751809568.0211372
1751809568.0211546 1751809602.5496106
1751809602.5496364 1751809624.9128456
1751809624.9128692 1751809654.9945066
1751809654.99453 1751809684.2477908
1751809684.2478092 1751809710.3801882
1751809710.380215 1751809741.590944
1751809741.590966 1751809770.1409712
1751809770.140998 1751809797.4252992
1751809797.425319 1751809827.3637886
1751809827.3638144 1751809855.5571775
1751809855.5571997 1751809881.5901053
1751809881.5901232 1751809909.7758448
1751809909.7758722 1751809947.6290543
1751809947.629074 1751809968.125985
1751809968.1260011 1751810001.355019
1751810001.3550425 1751810023.8555067
1751810023.855523 1751810059.90579
1751810059.905815 1751810084.5665598
1751810084.5665784 1751810115.827335
1751810115.827361 1751810140.4889352
1751810140.4889581 1751810171.8675573
1751810171.8676054 1751810197.5267823
1751810197.5268047 1751810230.87238
1751810230.8724 1751810259.2926927
1751810259.2927167 1751810285.788269
1751810285.7882893 1751810322.7865553
1751810322.786579 1751810353.794664
1751810353.7946844 1751810390.000944
1751810390.0009682 1751810424.7624507
1751810424.7624753 1751810450.1915317
1751810450.1915545 1751810478.6771152
1751810478.6771402 1751810510.1249223
1751810510.1249413 1751810538.2613091
1751810538.2613323 1751810573.035165
1751810573.035182 1751810599.332381
1751810599.3324077 1751810633.1465282
1751810633.1465485 1751810661.0247455
1751810661.0247703 1751810691.8218396
1751810691.8218617 1751810711.4584742
1751810711.4584982 1751810742.759422
1751810742.7594428 1751810782.7831054
1751810782.7831275 1751810809.1340857
1751810809.134104 1751810843.6551423
1751810843.655168 1751810867.4621773
1751810867.462195 1751810889.7067401
1751810889.7067633 1751810928.8659294
1751810928.8659496 1751810947.3325632
1751810947.3325844 1751810977.8758802
1751810977.8758974 1751811014.988259
1751811014.988284 1751811047.5465689
1751811047.5465894 1751811068.3509445
1751811068.3509629 1751811105.797835
1751811105.7978613 1751811133.2469642
1751811133.2469835 1751811160.7276616
1751811160.727688 1751811190.6079023
1751811190.6079216 1751811227.7634299
1751811227.7634468 1751811258.3942387
1751811258.3942616 1751811271.218181
1751811271.2182016 1751811305.331277
1751811305.331294 1751811330.5964189
1751811330.5964422 1751811365.9758408
1751811365.9758666 1751811402.6840913
1751811402.6841085 1751811430.216662
1751811430.2166853 1751811461.7295842
1751811461.7296062 1751811491.3977046
1751811491.397722 1751811524.5500917
1751811524.5501149 1751811556.6188202
1751811556.6188366 1751811577.6774561
1751811577.677481 1751811612.391306
1751811612.3913229 1751811630.4982562
1751811630.4982736 1751811667.603166
1751811667.6031897 1751811704.3166685
1751811704.3166912 1751811740.8950288
1751811740.8950531 1751811761.683246
1751811761.6832724 1751811784.2411535
1751811784.2411706 1751811816.9338524
1751811816.933874 1751811835.476757
1751811835.476776 1751811868.4943314
1751811868.494365 1751811895.6471922
1751811895.64722 1751811920.2445734
1751811920.2445943 1751811941.2455986
1751811941.24562 1751811975.6676946
1751811975.6677139 1751812018.952268
1751812018.9522927 1751812045.1143665
1751812045.1143887 1751812066.193653
1751812066.193672 1751812104.2844744
1751812104.2844954 1751812139.962857
1751812139.9628792 1751812166.749481
1751812166.749498 1751812204.5266974
1751812204.5267227 1751812240.8781927
1751812240.878221 1751812264.101403
1751812264.1014254 1751812281.9635518
1751812281.9635751 1751812312.509844
1751812312.5098605 1751812349.123087
1751812349.1231132 1751812379.652124
1751812379.6521447 1751812408.314397
1751812408.3144214 1751812436.1086187
1751812436.108638 1751812477.016921
1751812477.0169442 1751812501.9053445
1751812501.9053628 1751812532.9072285
1751812532.9072535 1751812558.3629425
1751812558.362961 1751812594.124687
1751812594.1247125 1751812617.5735877
1751812617.5736105 1751812643.8813276
1751812643.8813446 1751812678.6011648
1751812678.6011915 1751812703.5961668
1751812703.5961869 1751812732.7070725
1751812732.7070947 1751812762.564287
1751812762.5643134 1751812792.7676592
1751812792.7676775 1751812817.4108715
1751812817.410895 1751812853.3499913
1751812853.3500087 1751812884.4006248
1751812884.4006443 1751812921.907469
1751812921.9074945 1751812953.0814075
1751812953.0814266 1751812978.3377879
1751812978.337815 1751813008.2400165
1751813008.2400355 1751813039.5704968
1751813039.5705223 1751813069.155293
1751813069.1553104 1751813097.9222794
1751813097.9222987 1751813118.2878087
1751813118.2878258 1751813155.4879367
1751813155.4879708 1751813186.9996736
1751813186.9996936 1751813208.9011943
1751813208.901218 1751813240.053333
1751813240.053362 1751813266.533756
1751813266.5337791 1751813300.267534
1751813300.2675514 1751813332.6434863
1751813332.6435106 1751813372.7829916
1751813372.7830179 1751813403.9766443
1751813403.9766662 1751813425.843251
1751813425.8432748 1751813459.6163473
1751813459.6163692 1751813494.2842803
1751813494.284308 1751813520.048261
1751813520.04828 1751813550.367251
1751813550.367279 1751813586.0060618
1751813586.006083 1751813605.9822507
1751813605.9822755 1751813630.9624505
1751813630.962469 1751813657.5511253
1751813657.5511527 1751813684.9682286
1751813684.968252 1751813714.3589883
1751813714.3590133 1751813748.1123123
1751813748.1123295 1751813773.2720532
1751813773.2720747 1751813800.6466873
1751813800.6467097 1751813835.529699
1751813835.529725 1751813868.4343877
1751813868.4344072 1751813899.551378
1751813899.551404 1751813941.5286112
1751813941.5286334 1751813964.2193263
1751813964.2193513 1751813989.927694
1751813989.9277215 1751814011.6566036
1751814011.6566284 1751814044.519897
1751814044.5199177 1751814070.16827
1751814070.168287 1751814105.6411355
1751814105.6411624 1751814130.1014907
1751814130.1015084 1751814163.8617647
1751814163.8617883 1751814201.3844066
1751814201.3844237 1751814225.3016603
1751814225.301684 1751814251.1399956
1751814251.140014 1751814281.8930538
1751814281.8930755 1751814314.854208
1751814314.8542283 1751814342.9141757
1751814342.9141963 1751814366.4574883
1751814366.4575124 1751814386.950425
1751814386.9504454 1751814411.447305
1751814411.4473267 1751814438.9530387
1751814438.9530578 1751814469.3358455
1751814469.3358707 1751814488.0209844
1751814488.0210023 1751814530.278322
1751814530.278353 1751814545.4952512
1751814545.4952705 1751814577.036298
1751814577.036318 1751814618.3637555
1751814618.3637767 1751814640.4080238
1751814640.4080486 1751814671.1510825
1751814671.1511028 1751814695.2615094
1751814695.2615309 1751814723.600693
1751814723.6007156 1751814754.6508226
1751814754.6508403 1751814795.1248968
1751814795.1249204 1751814833.750776
1751814833.750796 1751814855.8587322
1751814855.858756 1751814886.995102
1751814886.9951215 1751814913.342099
1751814913.3421211 1751814943.558373
1751814943.5583923 1751814969.8919418
1751814969.8919702 1751815002.8483782
1751815002.8483994 1751815029.9464235
1751815029.946446 1751815060.2361116
1751815060.2361426 1751815087.875194
1751815087.8752234 1751815126.938115
1751815126.9381328 1751815156.7739692
1751815156.7739928 1751815184.542118
1751815184.5421345 1751815217.8241057
1751815217.8241265 1751815243.429628
1751815243.4296522 1751815267.7680893
1751815267.7681148 1751815297.1901693
1751815297.190192 1751815323.2250865
1751815323.225117 1751815349.9205394
1751815349.9205673 1751815376.9182377
1751815376.9182675 1751815417.4266672
1751815417.42669 1751815438.3186963
1751815438.318717 1751815464.4529727
1751815464.4530034 1751815508.415656
1751815508.415678 1751815542.571187
1751815542.5712073 1751815565.2147653
1751815565.214785 1751815599.5784705
1751815599.5784972 1751815622.7365184
1751815622.7365413 1751815657.1184015
1751815657.118423 1751815678.825003
1751815678.8250227 1751815715.2553303
1751815715.2553525 1751815740.6710057
1751815740.6710234 1751815773.6014907
1751815773.60151 1751815802.7877913
1751815802.7878134 1751815842.12345
1751815842.1234722 1751815867.5536551
1751815867.553676 1751815891.660072
1751815891.6600943 1751815921.7324746
1751815921.7325046 1751815947.057998
1751815947.058019 1751815974.0240982
1751815974.0241244 1751816007.9100416
1751816007.9100604 1751816035.3237355
1751816035.3237596 1751816079.2933676
1751816079.2933884 1751816102.2149963
1751816102.2150192 1751816139.034303
1751816139.0343268 1751816173.8180711
1751816173.818094 1751816199.2106328
1751816199.2106535 1751816236.023741
1751816236.0237663 1751816262.3079107
1751816262.3079302 1751816285.7192547
1751816285.7192807 1751816311.178158
1751816311.1781747 1751816351.0253818
1751816351.0254195 1751816382.9990597
1751816382.9990804 1751816414.335933
1751816414.3359623 1751816441.8182187
1751816441.8182447 1751816475.4655924
1751816475.4656136 1751816504.68821
1751816504.688236 1751816533.1082635
1751816533.108283 1751816566.9361818
1751816566.9362087 1751816603.870293
1751816603.8703098 1751816627.1911654
1751816627.1911871 1751816663.690919
1751816663.6909387 1751816691.6777709
1751816691.6777928 1751816716.7083778
1751816716.7083988 1751816747.2571554
1751816747.2571807 1751816770.9503474
1751816770.9503663 1751816799.6166182
1751816799.6166432 1751816827.1385877
1751816827.138607 1751816850.5467649
1751816850.5467904 1751816873.41581
1751816873.4158292 1751816926.5142636
1751816926.5142887 1751816956.3455563
1751816956.3455753 1751816987.1600757
1751816987.1601007 1751817019.0761416
1751817019.0761604 1751817041.734351
1751817041.7343724 1751817075.9265356
1751817075.926555 1751817115.5495348
1751817115.5495527 1751817138.2170603
1751817138.2170832 1751817172.9658394
1751817172.965858 1751817203.7876208
1751817203.7876453 1751817226.7776945
1751817226.7777224 1751817257.335205
1751817257.3352435 1751817289.5707664
1751817289.5707943 1751817322.1379879
1751817322.1380188 1751817351.6959217
1751817351.6959465 1751817381.7018242
1751817381.701851 1751817413.5911927
1751817413.5912158 1751817446.5695643
1751817446.5695872 1751817478.9233572
1751817478.9233792 1751817510.6228368
1751817510.622855 1751817543.3662753
1751817543.3663056 1751817577.903537
1751817577.9035554 1751817606.1156442
1751817606.1156626 1751817647.3616693
1751817647.3617005 1751817679.3404212
1751817679.3404393 1751817699.2730718
1751817699.2730935 1751817735.7256804
1751817735.725697 1751817756.7510846
1751817756.751108 1751817788.9592519
1751817788.9592743 1751817814.5465705
1751817814.5465906 1751817838.2057488
1751817838.2057774 1751817868.5864315
1751817868.58645 1751817896.8783467
1751817896.878376 1751817913.7648466
1751817913.7648704 1751817933.753662
1751817933.7536826 1751817963.8248007
1751817963.8248305 1751817989.3816922
1751817989.381709 1751818029.2756631
1751818029.2756946 1751818059.7126896
1751818059.712711 1751818091.7824688
1751818091.7824864 1751818126.646942
1751818126.6469674 1751818152.767883
1751818152.7678993 1751818192.4608657
1751818192.4608893 1751818227.0231903
1751818227.0232096 1751818254.8067055
1751818254.8067267 1751818273.6171963
1751818273.6172178 1751818311.8957686
1751818311.8957899 1751818335.4385998
1751818335.438629 1751818359.58519
1751818359.5852103 1751818384.4845421
1751818384.484571 1751818416.3560236
1751818416.3560421 1751818438.5979638
1751818438.5979867 1751818461.6160893
1751818461.6161072 1751818495.4017882
1751818495.4018066 1751818527.244767
1751818527.244801 1751818554.5299003
1751818554.5299187 1751818580.1109314
1751818580.1109586 1751818604.2449615
1751818604.2449787 1751818643.6316397
1751818643.631663 1751818677.000562
1751818677.0005832 1751818707.0493832
1751818707.0494173 1751818729.869819
1751818729.869843 1751818759.382132
1751818759.3821526 1751818787.1448345
1751818787.1448607 1751818819.7889552
1751818819.7889736 1751818858.896592
1751818858.8966146 1751818884.7078025
1751818884.7078257 1751818910.6973014
1751818910.6973236 1751818933.191301
1751818933.1913188 1751818963.3563063
1751818963.3563428 1751818986.4611933
1751818986.4612117 1751819028.998737
1751819028.9987652 1751819050.2567084
1751819050.2567272 1751819079.5320563
1751819079.5320754 1751819107.5108142
1751819107.5108418 1751819139.287192
1751819139.2872143 1751819157.7066567
1751819157.7066753 1751819184.5217602
1751819184.521781 1751819205.9261959
1751819205.9262187 1751819233.1268342
1751819233.1268513 1751819261.558305
1751819261.5583272 1751819297.1629105
1751819297.1629293 1751819326.5886443
1751819326.5886703 1751819375.4890642
1751819375.489082 1751819404.5336716
1751819404.5337029 1751819435.1620157
1751819435.1620412 1751819465.2159832
1751819465.216015 1751819489.2043495
1751819489.2043686 1751819522.7605782
1751819522.760602 1751819554.4913795
1751819554.4914045 1751819583.021205
1751819583.0212288 1751819597.3932931
1751819597.3933182 1751819627.9152663
1751819627.915283 1751819670.3457317
1751819670.345754 1751819703.219724
1751819703.2197425 1751819736.4614305
1751819736.461452 1751819761.6066818
1751819761.6067019 1751819783.0588193
1751819783.0588405 1751819812.6892629
1751819812.6892834 1751819840.410615
1751819840.4106443 1751819866.21304
1751819866.2130725 1751819887.7007751
1751819887.7008026 1751819914.823723
1751819914.8237426 1751819957.7854912
1751819957.7855115 1751819986.131476
1751819986.1314943 1751820029.7889202
1751820029.788943 1751820052.4166937
1751820052.4167192 1751820091.841291
1751820091.8413103 1751820128.2365167
1751820128.2365456 1751820149.1492147
1751820149.1492379 1751820178.7301648
1751820178.7301867 1751820209.19993
1751820209.1999526 1751820238.3696318
1751820238.3696551 1751820276.650593
1751820276.6506104 1751820304.82188
1751820304.8219018 1751820337.8293023
1751820337.829321 1751820373.6449418
1751820373.644966 1751820409.694947
1751820409.694966 1751820429.422646
1751820429.4226625 1751820454.0485277
1751820454.048553 1751820484.2491324
1751820484.2491508 1751820506.808684
1751820506.8087096 1751820528.2621913
1751820528.262216 1751820561.0193958
1751820561.0194142 1751820591.3556728
1751820591.3557115 1751820620.7806907
1751820620.7807086 1751820646.9351025
1751820646.935126 1751820677.3646293
1751820677.3646538 1751820709.3847718
1751820709.3847952 1751820733.81857
1751820733.8185866 1751820777.133909
1751820777.133934 1751820804.925692
1751820804.9257202 1751820834.6762033
1751820834.6762288 1751820875.1320348
1751820875.1320546 1751820900.5708003
1751820900.5708315 1751820924.8249729
1751820924.8249948 1751820947.5405982
1751820947.5406158 1751820981.355709
1751820981.3557363 1751821005.9469934
1751821005.9470108 1751821025.0818903
1751821025.081912 1751821068.8207667
1751821068.8207994 1751821100.386863
1751821100.386901 1751821137.5603924
1751821137.5604124 1751821172.0400367
1751821172.04006 1751821200.2797282
1751821200.279745 1751821220.2982857
1751821220.2983112 1751821249.251403
1751821249.2514205 1751821276.7514873
1751821276.7515118 1751821314.2589934
1751821314.2590113 1751821342.3944998
1751821342.3945184 1751821358.3780098
1751821358.378032 1751821387.236732
1751821387.2367532 1751821413.6503265
1751821413.6503458 1751821439.055155
1751821439.055176 1751821467.3340034
1751821467.3340228 1751821498.3486662
1751821498.348685 1751821531.0763657
1751821531.0763905 1751821561.5063212
1751821561.5063462 1751821592.256117
1751821592.256139 1751821616.824731
1751821616.824748 1751821649.9801831
1751821649.9802032 1751821686.6246314
1751821686.6246572 1751821714.9723349
1751821714.9723573 1751821743.5322905
1751821743.5323236 1751821773.5452564
1751821773.5452769 1751821806.540532
1751821806.5405552 1751821841.3526237
1751821841.3526497 1751821876.5435588
1751821876.5435898 1751821904.2525237
1751821904.252552 1751821933.814862
1751821933.814881 1751821980.111393
1751821980.111424 1751822011.3440378
1751822011.3440616 1751822039.5286925
1751822039.528718 1751822077.0217052
1751822077.0217252 1751822104.4088726
1751822104.4088905 1751822153.4394453
1751822153.4394677 1751822182.4508357
1751822182.4508538 1751822206.2174814
1751822206.2175043 1751822233.2131236
1751822233.2131398 1751822262.2061207
1751822262.206151 1751822286.5831764
1751822286.5832007 1751822318.4029238
1751822318.402944 1751822349.8373616
1751822349.837384 1751822384.219084
1751822384.2191088 1751822413.6098888
1751822413.6099067 1751822444.327873
1751822444.3279018 1751822473.9667473
1751822473.9667697 1751822495.3192434
1751822495.3192601 1751822531.735061
1751822531.735084 1751822559.3584156
1751822559.3584337 1751822598.835217
1751822598.8352392 1751822630.156476
1751822630.1564965 1751822667.4363458
1751822667.4363737 1751822700.080368
1751822700.080389 1751822729.339426
1751822729.3394516 1751822766.183222
1751822766.1832507 1751822807.9234698
1751822807.923488 1751822827.7363112
1751822827.7363334 1751822867.3360353
1751822867.3360555 1751822898.0633569
1751822898.0633748 1751822937.826351
1751822937.8263807 1751822968.1528685
1751822968.1528878 1751823000.7377288
1751823000.7377508 1751823023.4178977
1751823023.4179218 1751823058.2014463
1751823058.201467 1751823081.4920115
1751823081.4920375 1751823113.8703067
1751823113.8703284 1751823140.4113674
1751823140.4113927 1751823163.4426684
1751823163.4426906 1751823182.4202657
1751823182.420293 1751823211.8161094
1751823211.8161287 1751823238.2021904
1751823238.202212 1751823264.3852866
1751823264.3853126 1751823292.4984715
1751823292.4984894 1751823313.4054356
1751823313.4054656 1751823347.2903001
1751823347.2903233 1751823371.2949352
1751823371.2949567 1751823402.2472975
1751823402.2473223 1751823427.8098023
1751823427.8098207 1751823462.9781542
1751823462.97818 1751823500.3929439
1751823500.3929625 1751823535.8387237
1751823535.8387458 1751823562.8412116
1751823562.841233 1751823587.428715
1751823587.4287326 1751823619.1523392
1751823619.1523664 1751823644.2546475
1751823644.2546651 1751823678.2212925
1751823678.2213104 1751823702.25083
1751823702.2508514 1751823736.8989134
1751823736.8989305 1751823763.755268
1751823763.7552874 1751823798.5231934
1751823798.5232186 1751823826.3350248
1751823826.3350482 1751823857.1278062
1751823857.127827 1751823885.0081794
1751823885.0082042 1751823911.5442014
1751823911.5442219 1751823932.5921462
1751823932.5921628 1751823961.7801178
1751823961.7801468 1751823990.4729662
1751823990.4729862 1751824012.7035372
1751824012.7035723 1751824044.0942657
1751824044.094285 1751824066.6567836
1751824066.656807 1751824090.42719
1751824090.4272094 1751824121.1421268
1751824121.1421568 1751824144.5835223
1751824144.5835428 1751824183.9811714
1751824183.9811907 1751824207.878073
1751824207.878098 1751824248.3791385
1751824248.379157 1751824277.7163055
1751824277.7163298 1751824322.5303671
1751824322.5303876 1751824359.5658581
1751824359.5658903 1751824388.76337
1751824388.7633884 1751824419.3293357
1751824419.329358 1751824456.0814266
1751824456.081445 1751824480.148202
1751824480.1482265 1751824514.7409084
1751824514.7409291 1751824543.5641046
1751824543.5641234 1751824579.5777793
1751824579.5778086 1751824605.8012886
1751824605.8013077 1751824631.2669992
1751824631.2670252 1751824665.5408576
1751824665.5408792 1751824695.8801703
1751824695.8802073 1751824731.1954517
1751824731.1954746 1751824758.0113897
1751824758.0114117 1751824788.8583663
1751824788.8583941 1751824808.8878608
1751824808.88788 1751824845.4697406
1751824845.4697688 1751824865.5966914
1751824865.5967216 1751824885.5933285
1751824885.593345 1751824914.06226
1751824914.0622833 1751824947.4926908
1751824947.4927151 1751824977.8093972
1751824977.809421 1751825006.437476
1751825006.4375002 1751825024.003227
1751825024.0032516 1751825049.9363804
1751825049.9364011 1751825080.432361
1751825080.4323802 1751825108.7619514
1751825108.761969 1751825132.3902392
1751825132.390264 1751825162.8136125
1751825162.813649 1751825193.2637365
1751825193.2637584 1751825202.9784098
1751825202.978428 1751825236.5479176
1751825236.5479364 1751825261.3257763
1751825261.3257976 1751825289.9120138
1751825289.9120355 1751825318.3514664
1751825318.3514884 1751825341.6069784
1751825341.6069994 1751825360.6649663
1751825360.6649885 1751825388.5017817
1751825388.501799 1751825429.522354
1751825429.5223792 1751825456.2183201
1751825456.218341 1751825488.2514045
1751825488.2514293 1751825520.3520327
1751825520.3520515 1751825546.2523298
1751825546.252354 1751825572.5275564
1751825572.5275924 1751825601.9171276
1751825601.9171445 1751825630.8552492
1751825630.855282 1751825664.085863
1751825664.0858812 1751825681.6471987
1751825681.647224 1751825713.2080145
1751825713.2080348 1751825746.4655118
1751825746.4655368 1751825765.5499897
1751825765.5500066 1751825802.8816264
1751825802.8816497 1751825822.444396
1751825822.4444168 1751825849.2690835
1751825849.2691252 1751825882.8653069
1751825882.8653295 1751825905.5971575
1751825905.5971763 1751825934.6104753
1751825934.6104996 1751825962.2866242
1751825962.286642 1751825994.0485787
1751825994.0486035 1751826031.8352735
1751826031.8352892 1751826054.6385589
1751826054.6385841 1751826083.3253844
1751826083.3254013 1751826118.699465
1751826118.6994894 1751826149.979054
1751826149.9790733 1751826182.4235387
1751826182.42358 1751826215.028912
1751826215.0289369 1751826246.2653522
1751826246.2653716 1751826276.694133
1751826276.6941583 1751826308.906503
1751826308.9065275 1751826341.6646457
1751826341.6646655 1751826368.7328405
1751826368.7328742 1751826394.644547
1751826394.6445706 1751826424.3654969
1751826424.3655224 1751826452.1624057
1751826452.1624238 1751826487.1355448
1751826487.135572 1751826515.3064258
1751826515.3064752 1751826546.8086414
1751826546.8086617 1751826572.4930475
1751826572.4930727 1751826607.4338825
1751826607.4339008 1751826635.9038541
1751826635.9038723 1751826659.7868414
1751826659.7868686 1751826697.451892
1751826697.451912 1751826726.9986181
1751826726.9986415 1751826767.33441
1751826767.3344452 1751826800.4086702
1751826800.408693 1751826837.761334
1751826837.7613537 1751826867.1213493
1751826867.121376 1751826898.2158926
1751826898.2159228 1751826929.9185708
1751826929.9185894 1751826955.2301538
1751826955.2301733 1751826980.235795
1751826980.2358227 1751827007.3223002
1751827007.3223207 1751827042.7370157
1751827042.7370427 1751827073.1768103
1751827073.1768434 1751827102.2286167
1751827102.2286446 1751827135.8035083
1751827135.8035312 1751827159.6978517
1751827159.6978745 1751827195.1139705
1751827195.1139998 1751827215.9221463
1751827215.922167 1751827249.7983675
1751827249.7983947 1751827291.216149
1751827291.2161674 1751827315.2589686
1751827315.2590039 1751827345.865779
1751827345.865797 1751827371.3010173
1751827371.301036 1751827403.7512496
1751827403.7512736 1751827438.4131703
1751827438.4131892 1751827469.9380507
1751827469.9380755 1751827503.5847728
1751827503.5847905 1751827535.7032754
1751827535.703299 1751827562.6223865
1751827562.622412 1751827579.8583803
1751827579.8584018 1751827616.7138278
1751827616.7138684 1751827640.787252
1751827640.7872758 1751827672.8313773
1751827672.8313968 1751827699.9310422
1751827699.9310691 1751827725.81555
1751827725.8155985 1751827752.8672407
1751827752.8672655 1751827777.850752
1751827777.8507707 1751827800.0786235
1751827800.07864 1751827833.4546876
1751827833.4547155 1751827858.8822546
1751827858.8822715 1751827886.6710277
1751827886.6710513 1751827923.3893976
1751827923.389417 1751827946.190932
1751827946.1909597 1751827974.6396372
1751827974.639657 1751828013.9360695
1751828013.936093 1751828034.1620336
1751828034.162064 1751828060.0090756
1751828060.0090969 1751828092.5407338
1751828092.5407598 1751828123.4861276
1751828123.4861462 1751828150.844373
1751828150.8443992 1751828178.217177
1751828178.217195 1751828198.6388938
1751828198.6389182 1751828229.5638988
1751828229.5639195 1751828257.1945946
1751828257.1946335 1751828286.532679
1751828286.5326958 1751828315.168079
1751828315.1681063 1751828343.2006998
1751828343.2007308 1751828368.0505564
1751828368.0505764 1751828391.2508125
1751828391.2508328 1751828415.3031325
1751828415.3031583 1751828444.358765
1751828444.358784 1751828471.4205525
1751828471.4205794 1751828505.8279665
1751828505.827993 1751828541.3405828
1751828541.3406067 1751828566.2510471
1751828566.251071 1751828601.2250245
1751828601.2250469 1751828628.6336486
1751828628.6336699 1751828663.1375856
1751828663.137627 1751828688.7453716
1751828688.7453916 1751828720.654623
1751828720.654649 1751828742.9429312
1751828742.942948 1751828775.0302963
1751828775.0303195 1751828811.0673957
1751828811.0674138 1751828831.0746663
1751828831.0746872 1751828865.2576346
1751828865.257653 1751828900.2814322
1751828900.281457 1751828924.4123294
1751828924.4123545 1751828955.7528565
1751828955.7528775 1751828981.0035074
1751828981.0035298 1751829009.8264854
1751829009.8265083 1751829036.5905766
1751829036.5906096 1751829062.135904
1751829062.1359265 1751829087.986397
1751829087.98642 1751829117.6844583
1751829117.6844804 1751829148.1766102
1751829148.1766322 1751829174.563158
1751829174.5631905 1751829208.5513213
1751829208.5513458 1751829239.166594
1751829239.1666167 1751829274.0221968
1751829274.0222192 1751829305.8795757
1751829305.8796241 1751829336.9897904
1751829336.98981 1751829365.28216
1751829365.2821887 1751829391.7997015
1751829391.799723 1751829427.8009622
1751829427.8009815 1751829452.4601543
1751829452.4601784 1751829479.4795172
1751829479.479541 1751829509.5912106
1751829509.5912335 1751829544.4150426
1751829544.4150639 1751829574.3912046
1751829574.3912241 1751829601.9090707
1751829601.9090896 1751829632.9277208
1751829632.9277446 1751829660.3911383
1751829660.3911593 1751829704.667609
1751829704.667629 1751829723.6384006
1751829723.638429 1751829750.8862014
1751829750.8862243 1751829776.13069
1751829776.1307158 1751829802.8812153
1751829802.8812344 1751829826.901053
1751829826.9010804 1751829854.3836455
1751829854.383667 1751829879.3948674
1751829879.3948872 1751829905.7456555
1751829905.7456787 1751829927.4188678
1751829927.4188857 1751829954.7634318
1751829954.7634563 1751829991.7683609
1751829991.7683976 1751830018.5024574
1751830018.5024815 1751830052.1312835
1751830052.1313043 1751830072.442069
1751830072.4420853 1751830100.012297
1751830100.0123198 1751830125.9164047
1751830125.9164217 1751830157.939286
1751830157.939307 1751830192.5827503
1751830192.5827687 1751830222.2612655
1751830222.2612863 1751830240.2590663
1751830240.2590873 1751830275.6585083
1751830275.6585338 1751830307.966886
1751830307.966906 1751830339.3644629
1751830339.3644853 1751830373.3139942
1751830373.3140106 1751830405.2286217
1751830405.228646 1751830437.443492
1751830437.4435103 1751830468.236406
1751830468.2364283 1751830493.0282874
1751830493.0283113 1751830521.4414005
1751830521.4414237 1751830552.6800668
1751830552.680087 1751830580.3264437
1751830580.3264775 1751830605.526803
1751830605.5268223 1751830635.0754213
1751830635.0754464 1751830674.9101315
1751830674.9101498 1751830712.9593937
1751830712.9594173 1751830738.6326566
1751830738.6326761 1751830771.1496284
1751830771.149653 1751830797.133913
1751830797.1339316 1751830838.7718515
1751830838.7718725 1751830863.8290884
1751830863.8291175 1751830889.896872
1751830889.8968964 1751830920.469493
1751830920.4695148 1751830946.780811
1751830946.7808306 1751830967.5462296
1751830967.5462506 1751830993.829846
1751830993.829865 1751831023.5982425
1751831023.5982609 1751831053.1949823
1751831053.1950064 1751831081.6074724
1751831081.6074917 1751831120.7785714
1751831120.7785935 1751831154.0652595
1751831154.0652835 1751831184.5998588
1751831184.5998785 1751831210.5425491
1751831210.5425818 1751831234.7512796
1751831234.7513063 1751831262.1291482
1751831262.1291714 1751831290.1156063
1751831290.1156244 1751831314.77771
1751831314.777736 1751831349.0023487
1751831349.0023675 1751831366.3143063
1751831366.3143284 1751831401.9414055
1751831401.9414234 1751831426.6595602
1751831426.6595964 1751831455.2634294
1751831455.2634485 1751831475.827905
1751831475.8279283 1751831505.6879787
1751831505.6880083 1751831535.4266424
1751831535.4266632 1751831572.0049975
1751831572.005018 1751831591.387544
1751831591.387571 1751831627.4861891
1751831627.4862087 1751831656.6472113
