1762677198.5447402 1762677225.887347
1762677226.8876238 1762677260.39934
1762677269.4084437 1762677290.2310915
1762677299.2396085 1762677309.1302905
1762677317.1386912 1762677345.8882387
1762677348.8913915 1762677373.5643046
1762677379.567597 1762677399.2612185
1762677407.2681234 1762677432.0065763
1762677441.015687 1762677462.262924
1762677463.2636096 1762677494.8378687
1762677495.8389838 1762677523.8458421
1762677530.851646 1762677550.7655253
1762677556.7676115 1762677584.8113205
1762677593.820454 1762677622.1156886
1762677632.1237063 1762677662.256521
1762677664.258634 1762677691.0392537
1762677694.0423331 1762677727.4415236
1762677729.4436784 1762677763.6940062
1762677769.699615 1762677788.4641738
1762677788.4642072 1762677811.0419712
1762677817.047613 1762677834.0995088
1762677840.1036155 1762677859.0487292
1762677869.055621 1762677897.5539908
1762677897.554027 1762677925.886036
1762677932.8916745 1762677969.926367
1762677975.9316645 1762677996.0398655
1762678004.0476198 1762678030.550505
1762678031.5515902 1762678057.1941173
1762678060.1956556 1762678090.603712
1762678095.607616 1762678119.5004194
1762678121.5024939 1762678150.4050715
1762678154.4077103 1762678175.4853897
1762678177.487526 1762678198.9461617
1762678204.9516475 1762678225.063154
1762678227.0636108 1762678257.2813303
1762678259.2833996 1762678285.8042285
1762678294.8072555 1762678319.2208776
1762678321.2230017 1762678347.8428314
1762678349.8437681 1762678373.3358428
1762678375.3362434 1762678404.6382284
1762678406.6396751 1762678445.260075
1762678448.2631526 1762678472.9796906
1762678478.983658 1762678500.7792175
1762678500.7792416 1762678527.3417134
1762678529.3436024 1762678553.3138168
1762678563.3235993 1762678579.6448815
1762678583.647652 1762678610.6619747
1762678610.662005 1762678636.1677296
1762678641.1716712 1762678663.6734223
1762678671.6815643 1762678693.0458372
1762678697.0476232 1762678721.2068317
1762678729.2149522 1762678744.087529
1762678747.090621 1762678775.0085852
1762678782.0156722 1762678800.136151
1762678810.1436923 1762678831.5532477
1762678837.55944 1762678859.6482265
1762678867.656326 1762678885.6054518
1762678886.6065774 1762678915.9543865
1762678922.961452 1762678944.4548383
1762678946.4569616 1762678972.6021712
1762678978.6076167 1762679003.9915316
1762679012.9996943 1762679033.6768508
1762679040.6839504 1762679063.5814035
1762679064.5825233 1762679091.131453
1762679097.1356125 1762679127.1009853
1762679137.1076615 1762679163.4262888
1762679167.4276133 1762679195.099626
1762679201.1057606 1762679234.1873653
1762679237.1875968 1762679275.1002095
1762679280.1052716 1762679310.3880787
1762679320.3959498 1762679344.5199065
1762679350.5250485 1762679375.457231
1762679378.4596686 1762679408.4831362
1762679411.4836113 1762679440.3264554
1762679447.331611 1762679470.1242836
1762679480.1316054 1762679497.637102
1762679500.6396363 1762679532.667018
1762679535.6681256 1762679560.3555698
1762679565.3596766 1762679595.8799133
1762679597.8800159 1762679633.4168255
1762679637.420904 1762679664.9559903
1762679669.9596887 1762679697.1875112
1762679707.196178 1762679720.137614
1762679722.139671 1762679746.9247177
1762679747.9257836 1762679784.7695577
1762679788.7716665 1762679818.9170105
1762679820.9190698 1762679845.2123852
1762679851.218461 1762679877.8859756
1762679887.895659 1762679914.6893392
1762679924.6994169 1762679945.0131896
1762679950.0182981 1762679981.8274558
1762679986.8319573 1762680017.9282289
1762680019.930295 1762680050.9240549
1762680054.927661 1762680081.6684787
1762680090.6775591 1762680112.5123389
1762680118.515612 1762680137.7196045
1762680137.7196367 1762680166.0858028
1762680169.0877192 1762680190.7777905
1762680198.785913 1762680216.4847178
1762680223.4916532 1762680246.9275787
