1776488260.3140845 1776488334.9333236
1776488334.9333425 1776488403.8479576
1776488403.8479807 1776488460.9437876
1776488460.943812 1776488519.206952
1776488519.2069685 1776488603.6717184
1776488603.6717436 1776488669.5290189
1776488669.5290368 1776488727.9639926
1776488727.9640167 1776488811.929682
1776488811.9297085 1776488894.3672473
1776488894.3672655 1776488963.0323014
1776488963.0323243 1776489032.963372
1776489032.9633954 1776489120.929566
1776489120.9295833 1776489191.2637563
1776489191.2637799 1776489249.557666
1776489249.5576828 1776489353.9483747
1776489353.9484 1776489419.2162273
1776489419.2162514 1776489502.0005
1776489502.0005245 1776489579.1325839
1776489579.1326077 1776489657.8549962
1776489657.855014 1776489735.2263458
1776489735.2263646 1776489792.0128405
1776489792.0128632 1776489870.2951584
1776489870.2951815 1776489943.7610457
1776489943.7610629 1776490007.1227221
1776490007.1227477 1776490074.0026631
1776490074.0026972 1776490131.7384894
1776490131.738512 1776490211.0422616
1776490211.0422804 1776490269.9262815
1776490269.9263115 1776490322.7708478
1776490322.7708662 1776490392.584665
1776490392.584689 1776490467.447142
1776490467.4471672 1776490523.2494335
1776490523.2494678 1776490597.5812995
1776490597.581318 1776490651.2437663
1776490651.2437901 1776490736.8530262
1776490736.8530498 1776490819.623898
1776490819.623917 1776490871.0694737
1776490871.0694914 1776490967.1945422
1776490967.1945717 1776491035.9729695
1776491035.972992 1776491129.3151908
1776491129.3152165 1776491187.420575
1776491187.4205961 1776491275.2197654
1776491275.2197855 1776491337.477248
1776491337.4772723 1776491411.382558
1776491411.3825753 1776491476.9096859
1776491476.9097092 1776491533.5955482
1776491533.595566 1776491595.6996183
1776491595.699641 1776491661.0050316
1776491661.0050545 1776491756.5725002
1776491756.5725305 1776491828.9927015
1776491828.9927258 1776491878.897404
1776491878.897427 1776491958.7121928
1776491958.7122178 1776492022.6804383
1776492022.6804557 1776492095.7084851
1776492095.7085094 1776492163.1840467
1776492163.1840653 1776492228.7753365
1776492228.7753592 1776492334.590775
1776492334.5907977 1776492402.642184
1776492402.6422021 1776492488.1040914
1776492488.1041145 1776492556.2042265
1776492556.2042444 1776492632.962193
1776492632.9622107 1776492694.0728495
1776492694.0728726 1776492748.2148912
1776492748.2149138 1776492848.006987
1776492848.0070117 1776492914.5371616
1776492914.537191 1776492990.9033856
1776492990.9034078 1776493059.429289
1776493059.4293058 1776493142.420938
1776493142.4209611 1776493216.6563191
1776493216.656347 1776493289.982169
1776493289.9821863 1776493362.1417134
1776493362.1417365 1776493429.3140996
1776493429.314117 1776493473.1414075
1776493473.1414316 1776493563.41362
1776493563.413644 1776493636.0380292
1776493636.0380526 1776493704.6495256
1776493704.6495476 1776493778.3052788
1776493778.305302 1776493856.3197749
1776493856.3197985 1776493918.89349
1776493918.8935134 1776493998.4740417
1776493998.4740658 1776494067.5860102
1776494067.5860276 1776494136.6792228
1776494136.679247 1776494202.7209303
1776494202.7209551 1776494269.4604063
1776494269.4604275 1776494366.3945892
1776494366.3946078 1776494425.004822
1776494425.0048473 1776494487.9214396
1776494487.921465 1776494544.0864453
1776494544.086469 1776494625.9114933
1776494625.911513 1776494694.8405194
1776494694.8405433 1776494773.401252
1776494773.4012785 1776494839.3071947
1776494839.3072119 1776494920.3682406
1776494920.3682716 1776494980.3412251
1776494980.341242 1776495050.3640847
1776495050.3641086 1776495107.5445786
1776495107.5446012 1776495167.9753025
1776495167.9753213 1776495247.7487223
1776495247.748746 1776495325.1881857
1776495325.188212 1776495394.1538405
