1776412157.5377333 1776412181.1642883
1776412181.1643074 1776412203.1014733
1776412203.1014926 1776412225.303744
1776412225.303775 1776412249.792342
1776412249.7923641 1776412270.6899276
1776412270.689945 1776412295.324798
1776412295.3248198 1776412315.9122968
1776412315.9123156 1776412340.669859
1776412340.6698825 1776412361.3194377
1776412361.319456 1776412383.2723925
1776412383.2724152 1776412402.9870496
1776412402.9870787 1776412422.1858947
1776412422.1859188 1776412446.6522768
1776412446.6523356 1776412472.8574789
1776412472.8575022 1776412490.9529712
1776412490.9529998 1776412511.6084437
1776412511.6084704 1776412531.3407962
1776412531.3408225 1776412555.6426969
1776412555.6427202 1776412570.8991828
1776412570.8992076 1776412591.6029747
1776412591.6029994 1776412610.8867657
1776412610.8867881 1776412629.498105
1776412629.4981267 1776412646.9179697
1776412646.917996 1776412662.9221718
1776412662.9221978 1776412680.5948963
1776412680.5949192 1776412702.560887
1776412702.5609133 1776412722.6921165
1776412722.6921382 1776412738.8639197
1776412738.86394 1776412758.507782
1776412758.507808 1776412776.3116183
1776412776.3116403 1776412793.5090215
1776412793.5090473 1776412810.873234
1776412810.8732595 1776412827.4693089
1776412827.4693344 1776412851.5772946
1776412851.5773175 1776412875.7614481
1776412875.7614725 1776412897.7677562
1776412897.7677774 1776412922.391905
1776412922.391926 1776412938.2870188
1776412938.2870457 1776412958.3225758
1776412958.3225973 1776412980.5420058
1776412980.5420551 1776413004.9099739
1776413004.9099956 1776413030.9098012
1776413030.909828 1776413052.0842438
1776413052.0842662 1776413076.3409545
1776413076.3409777 1776413097.323982
1776413097.3240077 1776413121.2351902
1776413121.2352123 1776413141.1203291
1776413141.1203535 1776413162.473202
1776413162.4732237 1776413179.3032413
1776413179.3032622 1776413201.099548
1776413201.0995739 1776413223.852122
1776413223.8521483 1776413242.074448
1776413242.074469 1776413258.962952
1776413258.962977 1776413282.3110495
1776413282.311071 1776413305.7824202
1776413305.782442 1776413322.1006153
1776413322.1006408 1776413344.2841861
1776413344.2842073 1776413364.3284476
1776413364.328473 1776413380.1045947
1776413380.1046164 1776413404.4791074
1776413404.479132 1776413418.4300776
1776413418.4301012 1776413434.238246
1776413434.2382667 1776413454.7872186
1776413454.787245 1776413468.809708
1776413468.8097305 1776413486.7832332
1776413486.7832603 1776413503.3624651
1776413503.3624864 1776413520.6362517
1776413520.6362772 1776413543.0521495
1776413543.0521715 1776413564.4997532
1776413564.4997785 1776413584.8821476
1776413584.8821774 1776413602.8614187
1776413602.8614428 1776413627.2183084
1776413627.2183356 1776413647.437317
1776413647.437346 1776413661.1969597
1776413661.196983 1776413683.6334853
1776413683.6335144 1776413705.9559045
1776413705.9559283 1776413725.8652496
1776413725.865272 1776413746.4387655
1776413746.438792 1776413762.035711
1776413762.0357325 1776413783.5387979
1776413783.5388227 1776413802.0844479
1776413802.0844703 1776413819.0327125
1776413819.0327334 1776413831.5697622
1776413831.5697844 1776413853.3586426
1776413853.3586633 1776413868.932726
1776413868.9327524 1776413895.4041011
1776413895.404123 1776413911.541336
1776413911.5413673 1776413936.2005076
1776413936.2005312 1776413951.4109313
1776413951.4109519 1776413974.4387746
1776413974.4387963 1776413992.2129428
1776413992.2129698 1776414009.2312663
1776414009.231287 1776414028.2794452
1776414028.2794683 1776414044.2717438
1776414044.2717705 1776414070.8052547
1776414070.805277 1776414092.9181626
1776414092.9181895 1776414115.2270026
1776414115.2270236 1776414133.1526875
1776414133.1527133 1776414152.3430452
1776414152.3430715 1776414174.281125
