1776412157.3981924 1776412177.958103
1776412177.9581258 1776412197.3939826
1776412197.3940067 1776412226.187623
1776412226.1876483 1776412247.4911122
1776412247.4911323 1776412271.3467767
1776412271.3468018 1776412293.1086311
1776412293.1086516 1776412317.4996507
1776412317.499677 1776412341.6535757
1776412341.6535957 1776412355.9199653
1776412355.9199913 1776412378.564504
1776412378.5645294 1776412403.3872163
1776412403.3872364 1776412427.3203506
1776412427.320376 1776412446.0514915
1776412446.0515153 1776412472.0661483
1776412472.066173 1776412489.2749672
1776412489.2749994 1776412511.5311408
1776412511.5311668 1776412530.7589178
1776412530.7589433 1776412554.4060547
1776412554.4060848 1776412572.0822153
1776412572.0822356 1776412593.290903
1776412593.2909288 1776412606.8993073
1776412606.8993316 1776412628.1680982
1776412628.1681232 1776412649.3167417
1776412649.316762 1776412662.9423213
1776412662.9423475 1776412684.3844326
1776412684.3844523 1776412699.487345
1776412699.4873703 1776412716.5459824
1776412716.5460007 1776412744.0290124
1776412744.0290387 1776412760.4416726
1776412760.4416916 1776412779.6440954
1776412779.64412 1776412795.766909
1776412795.7669318 1776412812.29426
1776412812.2942796 1776412831.4627595
1776412831.4628127 1776412847.5043402
1776412847.5043662 1776412873.6700144
1776412873.6700337 1776412897.3183613
1776412897.3183818 1776412920.9101272
1776412920.9101539 1776412935.908487
1776412935.9085064 1776412960.6436465
1776412960.64367 1776412982.6531007
1776412982.6531222 1776413002.4017725
1776413002.4017918 1776413031.0454752
1776413031.0455015 1776413054.2345784
1776413054.2345972 1776413074.0719922
1776413074.0720186 1776413094.4938512
1776413094.4938715 1776413112.9412632
1776413112.94129 1776413140.1243484
1776413140.1243675 1776413163.8328533
1776413163.8328729 1776413183.3762808
1776413183.3763168 1776413198.8287482
1776413198.8287683 1776413223.1051285
1776413223.1051543 1776413241.4767673
1776413241.4767869 1776413261.7222202
1776413261.7222462 1776413281.9030771
1776413281.9031026 1776413303.4325712
1776413303.4325905 1776413323.54638
1776413323.5463986 1776413343.7132072
1776413343.7132332 1776413367.5666091
1776413367.5666292 1776413383.0107794
1776413383.0108044 1776413404.3813436
1776413404.381365 1776413423.3039758
1776413423.3039963 1776413438.7685947
1776413438.768621 1776413455.0614672
1776413455.0614874 1776413464.7819862
1776413464.7820098 1776413487.0489693
1776413487.0489993 1776413504.0764775
1776413504.076498 1776413523.283461
1776413523.2834885 1776413545.0291111
1776413545.029132 1776413564.0442696
1776413564.0442958 1776413579.1177795
1776413579.1177983 1776413601.8551672
1776413601.8551927 1776413625.287255
1776413625.2872815 1776413649.2236006
1776413649.223632 1776413669.7383773
1776413669.7383978 1776413686.2330327
1776413686.2330537 1776413700.6401722
1776413700.6401982 1776413720.523277
1776413720.5232973 1776413742.9788983
1776413742.978919 1776413767.334107
1776413767.3341324 1776413783.9520829
1776413783.9521034 1776413802.0010083
1776413802.001035 1776413818.4097972
1776413818.409817 1776413837.2620487
1776413837.2620757 1776413855.9131608
1776413855.9131796 1776413874.8049777
1776413874.8049984 1776413892.1500542
1776413892.1500793 1776413914.5302382
1776413914.5302582 1776413933.81501
1776413933.8150358 1776413955.9215944
1776413955.921614 1776413969.5482001
1776413969.548224 1776413991.320779
1776413991.3207998 1776414008.3190074
1776414008.319032 1776414029.7286243
1776414029.7286515 1776414046.5717475
1776414046.5717704 1776414067.404203
1776414067.404223 1776414091.0534601
1776414091.053486 1776414110.7260568
1776414110.726077 1776414128.3376634
1776414128.3376825 1776414153.2454517
1776414153.245476 1776414172.0879447
