1752921712.3245153 1752921743.3024735
1752921743.3024988 1752921764.629784
1752921764.6298046 1752921784.831108
1752921784.8311539 1752921812.5949595
1752921812.5949795 1752921844.1057017
1752921844.1057277 1752921871.8002262
1752921871.8002508 1752921891.960737
1752921891.9607594 1752921916.1937997
1752921916.193822 1752921944.2204163
1752921944.2204382 1752921971.938974
1752921971.9389966 1752921998.9781199
1752921998.978141 1752922026.7874272
1752922026.7874465 1752922052.935806
1752922052.93583 1752922082.310052
1752922082.310073 1752922106.2752588
1752922106.2752793 1752922136.3833082
1752922136.3833306 1752922165.7484148
1752922165.7484381 1752922197.2350385
1752922197.2350569 1752922230.212421
1752922230.2124636 1752922256.7822971
1752922256.7823215 1752922284.4914925
1752922284.4915128 1752922311.8285441
1752922311.8285694 1752922338.4443388
1752922338.4443667 1752922361.6158845
1752922361.615908 1752922385.3866825
1752922385.3866997 1752922415.635358
1752922415.6353788 1752922444.9235218
1752922444.923541 1752922472.4189968
1752922472.4190187 1752922500.7522523
1752922500.7522712 1752922523.1123705
1752922523.1123943 1752922548.3975997
1752922548.3976219 1752922571.4643087
1752922571.464328 1752922596.3031003
1752922596.3031213 1752922620.8439035
1752922620.8439207 1752922646.125806
1752922646.1258261 1752922668.7102032
1752922668.710225 1752922694.234195
1752922694.234213 1752922730.4717393
1752922730.4717624 1752922760.0526772
1752922760.0527039 1752922790.9492602
1752922790.9492836 1752922818.625121
1752922818.6251447 1752922859.1398034
1752922859.1398244 1752922885.9501064
1752922885.9501338 1752922920.4191792
1752922920.4192069 1752922952.8092914
1752922952.8093123 1752922989.6771212
1752922989.6771424 1752923014.11725
1752923014.1172683 1752923046.5679321
1752923046.5679588 1752923081.6187513
1752923081.6187744 1752923114.0641758
1752923114.0641987 1752923142.5420754
1752923142.542097 1752923170.9762917
1752923170.9763181 1752923196.3626423
1752923196.3626766 1752923222.9589431
1752923222.9589622 1752923254.575035
1752923254.5750568 1752923279.1137109
1752923279.113728 1752923308.9378588
1752923308.9378836 1752923334.972487
1752923334.9725072 1752923366.8453352
1752923366.8453584 1752923398.1930633
1752923398.1930864 1752923431.5673535
1752923431.5673797 1752923453.9992843
1752923453.9993112 1752923481.5240955
1752923481.5241196 1752923506.6664484
1752923506.6664696 1752923537.4408822
1752923537.4409163 1752923567.1980026
1752923567.1980472 1752923598.3054671
1752923598.3054943 1752923626.4463344
1752923626.4463713 1752923656.3414629
1752923656.34149 1752923686.5020957
1752923686.502122 1752923713.7477984
1752923713.7478225 1752923743.7897909
1752923743.7898157 1752923772.3000028
1752923772.3000228 1752923801.747324
1752923801.7473457 1752923826.8407025
1752923826.8407478 1752923852.2223184
1752923852.2223463 1752923884.5236464
1752923884.5236723 1752923913.6037548
1752923913.6037836 1752923938.5020113
1752923938.5020413 1752923964.272252
1752923964.2722743 1752923989.8937333
1752923989.8937624 1752924015.3746068
1752924015.3746343 1752924044.9462066
1752924044.9462314 1752924069.2691061
1752924069.2691329 1752924099.3230963
1752924099.3231187 1752924127.1945813
1752924127.1946087 1752924156.761891
1752924156.7619245 1752924187.635549
1752924187.6355765 1752924217.1200697
1752924217.1200945 1752924243.9178483
1752924243.9178734 1752924275.5918875
1752924275.5919054 1752924291.71319
1752924291.7132108 1752924317.3938138
1752924317.3938391 1752924341.6951828
1752924341.6952043 1752924369.5229995
1752924369.5230489 1752924400.274315
1752924400.274334 1752924422.462709
1752924422.462732 1752924453.287025
1752924453.2870462 1752924486.3013933
1752924486.3014123 1752924505.8846974
1752924505.8847234 1752924534.5308785
1752924534.5309026 1752924560.0624776
1752924560.0625002 1752924587.4511037
1752924587.4511287 1752924618.9877598
1752924618.987782 1752924646.568851
1752924646.568874 1752924676.3726652
1752924676.3727064 1752924706.6186166
1752924706.6186378 1752924738.7751617
1752924738.775201 1752924764.5303807
1752924764.5304155 1752924796.842755
1752924796.842777 1752924824.257729
1752924824.2577496 1752924853.9322717
1752924853.9322984 1752924887.9350123
1752924887.9350352 1752924917.775282
1752924917.7753053 1752924945.6905198
1752924945.690545 1752924990.1673763
1752924990.1673932 1752925013.7749302
1752925013.7749522 1752925045.3356702
1752925045.33569 1752925078.5110743
1752925078.5110953 1752925113.3149772
1752925113.3149974 1752925145.0698695
1752925145.070004 1752925178.9228568
1752925178.922883 1752925210.3791409
1752925210.3791597 1752925241.0762544
1752925241.076279 1752925271.5613277
1752925271.5613441 1752925303.74818
1752925303.7481973 1752925335.8160493
1752925335.8160734 1752925369.1964529
1752925369.196471 1752925401.1510634
1752925401.1510851 1752925433.215724
1752925433.2157423 1752925466.9553103
1752925466.955328 1752925500.0855987
1752925500.0856292 1752925530.8811128
1752925530.881133 1752925563.0436995
1752925563.0437212 1752925593.7507029
1752925593.7507215 1752925622.9813368
1752925622.981359 1752925653.9346921
1752925653.9347143 1752925678.8134902
1752925678.8135188 1752925707.718782
1752925707.7188237 1752925735.4574468
1752925735.4574723 1752925761.326287
1752925761.3263125 1752925790.2279003
1752925790.2279189 1752925815.067387
1752925815.0674107 1752925843.8479252
1752925843.8479474 1752925872.3718138
1752925872.3718398 1752925897.0609858
1752925897.061006 1752925921.8977256
1752925921.8977447 1752925950.5520627
1752925950.5520916 1752925975.2938066
1752925975.293847 1752926002.9881425
1752926002.988162 1752926028.6345122
1752926028.634536 1752926055.38114
1752926055.381173 1752926078.7596045
1752926078.7596323 1752926106.0032673
1752926106.0033178 1752926131.9055405
1752926131.90557 1752926158.6997766
1752926158.6998038 1752926180.7027378
1752926180.7027593 1752926207.5740693
1752926207.5740898 1752926231.4338036
1752926231.4338303 1752926256.6420414
1752926256.6420643 1752926281.7337081
1752926281.733736 1752926306.2177637
1752926306.2177904 1752926326.5687563
1752926326.5687807 1752926359.3688102
1752926359.3688333 1752926380.2620792
1752926380.2621074 1752926407.0856109
1752926407.085649 1752926436.1150043
1752926436.1150234 1752926462.7307742
1752926462.7308025 1752926488.2710185
1752926488.271044 1752926516.7869968
1752926516.7870166 1752926540.8764565
1752926540.8764772 1752926569.9607747
1752926569.9608104 1752926599.4377975
1752926599.4378262 1752926625.0207088
1752926625.0207336 1752926656.0684114
1752926656.0684338 1752926688.3394005
1752926688.3394258 1752926721.7094374
1752926721.709462 1752926743.7924213
1752926743.7924411 1752926776.9183311
1752926776.918353 1752926801.9042237
1752926801.9042442 1752926829.683934
1752926829.6839578 1752926853.5595262
1752926853.5595472 1752926875.6473222
1752926875.6473405 1752926906.6924615
1752926906.692485 1752926936.5748048
1752926936.574823 1752926969.6770039
1752926969.6770263 1752927009.0582745
1752927009.0582955 1752927036.1381269
1752927036.1381462 1752927062.7858558
1752927062.785881 1752927090.273468
1752927090.2734845 1752927122.3978813
1752927122.3979023 1752927158.077111
1752927158.0771384 1752927191.8861387
1752927191.8861578 1752927220.8690643
1752927220.8690946 1752927254.1896465
1752927254.1896634 1752927282.564918
1752927282.5649443 1752927317.1715715
1752927317.1716285 1752927344.360314
1752927344.360339 1752927373.603485
1752927373.6035137 1752927409.4192579
1752927409.419285 1752927431.4549
1752927431.454919 1752927462.300699
1752927462.3007278 1752927493.288648
1752927493.2886689 1752927522.94693
1752927522.946955 1752927549.6038299
1752927549.6038535 1752927576.971162
1752927576.9711804 1752927610.144859
1752927610.1448853 1752927642.038065
1752927642.0381029 1752927670.5503945
1752927670.5504231 1752927698.4905405
1752927698.4905581 1752927722.9885743
1752927722.9885993 1752927750.3629909
1752927750.3630097 1752927781.012444
1752927781.0124671 1752927811.2844126
1752927811.2844357 1752927844.5503607
1752927844.5503783 1752927873.65334
1752927873.653375 1752927902.9795887
1752927902.979606 1752927933.918084
1752927933.9181085 1752927955.8811884
1752927955.8812196 1752927984.2305954
1752927984.2306185 1752928013.1629105
1752928013.1629307 1752928046.3591309
1752928046.3591595 1752928077.4026618
1752928077.4026828 1752928109.2697988
1752928109.269827 1752928147.1922174
1752928147.1922522 1752928172.6829174
1752928172.6829357 1752928204.1663218
1752928204.1663427 1752928233.5915291
1752928233.5915494 1752928260.5983858
1752928260.5984142 1752928288.8288817
1752928288.8289034 1752928316.666725
1752928316.6667502 1752928344.672995
1752928344.6730182 1752928371.5516
1752928371.5516253 1752928402.2154117
1752928402.2154307 1752928427.2669892
1752928427.2670195 1752928451.7876558
1752928451.7876747 1752928477.2273765
1752928477.2274032 1752928505.6764946
1752928505.676517 1752928529.9937813
1752928529.9938 1752928559.347517
1752928559.3475418 1752928583.032661
1752928583.032698 1752928610.1273665
1752928610.1273847 1752928638.1379955
1752928638.1380227 1752928665.7054446
1752928665.7054675 1752928694.9964397
1752928694.9964662 1752928718.1684117
1752928718.1684337 1752928743.5703075
1752928743.5703444 1752928768.399083
1752928768.3991072 1752928794.4003758
1752928794.4003952 1752928817.9065945
1752928817.9066176 1752928848.7904482
1752928848.7904723 1752928871.7441626
1752928871.74419 1752928894.4917111
1752928894.4917443 1752928915.7030125
1752928915.7030432 1752928940.0734084
1752928940.0734363 1752928966.4529629
1752928966.4529831 1752928993.0709105
1752928993.0709352 1752929021.0924258
1752929021.0924475 1752929045.6382737
1752929045.6382978 1752929071.2780483
1752929071.278087 1752929097.350698
1752929097.3507195 1752929123.512457
1752929123.512484 1752929148.9171088
1752929148.9171288 1752929170.5160556
1752929170.516092 1752929196.5403383
1752929196.5403583 1752929222.5927696
1752929222.5927978 1752929251.273468
1752929251.273486 1752929276.7399795
1752929276.740003 1752929302.7190053
1752929302.7190254 1752929330.5867245
1752929330.5867445 1752929359.0652697
1752929359.0652966 1752929385.9386318
1752929385.93865 1752929413.2336967
1752929413.233718 1752929446.39341
1752929446.393434 1752929465.0724804
1752929465.072506 1752929490.423453
1752929490.4234724 1752929517.2901134
1752929517.29014 1752929537.0740724
1752929537.0740964 1752929559.0588748
1752929559.0588996 1752929582.212012
1752929582.2120333 1752929605.9772055
1752929605.977234 1752929631.7395434
1752929631.739572 1752929659.9998393
1752929659.999859 1752929688.1471233
1752929688.1471508 1752929714.7043
1752929714.7043216 1752929739.6846473
1752929739.6846714 1752929765.2877235
1752929765.2877488 1752929793.1412764
1752929793.141301 1752929818.2258506
1752929818.2258708 1752929844.8706315
1752929844.8706577 1752929870.3321574
1752929870.3321793 1752929898.3124352
1752929898.3124688 1752929924.8985145
1752929924.8985364 1752929954.85294
1752929954.8529582 1752929984.9140258
1752929984.914044 1752930016.1888
1752930016.1888387 1752930042.5481045
1752930042.5481224 1752930073.7210698
1752930073.7210877 1752930110.1510658
1752930110.1510923 1752930147.241077
1752930147.2410965 1752930173.078176
1752930173.0782013 1752930206.2721338
1752930206.2721524 1752930235.3046677
1752930235.3046927 1752930268.4217799
1752930268.4218152 1752930294.186902
1752930294.1869252 1752930323.643325
1752930323.6433427 1752930352.6565897
1752930352.6566088 1752930380.1549418
1752930380.1549642 1752930416.2481203
1752930416.2481384 1752930444.3602755
1752930444.3602977 1752930474.2662942
1752930474.266321 1752930502.7335703
1752930502.733597 1752930529.2949274
1752930529.2949574 1752930559.230616
1752930559.2306378 1752930588.8393307
1752930588.8393507 1752930616.6562126
1752930616.6562383 1752930654.443136
1752930654.443153 1752930675.908919
1752930675.9089446 1752930709.8784153
1752930709.878439 1752930736.4393759
1752930736.4393976 1752930767.99322
1752930767.9932446 1752930796.9780216
1752930796.9780397 1752930821.8691132
1752930821.8691392 1752930848.6630533
1752930848.6630745 1752930873.4437578
1752930873.4437814 1752930902.4561586
1752930902.4561825 1752930932.9004216
1752930932.9004416 1752930968.8546586
1752930968.8546824 1752930992.271334
1752930992.271367 1752931023.1752543
1752931023.1752727 1752931049.1254947
1752931049.125528 1752931073.7131586
1752931073.7131798 1752931099.5182583
1752931099.5182822 1752931119.5984333
1752931119.5984628 1752931150.4371696
1752931150.4371896 1752931180.766143
1752931180.766165 1752931198.616536
1752931198.6165612 1752931226.7586968
1752931226.7587142 1752931260.947415
1752931260.9474397 1752931285.5119643
1752931285.5119846 1752931318.8700724
1752931318.8700945 1752931342.4419768
1752931342.442 1752931369.984323
1752931369.9843483 1752931397.3271773
1752931397.3272023 1752931423.262809
1752931423.2628329 1752931455.3584871
1752931455.3585062 1752931477.9371126
1752931477.937136 1752931504.5000856
1752931504.5001063 1752931534.478236
1752931534.4782553 1752931562.605458
1752931562.605483 1752931601.4056246
1752931601.4056454 1752931638.088484
1752931638.08851 1752931664.984541
1752931664.9845624 1752931697.994431
1752931697.9944603 1752931724.7626987
1752931724.762725 1752931753.466118
1752931753.4661424 1752931791.8607357
1752931791.8607583 1752931816.0404043
1752931816.0404284 1752931852.382804
1752931852.3828225 1752931886.1393826
1752931886.139407 1752931919.4970014
1752931919.4970205 1752931952.5068426
1752931952.5068667 1752931983.4012053
1752931983.4012282 1752932011.7338755
1752932011.7338982 1752932044.9881778
1752932044.9882035 1752932081.244116
1752932081.244141 1752932110.7626238
1752932110.762642 1752932150.8764465
1752932150.8764699 1752932179.0925596
1752932179.0925837 1752932205.1069767
1752932205.1070051 1752932232.3530295
1752932232.3530555 1752932262.6016765
1752932262.6017013 1752932292.445802
1752932292.4458292 1752932320.9495578
1752932320.9495776 1752932352.2331645
1752932352.2331893 1752932379.9691079
1752932379.9691298 1752932406.9315822
1752932406.931605 1752932437.4962897
1752932437.4963255 1752932461.6018531
1752932461.6018782 1752932487.8874435
1752932487.8874662 1752932504.2403753
1752932504.2404091 1752932528.934067
1752932528.9340901 1752932556.6685264
1752932556.6685529 1752932579.498208
1752932579.4982266 1752932607.917892
1752932607.9179103 1752932633.9144392
1752932633.9144585 1752932657.817598
1752932657.8176239 1752932681.8000486
1752932681.800068 1752932710.784468
1752932710.784494 1752932733.2944574
1752932733.2944756 1752932763.422923
1752932763.4229496 1752932786.478198
1752932786.478222 1752932819.2369456
1752932819.236968 1752932843.3170357
1752932843.3170578 1752932870.6786864
1752932870.678714 1752932904.732661
1752932904.732699 1752932935.1029577
1752932935.1030095 1752932964.3316162
1752932964.3316367 1752932995.8445187
1752932995.8445435 1752933023.6126454
1752933023.6126742 1752933054.8351846
1752933054.8352084 1752933082.7011094
1752933082.701133 1752933105.9955156
1752933105.9955347 1752933131.9851217
1752933131.9851403 1752933161.1305978
1752933161.1306396 1752933185.4775074
1752933185.4775314 1752933216.5826476
1752933216.5826674 1752933244.8432894
1752933244.8433146 1752933277.9315999
1752933277.9316201 1752933301.2541704
1752933301.2541978 1752933325.5217645
1752933325.5217845 1752933359.8615367
1752933359.8615599 1752933384.1793442
1752933384.179365 1752933412.1957552
1752933412.195782 1752933437.675767
1752933437.6757922 1752933474.6110334
1752933474.6110542 1752933499.374582
1752933499.374601 1752933530.0359793
1752933530.0359972 1752933566.4205654
1752933566.4205916 1752933593.8577363
1752933593.8577538 1752933627.9308205
1752933627.9308424 1752933668.1103117
1752933668.1103299 1752933699.1387618
1752933699.1387837 1752933719.1662924
1752933719.16632 1752933751.0824747
1752933751.0824916 1752933776.0388732
1752933776.038901 1752933802.7893808
1752933802.7893991 1752933834.304183
1752933834.3042095 1752933865.7272568
1752933865.727275 1752933893.6929076
1752933893.6929283 1752933917.341936
1752933917.3419523 1752933942.6802032
1752933942.6802278 1752933971.2707632
1752933971.2707856 1752933998.1530156
1752933998.1530392 1752934028.3847117
1752934028.3847392 1752934058.5279942
1752934058.5280137 1752934081.3640473
1752934081.3640714 1752934105.3814402
1752934105.3814604 1752934129.8492975
1752934129.8493197 1752934160.103037
1752934160.1030626 1752934185.6126149
1752934185.6126502 1752934209.5421472
1752934209.542168 1752934237.3579235
1752934237.3579433 1752934264.7933853
1752934264.7934031 1752934294.1425402
1752934294.142561 1752934324.862456
1752934324.8624737 1752934358.6632557
1752934358.6632752 1752934390.0489962
1752934390.0490196 1752934418.9344969
1752934418.9345193 1752934452.7663229
1752934452.7663465 1752934479.4203608
1752934479.420383 1752934513.2422907
1752934513.2423127 1752934541.5609918
1752934541.561016 1752934575.1082218
1752934575.1082597 1752934598.6774123
1752934598.6774294 1752934634.463844
1752934634.4638672 1752934658.2313523
1752934658.2313762 1752934687.7593148
1752934687.7593346 1752934722.6956544
1752934722.6956782 1752934746.2252023
1752934746.2252204 1752934779.5239017
1752934779.5239296 1752934807.6118932
1752934807.6119173 1752934832.7096384
1752934832.709658 1752934863.641162
1752934863.6411788 1752934899.242321
1752934899.2423491 1752934927.5709674
1752934927.5709875 1752934959.9772844
1752934959.9773114 1752934992.6805909
1752934992.6806092 1752935017.450681
1752935017.4507072 1752935041.7151008
1752935041.7151222 1752935068.3937445
1752935068.393764 1752935093.1127195
1752935093.1127443 1752935120.0573847
1752935120.0574055 1752935146.2832975
1752935146.2833226 1752935182.0171454
1752935182.017175 1752935206.2585766
1752935206.2585948 1752935235.808234
1752935235.8082623 1752935265.428424
1752935265.4284441 1752935296.6091387
1752935296.6091647 1752935324.4266975
1752935324.4267166 1752935351.6211207
1752935351.6211455 1752935384.2381673
1752935384.2381904 1752935417.3556132
1752935417.3556395 1752935443.9735541
1752935443.9735749 1752935468.3207788
1752935468.3208117 1752935501.2501833
1752935501.250201 1752935529.523647
1752935529.5236638 1752935556.47092
1752935556.4709425 1752935589.118252
1752935589.1182704 1752935620.6726358
1752935620.6726575 1752935652.2079048
1752935652.2079291 1752935685.1427295
1752935685.1427472 1752935714.4119134
1752935714.4119346 1752935743.578873
1752935743.5788915 1752935775.551257
1752935775.5512793 1752935808.2580428
1752935808.258064 1752935844.1330328
1752935844.1330523 1752935875.569596
1752935875.5696151 1752935906.710406
1752935906.7104368 1752935932.3143044
1752935932.3143234 1752935961.3880591
1752935961.3880792 1752935989.4688842
1752935989.4689121 1752936018.1300182
1752936018.130042 1752936042.471898
1752936042.4719183 1752936068.8135731
1752936068.8136015 1752936100.3505478
1752936100.3505855 1752936131.5523994
1752936131.5524213 1752936164.5029285
1752936164.5029535 1752936195.6909583
1752936195.690986 1752936224.6795018
1752936224.679522 1752936253.0414462
1752936253.0414681 1752936289.928756
1752936289.928776 1752936318.45299
1752936318.4530122 1752936346.9832401
1752936346.983261 1752936380.3513162
1752936380.351336 1752936403.3570092
1752936403.3570318 1752936431.591949
1752936431.5919719 1752936466.1075065
1752936466.1075292 1752936493.0225425
1752936493.022561 1752936519.5318596
1752936519.5318835 1752936549.3344226
1752936549.3344448 1752936578.037618
1752936578.037636 1752936611.3919117
1752936611.3919356 1752936645.6413007
1752936645.6413205 1752936680.7719948
1752936680.7720194 1752936710.446096
1752936710.4461172 1752936742.0728238
1752936742.0728498 1752936773.5662525
1752936773.5662725 1752936806.4527032
1752936806.452724 1752936839.2285216
1752936839.2285454 1752936873.6489003
1752936873.6489208 1752936905.0329964
1752936905.0330155 1752936933.2595863
1752936933.2596102 1752936966.7386813
1752936966.7387128 1752936997.6229618
1752936997.622989 1752937024.665466
1752937024.6654873 1752937051.4877825
1752937051.487804 1752937080.042825
1752937080.0428457 1752937105.1598709
1752937105.1599152 1752937133.744299
1752937133.74432 1752937158.0980484
1752937158.0980687 1752937182.5414057
1752937182.5414312 1752937209.8386095
1752937209.8386297 1752937237.7863142
1752937237.7863324 1752937263.0816226
1752937263.0816472 1752937291.5841494
1752937291.58417 1752937319.592428
1752937319.5924478 1752937347.628094
1752937347.6281176 1752937374.3339956
1752937374.334015 1752937399.0515378
1752937399.0515852 1752937426.549291
1752937426.5493126 1752937450.8912022
1752937450.8912258 1752937477.0405724
1752937477.0405977 1752937499.1849592
1752937499.1849823 1752937530.8999693
1752937530.8999906 1752937559.671131
1752937559.6711528 1752937592.4224653
1752937592.4224823 1752937616.1338406
1752937616.1338642 1752937649.4155388
1752937649.4155602 1752937677.3930056
1752937677.3930273 1752937703.6089718
1752937703.6089914 1752937731.0257664
1752937731.0257888 1752937759.1107779
1752937759.1108253 1752937785.0383878
1752937785.03841 1752937813.5687928
1752937813.5688128 1752937841.7412207
1752937841.7412505 1752937871.0617752
1752937871.0617924 1752937903.5752335
1752937903.575253 1752937931.1659923
1752937931.1660104 1752937957.1246004
1752937957.1246288 1752937984.7809668
1752937984.780988 1752938017.3752098
1752938017.3752391 1752938049.1580372
1752938049.1580586 1752938080.587911
1752938080.5879292 1752938108.9406915
1752938108.940717 1752938139.1506293
1752938139.1506493 1752938179.8472698
1752938179.8472936 1752938213.0869443
1752938213.086964 1752938244.4072332
1752938244.4072661 1752938272.6105628
1752938272.6105843 1752938301.0542283
1752938301.0542538 1752938335.280235
1752938335.280256 1752938362.6854806
1752938362.6855037 1752938395.0586655
1752938395.0586836 1752938428.4112768
1752938428.4113052 1752938456.8369992
1752938456.8370197 1752938485.2789478
1752938485.278972 1752938517.130719
1752938517.1307378 1752938545.7089016
1752938545.7089217 1752938568.3961549
1752938568.396178 1752938595.52803
1752938595.5280478 1752938623.1905477
1752938623.1905704 1752938651.7773519
1752938651.777369 1752938681.9316485
1752938681.9316761 1752938710.20529
1752938710.2053108 1752938737.0837379
1752938737.0837595 1752938762.1086981
1752938762.1087177 1752938788.9682138
1752938788.9682357 1752938813.500752
1752938813.5007741 1752938843.5947552
1752938843.594791 1752938872.5730648
1752938872.5730906 1752938908.6008494
1752938908.600873 1752938937.560734
1752938937.560754 1752938958.703893
1752938958.7039173 1752938987.8543596
1752938987.8543844 1752939013.394555
1752939013.3945785 1752939041.0362751
1752939041.0363102 1752939072.339171
1752939072.3391922 1752939098.1603253
1752939098.1603534 1752939126.776748
1752939126.776768 1752939160.725559
1752939160.7255812 1752939182.8236523
1752939182.8236716 1752939210.1646068
1752939210.1646316 1752939237.7826846
1752939237.7827024 1752939263.163014
1752939263.1630397 1752939289.981634
1752939289.9816506 1752939317.9927177
1752939317.9927418 1752939344.4774876
1752939344.4775047 1752939369.0605915
1752939369.0606148 1752939394.7446492
1752939394.7446764 1752939418.529657
1752939418.5296798 1752939445.480029
1752939445.4800546 1752939470.0077267
1752939470.007761 1752939502.2280974
1752939502.2281208 1752939531.0597634
1752939531.0597832 1752939554.10517
1752939554.1051931 1752939580.2024503
1752939580.2024758 1752939612.909165
1752939612.9091835 1752939632.5981634
1752939632.59821 1752939653.2387218
1752939653.2387435 1752939680.6808767
1752939680.680902 1752939707.4028573
1752939707.4028795 1752939734.1312544
1752939734.131274 1752939760.1045156
1752939760.1045423 1752939785.3010721
1752939785.3010976 1752939813.0084088
1752939813.0084312 1752939838.2175212
1752939838.2175448 1752939864.4975698
1752939864.497597 1752939890.077894
1752939890.0779169 1752939919.3383567
1752939919.3383768 1752939945.9483018
1752939945.9483566 1752939977.1055577
1752939977.105579 1752940001.802859
1752940001.8028784 1752940032.6714633
1752940032.6714857 1752940052.2207456
1752940052.2207675 1752940082.1217763
1752940082.1217992 1752940104.8282542
1752940104.828278 1752940129.6580288
1752940129.65805 1752940157.7192554
1752940157.7192795 1752940183.2635605
1752940183.2635918 1752940208.1795378
1752940208.179592 1752940233.3245785
1752940233.324603 1752940262.4970548
1752940262.497078 1752940294.8470407
1752940294.8470643 1752940320.2628787
1752940320.2628984 1752940345.3689668
1752940345.3689864 1752940370.0311089
1752940370.031137 1752940391.7218757
1752940391.7218947 1752940421.8345292
1752940421.834551 1752940448.937507
1752940448.93753 1752940472.9177449
1752940472.9177659 1752940498.0470266
1752940498.0470498 1752940521.74887
1752940521.748891 1752940546.6239254
1752940546.6239572 1752940572.1505356
1752940572.150567 1752940600.2345195
1752940600.2345564 1752940625.4848998
1752940625.4849179 1752940651.7869248
1752940651.7869492 1752940683.4732912
1752940683.473315 1752940712.8502717
1752940712.8503017 1752940744.008681
1752940744.0086985 1752940772.8452573
1752940772.8452787 1752940795.8659725
1752940795.8659945 1752940827.5406525
1752940827.5406728 1752940862.5548692
1752940862.5548937 1752940886.1386483
1752940886.1386755 1752940911.5390337
1752940911.5390556 1752940941.701281
1752940941.701305 1752940969.5871317
1752940969.5871527 1752940996.1225133
1752940996.1225336 1752941022.6474884
1752941022.6475165 1752941046.7817311
1752941046.781754 1752941074.174647
1752941074.1746662 1752941097.51839
1752941097.5184093 1752941117.089173
1752941117.0891984 1752941141.667713
1752941141.667733 1752941166.1632636
1752941166.1632972 1752941192.7355022
1752941192.73552 1752941219.0646772
1752941219.0647104 1752941244.3902147
1752941244.390234 1752941271.9216955
1752941271.9217217 1752941297.5534875
1752941297.553508 1752941323.54768
1752941323.5477104 1752941349.2888165
1752941349.288849 1752941374.7776392
1752941374.777662 1752941403.8800082
1752941403.8800354 1752941426.3495471
1752941426.3495677 1752941451.076111
1752941451.076139 1752941480.5351582
1752941480.535177 1752941506.1091225
1752941506.1091483 1752941539.341331
1752941539.3413503 1752941568.507345
1752941568.507371 1752941598.4550502
1752941598.45507 1752941627.5675037
1752941627.5675278 1752941657.287482
1752941657.2875018 1752941687.3972623
1752941687.397284 1752941718.756744
1752941718.7567658 1752941750.3048964
1752941750.3049212 1752941778.5685759
1752941778.5685978 1752941815.1571367
1752941815.1571608 1752941835.7479851
1752941835.7480118 1752941862.1244824
1752941862.1245098 1752941890.1811497
1752941890.1811728 1752941914.827698
1752941914.8277175 1752941941.2736146
1752941941.2736418 1752941966.9654326
1752941966.965454 1752941991.680982
1752941991.6810071 1752942023.5468924
1752942023.5469098 1752942047.747227
1752942047.747253 1752942071.2519014
1752942071.251921 1752942098.074778
1752942098.074803 1752942129.692191
1752942129.692211 1752942161.0077817
1752942161.0077999 1752942188.6757705
1752942188.6758094 1752942217.1996317
1752942217.1996577 1752942247.6206524
1752942247.6206717 1752942278.001198
1752942278.0012279 1752942316.8586638
1752942316.8586822 1752942344.1096723
1752942344.1096954 1752942373.4143205
1752942373.4143395 1752942405.3745315
1752942405.3745525 1752942437.4229355
1752942437.4229662 1752942468.3455458
1752942468.3455648 1752942499.5791323
1752942499.579158 1752942528.1409106
1752942528.140931 1752942561.9792283
1752942561.9792647 1752942592.8958848
1752942592.895904 1752942617.5016267
1752942617.50165 1752942644.762281
1752942644.7623026 1752942672.8386238
1752942672.8386436 1752942694.66073
1752942694.6607535 1752942725.8868835
1752942725.8869042 1752942753.4864774
1752942753.4864995 1752942781.157866
1752942781.1578846 1752942806.7008264
1752942806.7008445 1752942830.374512
1752942830.3745341 1752942854.977553
1752942854.9775715 1752942884.709565
1752942884.7095947 1752942911.4213889
1752942911.4214134 1752942945.2750993
1752942945.2751174 1752942963.7673929
1752942963.767423 1752942989.7350035
1752942989.7350266 1752943018.439632
1752943018.439656 1752943048.7432363
1752943048.7432551 1752943074.7649703
1752943074.7649949 1752943103.7973595
1752943103.797377 1752943134.1871014
1752943134.187122 1752943153.1099145
1752943153.1099472 1752943181.2499006
1752943181.2499216 1752943208.1045804
1752943208.104605 1752943238.4376707
1752943238.437688 1752943265.8965065
1752943265.896537 1752943294.2974114
1752943294.2974293 1752943321.5299635
1752943321.5299902 1752943353.463921
1752943353.4639413 1752943382.1787848
1752943382.1788032 1752943414.5983942
1752943414.5984192 1752943442.9894032
1752943442.989422 1752943470.7634304
1752943470.7634573 1752943498.4426117
1752943498.4426556 1752943525.899809
1752943525.8998413 1752943553.3787572
1752943553.3787785 1752943584.6024263
1752943584.6024525 1752943612.8375623
1752943612.837588 1752943642.3015783
1752943642.3015983 1752943671.6722631
1752943671.6722906 1752943699.7217457
1752943699.7217662 1752943732.081385
1752943732.0814083 1752943761.968141
1752943761.9681656 1752943798.1406312
1752943798.1406503 1752943832.5125182
1752943832.5125406 1752943874.661217
1752943874.6612334 1752943910.9298613
1752943910.9298842 1752943939.3038492
1752943939.303868 1752943974.9554894
1752943974.9555175 1752943999.562026
1752943999.5620446 1752944026.5506432
1752944026.5506625 1752944057.2216184
1752944057.2216403 1752944088.8109672
1752944088.8109868 1752944116.7581766
1752944116.7581935 1752944151.4975421
1752944151.497568 1752944178.0404117
1752944178.0404305 1752944206.7846606
1752944206.7846797 1752944236.7280557
1752944236.7280836 1752944268.6473937
1752944268.6474106 1752944300.2230186
1752944300.223059 1752944327.152769
1752944327.1527898 1752944360.7710993
1752944360.7711256 1752944389.9083533
1752944389.908376 1752944418.8093429
1752944418.809362 1752944439.9628484
1752944439.9628727 1752944465.6089132
1752944465.608942 1752944493.256716
1752944493.2567427 1752944520.4697597
1752944520.4697835 1752944545.043368
1752944545.0433881 1752944568.5899215
1752944568.5899458 1752944589.8929687
1752944589.8929899 1752944609.7654097
1752944609.765431 1752944633.2016866
1752944633.2017045 1752944658.6268423
1752944658.6268659 1752944684.035942
1752944684.0359595 1752944709.1412897
1752944709.1413095 1752944732.6352136
1752944732.6352353 1752944757.4650784
1752944757.4650967 1752944787.2565615
1752944787.256588 1752944814.682736
1752944814.6827548 1752944843.5028656
1752944843.5028908 1752944867.999315
1752944867.9993365 1752944892.498165
1752944892.4981863 1752944922.476809
1752944922.4768322 1752944954.929679
1752944954.9297032 1752944982.8368912
1752944982.8369124 1752945015.8501096
1752945015.8501403 1752945057.4021351
1752945057.4021556 1752945080.955598
1752945080.95562 1752945112.8071623
1752945112.8071992 1752945148.2551398
1752945148.255159 1752945176.8999531
1752945176.8999755 1752945206.1105013
1752945206.1105204 1752945236.5928028
1752945236.5928304 1752945269.2181327
1752945269.218154 1752945295.0442085
1752945295.0442414 1752945321.8653677
1752945321.865389 1752945344.9726415
1752945344.9726744 1752945370.3424847
1752945370.3425064 1752945395.3123064
1752945395.3123362 1752945428.004297
1752945428.0043185 1752945461.4819067
1752945461.481933 1752945493.042288
1752945493.042308 1752945515.1960254
1752945515.1960533 1752945545.8987653
1752945545.8987887 1752945572.165739
1752945572.165764 1752945595.3012214
1752945595.301245 1752945621.5105145
1752945621.5105374 1752945648.601581
1752945648.6016076 1752945677.509408
1752945677.509428 1752945711.4823928
1752945711.4824257 1752945742.0457022
1752945742.0457275 1752945772.7573655
1752945772.7573931 1752945806.2510338
1752945806.2510655 1752945839.2972953
1752945839.2973213 1752945861.1477015
1752945861.147733 1752945887.9336827
1752945887.9337037 1752945916.1266835
1752945916.1267047 1752945945.87489
1752945945.8749228 1752945972.2413573
1752945972.2413864 1752945997.6815884
1752945997.6816096 1752946028.2922256
1752946028.2922473 1752946056.0017288
1752946056.001756 1752946085.9566948
1752946085.956714 1752946118.7197676
1752946118.7197948 1752946145.4514904
1752946145.4515095 1752946172.163959
1752946172.163983 1752946204.8816674
1752946204.881687 1752946232.5962758
1752946232.5963001 1752946263.1583257
1752946263.1583607 1752946294.3839955
1752946294.384019 1752946323.5025873
1752946323.5026095 1752946349.5030258
1752946349.5030434 1752946379.5925343
1752946379.5925634 1752946410.5268211
1752946410.526842 1752946437.933825
1752946437.9338443 1752946467.1967459
1752946467.1967723 1752946497.671147
1752946497.6711721 1752946528.7390032
1752946528.739024 1752946558.8038065
1752946558.8038394 1752946589.6218665
1752946589.621894 1752946615.0317605
1752946615.031786 1752946645.649912
1752946645.6499345 1752946674.2372134
1752946674.2372336 1752946698.0889251
1752946698.0889459 1752946726.558511
1752946726.5585287 1752946750.8359523
1752946750.8359745 1752946777.5840783
1752946777.584097 1752946806.2745001
1752946806.274517 1752946839.976332
1752946839.9763558 1752946873.178502
1752946873.1785243 1752946908.715529
1752946908.7155528 1752946940.235242
1752946940.2352595 1752946964.7146153
1752946964.7146347 1752946994.5847645
1752946994.5847921 1752947025.6919374
1752947025.691958 1752947057.6233673
1752947057.623393 1752947088.4082582
1752947088.4082775 1752947119.6442766
1752947119.6443026 1752947145.4485264
1752947145.4485576 1752947176.6346304
1752947176.6346579 1752947207.7219677
1752947207.7219877 1752947240.4334333
1752947240.4334605 1752947270.2994003
1752947270.2994194 1752947300.6161706
1752947300.616197 1752947331.4158702
1752947331.4158895 1752947348.5879009
1752947348.58792 1752947376.230581
1752947376.2305996 1752947401.427948
1752947401.427967 1752947424.8914063
1752947424.8914266 1752947449.2207437
1752947449.2207627 1752947476.6883717
1752947476.6883888 1752947504.7013605
1752947504.7013836 1752947531.6433902
1752947531.64341 1752947558.5051186
1752947558.5051413 1752947588.625903
1752947588.625923 1752947609.7367811
1752947609.7368126 1752947636.3528187
1752947636.3528423 1752947657.6918123
1752947657.6918418 1752947683.040123
1752947683.040148 1752947712.038832
1752947712.038859 1752947738.690943
1752947738.6909738 1752947762.4605303
1752947762.4605534 1752947786.4686549
1752947786.4686806 1752947815.292038
1752947815.292063 1752947840.376996
1752947840.3770194 1752947868.2312715
1752947868.2312894 1752947890.5840788
1752947890.5841038 1752947913.8680391
1752947913.8680604 1752947934.3408778
1752947934.3409145 1752947958.213632
1752947958.2136512 1752947984.797284
1752947984.7973084 1752948011.7241318
1752948011.7241657 1752948041.2078629
1752948041.207887 1752948063.9764354
1752948063.9764664 1752948089.4613125
1752948089.4613454 1752948114.2621274
1752948114.2621484 1752948140.522389
1752948140.5224187 1752948171.8264558
1752948171.8264735 1752948194.472642
1752948194.4726667 1752948219.5674448
1752948219.5674646 1752948247.3142674
1752948247.3142915 1752948275.5189135
1752948275.5189366 1752948301.5712674
1752948301.5713022 1752948334.545311
1752948334.5453384 1752948360.6413696
1752948360.6413896 1752948388.284633
1752948388.2846565 1752948416.2718983
1752948416.2719223 1752948445.090357
1752948445.0903757 1752948471.2208614
1752948471.2208881 1752948496.4524314
1752948496.452457 1752948522.683814
1752948522.6838515 1752948546.922864
1752948546.9228828 1752948576.15307
1752948576.1531098 1752948606.7800012
1752948606.780021 1752948631.8275254
1752948631.8275473 1752948660.0551462
1752948660.0551739 1752948686.792076
1752948686.7921019 1752948714.4413095
1752948714.4413466 1752948740.6808121
1752948740.6808374 1752948762.617741
1752948762.6177719 1752948786.1680474
1752948786.1680696 1752948812.79632
1752948812.7963498 1752948839.494788
1752948839.4948163 1752948866.787622
1752948866.787648 1752948891.710951
1752948891.71097 1752948927.8296049
1752948927.8296301 1752948951.114133
1752948951.1141527 1752948980.4612048
1752948980.461225 1752949010.1175885
1752949010.1176097 1752949034.0824811
1752949034.0825057 1752949059.590056
1752949059.5900743 1752949090.7347348
1752949090.7347624 1752949124.9634557
1752949124.9634745 1752949154.8859615
1752949154.8859863 1752949191.6989386
1752949191.6989608 1752949219.305608
1752949219.3056326 1752949254.1852496
1752949254.1852674 1752949281.0015028
1752949281.001526 1752949319.249107
1752949319.2491233 1752949342.5714812
1752949342.5715094 1752949380.5930245
1752949380.5930476 1752949410.4217453
1752949410.4217646 1752949447.086783
1752949447.0868018 1752949470.221706
1752949470.2217302 1752949498.3843687
1752949498.384387 1752949527.787451
1752949527.7874706 1752949555.222211
1752949555.2222435 1752949583.84036
1752949583.8403845 1752949612.296037
1752949612.296057 1752949641.8136759
1752949641.813708 1752949671.5527065
1752949671.5527267 1752949697.8739622
1752949697.873983 1752949727.706912
1752949727.7069397 1752949761.12503
1752949761.1250515 1752949786.132025
1752949786.1320558 1752949813.1507802
1752949813.1508002 1752949845.611192
1752949845.6112154 1752949865.766839
1752949865.7668676 1752949896.3853512
1752949896.3853762 1752949922.7350335
1752949922.7350533 1752949945.4335775
1752949945.4336023 1752949972.484303
1752949972.4843225 1752949999.575327
