1752921714.8669486 1752921736.5637302
1752921736.5637558 1752921760.8673978
1752921760.8674152 1752921783.4942524
1752921783.4942775 1752921814.0038154
1752921814.0038373 1752921842.7365022
1752921842.7365286 1752921870.3355231
1752921870.3355417 1752921893.8409572
1752921893.8409772 1752921918.354153
1752921918.354173 1752921948.327401
1752921948.3274186 1752921975.647387
1752921975.647407 1752922002.5921538
1752922002.5921743 1752922029.989113
1752922029.9891348 1752922055.924671
1752922055.9246917 1752922085.6368537
1752922085.636876 1752922111.2921855
1752922111.292205 1752922141.4002137
1752922141.4002366 1752922170.8506045
1752922170.8506243 1752922202.4895017
1752922202.4895267 1752922229.9892774
1752922229.9892974 1752922257.799601
1752922257.7996283 1752922283.9617465
1752922283.9617689 1752922311.3548598
1752922311.3548844 1752922338.5213976
1752922338.521421 1752922366.552345
1752922366.552366 1752922390.3326743
1752922390.3327029 1752922416.7273934
1752922416.7274134 1752922444.6807287
1752922444.6807675 1752922470.796768
1752922470.7967865 1752922499.1845405
1752922499.1845632 1752922522.9851131
1752922522.985137 1752922548.3315287
1752922548.3315523 1752922574.2722704
1752922574.2722971 1752922599.0969708
1752922599.0969956 1752922623.5762045
1752922623.5762215 1752922648.9465232
1752922648.9465647 1752922671.44549
1752922671.4455125 1752922699.2340121
1752922699.2340324 1752922726.5840185
1752922726.5840402 1752922757.2359815
1752922757.2359998 1752922788.709778
1752922788.7098 1752922821.309792
1752922821.3098109 1752922853.601548
1752922853.6015773 1752922884.6280549
1752922884.628074 1752922913.2978191
1752922913.2978358 1752922946.2552667
1752922946.2552996 1752922976.8379118
1752922976.8379319 1752923008.7241974
1752923008.7242212 1752923040.5256305
1752923040.5256515 1752923075.666798
1752923075.6668205 1752923112.2438095
1752923112.2438366 1752923136.662602
1752923136.6626227 1752923165.8202536
1752923165.8202739 1752923191.535531
1752923191.5355496 1752923218.3885028
1752923218.3885274 1752923250.90818
1752923250.9081976 1752923274.5765874
1752923274.5766132 1752923301.6850533
1752923301.6850739 1752923331.0164278
1752923331.0164526 1752923362.8871531
1752923362.8871765 1752923395.5658011
1752923395.5658233 1752923428.8061223
1752923428.806145 1752923452.2275784
1752923452.2276142 1752923484.0560405
1752923484.0560658 1752923509.1485868
1752923509.1486092 1752923534.8863454
1752923534.8863642 1752923562.4383616
1752923562.4383802 1752923593.636898
1752923593.6369185 1752923621.203649
1752923621.2036796 1752923654.205406
1752923654.2054338 1752923684.3255694
1752923684.3255932 1752923714.5582826
1752923714.5583072 1752923741.0130703
1752923741.0130901 1752923769.1362371
1752923769.1362607 1752923799.6954024
1752923799.6954365 1752923825.811928
1752923825.811953 1752923852.652752
1752923852.6527727 1752923885.4342442
1752923885.4342685 1752923911.950481
1752923911.9505072 1752923936.847959
1752923936.8479815 1752923964.348987
1752923964.3490136 1752923989.8585877
1752923989.858607 1752924015.5515003
1752924015.5515237 1752924044.6673312
1752924044.6673698 1752924070.1891325
1752924070.1891587 1752924100.515576
1752924100.5156164 1752924127.019199
1752924127.0192525 1752924154.848173
1752924154.8481903 1752924182.6094284
1752924182.6094477 1752924211.3679686
1752924211.3679922 1752924237.7482438
1752924237.7482624 1752924265.9488885
1752924265.9489112 1752924289.2801304
1752924289.2801495 1752924316.450604
1752924316.450639 1752924341.3228126
1752924341.3228476 1752924367.538301
1752924367.5383277 1752924394.5617485
1752924394.5617738 1752924421.0058842
1752924421.0059097 1752924452.3572185
1752924452.3572562 1752924483.8072727
1752924483.8073037 1752924507.7685554
1752924507.7685776 1752924536.8530998
1752924536.8531258 1752924564.3953922
1752924564.3954215 1752924591.1465116
1752924591.146538 1752924619.6265223
1752924619.6265445 1752924646.7908921
1752924646.7909255 1752924675.8632238
1752924675.8632414 1752924705.5312495
1752924705.5312696 1752924736.306985
1752924736.3070183 1752924761.958155
1752924761.9581738 1752924791.693965
1752924791.693984 1752924817.982762
1752924817.9827852 1752924846.9858603
1752924846.9858797 1752924882.7822387
1752924882.7822652 1752924915.925345
1752924915.925364 1752924944.7723289
1752924944.7723622 1752924983.6056519
1752924983.6056714 1752925017.98826
1752925017.9882808 1752925052.7690535
1752925052.7690823 1752925083.0505056
1752925083.0505242 1752925117.737077
1752925117.7371025 1752925148.531924
1752925148.5319512 1752925180.655093
1752925180.6551142 1752925213.4011981
1752925213.4012222 1752925246.7847412
1752925246.784768 1752925276.645783
1752925276.645814 1752925308.8540716
1752925308.8540924 1752925343.4776914
1752925343.477717 1752925376.55155
1752925376.551579 1752925405.962282
1752925405.9623098 1752925439.3210402
1752925439.3210688 1752925476.2766252
1752925476.27665 1752925503.5177834
1752925503.5178027 1752925536.8470707
1752925536.8470945 1752925569.1015518
1752925569.1015706 1752925600.2795076
1752925600.2795305 1752925628.4173722
1752925628.4173942 1752925650.9065464
1752925650.9065695 1752925675.0669873
1752925675.067006 1752925704.0010962
1752925704.0011168 1752925729.6720266
1752925729.6720583 1752925757.5612864
1752925757.5613055 1752925786.4810224
1752925786.481048 1752925811.174582
1752925811.1746032 1752925840.1786704
1752925840.1786933 1752925870.9889584
1752925870.9889784 1752925897.8954513
1752925897.895494 1752925922.2250762
1752925922.225099 1752925948.2637324
1752925948.2637527 1752925972.9011712
1752925972.9011989 1752925999.0782192
1752925999.0782423 1752926026.8179045
1752926026.8179266 1752926050.3920655
1752926050.3920996 1752926075.770167
1752926075.7701864 1752926104.7212863
1752926104.7213154 1752926128.8343737
1752926128.8343923 1752926155.144999
1752926155.1450233 1752926176.2468362
1752926176.2468662 1752926203.6211095
1752926203.6211314 1752926227.5197163
1752926227.5197382 1752926251.1437774
1752926251.1438003 1752926279.8578284
1752926279.8578496 1752926304.3591292
1752926304.359147 1752926326.1881828
1752926326.1882048 1752926356.1987865
1752926356.198814 1752926383.7628264
1752926383.7628489 1752926408.3070734
1752926408.3070939 1752926433.0119693
1752926433.0119932 1752926460.5109587
1752926460.5109844 1752926487.7642505
1752926487.7642777 1752926517.3412898
1752926517.3413215 1752926539.9707298
1752926539.9707499 1752926570.6394036
1752926570.639429 1752926598.3328052
1752926598.3328273 1752926623.0099404
1752926623.0099633 1752926657.8318102
1752926657.8318348 1752926683.2061698
1752926683.2061927 1752926715.279266
1752926715.2792892 1752926741.8506646
1752926741.8506997 1752926767.460088
1752926767.460114 1752926799.0223818
1752926799.0224025 1752926827.4093077
1752926827.409331 1752926856.897433
1752926856.8974512 1752926880.763547
1752926880.7635827 1752926911.8162487
1752926911.8162675 1752926942.0919354
1752926942.0919657 1752926974.795911
1752926974.7959337 1752927008.0628247
1752927008.0628455 1752927033.1979034
1752927033.1979284 1752927065.6332054
1752927065.6332295 1752927094.2921612
1752927094.2921863 1752927129.3191457
1752927129.3191752 1752927151.5409083
1752927151.5409298 1752927185.428523
1752927185.4285455 1752927214.2979836
1752927214.298006 1752927243.0538998
1752927243.0539367 1752927272.7338831
1752927272.733903 1752927307.5697606
1752927307.5697806 1752927339.617599
1752927339.6176245 1752927372.1119714
1752927372.1119897 1752927404.9515512
1752927404.951611 1752927431.012263
1752927431.0122871 1752927456.6525662
1752927456.6525857 1752927487.8457363
1752927487.8457768 1752927518.5284567
1752927518.5284765 1752927547.5748258
1752927547.5748513 1752927575.0903976
1752927575.0904322 1752927609.9304583
1752927609.9304852 1752927641.7795994
1752927641.779631 1752927670.3003707
1752927670.3003948 1752927698.3168962
1752927698.3169165 1752927726.6280499
1752927726.6280777 1752927751.4706855
1752927751.4707046 1752927778.091584
1752927778.091626 1752927808.0355308
1752927808.035549 1752927839.3544996
1752927839.3545206 1752927869.4596376
1752927869.4596677 1752927898.0524874
1752927898.05251 1752927926.3394046
1752927926.3394287 1752927952.6402805
1752927952.6403005 1752927980.935313
1752927980.935341 1752928009.8448162
1752928009.8448386 1752928041.1709573
1752928041.1709805 1752928071.1683667
1752928071.1683912 1752928106.4269974
1752928106.427026 1752928137.5853808
1752928137.5854118 1752928162.1605544
1752928162.160585 1752928193.2743099
1752928193.2743285 1752928224.334717
1752928224.3347414 1752928250.8596418
1752928250.8596654 1752928279.6813364
1752928279.6813545 1752928309.5035417
1752928309.503572 1752928338.0719962
1752928338.0720165 1752928365.126096
1752928365.1261215 1752928395.7744067
1752928395.7744393 1752928422.6508934
1752928422.6509166 1752928446.474364
1752928446.474383 1752928472.2356665
1752928472.235691 1752928500.640206
1752928500.6402252 1752928525.0682724
1752928525.0682933 1752928551.7314835
1752928551.731509 1752928578.9637737
1752928578.9637928 1752928605.2664177
1752928605.2664425 1752928632.0523014
1752928632.052323 1752928659.672884
1752928659.6729164 1752928692.0920706
1752928692.0920978 1752928715.4984694
1752928715.498489 1752928738.1295033
1752928738.1295264 1752928763.00603
1752928763.0060494 1752928789.058184
1752928789.0582042 1752928812.4790506
1752928812.4790733 1752928839.9425604
1752928839.9425797 1752928864.314439
1752928864.3144727 1752928886.654296
1752928886.6543171 1752928910.798634
1752928910.798653 1752928935.9415495
1752928935.9415727 1752928962.211022
1752928962.2110567 1752928986.9421492
1752928986.942171 1752929015.7961035
1752929015.796132 1752929040.972145
1752929040.9721723 1752929065.370649
1752929065.370685 1752929092.0228722
1752929092.0228949 1752929118.2019622
1752929118.2019815 1752929144.2120667
1752929144.2120857 1752929169.5613377
1752929169.561365 1752929195.6386523
1752929195.6386693 1752929221.641195
1752929221.641213 1752929250.394411
1752929250.3944354 1752929275.7925916
1752929275.7926106 1752929301.8775477
1752929301.8775675 1752929329.715979
1752929329.7160048 1752929358.43837
1752929358.4383924 1752929390.1252975
1752929390.1253264 1752929417.0201867
1752929417.020209 1752929438.8905096
1752929438.8905373 1752929463.0457323
1752929463.0457642 1752929490.5836756
1752929490.583697 1752929514.2777789
1752929514.2778063 1752929538.5738344
1752929538.5738606 1752929561.4380805
1752929561.4381008 1752929582.998134
1752929582.9981554 1752929606.8669395
1752929606.8669596 1752929632.8136551
1752929632.8136816 1752929661.6074202
1752929661.6074514 1752929687.5015075
1752929687.5015411 1752929718.2542493
1752929718.254268 1752929741.437151
1752929741.437177 1752929768.5747252
1752929768.5747535 1752929794.4599252
1752929794.4599602 1752929819.7537386
1752929819.7537684 1752929849.5168471
1752929849.5168726 1752929869.094447
1752929869.094469 1752929894.6215653
1752929894.6215916 1752929932.0257995
1752929932.0258515 1752929955.9870505
1752929955.9870706 1752929986.0961828
1752929986.0962114 1752930021.2754192
1752930021.2754383 1752930046.8557017
1752930046.8557281 1752930077.8527582
1752930077.8527792 1752930109.6831408
1752930109.683168 1752930141.495725
1752930141.4957469 1752930171.128078
1752930171.1280978 1752930200.7039013
1752930200.7039268 1752930231.0928292
1752930231.09286 1752930259.6036866
1752930259.6037111 1752930292.0143666
1752930292.014387 1752930323.4622757
1752930323.4623022 1752930352.312281
1752930352.3123026 1752930380.5226007
1752930380.522625 1752930412.2293437
1752930412.2293646 1752930439.9803643
1752930439.980386 1752930471.7237356
1752930471.723768 1752930501.7782326
1752930501.7782562 1752930531.3804078
1752930531.380432 1752930562.0016797
1752930562.0017002 1752930592.6040566
1752930592.6040778 1752930622.2625194
1752930622.2625484 1752930644.2280602
1752930644.2280855 1752930671.3484178
1752930671.3484418 1752930703.3290968
1752930703.3291166 1752930729.5396621
1752930729.539683 1752930761.2255836
1752930761.2256067 1752930787.9230847
1752930787.9231257 1752930817.21488
1752930817.2148998 1752930850.2935224
1752930850.2935498 1752930874.4434485
1752930874.4434664 1752930902.371655
1752930902.3717227 1752930930.3478534
1752930930.3478725 1752930961.8777544
1752930961.8777845 1752930992.9461703
1752930992.9461937 1752931022.4747026
1752931022.4747264 1752931047.5860004
1752931047.5860214 1752931076.481072
1752931076.481099 1752931102.0163145
1752931102.0163395 1752931123.7630043
1752931123.763027 1752931153.6814868
1752931153.6815069 1752931175.6379426
1752931175.6379664 1752931201.9177275
1752931201.917761 1752931232.9095936
1752931232.9096148 1752931256.577735
1752931256.577761 1752931282.00392
1752931282.003946 1752931308.1680398
1752931308.1680603 1752931335.5919936
1752931335.592028 1752931368.9463673
1752931368.9463882 1752931398.3352957
1752931398.3353179 1752931421.2172902
1752931421.2173207 1752931448.748047
1752931448.7480738 1752931479.0876675
1752931479.0877125 1752931504.0604262
1752931504.0604503 1752931538.8855643
1752931538.88559 1752931566.5030491
1752931566.5030677 1752931599.4095185
1752931599.4095488 1752931628.070826
1752931628.0708523 1752931658.378659
1752931658.3786786 1752931699.0718343
1752931699.071861 1752931725.8872871
1752931725.8873096 1752931755.3842783
1752931755.3843017 1752931783.8583205
1752931783.8583446 1752931821.5024254
1752931821.5024452 1752931852.8645551
1752931852.8645768 1752931885.0363638
1752931885.0363894 1752931918.5789404
1752931918.578964 1752931946.3930876
1752931946.3931117 1752931979.2717705
1752931979.2717934 1752932012.2500658
1752932012.2500849 1752932048.214942
1752932048.2149653 1752932079.7162893
1752932079.7163167 1752932112.848708
1752932112.8487318 1752932140.7679334
1752932140.7679536 1752932170.4098122
1752932170.4098344 1752932197.2832012
1752932197.28322 1752932226.0187206
1752932226.0187542 1752932264.3605297
1752932264.3605714 1752932292.9252791
1752932292.925298 1752932325.2784784
1752932325.2785034 1752932350.3934305
1752932350.3934517 1752932379.3864183
1752932379.3864439 1752932408.2714329
1752932408.2714603 1752932439.607108
1752932439.6071332 1752932464.194821
1752932464.1948452 1752932484.8650668
1752932484.8650942 1752932506.1617334
1752932506.1617515 1752932528.7023091
1752932528.7023385 1752932555.977769
1752932555.9777958 1752932580.9337394
1752932580.9337626 1752932609.097071
1752932609.0970964 1752932633.28249
1752932633.2825224 1752932657.329033
1752932657.3290606 1752932681.3872228
1752932681.3872511 1752932708.4053364
1752932708.4053655 1752932733.0895832
1752932733.0896027 1752932762.3993218
1752932762.3993475 1752932787.1196084
1752932787.119629 1752932815.3736198
1752932815.3736417 1752932840.9292421
1752932840.9292696 1752932868.8667636
1752932868.866784 1752932903.2385917
1752932903.2386186 1752932931.8318014
1752932931.8318224 1752932964.0782876
1752932964.0783052 1752932991.273887
1752932991.2739105 1752933025.2763093
1752933025.27633 1752933056.6363733
1752933056.6364071 1752933085.9967122
1752933085.99675 1752933108.340297
1752933108.3403168 1752933134.2299757
1752933134.230008 1752933166.273481
1752933166.2735035 1752933184.8253305
1752933184.8253498 1752933220.9951572
1752933220.9951825 1752933255.1009507
1752933255.100976 1752933280.6485002
1752933280.6485283 1752933306.0083277
1752933306.0083573 1752933327.7377393
1752933327.7377725 1752933353.0464993
1752933353.046529 1752933383.4725785
1752933383.4726002 1752933411.294451
1752933411.2944825 1752933442.1383152
1752933442.138343 1752933466.542498
1752933466.5425177 1752933497.9586198
1752933497.9586496 1752933534.6688042
1752933534.6688395 1752933567.067525
1752933567.0675452 1752933597.6134293
1752933597.6134546 1752933631.2568567
1752933631.2568796 1752933663.8914247
1752933663.8914442 1752933687.1150672
1752933687.1150916 1752933716.508388
1752933716.5084164 1752933747.713531
1752933747.7135572 1752933775.035601
1752933775.0356245 1752933801.9680083
1752933801.9684541 1752933831.4906359
1752933831.4906595 1752933860.0548775
1752933860.054906 1752933888.9297044
1752933888.9297335 1752933913.5936246
1752933913.593647 1752933942.425637
1752933942.4256618 1752933971.6609209
1752933971.660947 1752933998.2375376
1752933998.237566 1752934027.0553286
1752934027.0553536 1752934058.9467938
1752934058.9468136 1752934080.0349307
1752934080.034964 1752934108.6223805
1752934108.6224022 1752934132.6647308
1752934132.6647573 1752934162.8199885
1752934162.8200274 1752934188.2773228
1752934188.2773495 1752934212.1826334
1752934212.1826546 1752934240.035323
1752934240.0353415 1752934267.7764611
1752934267.7764874 1752934299.5733786
1752934299.5734005 1752934326.547431
1752934326.5474534 1752934360.533547
1752934360.5335746 1752934386.5825684
1752934386.5825896 1752934416.0676122
1752934416.067636 1752934445.6530294
1752934445.6530511 1752934475.517162
1752934475.5171812 1752934508.0218556
1752934508.0218778 1752934535.4421294
1752934535.4421484 1752934562.5944195
1752934562.5944395 1752934590.407498
1752934590.407532 1752934623.736908
1752934623.7369275 1752934656.572257
1752934656.5722816 1752934677.1190863
1752934677.1191058 1752934708.4721746
1752934708.4722219 1752934737.9446483
1752934737.9446678 1752934770.6817336
1752934770.6817544 1752934801.8777232
1752934801.8777466 1752934831.4306011
1752934831.430622 1752934861.671118
1752934861.671155 1752934892.8603518
1752934892.860371 1752934921.660445
1752934921.6604793 1752934952.0826445
1752934952.0826645 1752934982.078764
1752934982.0787885 1752935009.1437566
1752935009.1437774 1752935037.3941095
1752935037.3941424 1752935063.9487445
1752935063.9487774 1752935089.7996938
1752935089.7997127 1752935118.7059674
1752935118.7059956 1752935145.0260015
1752935145.0260422 1752935176.4198928
1752935176.4199152 1752935205.8443663
1752935205.8444 1752935233.4548237
1752935233.4548488 1752935263.1712222
1752935263.1712449 1752935293.815516
1752935293.8155377 1752935317.763208
1752935317.7632272 1752935346.0112274
1752935346.011254 1752935378.4190784
1752935378.4191093 1752935410.4040353
1752935410.4040685 1752935440.941109
1752935440.9411278 1752935469.8028848
1752935469.8029034 1752935502.72183
1752935502.7218513 1752935532.2015066
1752935532.2015278 1752935559.1625283
1752935559.162548 1752935594.701915
1752935594.7019355 1752935629.166326
1752935629.166345 1752935660.719913
1752935660.7199342 1752935690.8209317
1752935690.8209522 1752935720.1000528
1752935720.1000855 1752935749.2498744
1752935749.2499037 1752935781.1751823
1752935781.1752071 1752935816.243604
1752935816.2436233 1752935841.7148194
1752935841.7148385 1752935868.9155445
1752935868.9155736 1752935897.8018634
1752935897.801882 1752935923.938771
1752935923.9388041 1752935952.1650348
1752935952.1650672 1752935981.0052905
1752935981.0053153 1752936007.890563
1752936007.8905857 1752936034.931339
1752936034.9313579 1752936062.354629
1752936062.3546593 1752936093.314643
1752936093.3146696 1752936123.3642888
1752936123.3643079 1752936157.54059
1752936157.5406134 1752936186.1269748
1752936186.1269934 1752936220.057506
1752936220.057529 1752936253.6965098
1752936253.6965454 1752936284.0099776
1752936284.0100038 1752936313.8703008
1752936313.8703194 1752936343.8957236
1752936343.895745 1752936371.4146724
1752936371.4146957 1752936399.5962799
1752936399.5963094 1752936425.6026888
1752936425.6027102 1752936455.478136
1752936455.4781654 1752936485.0810568
1752936485.081076 1752936517.7813857
1752936517.7814155 1752936551.8194609
1752936551.8194807 1752936579.67526
1752936579.675284 1752936616.0069938
1752936616.007015 1752936647.020939
1752936647.0209582 1752936678.6487765
1752936678.648809 1752936719.3312554
1752936719.3312879 1752936746.2166266
1752936746.2166574 1752936775.5540833
1752936775.554111 1752936807.8174143
1752936807.8174338 1752936839.5415144
1752936839.541539 1752936873.8307984
1752936873.8308198 1752936904.0595534
1752936904.0595846 1752936934.0890174
1752936934.0890417 1752936962.5360768
1752936962.536096 1752936992.490527
1752936992.4905474 1752937020.447783
1752937020.4478076 1752937049.3353856
1752937049.3354037 1752937077.719238
1752937077.7192643 1752937100.7044945
1752937100.7045162 1752937129.340868
1752937129.3408918 1752937155.4166863
1752937155.4167085 1752937181.948415
1752937181.948441 1752937209.3361385
1752937209.3361623 1752937236.1907277
1752937236.19075 1752937261.7393029
1752937261.7393227 1752937290.1935124
1752937290.1935427 1752937318.1840837
1752937318.1841035 1752937346.313222
1752937346.3132508 1752937372.9685266
1752937372.9685462 1752937397.6758552
1752937397.6758776 1752937424.9978037
1752937424.9978278 1752937449.0924022
1752937449.0924222 1752937475.6356406
1752937475.6356645 1752937497.7819564
1752937497.781977 1752937529.5223572
1752937529.5223832 1752937557.8123562
1752937557.8123748 1752937590.4372535
1752937590.4372783 1752937614.1969388
1752937614.1969712 1752937647.2035997
1752937647.203622 1752937675.1471665
1752937675.1471853 1752937701.604061
1752937701.604085 1752937729.4155204
1752937729.4155402 1752937757.2861993
1752937757.2862341 1752937783.5277297
1752937783.527751 1752937811.9742057
1752937811.974247 1752937840.0891178
1752937840.0891356 1752937869.4745831
1752937869.4746096 1752937901.942091
1752937901.9421227 1752937929.6906054
1752937929.690629 1752937955.3348722
1752937955.3348932 1752937983.2470758
1752937983.2471 1752938015.796085
1752938015.796106 1752938047.3227246
1752938047.3227432 1752938078.2923799
1752938078.2924047 1752938107.396958
1752938107.3969758 1752938137.589547
1752938137.5895658 1752938178.0115232
1752938178.0115554 1752938211.5275068
1752938211.5275254 1752938242.200936
1752938242.2009556 1752938271.1962016
1752938271.1962304 1752938299.8920329
1752938299.892055 1752938333.4159849
1752938333.416009 1752938361.4821873
1752938361.4822056 1752938393.8370683
1752938393.837089 1752938426.8065896
1752938426.806616 1752938455.6365721
1752938455.6365967 1752938483.973687
1752938483.9737058 1752938515.9714487
1752938515.9714727 1752938544.0095081
1752938544.009527 1752938566.534613
1752938566.534635 1752938593.6750994
1752938593.6751242 1752938619.915666
1752938619.9156954 1752938648.5720654
1752938648.5720873 1752938677.8692412
1752938677.8692784 1752938704.5367548
1752938704.5367842 1752938730.2956145
1752938730.29564 1752938757.8752778
1752938757.8753066 1752938785.366143
1752938785.3661678 1752938808.5622363
1752938808.5622542 1752938838.2102873
1752938838.2103066 1752938866.9516404
1752938866.9516642 1752938896.9572225
1752938896.9572413 1752938929.2573762
1752938929.2574022 1752938957.3492525
1752938957.3492708 1752938981.2320664
1752938981.2320876 1752939008.3872426
1752939008.3872733 1752939036.6079602
1752939036.6079805 1752939064.3365424
1752939064.3365684 1752939091.8183253
1752939091.8183444 1752939119.7762914
1752939119.7763143 1752939146.2695608
1752939146.2695801 1752939175.0902536
1752939175.0902739 1752939200.4284475
1752939200.4284701 1752939228.8516462
1752939228.8516653 1752939255.2917078
1752939255.2917345 1752939281.464466
1752939281.464485 1752939307.1600285
1752939307.1600478 1752939337.3488894
1752939337.348916 1752939366.2671173
1752939366.2671475 1752939393.7268906
1752939393.726919 1752939417.568263
1752939417.568295 1752939441.4433646
1752939441.4433887 1752939467.2942078
1752939467.2942266 1752939496.2101667
1752939496.2101872 1752939523.454314
1752939523.454341 1752939550.6995785
1752939550.6996033 1752939576.09523
1752939576.0952525 1752939601.020408
1752939601.0204287 1752939630.3982825
1752939630.3983011 1752939652.614812
1752939652.6148345 1752939680.04171
1752939680.0417523 1752939707.0259898
1752939707.0260081 1752939733.7690349
1752939733.7690585 1752939759.6335576
1752939759.6335785 1752939784.8685052
1752939784.8685243 1752939809.9935706
1752939809.9935956 1752939835.6831145
1752939835.6831403 1752939862.2506135
1752939862.2506344 1752939889.6639342
1752939889.6639636 1752939918.959373
1752939918.9593933 1752939946.4008477
1752939946.400874 1752939978.1438482
1752939978.1438725 1752940004.3107805
1752940004.3107998 1752940026.7205637
1752940026.720587 1752940053.67718
1752940053.6772118 1752940077.0995061
1752940077.099524 1752940100.716662
1752940100.7166858 1752940126.1732032
1752940126.1732328 1752940155.905808
1752940155.9058347 1752940181.417556
1752940181.417579 1752940206.3370783
1752940206.3371093 1752940227.672699
1752940227.6727202 1752940257.980962
1752940257.9809813 1752940287.7075214
1752940287.707541 1752940314.5525799
1752940314.5526068 1752940341.3062892
1752940341.3063114 1752940370.3064332
1752940370.3064623 1752940395.463627
1752940395.463675 1752940419.4216971
1752940419.4217193 1752940446.6213865
1752940446.621416 1752940469.5704908
1752940469.5705183 1752940494.4411914
1752940494.4412158 1752940519.9938207
1752940519.9938502 1752940546.838856
1752940546.838878 1752940572.1239176
1752940572.1239443 1752940597.2015343
1752940597.2015653 1752940621.1359825
1752940621.1360118 1752940647.6839259
1752940647.6839566 1752940679.8507462
1752940679.8507757 1752940709.4966214
1752940709.4966397 1752940736.6310494
1752940736.631067 1752940764.0267131
1752940764.0267632 1752940793.5473912
1752940793.5474107 1752940824.8952913
1752940824.8953202 1752940850.3061028
1752940850.3061254 1752940880.5178146
1752940880.5178413 1752940909.0158403
1752940909.0158625 1752940937.0741668
1752940937.0741851 1752940966.4990232
1752940966.4990525 1752940992.6894069
1752940992.68943 1752941018.1439116
1752941018.143932 1752941042.9378345
1752941042.937866 1752941068.7441466
1752941068.7441669 1752941093.0218291
1752941093.0218575 1752941119.4580092
1752941119.4580379 1752941145.1551628
1752941145.1551826 1752941168.2531562
1752941168.2531867 1752941196.0995266
1752941196.099545 1752941216.0692132
1752941216.0692348 1752941241.215904
1752941241.2159338 1752941268.7815857
1752941268.7816026 1752941292.7790933
1752941292.7791133 1752941319.60586
1752941319.6058857 1752941342.552928
1752941342.5529456 1752941369.084237
1752941369.0842648 1752941397.1703885
1752941397.1704066 1752941421.2689238
1752941421.268949 1752941445.8430445
1752941445.8430653 1752941475.577118
1752941475.5771441 1752941500.531638
1752941500.5316584 1752941533.7766387
1752941533.7766669 1752941562.7004755
1752941562.700498 1752941592.1358974
1752941592.1359222 1752941621.1529193
1752941621.1529374 1752941648.924435
1752941648.9244552 1752941678.7239966
1752941678.7240171 1752941712.1789436
1752941712.1789649 1752941741.397991
1752941741.398027 1752941770.6126478
1752941770.6126697 1752941801.876976
1752941801.8770053 1752941831.3049843
1752941831.3050122 1752941859.685185
1752941859.6852055 1752941885.373697
1752941885.373722 1752941911.6085308
1752941911.608551 1752941938.2030447
1752941938.2030663 1752941963.126924
1752941963.1269546 1752941987.7142885
1752941987.7143097 1752942014.7794616
1752942014.7795017 1752942043.7405999
1752942043.7406235 1752942068.8656423
1752942068.8656714 1752942095.351377
1752942095.3514042 1752942124.931734
1752942124.9317546 1752942157.6571798
1752942157.657206 1752942182.2507553
1752942182.2507803 1752942216.2609487
1752942216.2609677 1752942246.8890867
1752942246.889113 1752942275.423097
1752942275.423115 1752942309.4490364
1752942309.4490552 1752942340.8648574
1752942340.8648837 1752942372.1212356
1752942372.1212552 1752942402.6342883
1752942402.6343136 1752942432.5696158
1752942432.5696356 1752942466.0449915
1752942466.0450115 1752942499.3402429
1752942499.3402743 1752942532.9672108
1752942532.9672308 1752942563.2020984
1752942563.2021275 1752942586.2820294
1752942586.2820525 1752942615.139282
1752942615.1393032 1752942645.261596
1752942645.2616267 1752942670.0217052
1752942670.0217278 1752942697.2924693
1752942697.292492 1752942728.256764
1752942728.2567966 1752942755.9644523
1752942755.9644728 1752942786.6836982
1752942786.6837265 1752942813.4733474
1752942813.4733682 1752942836.2779832
1752942836.2780063 1752942861.3388565
1752942861.3388894 1752942884.088741
1752942884.088775 1752942907.5466852
1752942907.5467093 1752942934.9560926
1752942934.956124 1752942959.8277864
1752942959.8278036 1752942984.5954359
1752942984.5954626 1752943013.5813825
1752943013.5814028 1752943041.7664037
1752943041.7664244 1752943069.7508826
1752943069.7509146 1752943097.7635033
1752943097.7635214 1752943124.8545127
1752943124.8545387 1752943149.9963617
1752943149.9963818 1752943178.9781415
1752943178.9781694 1752943206.028687
1752943206.0287197 1752943235.2178593
1752943235.2178864 1752943263.4840848
1752943263.484108 1752943289.5864515
1752943289.5864806 1752943316.7894297
1752943316.7894542 1752943348.2166677
1752943348.2166872 1752943380.934804
1752943380.934827 1752943409.758462
1752943409.75849 1752943442.1919723
1752943442.1919959 1752943471.3530333
1752943471.3530684 1752943497.6948028
1752943497.6948314 1752943529.0348477
1752943529.034869 1752943558.4400377
1752943558.4400632 1752943584.6671627
1752943584.6671896 1752943614.8055449
1752943614.8055727 1752943644.3338401
1752943644.3338597 1752943673.7698522
1752943673.769878 1752943706.2363875
1752943706.2364137 1752943732.217351
1752943732.217379 1752943764.7625685
1752943764.7625935 1752943799.12383
1752943799.1238513 1752943839.2064753
1752943839.2065017 1752943865.500103
1752943865.5001316 1752943898.3233666
1752943898.3233857 1752943940.3970811
1752943940.397108 1752943970.49585
1752943970.4958782 1752944001.5632472
1752944001.5632765 1752944029.5228617
1752944029.5228882 1752944056.3554091
1752944056.3554285 1752944083.5802248
1752944083.5802488 1752944116.230004
1752944116.2300267 1752944144.864056
1752944144.8640761 1752944177.505616
1752944177.505645 1752944209.2791488
1752944209.279173 1752944233.5166864
1752944233.516712 1752944265.8048935
1752944265.8049128 1752944299.3314617
1752944299.3314888 1752944327.4005814
1752944327.4006062 1752944357.8998785
1752944357.8999085 1752944386.3387244
1752944386.3387463 1752944416.3867657
1752944416.3867936 1752944439.1591241
1752944439.1591444 1752944467.9805286
1752944467.9805558 1752944496.8619397
1752944496.8619595 1752944526.8006856
1752944526.8007119 1752944544.2211475
1752944544.221174 1752944567.6168134
1752944567.6168418 1752944589.7144978
1752944589.7145307 1752944612.0535135
1752944612.0535357 1752944635.4893053
1752944635.4893303 1752944661.0460403
1752944661.0460627 1752944686.3354008
1752944686.335428 1752944713.5523481
1752944713.5523684 1752944736.0915775
1752944736.091621 1752944757.0967286
1752944757.0967488 1752944787.4720192
1752944787.472044 1752944815.7146533
1752944815.7146845 1752944841.0681362
1752944841.0681639 1752944867.3904314
1752944867.3904614 1752944891.1912856
1752944891.1913078 1752944923.8117018
1752944923.8117313 1752944960.8546073
1752944960.8546317 1752944983.1132934
1752944983.113313 1752945017.0732896
1752945017.0733192 1752945043.7210846
1752945043.721117 1752945077.4287605
1752945077.4287865 1752945106.3856664
1752945106.3856845 1752945140.5323553
1752945140.5323806 1752945166.580882
1752945166.5809023 1752945202.4381428
1752945202.4381697 1752945232.6091352
1752945232.6091654 1752945261.5767198
1752945261.5767467 1752945292.0683184
1752945292.0683372 1752945314.5074599
1752945314.5074825 1752945340.5346045
1752945340.5346248 1752945364.6884289
1752945364.6884537 1752945389.0771987
1752945389.0772195 1752945421.7096367
1752945421.7096655 1752945454.908668
1752945454.908693 1752945481.663987
1752945481.6640053 1752945511.0560837
1752945511.0561106 1752945542.65191
1752945542.6519318 1752945566.6651924
1752945566.6652122 1752945594.1673043
1752945594.1673307 1752945621.7195897
1752945621.7196295 1752945649.8812587
1752945649.8812883 1752945677.023276
1752945677.0232968 1752945711.4227724
1752945711.4228075 1752945740.2103379
1752945740.2103565 1752945774.6725311
1752945774.6725576 1752945800.7128518
1752945800.7128832 1752945830.8237088
1752945830.8237298 1752945857.1310325
1752945857.1310685 1752945883.9852352
1752945883.9852688 1752945912.5477087
1752945912.5477338 1752945941.0357502
1752945941.0357704 1752945966.7383163
1752945966.738338 1752945992.049303
1752945992.0493243 1752946022.2817717
1752946022.2817945 1752946049.9847739
1752946049.9848022 1752946079.4302332
1752946079.4302537 1752946113.3129277
1752946113.3129556 1752946144.7349198
1752946144.7349384 1752946170.9069283
1752946170.9069524 1752946206.9655867
1752946206.9656076 1752946234.6828935
1752946234.68292 1752946266.187391
1752946266.1874094 1752946296.7932825
1752946296.7933106 1752946324.3444743
1752946324.3445034 1752946352.7967975
1752946352.7968264 1752946382.984115
1752946382.9841588 1752946412.1987765
1752946412.1987948 1752946441.315175
1752946441.3151965 1752946472.7120702
1752946472.7121012 1752946509.3042536
1752946509.3042805 1752946527.9527776
1752946527.9528184 1752946557.7972836
1752946557.7973235 1752946587.0947814
1752946587.094805 1752946617.5205646
1752946617.5206017 1752946649.4415212
1752946649.4415393 1752946678.7618647
1752946678.761889 1752946704.3422508
1752946704.3422782 1752946724.545834
1752946724.5458531 1752946754.2967198
1752946754.29675 1752946779.5671983
1752946779.5672166 1752946806.6273832
1752946806.6274087 1752946842.0091724
1752946842.009196 1752946869.9906392
1752946869.990661 1752946900.3375988
1752946900.3376188 1752946929.9749277
1752946929.9749465 1752946961.6518743
1752946961.6519017 1752946992.3275394
1752946992.32756 1752947022.186365
1752947022.1863856 1752947055.2116804
1752947055.211707 1752947082.9677663
1752947082.9677956 1752947114.0950396
1752947114.095066 1752947146.516671
1752947146.516691 1752947181.6952198
1752947181.695247 1752947204.5709987
1752947204.57102 1752947238.4397647
1752947238.439787 1752947267.0862474
1752947267.086276 1752947297.8482754
1752947297.8482969 1752947330.264361
1752947330.2643878 1752947349.4040573
1752947349.4040864 1752947377.3965948
1752947377.3966243 1752947402.4985745
1752947402.4985983 1752947425.9993787
1752947425.9993987 1752947451.7356744
1752947451.7356925 1752947481.3765755
1752947481.3766 1752947507.6433773
1752947507.6433995 1752947537.287858
1752947537.287879 1752947558.1472707
1752947558.1473029 1752947581.4140728
1752947581.4140933 1752947606.3043792
1752947606.3044055 1752947631.3772461
1752947631.3772697 1752947658.1959362
1752947658.1959603 1752947683.763651
1752947683.7636778 1752947712.7300932
1752947712.7301161 1752947736.832706
1752947736.8327281 1752947762.7233853
1752947762.7234087 1752947787.8249946
1752947787.8250163 1752947809.611485
1752947809.6115084 1752947839.4105902
1752947839.4106112 1752947862.4940906
1752947862.4941204 1752947887.0456326
1752947887.045681 1752947910.7073216
1752947910.707342 1752947932.7755122
1752947932.7755396 1752947954.9907033
1752947954.9907284 1752947979.5957744
1752947979.5958128 1752948009.8991885
1752948009.8992064 1752948036.3513243
1752948036.3513541 1752948059.7935169
1752948059.7935357 1752948085.2667925
1752948085.2668188 1752948111.9855664
1752948111.98559 1752948135.5565348
1752948135.5565634 1752948166.0051522
1752948166.0051794 1752948190.3812637
1752948190.38129 1752948217.918306
1752948217.918327 1752948242.184706
1752948242.1847272 1752948270.9879856
1752948270.9880083 1752948296.5897398
1752948296.5897586 1752948329.3854718
1752948329.3854926 1752948357.6180987
1752948357.6181211 1752948385.203154
1752948385.2031732 1752948408.9486694
1752948408.948695 1752948438.8222206
1752948438.82224 1752948464.6060736
1752948464.606096 1752948490.9301267
1752948490.930146 1752948520.167492
1752948520.1675222 1752948545.460921
1752948545.460945 1752948573.5429215
1752948573.542941 1752948605.3527126
1752948605.3527389 1752948631.2869043
1752948631.286922 1752948655.8198893
1752948655.8199167 1752948682.855476
1752948682.8555043 1752948710.9419165
1752948710.9419394 1752948737.4337847
1752948737.4338076 1752948762.710555
1752948762.710578 1752948787.1714242
1752948787.1714504 1752948817.2496884
1752948817.2497072 1752948843.9983404
1752948843.9983687 1752948871.8035126
1752948871.8035433 1752948893.6594315
1752948893.6594698 1752948927.8482533
1752948927.8482754 1752948953.0310357
1752948953.0310616 1752948983.516909
1752948983.516929 1752949012.5918128
1752949012.5918477 1752949037.190705
1752949037.1907253 1752949063.382619
1752949063.382644 1752949091.8710322
1752949091.871061 1752949120.9735546
1752949120.9735749 1752949155.3972113
1752949155.3972337 1752949180.5460637
1752949180.5460882 1752949212.7785764
1752949212.778596 1752949256.4405951
1752949256.4406228 1752949278.7251298
1752949278.725159 1752949312.1967874
1752949312.1968193 1752949345.2372022
1752949345.2372255 1752949381.22859
1752949381.228608 1752949412.6595612
1752949412.6596088 1752949438.878157
1752949438.878181 1752949466.6077294
1752949466.6077507 1752949494.7364142
1752949494.7364447 1752949524.0831892
1752949524.0832186 1752949551.5969956
1752949551.5970144 1752949582.5378926
1752949582.537918 1752949609.5056398
1752949609.505659 1752949638.56665
1752949638.5666716 1752949669.6291907
1752949669.629216 1752949697.8226447
1752949697.8226655 1752949728.2639463
1752949728.2639701 1752949756.8353581
1752949756.835377 1752949781.298263
1752949781.2982824 1752949807.9582236
1752949807.9582472 1752949835.8988283
1752949835.8988473 1752949860.2493405
1752949860.24936 1752949889.772501
1752949889.772522 1752949917.056385
1752949917.0564072 1752949942.3455184
1752949942.3455396 1752949967.4750779
1752949967.4751084 1752949995.9374921
