1752921712.1055 1752921736.3498104
1752921736.3498378 1752921759.4081829
1752921759.408199 1752921782.0103567
1752921782.0103798 1752921809.3784814
1752921809.3785 1752921839.5500453
1752921839.5500686 1752921871.45969
1752921871.4597182 1752921897.531983
1752921897.532014 1752921920.7799778
1752921920.7800055 1752921947.9274232
1752921947.9274416 1752921977.0876966
1752921977.087719 1752922004.1409051
1752922004.14093 1752922031.5586393
1752922031.5586567 1752922057.822074
1752922057.8221095 1752922087.134827
1752922087.1348636 1752922109.4570465
1752922109.4570718 1752922139.5675519
1752922139.5675795 1752922171.3844645
1752922171.3844976 1752922205.148705
1752922205.148724 1752922235.1696339
1752922235.1696606 1752922262.0678773
1752922262.0679 1752922285.79005
1752922285.7900732 1752922313.1344702
1752922313.1344967 1752922341.1502013
1752922341.1502275 1752922366.6242578
1752922366.624276 1752922393.3378313
1752922393.3378618 1752922417.4888656
1752922417.4888854 1752922448.078332
1752922448.0783594 1752922474.2892036
1752922474.2892373 1752922502.6364963
1752922502.636525 1752922525.2592819
1752922525.2593005 1752922550.5643847
1752922550.5644073 1752922575.1997662
1752922575.1997905 1752922601.0728045
1752922601.072836 1752922625.7215767
1752922625.7216082 1752922653.4474766
1752922653.4475024 1752922680.2622294
1752922680.2622516 1752922699.6799467
1752922699.6799653 1752922729.2989614
1752922729.298992 1752922761.8454344
1752922761.8454618 1752922792.1349292
1752922792.1349514 1752922826.8005612
1752922826.8005936 1752922856.0641778
1752922856.0642035 1752922888.7452595
1752922888.7452798 1752922919.2013369
1752922919.2013805 1752922954.0586216
1752922954.0586417 1752922985.9867122
1752922985.9867346 1752923017.416987
1752923017.4170122 1752923048.171991
1752923048.1720085 1752923079.813585
1752923079.8136103 1752923112.4412916
1752923112.4413204 1752923141.373806
1752923141.373826 1752923169.17836
1752923169.1783855 1752923194.4965491
1752923194.4965687 1752923221.2962298
1752923221.2962577 1752923251.5104501
1752923251.510469 1752923277.0760937
1752923277.076128 1752923305.5836158
1752923305.5836413 1752923333.3116803
1752923333.3116975 1752923365.1831229
1752923365.1831489 1752923396.6192713
1752923396.6192906 1752923429.9610233
1752923429.961044 1752923452.4802442
1752923452.4802713 1752923480.0393248
1752923480.039346 1752923505.104027
1752923505.1040485 1752923535.6912172
1752923535.6912403 1752923565.5896773
1752923565.5897 1752923596.5766006
1752923596.5766282 1752923624.9005306
1752923624.900549 1752923654.6878092
1752923654.6878357 1752923686.319408
1752923686.3194335 1752923713.078391
1752923713.0784233 1752923744.076965
1752923744.0769985 1752923770.6230714
1752923770.6230958 1752923800.392641
1752923800.3926623 1752923827.8555968
1752923827.8556223 1752923852.2704456
1752923852.2704687 1752923883.758592
1752923883.7586272 1752923911.8851604
1752923911.885198 1752923939.0382853
1752923939.0383084 1752923962.5618424
1752923962.5618691 1752923988.1271982
1752923988.1272147 1752924013.7127788
1752924013.7128081 1752924043.1609745
1752924043.1609936 1752924067.5492156
1752924067.5492475 1752924097.6262085
1752924097.6262264 1752924125.436912
1752924125.43694 1752924154.8553998
1752924154.8554199 1752924185.86566
1752924185.8656876 1752924216.4750524
1752924216.47507 1752924243.584127
1752924243.5841513 1752924270.8917317
1752924270.8917508 1752924292.6795125
1752924292.6795359 1752924316.0689533
1752924316.0689814 1752924339.554003
1752924339.5540254 1752924364.5179367
1752924364.5179622 1752924392.7862234
1752924392.786243 1752924425.2003882
1752924425.200416 1752924458.2427557
1752924458.2427773 1752924486.009058
1752924486.009084 1752924511.3832965
1752924511.3833206 1752924539.4746692
1752924539.4746852 1752924562.386077
1752924562.3861089 1752924589.4423585
1752924589.4423797 1752924620.9700541
1752924620.9700828 1752924648.5705588
1752924648.5705912 1752924677.2081697
1752924677.2082038 1752924706.1128287
1752924706.1128519 1752924738.1851099
1752924738.1851315 1752924767.6065693
1752924767.6065953 1752924789.706971
1752924789.7069983 1752924819.9853919
1752924819.9854155 1752924848.971798
1752924848.9718187 1752924878.0333364
1752924878.0333538 1752924915.165734
1752924915.16576 1752924945.7415462
1752924945.741566 1752924982.688096
1752924982.688125 1752925018.026459
1752925018.026485 1752925054.8814619
1752925054.8814862 1752925083.6821642
1752925083.682185 1752925117.3369381
1752925117.3369596 1752925149.2382476
1752925149.238269 1752925180.1276717
1752925180.1277275 1752925212.8177724
1752925212.8177905 1752925245.3976648
1752925245.3976912 1752925279.635258
1752925279.6352763 1752925311.621004
1752925311.6210263 1752925343.036389
1752925343.0364103 1752925371.1194978
1752925371.1195242 1752925402.9791193
1752925402.9791443 1752925440.762402
1752925440.7624242 1752925471.5201478
1752925471.5201712 1752925499.9049275
1752925499.9049506 1752925533.586854
1752925533.5868728 1752925565.7189598
1752925565.7189834 1752925603.4955003
1752925603.4955208 1752925623.7983668
1752925623.7983887 1752925650.872103
1752925650.8721302 1752925676.9113815
1752925676.9114163 1752925705.849748
1752925705.849767 1752925730.2594073
1752925730.2594295 1752925759.4037232
1752925759.4037406 1752925788.2877007
1752925788.2877223 1752925812.9256637
1752925812.9256806 1752925840.7257655
1752925840.7257907 1752925869.8784556
1752925869.878472 1752925895.1258006
1752925895.1258252 1752925920.134747
1752925920.1347687 1752925947.7029717
1752925947.7029917 1752925972.621878
1752925972.6219091 1752925998.822145
1752925998.8221622 1752926025.9164817
1752926025.9165058 1752926053.776176
1752926053.7762017 1752926081.614986
1752926081.6150076 1752926106.0080137
1752926106.0080533 1752926133.7787745
1752926133.7787995 1752926156.6554484
1752926156.6554723 1752926178.0022016
1752926178.0022233 1752926203.9913337
1752926203.9913526 1752926228.6825984
1752926228.6826227 1752926253.7853837
1752926253.7854042 1752926283.7714677
1752926283.771501 1752926304.996334
1752926304.996354 1752926330.5595212
1752926330.559546 1752926356.5511472
1752926356.5511696 1752926380.8346443
1752926380.8346686 1752926407.3279226
1752926407.3279586 1752926436.9534867
1752926436.9535136 1752926463.1501112
1752926463.1501377 1752926487.9996219
1752926487.9996502 1752926518.037458
1752926518.037485 1752926541.3838093
1752926541.3838277 1752926570.3618932
1752926570.3619194 1752926599.6445587
1752926599.644588 1752926625.8938344
1752926625.8938599 1752926654.9715354
1752926654.9715931 1752926682.7413118
1752926682.741329 1752926709.7346838
1752926709.7347214 1752926736.9965963
1752926736.9966187 1752926769.9420667
1752926769.9420931 1752926794.934145
1752926794.9341648 1752926822.5660772
1752926822.566095 1752926849.9096313
1752926849.909657 1752926876.0154274
1752926876.0154483 1752926914.373818
1752926914.3738425 1752926939.6400096
1752926939.6400368 1752926975.2974398
1752926975.297464 1752927005.8807003
1752927005.8807328 1752927032.6173823
1752927032.6174092 1752927061.1824985
1752927061.1825159 1752927092.97097
1752927092.9709883 1752927125.145234
1752927125.1452594 1752927159.0971005
1752927159.0971205 1752927195.7500014
1752927195.7500377 1752927225.024432
1752927225.0244522 1752927251.3870409
1752927251.3870673 1752927282.465824
1752927282.4658444 1752927309.2013211
1752927309.2013452 1752927342.74909
1752927342.749118 1752927376.3088982
1752927376.308925 1752927404.2265255
1752927404.2265425 1752927437.0953748
1752927437.0953946 1752927464.710231
1752927464.710256 1752927492.62052
1752927492.6205509 1752927523.0489745
1752927523.0490143 1752927557.9664297
1752927557.9664488 1752927583.0983326
1752927583.09836 1752927619.264742
1752927619.2647614 1752927646.7874634
1752927646.7874897 1752927678.4182072
1752927678.418237 1752927708.9555352
1752927708.9555602 1752927728.0701294
1752927728.0701573 1752927754.0401473
1752927754.0401669 1752927785.2765133
1752927785.2765415 1752927814.9882843
1752927814.9883103 1752927845.648331
1752927845.6483543 1752927873.300792
1752927873.3008242 1752927902.9772444
1752927902.9772747 1752927932.114969
1752927932.1149888 1752927961.3239894
1752927961.3240283 1752927987.6676908
1752927987.6677244 1752928017.7138083
1752928017.7138379 1752928049.818308
1752928049.818346 1752928077.7580204
1752928077.7580466 1752928109.6838827
1752928109.683915 1752928142.5820715
1752928142.582096 1752928167.82742
1752928167.8274426 1752928198.8926835
1752928198.8927069 1752928226.6892757
1752928226.689304 1752928259.0782835
1752928259.0783076 1752928283.7375906
1752928283.737615 1752928317.4392488
1752928317.4392743 1752928344.9992754
1752928344.9992988 1752928370.0611935
1752928370.0612118 1752928398.3109853
1752928398.3110116 1752928424.2950613
1752928424.2950788 1752928454.0563972
1752928454.0564268 1752928477.8948014
1752928477.894827 1752928506.4363143
1752928506.436338 1752928534.1402614
1752928534.1402795 1752928560.052199
1752928560.0522263 1752928581.383797
1752928581.3838215 1752928607.6325223
1752928607.6325452 1752928640.0194395
1752928640.019459 1752928666.9856367
1752928666.9856632 1752928696.2116997
1752928696.2117205 1752928718.247748
1752928718.2477705 1752928742.694741
1752928742.6947637 1752928767.6612303
1752928767.6612487 1752928793.694433
1752928793.6944606 1752928817.1347842
1752928817.1348124 1752928844.5971973
1752928844.5972292 1752928868.8750896
1752928868.8751142 1752928891.132836
1752928891.1328661 1752928915.3663375
1752928915.3663583 1752928940.3860495
1752928940.386075 1752928965.9267008
1752928965.9267309 1752928990.6584744
1752928990.658511 1752929017.6636214
1752929017.6636589 1752929047.663935
1752929047.66396 1752929070.2125514
1752929070.2125788 1752929097.2727184
1752929097.2727523 1752929123.5262444
1752929123.5262794 1752929149.8639605
1752929149.8639808 1752929172.758004
1752929172.7580316 1752929198.8948476
1752929198.894871 1752929222.5376143
1752929222.5376391 1752929252.418616
1752929252.4186373 1752929279.385919
1752929279.3859441 1752929305.4288406
1752929305.4288664 1752929333.3667018
1752929333.3667269 1752929362.0649302
1752929362.0649698 1752929386.7876737
1752929386.787698 1752929411.3709257
1752929411.3709443 1752929440.6071632
1752929440.6071832 1752929460.1157792
1752929460.1157997 1752929485.2052498
1752929485.2052739 1752929510.3949203
1752929510.3949387 1752929534.7678242
1752929534.767865 1752929559.793552
1752929559.79358 1752929580.1366768
1752929580.136705 1752929604.284786
1752929604.2848203 1752929629.940318
1752929629.9403448 1752929658.2333505
1752929658.2333727 1752929686.512556
1752929686.512583 1752929712.7239614
1752929712.723983 1752929738.323252
1752929738.323281 1752929763.8982046
1752929763.898224 1752929791.8043418
1752929791.804367 1752929818.265769
1752929818.2657902 1752929843.3121471
1752929843.312177 1752929868.5490952
1752929868.549126 1752929894.7928243
1752929894.7928562 1752929927.9308944
1752929927.9309168 1752929959.7532635
1752929959.7532907 1752929988.6383185
1752929988.6383414 1752930018.7503622
1752930018.7503963 1752930043.9915216
1752930043.9915442 1752930080.634851
1752930080.6348867 1752930111.4379954
1752930111.4380162 1752930142.831243
1752930142.831268 1752930171.644674
1752930171.64471 1752930201.116077
1752930201.1160953 1752930232.8131433
1752930232.8131695 1752930259.5000222
1752930259.5000422 1752930292.9250565
1752930292.9250839 1752930325.9254475
1752930325.9254663 1752930354.2859504
1752930354.2859762 1752930382.8959439
1752930382.8959627 1752930414.8009813
1752930414.8010244 1752930440.8160415
1752930440.816065 1752930468.056631
1752930468.056655 1752930496.7395775
1752930496.739614 1752930525.5559354
1752930525.555964 1752930555.717698
1752930555.7177224 1752930589.949121
1752930589.9491482 1752930617.6864626
1752930617.686481 1752930648.646136
1752930648.6461592 1752930674.4154654
1752930674.4154868 1752930705.4967427
1752930705.4967713 1752930734.4819434
1752930734.4819605 1752930765.6723683
1752930765.6723967 1752930793.2791784
1752930793.2792027 1752930822.6695275
1752930822.6695476 1752930846.337892
1752930846.3379242 1752930878.333971
1752930878.3339906 1752930910.677456
1752930910.6774867 1752930933.5721262
1752930933.5721538 1752930962.7910426
1752930962.7910736 1752930991.95414
1752930991.9541583 1752931024.1093626
1752931024.1094007 1752931046.3105495
1752931046.3105688 1752931071.5135696
1752931071.513595 1752931101.1347432
1752931101.1347773 1752931125.1126013
1752931125.1126287 1752931153.9628935
1752931153.9629173 1752931176.732391
1752931176.7324228 1752931201.6591263
1752931201.6591506 1752931232.9630222
1752931232.9630432 1752931259.8219182
1752931259.821943 1752931285.9277031
1752931285.927722 1752931316.2105362
1752931316.2105663 1752931340.6728683
1752931340.672895 1752931367.6825697
1752931367.6825907 1752931395.0819664
1752931395.0819917 1752931420.9753115
1752931420.9753387 1752931451.3331437
1752931451.3331735 1752931476.8750715
1752931476.8750892 1752931504.1895921
1752931504.1896267 1752931533.485571
1752931533.4855945 1752931562.9959812
1752931562.9960177 1752931595.4440174
1752931595.444043 1752931632.7947438
1752931632.794762 1752931661.4116626
1752931661.4116888 1752931693.8398643
1752931693.839884 1752931729.1143973
1752931729.1144223 1752931755.8994877
1752931755.8995125 1752931787.0213523
1752931787.0213823 1752931818.822398
1752931818.8224182 1752931857.1629715
1752931857.1629953 1752931882.0716066
1752931882.0716336 1752931918.8211784
1752931918.82121 1752931953.8046968
1752931953.8047242 1752931984.7281377
1752931984.7281725 1752932009.9951353
1752932009.9951544 1752932048.3643641
1752932048.3643832 1752932079.8224852
1752932079.8225095 1752932113.9294832
1752932113.9295154 1752932147.6889744
1752932147.6890004 1752932176.6082942
1752932176.608319 1752932203.3581939
1752932203.3582232 1752932229.618357
1752932229.6183813 1752932264.3978355
1752932264.3978837 1752932289.3535044
1752932289.3535287 1752932317.744613
1752932317.7446406 1752932353.2392194
1752932353.239237 1752932380.0520027
1752932380.0520265 1752932407.735069
1752932407.735098 1752932438.1959133
1752932438.1959343 1752932462.1613543
1752932462.1613822 1752932482.8037264
1752932482.8037522 1752932503.0191438
1752932503.019172 1752932526.2935667
1752932526.2935987 1752932560.8059797
1752932560.8059957 1752932583.5681536
1752932583.5681803 1752932609.7187147
1752932609.7187414 1752932637.546674
1752932637.5466998 1752932660.4244585
1752932660.4244792 1752932684.8587773
1752932684.8588028 1752932709.4289038
1752932709.4289207 1752932733.8639107
1752932733.8639398 1752932763.9588819
1752932763.958899 1752932791.068768
1752932791.0687938 1752932816.6632257
1752932816.663245 1752932842.5839639
1752932842.5840008 1752932870.4842594
1752932870.4842844 1752932901.340142
1752932901.3401713 1752932930.3524694
1752932930.3524873 1752932962.4599614
1752932962.4599783 1752932991.3048923
1752932991.3049166 1752933020.144764
1752933020.1447985 1752933051.805533
1752933051.8055575 1752933082.7324386
1752933082.7324586 1752933107.5276232
1752933107.5276513 1752933129.4306076
1752933129.430625 1752933156.9320858
1752933156.932113 1752933187.662372
1752933187.6623898 1752933213.024771
1752933213.024795 1752933243.6659691
1752933243.6660051 1752933275.3243632
1752933275.324387 1752933304.742239
1752933304.742259 1752933327.367803
1752933327.36784 1752933355.4172647
1752933355.41729 1752933379.2557113
1752933379.255739 1752933406.0814867
1752933406.0815034 1752933437.379879
1752933437.3799095 1752933471.8293242
1752933471.82934 1752933497.6610124
1752933497.661039 1752933535.905578
1752933535.9055996 1752933567.9389772
1752933567.939004 1752933600.8219721
1752933600.8219993 1752933634.3920093
1752933634.3920312 1752933660.9978
1752933660.9978218 1752933690.6777067
1752933690.6777318 1752933716.6865978
1752933716.6866174 1752933745.017914
1752933745.017938 1752933773.4837267
1752933773.4837482 1752933800.1402166
1752933800.1402354 1752933833.4640203
1752933833.4640462 1752933863.0785177
1752933863.078545 1752933892.854908
1752933892.8549268 1752933915.7512465
1752933915.7512715 1752933942.626053
1752933942.626087 1752933968.2292607
1752933968.2292871 1752933994.8033361
1752933994.803356 1752934028.4084194
1752934028.4084506 1752934055.7531188
1752934055.7531378 1752934080.8801465
1752934080.8801756 1752934106.590444
1752934106.5904756 1752934131.101019
1752934131.101041 1752934161.425421
1752934161.425443 1752934186.8770227
1752934186.8770444 1752934210.8846633
1752934210.8846817 1752934238.6104386
1752934238.610462 1752934266.169263
1752934266.1692798 1752934297.4672956
1752934297.4673133 1752934332.533998
1752934332.5340302 1752934363.7420943
1752934363.7421215 1752934391.3004806
1752934391.3005042 1752934424.0828063
1752934424.0828257 1752934452.3214915
1752934452.3215113 1752934481.293651
1752934481.2936788 1752934515.4388833
1752934515.4389071 1752934540.5628655
1752934540.5628903 1752934569.8338444
1752934569.83387 1752934599.1570818
1752934599.157099 1752934625.7585177
1752934625.7585454 1752934655.7904482
1752934655.790466 1752934683.8474379
1752934683.8474648 1752934718.3811486
1752934718.381174 1752934747.3071377
1752934747.3071556 1752934775.7619758
1752934775.762002 1752934806.9999285
1752934806.999948 1752934844.0363202
1752934844.0363448 1752934872.5978234
1752934872.5978417 1752934899.064563
1752934899.0645983 1752934929.9278314
1752934929.9278505 1752934963.5556915
1752934963.5557213 1752934995.426135
1752934995.4261594 1752935015.9451141
1752935015.9451478 1752935041.8563282
1752935041.8563566 1752935071.1791368
1752935071.1791558 1752935092.010188
1752935092.0102181 1752935121.921242
1752935121.921264 1752935150.8188975
1752935150.8189206 1752935182.3730342
1752935182.373066 1752935210.751391
1752935210.7514093 1752935236.498769
1752935236.4987981 1752935268.051118
1752935268.051136 1752935295.8859396
1752935295.8859665 1752935322.2335684
1752935322.2335894 1752935354.6611643
1752935354.6611888 1752935387.2667673
1752935387.2667964 1752935416.9192762
1752935416.9193044 1752935443.9131322
1752935443.9131541 1752935472.6778057
1752935472.6778286 1752935507.1244247
1752935507.1244547 1752935535.5505784
1752935535.550607 1752935559.7285042
1752935559.7285233 1752935593.9934638
1752935593.9934895 1752935625.5688753
1752935625.5688956 1752935657.2733521
1752935657.2733717 1752935687.660504
1752935687.6605217 1752935716.8929622
1752935716.8929853 1752935746.0580068
1752935746.058027 1752935777.9280808
1752935777.9281025 1752935810.718167
1752935810.7181847 1752935846.600725
1752935846.600752 1752935877.395777
1752935877.3957968 1752935909.8561823
1752935909.8562088 1752935930.881144
1752935930.8811662 1752935960.9781444
1752935960.9781687 1752935989.1909704
1752935989.1910062 1752936014.319899
1752936014.319922 1752936040.6332793
1752936040.633306 1752936067.8660488
1752936067.8660715 1752936096.1730773
1752936096.1731 1752936127.9194326
1752936127.9194512 1752936160.3084557
1752936160.3084807 1752936188.9272532
1752936188.9272707 1752936223.2897048
1752936223.2897294 1752936251.3801932
1752936251.3802156 1752936282.8967674
1752936282.8967905 1752936310.5636365
1752936310.5636644 1752936340.3238318
1752936340.3238518 1752936370.3379757
1752936370.3379953 1752936397.025991
1752936397.0260167 1752936428.2663336
1752936428.2663553 1752936458.3304663
1752936458.3305004 1752936487.4158638
1752936487.4158833 1752936514.678907
1752936514.6789308 1752936544.0035179
1752936544.0035348 1752936574.02335
1752936574.0233731 1752936607.3927202
1752936607.3927433 1752936638.8856769
1752936638.885693 1752936670.8578267
1752936670.85785 1752936702.5884233
1752936702.5884418 1752936735.1600144
1752936735.1600392 1752936766.1968129
1752936766.1968286 1752936804.4432664
1752936804.443291 1752936837.2355247
1752936837.2355487 1752936872.2071369
1752936872.2071612 1752936901.6478598
1752936901.6478832 1752936931.8000607
1752936931.8000832 1752936969.3778424
1752936969.3778682 1752937001.0147693
1752937001.014792 1752937025.3608587
1752937025.3608837 1752937054.0686374
1752937054.0686586 1752937082.0858297
1752937082.0858552 1752937105.564066
1752937105.5640862 1752937134.3428469
1752937134.3428688 1752937156.9846807
1752937156.9847093 1752937185.914237
1752937185.9142628 1752937213.3186183
1752937213.3186398 1752937240.9363432
1752937240.9363604 1752937263.8819988
1752937263.8820438 1752937291.5533392
1752937291.5533638 1752937325.0660791
1752937325.0661087 1752937348.4731033
1752937348.4731297 1752937377.031226
1752937377.0312471 1752937403.1538992
1752937403.153928 1752937431.2925513
1752937431.2925706 1752937453.840336
1752937453.840364 1752937477.1977446
1752937477.1977656 1752937505.0910363
1752937505.0910757 1752937530.7808697
1752937530.7808905 1752937553.5474699
1752937553.547495 1752937590.194189
1752937590.1942205 1752937619.4319413
1752937619.4319623 1752937643.5006618
1752937643.500683 1752937671.4009845
1752937671.401004 1752937703.9345825
1752937703.934605 1752937730.8247597
1752937730.8247843 1752937759.527881
1752937759.5279033 1752937783.6095202
1752937783.6095452 1752937810.642982
1752937810.643001 1752937836.826058
1752937836.8260787 1752937867.4734309
1752937867.4734504 1752937896.4578097
1752937896.4578307 1752937931.2667167
1752937931.2667406 1752937957.5769026
1752937957.5769274 1752937983.5680883
1752937983.5681183 1752938013.0924242
1752938013.0924432 1752938043.4196022
1752938043.419632 1752938079.7110994
1752938079.7111168 1752938111.4867873
1752938111.486812 1752938143.0981045
1752938143.0981348 1752938174.2205977
1752938174.2206192 1752938207.5534184
1752938207.5534348 1752938236.977282
1752938236.9773042 1752938265.6945963
1752938265.6946144 1752938294.9499822
1752938294.9500022 1752938325.4098547
1752938325.4098752 1752938357.7381558
1752938357.738173 1752938390.2002807
1752938390.2003064 1752938421.43035
1752938421.430371 1752938450.771828
1752938450.7718472 1752938480.8009768
1752938480.800993 1752938518.4428768
1752938518.4429057 1752938546.040452
1752938546.040483 1752938572.5262334
1752938572.5262513 1752938603.020893
1752938603.0209148 1752938625.36197
1752938625.3620105 1752938651.3502202
1752938651.350244 1752938680.5385554
1752938680.5385737 1752938708.8196182
1752938708.819649 1752938734.1493304
1752938734.1493492 1752938761.823585
1752938761.8236432 1752938789.2991097
1752938789.2991347 1752938812.030757
1752938812.0307796 1752938841.1693182
1752938841.1693377 1752938869.9086075
1752938869.908628 1752938897.8738675
1752938897.8738954 1752938926.3373003
1752938926.3373172 1752938959.749804
1752938959.749829 1752938987.0606947
1752938987.0607164 1752939014.528639
1752939014.528664 1752939042.8889346
1752939042.8889556 1752939071.9026594
1752939071.9026825 1752939100.817763
1752939100.8177793 1752939129.9319787
1752939129.9320023 1752939154.3888707
1752939154.388895 1752939182.4454436
1752939182.4454637 1752939208.8510478
1752939208.8510804 1752939237.08309
1752939237.0831122 1752939263.0358984
1752939263.0359232 1752939293.8017929
1752939293.8018165 1752939317.709048
1752939317.709075 1752939344.5802295
1752939344.5802538 1752939368.8433204
1752939368.8433485 1752939399.1867971
1752939399.186817 1752939421.891225
1752939421.8912473 1752939447.7055767
1752939447.7056007 1752939475.7644074
1752939475.7644293 1752939500.9188783
1752939500.9189072 1752939527.4089088
1752939527.4089332 1752939552.182326
1752939552.1823487 1752939578.4136415
1752939578.4136682 1752939609.9768143
1752939609.9768367 1752939631.110967
1752939631.1110044 1752939652.731479
1752939652.7315056 1752939679.9100993
1752939679.9101264 1752939705.1468847
1752939705.146904 1752939731.8134787
1752939731.8134975 1752939757.418926
1752939757.4189496 1752939782.542432
1752939782.5424497 1752939806.3127499
1752939806.312774 1752939831.5398324
1752939831.5398536 1752939858.1876855
1752939858.1877017 1752939886.807905
1752939886.8079278 1752939916.0380726
1752939916.0380912 1752939942.515264
1752939942.5152876 1752939973.6916425
1752939973.691661 1752939998.5649614
1752939998.5649853 1752940025.8468149
1752940025.8468318 1752940047.7493155
1752940047.749333 1752940073.669613
1752940073.6696491 1752940099.5863628
1752940099.58638 1752940128.7155263
1752940128.7155464 1752940159.3028448
1752940159.3028715 1752940187.145268
1752940187.1452932 1752940207.9406464
1752940207.9406695 1752940234.994222
1752940234.9942489 1752940260.4065554
1752940260.4065795 1752940290.267558
1752940290.2676108 1752940317.872802
1752940317.8728225 1752940344.9922233
1752940344.9922504 1752940369.0128198
1752940369.0128374 1752940393.3135545
1752940393.313578 1752940420.6319535
1752940420.6319773 1752940450.2514124
1752940450.2514365 1752940469.712357
1752940469.7123802 1752940494.6899276
1752940494.6899536 1752940518.5110226
1752940518.5110776 1752940546.271811
1752940546.2718298 1752940574.3782413
1752940574.378272 1752940596.168773
1752940596.168803 1752940620.7918167
1752940620.791846 1752940647.8524885
1752940647.852523 1752940679.5607567
1752940679.5607824 1752940709.7663524
1752940709.7663808 1752940734.641581
1752940734.6415997 1752940762.5868418
1752940762.5868711 1752940791.1240551
1752940791.1240726 1752940822.700832
1752940822.700858 1752940855.9586775
1752940855.958699 1752940880.5349255
1752940880.534961 1752940908.90006
1752940908.9000912 1752940937.9392886
1752940937.9393084 1752940966.4710479
1752940966.4710767 1752940993.8031545
1752940993.8031821 1752941019.245397
1752941019.2454321 1752941042.0792758
1752941042.079301 1752941070.5594287
1752941070.5594504 1752941095.6614227
1752941095.6614485 1752941119.2861168
1752941119.2861445 1752941146.103386
1752941146.1034122 1752941169.1675088
1752941169.1675286 1752941196.9286196
1752941196.9286525 1752941220.5143194
1752941220.5143366 1752941244.3577538
1752941244.3577814 1752941272.0972319
1752941272.0972562 1752941297.445167
1752941297.4451907 1752941320.2121155
1752941320.212142 1752941345.0606723
1752941345.0607233 1752941372.9270651
1752941372.9270947 1752941400.7650506
1752941400.7650788 1752941426.0320072
1752941426.0320346 1752941450.5387685
1752941450.5387912 1752941478.9865441
1752941478.9865725 1752941504.6646779
1752941504.664708 1752941540.3433294
1752941540.343362 1752941567.309811
1752941567.309832 1752941596.8276803
1752941596.82772 1752941625.9567878
1752941625.9568179 1752941653.679754
1752941653.679788 1752941683.5215056
1752941683.5215309 1752941721.781405
1752941721.7814322 1752941749.6475275
1752941749.6475472 1752941775.9287503
1752941775.9287784 1752941806.777217
1752941806.7772338 1752941836.2608526
1752941836.2608767 1752941864.1744747
1752941864.1744976 1752941888.6268098
1752941888.6268384 1752941913.6103263
1752941913.6103518 1752941938.325171
1752941938.3251956 1752941966.0306828
1752941966.0307107 1752941992.4831986
1752941992.4832249 1752942015.12912
1752942015.1291435 1752942044.0314875
1752942044.031511 1752942068.3532288
1752942068.3532505 1752942095.8070695
1752942095.8070967 1752942129.1728263
1752942129.1728494 1752942157.7297802
1752942157.7298057 1752942189.1906912
1752942189.1907136 1752942211.6614294
1752942211.6614518 1752942247.3494887
1752942247.349518 1752942275.0612516
1752942275.0612688 1752942314.4158242
1752942314.4158504 1752942342.3715897
1752942342.3716135 1752942376.418196
1752942376.4182224 1752942408.7308862
1752942408.7309048 1752942436.9154856
1752942436.9155123 1752942467.812217
1752942467.8122392 1752942497.7178714
1752942497.7178955 1752942526.3372667
1752942526.3372834 1752942558.0416956
1752942558.0417206 1752942588.0519102
1752942588.0519314 1752942612.035006
1752942612.035033 1752942641.6537638
1752942641.6537838 1752942673.4871087
1752942673.4871337 1752942701.5108805
1752942701.510901 1752942727.9365437
1752942727.9366002 1752942755.062109
1752942755.0621488 1752942782.5717263
1752942782.5717514 1752942808.0466702
1752942808.04669 1752942831.65176
1752942831.6517794 1752942856.3680503
1752942856.368069 1752942884.9208336
1752942884.920861 1752942909.0062528
1752942909.0062726 1752942935.3004196
1752942935.300447 1752942958.2262244
1752942958.2262404 1752942982.8386097
1752942982.838632 1752943012.0732105
1752943012.0732296 1752943040.5899277
1752943040.589947 1752943068.612112
1752943068.6121283 1752943096.5399408
1752943096.5399632 1752943123.5474846
1752943123.5475035 1752943148.6574364
1752943148.6574545 1752943177.7405488
1752943177.7405844 1752943204.792015
1752943204.7920437 1752943233.754457
1752943233.7544744 1752943260.9332168
1752943260.933242 1752943288.3226938
1752943288.3227105 1752943315.344533
1752943315.344558 1752943346.778261
1752943346.7782779 1752943378.2277844
1752943378.227809 1752943406.5614092
1752943406.5614288 1752943437.4509094
1752943437.4509265 1752943466.7844844
1752943466.7845104 1752943494.6548195
1752943494.6548378 1752943524.586016
1752943524.5860329 1752943554.8452396
1752943554.8452742 1752943590.075852
1752943590.0758772 1752943611.8704627
1752943611.8704863 1752943641.3389518
1752943641.3389776 1752943670.606773
1752943670.6067967 1752943698.7889273
1752943698.7889514 1752943727.138192
1752943727.1382124 1752943758.5782104
1752943758.578229 1752943800.0941954
1752943800.094219 1752943831.29109
1752943831.291112 1752943863.6133049
1752943863.6133318 1752943894.5301673
1752943894.5301912 1752943939.6389737
1752943939.6389992 1752943972.588843
1752943972.5888627 1752943999.3075354
1752943999.3075602 1752944027.9835246
1752944027.9835489 1752944058.6695626
1752944058.6695883 1752944087.592065
1752944087.592094 1752944114.7033997
1752944114.70342 1752944144.9380841
1752944144.9381068 1752944173.3259494
1752944173.3259683 1752944202.5536819
1752944202.5537083 1752944233.192814
1752944233.1928399 1752944265.363663
1752944265.36368 1752944298.623248
1752944298.6232736 1752944326.7242117
1752944326.7242303 1752944359.8568819
1752944359.8569155 1752944392.303823
1752944392.3038461 1752944415.5836368
1752944415.5836623 1752944442.144811
1752944442.1448362 1752944469.8896704
1752944469.8896892 1752944493.9611418
1752944493.9611664 1752944518.2949572
1752944518.2949765 1752944540.6869519
1752944540.686968 1752944564.188012
1752944564.1880348 1752944587.8303006
1752944587.8303165 1752944610.1806943
1752944610.1807184 1752944633.5646012
1752944633.5646207 1752944658.730249
1752944658.7302666 1752944684.8848903
1752944684.8849077 1752944709.9058478
1752944709.905871 1752944735.6192644
1752944735.6192832 1752944758.8767197
1752944758.876747 1752944783.7071836
1752944783.7071993 1752944811.7303898
1752944811.7304082 1752944841.8567734
1752944841.8568056 1752944868.9990172
1752944868.999036 1752944893.8034196
1752944893.8034456 1752944925.102562
1752944925.102579 1752944958.4954803
1752944958.4955072 1752944986.6817832
1752944986.6818025 1752945019.5849013
1752945019.5849319 1752945046.2479908
1752945046.2480083 1752945082.4396691
1752945082.4396963 1752945110.154917
1752945110.1549373 1752945145.5842352
1752945145.5842612 1752945171.2843065
1752945171.2843313 1752945204.1626122
1752945204.162632 1752945234.236854
1752945234.2368822 1752945267.3073611
1752945267.3073828 1752945292.7750251
1752945292.7750537 1752945317.5117018
1752945317.5117407 1752945343.6051722
1752945343.605201 1752945367.7533493
1752945367.7533672 1752945392.6558833
1752945392.655912 1752945425.2254357
1752945425.225457 1752945458.4978175
1752945458.4978378 1752945487.794988
1752945487.7950177 1752945514.1848092
1752945514.1848369 1752945541.7317429
1752945541.7317662 1752945567.043502
1752945567.043525 1752945594.277339
1752945594.2773588 1752945621.5052922
1752945621.5053217 1752945647.7960203
1752945647.7960496 1752945676.672909
1752945676.6729395 1752945709.678903
1752945709.6789253 1752945739.8895032
1752945739.8895206 1752945768.1892262
1752945768.1892524 1752945795.9010727
1752945795.9010901 1752945829.461727
1752945829.4617436 1752945858.0772667
1752945858.077299 1752945884.8958242
1752945884.8958473 1752945913.0317795
1752945913.0318007 1752945941.6196663
1752945941.6196854 1752945967.2782495
1752945967.278274 1752945992.6049395
1752945992.604966 1752946023.314068
1752946023.3140848 1752946049.2696114
1752946049.2696345 1752946080.5349734
1752946080.5349903 1752946110.3556123
1752946110.3556285 1752946141.3135056
1752946141.3135328 1752946171.3984978
1752946171.3985164 1752946206.5228727
1752946206.5229053 1752946232.3420267
1752946232.3420448 1752946263.977675
1752946263.977699 1752946289.2434955
1752946289.2435153 1752946320.4269998
1752946320.4270232 1752946348.5747783
1752946348.574798 1752946378.1339047
1752946378.1339254 1752946405.8696294
1752946405.8696535 1752946438.0099995
1752946438.0100198 1752946467.577494
1752946467.5775225 1752946497.6572623
1752946497.6572933 1752946527.803119
1752946527.8031614 1752946552.6358771
1752946552.6358967 1752946580.6855037
1752946580.6855245 1752946609.9961817
1752946609.9962008 1752946640.3341978
1752946640.3342147 1752946669.226004
1752946669.226024 1752946696.5588264
1752946696.5588455 1752946724.953344
1752946724.9533622 1752946759.856515
1752946759.8565404 1752946782.963079
1752946782.9631054 1752946817.9679494
1752946817.9679751 1752946846.1714027
1752946846.171425 1752946873.2912333
1752946873.291251 1752946900.3358164
1752946900.3358407 1752946930.425988
1752946930.4260082 1752946963.735683
1752946963.735702 1752946992.3162923
1752946992.3163202 1752947025.0841591
1752947025.084186 1752947053.355366
1752947053.3554063 1752947090.64453
1752947090.6445498 1752947121.8172243
1752947121.8172536 1752947143.25748
1752947143.257498 1752947176.2717688
1752947176.2718036 1752947205.1580293
1752947205.158049 1752947240.219195
1752947240.2192197 1752947270.617056
1752947270.6170745 1752947300.558382
1752947300.558402 1752947331.4429748
1752947331.443 1752947350.8102884
1752947350.8103077 1752947375.4273107
1752947375.427333 1752947400.5239506
1752947400.5239697 1752947424.0552669
1752947424.055293 1752947449.695027
1752947449.695043 1752947477.3203173
1752947477.320341 1752947502.5737987
1752947502.5738165 1752947527.997462
1752947527.9974794 1752947552.8706045
1752947552.8706272 1752947580.2293231
1752947580.22934 1752947606.9629688
1752947606.9629867 1752947630.810833
1752947630.8108623 1752947655.7707062
1752947655.770726 1752947681.678874
1752947681.6788998 1752947708.713657
1752947708.7136726 1752947734.962493
1752947734.9625258 1752947759.1876175
1752947759.1876442 1752947783.1585872
1752947783.1586077 1752947812.567682
1752947812.5677052 1752947836.9929082
1752947836.992941 1752947860.06041
1752947860.0604281 1752947881.501226
1752947881.5012424 1752947904.7458847
1752947904.7459087 1752947926.8815281
1752947926.8815439 1752947950.5010786
1752947950.5011032 1752947974.669553
1752947974.669569 1752948005.9726858
1752948005.9727132 1752948031.9617767
1752948031.961796 1752948056.592103
1752948056.5921202 1752948082.1043656
1752948082.1043916 1752948107.005475
1752948107.0054915 1752948130.6976254
1752948130.6976495 1752948158.3425016
1752948158.3425198 1752948184.1034565
1752948184.1034744 1752948212.4908338
1752948212.4908564 1752948244.1508794
1752948244.150902 1752948273.042469
1752948273.0424888 1752948298.7209203
1752948298.7209382 1752948336.0019228
1752948336.0019505 1752948359.4582827
1752948359.4583106 1752948386.178212
1752948386.1782413 1752948412.3117623
1752948412.311782 1752948440.038343
1752948440.0383654 1752948465.8311903
1752948465.8312101 1752948492.1897268
1752948492.1897438 1752948519.467595
1752948519.4676213 1752948544.5647106
1752948544.564727 1752948573.403835
1752948573.4038649 1752948604.540894
1752948604.5409138 1752948631.2254012
1752948631.2254224 1752948657.8765452
1752948657.8765693 1752948684.3728874
1752948684.372905 1752948712.4721975
1752948712.4722245 1752948738.969266
1752948738.9692905 1752948762.680681
1752948762.6807055 1752948787.7432277
1752948787.743254 1752948812.686555
1752948812.686585 1752948839.5359194
1752948839.5359519 1752948866.268356
1752948866.268378 1752948891.3785443
1752948891.3785646 1752948927.144963
1752948927.1449904 1752948951.3834238
1752948951.383443 1752948981.1922731
1752948981.192297 1752949014.495971
1752949014.4959948 1752949034.6880667
1752949034.6880941 1752949060.185851
1752949060.1858695 1752949089.8477118
1752949089.8477368 1752949121.2270808
1752949121.2271018 1752949149.885791
1752949149.8858087 1752949183.8361983
1752949183.8362243 1752949216.193411
1752949216.1934304 1752949247.0181386
1752949247.0181646 1752949279.0607982
1752949279.0608222 1752949308.6450434
1752949308.6450627 1752949347.6448128
1752949347.6448483 1752949384.4876542
1752949384.4876726 1752949413.0167682
1752949413.0167942 1752949442.900722
1752949442.9007509 1752949473.127794
1752949473.1278205 1752949499.6117504
1752949499.6117716 1752949528.028471
1752949528.0284936 1752949555.510574
1752949555.5105972 1752949585.2435133
1752949585.2435408 1752949614.0360422
1752949614.036062 1752949641.1252224
1752949641.1252499 1752949669.720498
1752949669.7205212 1752949698.6163876
1752949698.6164095 1752949726.9090033
1752949726.9090273 1752949761.2793024
1752949761.2793252 1752949784.9977949
1752949784.997829 1752949811.9990995
1752949811.9991243 1752949839.385037
1752949839.3850737 1752949860.827827
1752949860.827848 1752949890.306371
1752949890.3063936 1752949917.63895
1752949917.6389732 1752949942.0193288
1752949942.0193555 1752949967.3719256
1752949967.3719623 1752949997.740294
