1765626862.5136542 1765626898.0987475
1765626898.0987983 1765626934.9915776
1765626934.9916165 1765626967.5442255
1765626967.544267 1765627013.779181
1765627013.7792065 1765627056.4863467
1765627056.4863834 1765627095.4815385
1765627095.4815605 1765627136.551627
1765627136.5516522 1765627180.258876
1765627180.2589061 1765627224.3861384
1765627224.386163 1765627272.0530589
1765627272.0530877 1765627316.9479654
1765627316.947993 1765627348.5714056
1765627348.5714257 1765627387.1448793
1765627387.1449115 1765627421.5027678
1765627421.5027912 1765627449.0117135
1765627449.011741 1765627482.2767353
1765627482.276755 1765627523.3160663
1765627523.3161051 1765627559.42741
1765627559.4274294 1765627594.777551
1765627594.7775772 1765627635.2104325
1765627635.2104707 1765627670.3618188
1765627670.3618457 1765627706.9162111
1765627706.9162314 1765627740.4316185
1765627740.4316468 1765627781.9940808
1765627781.994102 1765627818.3788457
1765627818.3788667 1765627855.7619624
1765627855.7619877 1765627894.9732234
1765627894.9732444 1765627940.5167775
1765627940.516815 1765627981.0758185
1765627981.0758526 1765628017.2653592
1765628017.2653794 1765628060.2212398
1765628060.221265 1765628099.8279648
1765628099.8279855 1765628139.8175824
1765628139.8176074 1765628173.742812
1765628173.7428634 1765628202.8718216
1765628202.8718438 1765628227.9526982
1765628227.9527185 1765628258.8365595
1765628258.8365872 1765628292.077913
1765628292.0779376 1765628324.6598315
1765628324.659857 1765628352.0750332
1765628352.075061 1765628384.0570865
1765628384.057108 1765628416.362194
1765628416.3622427 1765628444.8189704
1765628444.818998 1765628473.528487
1765628473.5285225 1765628509.5430026
1765628509.5430286 1765628541.3940358
1765628541.3940718 1765628566.64638
1765628566.6464088 1765628596.302596
1765628596.3026316 1765628624.7737596
1765628624.7737877 1765628658.870663
1765628658.8706958 1765628684.3931742
1765628684.3932097 1765628713.9799643
1765628713.979991 1765628748.693539
1765628748.6935732 1765628781.9027429
1765628781.9027681 1765628813.7025185
1765628813.7025545 1765628844.835083
1765628844.8351169 1765628873.9486747
1765628873.9487019 1765628902.5089111
1765628902.5089345 1765628930.3965101
1765628930.396531 1765628961.1807184
1765628961.1807454 1765628992.7092605
1765628992.7092814 1765629022.282223
1765629022.2822523 1765629048.8673759
1765629048.8673973 1765629083.1461182
1765629083.1461463 1765629111.9738727
1765629111.9738996 1765629143.2614026
1765629143.2614264 1765629173.4103253
1765629173.4103649 1765629198.320183
1765629198.320207 1765629230.7453
1765629230.745335 1765629258.7827709
1765629258.782791 1765629293.0253596
1765629293.0253878 1765629323.876858
1765629323.8768783 1765629350.9167416
1765629350.916768 1765629378.7369328
1765629378.7369568 1765629404.3251948
1765629404.3252292 1765629438.7605228
1765629438.7605462 1765629468.9957368
1765629468.9957616 1765629500.827828
1765629500.8278518 1765629534.3067975
1765629534.3068218 1765629563.72317
1765629563.723207 1765629594.89476
1765629594.8948007 1765629624.9510026
1765629624.951029 1765629657.5746243
1765629657.5746467 1765629689.0972211
1765629689.0972464 1765629715.48315
1765629715.4831731 1765629744.3825464
1765629744.3825734 1765629773.8300512
1765629773.830078 1765629807.6902978
1765629807.6903217 1765629834.593187
1765629834.593211 1765629871.7248075
1765629871.7248425 1765629897.0317218
1765629897.0317438 1765629927.2346468
1765629927.2346776 1765629958.0989287
1765629958.0989506 1765629985.531276
1765629985.5313 1765630008.314153
1765630008.3141797 1765630039.7756984
1765630039.7757316 1765630069.256969
1765630069.2569911 1765630098.1551921
1765630098.1552222 1765630129.1265574
1765630129.1265867 1765630156.6519942
