1765626868.0469997 1765626907.7892358
1765626907.789258 1765626942.5046482
1765626942.5046735 1765626980.4164507
1765626980.4164956 1765627015.8695095
1765627015.869534 1765627057.4080822
1765627057.4081066 1765627096.4140224
1765627096.4140463 1765627138.7635443
1765627138.7635686 1765627178.107573
1765627178.107599 1765627216.5955002
1765627216.5955245 1765627270.39568
1765627270.3957047 1765627313.6195319
1765627313.619552 1765627347.8762584
1765627347.8763118 1765627383.23168
1765627383.2317054 1765627415.2246525
1765627415.2246768 1765627448.4436839
1765627448.443706 1765627476.4802847
1765627476.4803085 1765627519.1405056
1765627519.1405294 1765627566.4663508
1765627566.4663768 1765627598.9742966
1765627598.9743202 1765627636.8262992
1765627636.8263237 1765627668.0147645
1765627668.0147882 1765627703.9670923
1765627703.9671125 1765627739.0385623
1765627739.038588 1765627781.770674
1765627781.7706969 1765627828.6987123
1765627828.698739 1765627866.3591945
1765627866.3592184 1765627904.1422887
1765627904.1423185 1765627941.9740129
1765627941.9740365 1765627981.8998706
1765627981.8998961 1765628022.699514
1765628022.6995485 1765628061.3076053
1765628061.3076296 1765628097.038876
1765628097.0389242 1765628138.7291818
1765628138.7292056 1765628173.1389327
1765628173.1389508 1765628209.4751034
1765628209.4751282 1765628240.0202367
1765628240.0202599 1765628270.6356988
1765628270.635723 1765628296.3427565
1765628296.3427749 1765628319.6333644
1765628319.6333883 1765628353.4157271
1765628353.4157507 1765628381.9627223
1765628381.9627428 1765628411.0450134
1765628411.0450373 1765628441.766406
1765628441.7664273 1765628471.7827973
1765628471.7828152 1765628505.8480284
1765628505.8480527 1765628537.5215998
1765628537.52162 1765628566.9373932
1765628566.9374182 1765628593.6328964
1765628593.6329198 1765628623.8370411
1765628623.837059 1765628656.7769675
1765628656.776992 1765628680.9560091
1765628680.9560285 1765628715.786505
1765628715.7865274 1765628742.3737588
1765628742.373785 1765628779.8473113
1765628779.8473365 1765628808.7993603
1765628808.799378 1765628842.3293514
1765628842.3293784 1765628872.1286519
1765628872.1286752 1765628899.580364
1765628899.5803857 1765628928.147638
1765628928.1476567 1765628957.1815572
1765628957.1815767 1765628988.872205
1765628988.872228 1765629018.5424647
1765629018.542482 1765629050.1839976
1765629050.1840227 1765629081.447461
1765629081.4474797 1765629107.3442523
1765629107.344278 1765629140.3882124
1765629140.388229 1765629172.4006805
1765629172.4007053 1765629197.6863685
1765629197.686393 1765629230.3393688
1765629230.3393867 1765629256.3681774
1765629256.368201 1765629296.7597685
1765629296.7597919 1765629318.6457634
1765629318.6457846 1765629348.8808997
1765629348.8809242 1765629373.8203735
1765629373.8203933 1765629405.7274494
1765629405.7274687 1765629434.3267446
1765629434.3267682 1765629463.1329846
1765629463.1330068 1765629496.0825357
1765629496.0825565 1765629525.6811852
1765629525.6812027 1765629556.6807969
1765629556.6808205 1765629591.266442
1765629591.2664614 1765629619.8657644
1765629619.8657877 1765629656.234242
1765629656.2342625 1765629691.1492813
1765629691.1493056 1765629711.191373
1765629711.191392 1765629737.146313
1765629737.146333 1765629768.2939405
1765629768.2939632 1765629803.4444518
1765629803.4444716 1765629833.1933386
1765629833.193372 1765629870.8495007
1765629870.8495252 1765629894.6644073
1765629894.6644251 1765629922.9949718
1765629922.9949918 1765629951.1770773
1765629951.1771007 1765629981.045995
1765629981.0460148 1765630009.4482872
1765630009.4483118 1765630034.0906901
1765630034.0907078 1765630063.0138028
1765630063.0138252 1765630094.2978475
1765630094.2978668 1765630123.9796808
1765630123.9797013 1765630151.0634797
