1756798396.3377416 1756798430.1090171
1756798430.1090448 1756798457.9060533
1756798457.9060795 1756798486.9033773
1756798486.9034183 1756798517.721828
1756798517.7218585 1756798543.5801046
1756798543.5801306 1756798571.2603853
1756798571.2604084 1756798596.916699
1756798596.9167347 1756798625.2399113
1756798625.239937 1756798649.718688
1756798649.7187207 1756798671.7498085
1756798671.749831 1756798697.327497
1756798697.3275278 1756798724.8049636
1756798724.804989 1756798752.639144
1756798752.6391642 1756798779.6314783
1756798779.631504 1756798800.2247903
1756798800.2248123 1756798819.9795244
1756798819.979547 1756798851.335195
1756798851.3352227 1756798880.4078703
1756798880.407891 1756798905.4878159
1756798905.4878435 1756798932.70331
1756798932.7033343 1756798958.387013
1756798958.3870397 1756798984.1802135
1756798984.18024 1756799009.0827296
1756799009.0827563 1756799037.4464977
1756799037.4465218 1756799073.7056496
1756799073.7056775 1756799102.5551226
1756799102.5551503 1756799121.2405212
1756799121.2405438 1756799145.8161495
1756799145.816181 1756799171.073881
1756799171.0739007 1756799198.5230684
1756799198.5230951 1756799231.3369083
1756799231.3369336 1756799250.3796287
1756799250.37965 1756799277.212761
1756799277.212783 1756799303.02023
1756799303.0202527 1756799340.1124282
1756799340.1124544 1756799363.0479808
1756799363.0480268 1756799391.1630807
1756799391.1631029 1756799415.0124996
1756799415.0125287 1756799445.9770703
1756799445.977094 1756799463.367704
1756799463.3677263 1756799480.2438543
1756799480.2438755 1756799507.290605
1756799507.290632 1756799540.3728793
1756799540.372901 1756799573.9130793
1756799573.9131134 1756799596.6446025
1756799596.6446278 1756799631.2568064
1756799631.2568412 1756799653.9507184
1756799653.9507456 1756799671.4683907
1756799671.46841 1756799699.5936112
1756799699.5936353 1756799732.8213177
1756799732.8213432 1756799762.0913863
1756799762.091416 1756799789.8146923
1756799789.814723 1756799817.5820093
1756799817.582032 1756799848.5055313
1756799848.5055568 1756799884.096027
1756799884.0960588 1756799906.9634118
1756799906.9634514 1756799934.539571
1756799934.539601 1756799964.2314086
1756799964.2314348 1756799998.726684
1756799998.7267084 1756800019.427683
1756800019.4277081 1756800051.1131577
1756800051.1131825 1756800073.3563938
1756800073.356418 1756800095.8078604
1756800095.8078868 1756800122.8479645
1756800122.8479853 1756800154.652055
1756800154.652083 1756800176.2942095
1756800176.2942376 1756800197.9564805
1756800197.9565032 1756800226.6127772
1756800226.612805 1756800247.9561467
1756800247.9561675 1756800284.7810073
1756800284.7810338 1756800304.7027278
1756800304.7027488 1756800332.1422596
1756800332.1422803 1756800363.4727905
1756800363.4728265 1756800393.092022
1756800393.092044 1756800423.4593642
1756800423.4593904 1756800450.4789581
1756800450.4789913 1756800479.2952733
1756800479.295295 1756800497.946402
1756800497.9464226 1756800538.7857277
1756800538.7857544 1756800565.9987788
1756800565.9988027 1756800585.4779634
1756800585.477982 1756800617.6056094
1756800617.6056352 1756800653.434809
1756800653.4348316 1756800679.1882715
1756800679.188294 1756800704.749582
1756800704.7496052 1756800743.5169888
1756800743.5170128 1756800770.917994
1756800770.9180193 1756800797.0175085
1756800797.0175376 1756800819.660514
1756800819.6605356 1756800851.512161
1756800851.5121925 1756800880.26235
1756800880.262385 1756800901.712436
1756800901.7124557 1756800930.977196
1756800930.977222 1756800952.8644013
1756800952.8644235 1756800978.1833253
1756800978.1833482 1756801011.7937121
1756801011.7937326 1756801034.2131221
1756801034.2131433 1756801066.2593017
1756801066.2593412 1756801093.032529
1756801093.0325556 1756801116.074734
