1764950149.4624732 1764950445.1778982
1764950445.1779168 1764950640.6328287
1764950640.6328466 1764950880.167266
1764950880.1672876 1764951255.774046
1764951255.7740679 1764951554.3878245
1764951554.3878474 1764951870.9502466
1764951870.9502704 1764952037.2178693
1764952037.2178895 1764952466.9395704
1764952466.9395983 1764952778.1945283
1764952778.1945515 1764953052.4275649
1764953052.427583 1764953379.22703
1764953379.2270534 1764953541.6069233
1764953541.6069427 1764953844.2440283
1764953844.2440507 1764954100.101616
1764954100.1016393 1764954352.6657948
1764954352.6658165 1764954685.3864868
1764954685.3865097 1764954926.1613922
1764954926.1614099 1764955300.351347
1764955300.3513691 1764955517.0089765
1764955517.0089984 1764955714.1567175
1764955714.1567402 1764955934.1100507
1764955934.1100743 1764956153.092183
1764956153.0922055 1764956413.9413457
1764956413.9413688 1764956730.0204275
1764956730.0204508 1764956955.7896504
1764956955.7896743 1764957322.196497
1764957322.1965194 1764957439.4750361
1764957439.4750545 1764957768.393154
1764957768.3931754 1764957987.7022028
1764957987.7022247 1764958157.541614
1764958157.5416331 1764958340.236164
1764958340.236187 1764958565.2738104
1764958565.2738342 1764958715.9025052
1764958715.902526 1764958929.1955154
1764958929.1955388 1764959140.7811327
1764959140.7811568 1764959332.1649754
1764959332.1649964 1764959516.2619572
1764959516.2619765 1764959588.1654122
1764959588.1654367 1764959846.4837701
1764959846.4837897 1764960088.0343058
1764960088.0343282 1764960233.9612947
1764960233.961314 1764960377.3200758
1764960377.3200996 1764960602.5589519
1764960602.5589764 1764960882.6090012
1764960882.6090255 1764961106.108138
1764961106.1081614 1764961393.3242683
1764961393.3242908 1764961627.5933433
1764961627.593367 1764961934.3720202
1764961934.3720446 1764962163.269394
1764962163.269416 1764962332.7040603
1764962332.70408 1764962498.0531313
1764962498.0531504 1764962659.8792915
1764962659.8793154 1764962870.7601247
1764962870.7601492 1764963190.8353527
1764963190.8353765 1764963563.260146
1764963563.260169 1764963725.420171
1764963725.4201946 1764964058.9831927
1764964058.9832165 1764964269.9424798
1764964269.9425035 1764964480.5264807
1764964480.5265026 1764964750.7165856
1764964750.7166083 1764965035.6774793
1764965035.6775029 1764965335.480009
1764965335.4800336 1764965489.910729
1764965489.910752 1764965863.650921
1764965863.6509445 1764966011.4939642
1764966011.4939852 1764966183.7355437
1764966183.7355678 1764966282.5763752
1764966282.576392 1764966543.1365082
1764966543.1365304 1764966786.12093
1764966786.1209486 1764966953.8564334
1764966953.8564537 1764967190.4956806
1764967190.4957047 1764967715.597085
1764967715.5971084 1764967961.5083296
1764967961.508353 1764968101.939715
1764968101.9397404 1764968261.099005
1764968261.0990298 1764968476.5599499
1764968476.5599742 1764968771.3690152
1764968771.3690393 1764969030.9995732
1764969030.999596 1764969210.9533498
1764969210.9533696 1764969365.329937
1764969365.3299587 1764969667.3652406
1764969667.3652654 1764969807.4411347
1764969807.4411578 1764970184.5427454
1764970184.5427651 1764970472.767972
1764970472.7679958 1764970676.4535606
1764970676.4535787 1764970997.4321897
1764970997.4322135 1764971402.5423353
1764971402.5423586 1764971599.2687497
1764971599.2687685 1764971803.9336777
1764971803.9337 1764972146.5628624
1764972146.562891 1764972367.2214112
1764972367.2214308 1764972631.468571
1764972631.4685938 1764972857.9752479
1764972857.9752715 1764972973.82818
1764972973.828203 1764973195.2400837
1764973195.240103 1764973437.3527286
1764973437.3527527 1764973661.523895
1764973661.52392 1764973963.721073
1764973963.7210937 1764974185.031957
1764974185.0319812 1764974358.2352788
