1764950292.1650732 1764950386.4124568
1764950386.4124749 1764950654.517176
1764950654.5171986 1764950919.8840752
1764950919.8840973 1764951249.9955988
1764951249.9956298 1764951508.6633296
1764951508.6633525 1764951860.6699584
1764951860.6699798 1764952161.869596
1764952161.8696184 1764952408.1776168
1764952408.1776338 1764952862.13487
1764952862.1348925 1764953095.5578437
1764953095.5578609 1764953377.6883347
1764953377.6883574 1764953599.7366014
1764953599.7366245 1764953816.3468072
1764953816.346829 1764954086.9115996
1764954086.911622 1764954351.8131711
1764954351.813188 1764954646.7163217
1764954646.7163444 1764954900.9512236
1764954900.951246 1764955302.005566
1764955302.0055928 1764955476.877013
1764955476.8770313 1764955702.6601837
1764955702.660206 1764955875.74575
1764955875.7457669 1764956136.4885368
1764956136.4885597 1764956354.702915
1764956354.7029378 1764956596.6984754
1764956596.6984925 1764957064.7675827
1764957064.7676048 1764957302.2780564
1764957302.278082 1764957505.1523988
1764957505.1524227 1764957758.7930672
1764957758.793091 1764957998.706518
1764957998.706536 1764958130.487551
1764958130.4875731 1764958350.5753655
1764958350.5753825 1764958572.9057374
1764958572.9057593 1764958624.812229
1764958624.8122463 1764958893.393321
1764958893.393342 1764959134.2721536
1764959134.2721705 1764959320.3467047
1764959320.3467267 1764959494.6231103
1764959494.623133 1764959715.2092655
1764959715.2092881 1764959922.7855844
1764959922.785607 1764960070.4276962
1764960070.4277184 1764960250.777283
1764960250.7773063 1764960430.6740263
1764960430.6740437 1764960645.5615637
1764960645.5615876 1764960882.9357693
1764960882.935792 1764961183.2245162
1764961183.2245407 1764961434.205461
1764961434.2054834 1764961552.9497526
1764961552.9497695 1764961784.0049255
1764961784.0049472 1764962080.4203908
1764962080.4204085 1764962327.6667037
1764962327.6667216 1764962498.0168543
1764962498.0168767 1764962634.7485297
1764962634.7485528 1764962805.9518251
1764962805.9518483 1764963085.2204149
1764963085.2204401 1764963524.0806031
1764963524.080626 1764963818.6851645
1764963818.685188 1764963934.9755595
1764963934.9755812 1764964202.3883066
1764964202.3883245 1764964484.2680879
1764964484.2681098 1764964826.421698
1764964826.4217207 1764964991.1331308
1764964991.1331499 1764965352.6059942
1764965352.6060188 1764965578.823425
1764965578.823449 1764965802.2267349
1764965802.2267537 1764965972.5348194
1764965972.534851 1764966183.2808177
1764966183.2808392 1764966367.9377658
1764966367.9377897 1764966627.6181014
1764966627.6181252 1764966805.6739843
1764966805.674003 1764967033.0863645
1764967033.086388 1764967350.828039
1764967350.8280613 1764967717.0868595
1764967717.0868838 1764967946.5135493
1764967946.513572 1764968099.54186
1764968099.5418777 1764968264.3448544
1764968264.3448782 1764968451.0449104
1764968451.0449324 1764968766.093623
1764968766.0936456 1764969003.7682376
1764969003.768256 1764969209.0240843
1764969209.024108 1764969399.7823076
1764969399.7823331 1764969663.6140847
1764969663.6141076 1764969896.552496
1764969896.552518 1764970216.6705365
1764970216.6705592 1764970403.0228605
1764970403.0228844 1764970713.0253346
1764970713.0253577 1764971002.8595374
1764971002.8595598 1764971403.4119701
1764971403.411993 1764971600.9916983
1764971600.9917173 1764971751.1438997
1764971751.1439219 1764972133.1012216
1764972133.101244 1764972233.7336545
1764972233.7336717 1764972544.880917
1764972544.8809342 1764972797.9502866
1764972797.9503105 1764972955.4639468
1764972955.4639637 1764973177.2242606
1764973177.224284 1764973323.0316403
1764973323.031658 1764973677.643053
1764973677.6430774 1764973958.7982717
1764973958.7982955 1764974189.4692414
1764974189.4692605 1764974342.3326705
