1764950200.5613873 1764950526.873756
1764950526.8737786 1764950709.2023365
1764950709.2023609 1764950980.5433152
1764950980.5433383 1764951256.8648598
1764951256.864881 1764951399.9788125
1764951399.9788432 1764951827.8297658
1764951827.829789 1764952050.447625
1764952050.447646 1764952499.4072003
1764952499.4072237 1764952884.6449065
1764952884.6449282 1764953108.5643394
1764953108.5643609 1764953310.9972787
1764953310.9973018 1764953540.9731789
1764953540.9731998 1764953851.645185
1764953851.6452074 1764954169.8805776
1764954169.8806002 1764954328.4470205
1764954328.4470396 1764954558.4911506
1764954558.4911723 1764954929.5085459
1764954929.5085688 1764955257.2969518
1764955257.2969735 1764955507.6766226
1764955507.676645 1764955719.0509083
1764955719.050931 1764955900.6996648
1764955900.6996825 1764956161.660036
1764956161.660059 1764956405.243287
1764956405.2433088 1764956628.9584718
1764956628.958495 1764956861.0126064
1764956861.0126238 1764957306.9609852
1764957306.9610074 1764957483.1184745
1764957483.1184978 1764957751.8098342
1764957751.8098574 1764958031.0596893
1764958031.0597088 1764958174.160015
1764958174.1600373 1764958349.900216
1764958349.900238 1764958522.7450762
1764958522.7450988 1764958699.882209
1764958699.8822267 1764958946.3104258
1764958946.3104491 1764959145.9848094
1764959145.9848318 1764959329.980535
1764959329.980557 1764959466.901627
1764959466.9016495 1764959696.914895
1764959696.9149132 1764959924.8784773
1764959924.8785005 1764960072.6568708
1764960072.6568928 1764960182.1116805
1764960182.111699 1764960427.495593
1764960427.4956152 1764960601.8414001
1764960601.8414233 1764960743.315374
1764960743.315391 1764961157.7952743
1764961157.795297 1764961429.29338
1764961429.2934036 1764961605.8966568
1764961605.8966758 1764961937.42738
1764961937.4274027 1764962126.6945503
1764962126.6945739 1764962334.3860009
1764962334.38602 1764962482.0675564
1764962482.0675786 1764962636.101551
1764962636.1015701 1764962836.250079
1764962836.2501009 1764963136.887328
1764963136.887352 1764963511.7501438
1764963511.7501674 1764963800.824292
1764963800.824315 1764964058.3276277
1764964058.3276467 1764964241.2561276
1764964241.2561507 1764964456.4449313
1764964456.444955 1764964824.6978447
1764964824.6978683 1764964949.5752017
1764964949.5752213 1764965244.7724376
1764965244.7724557 1764965518.8853385
1764965518.8853614 1764965866.9545088
1764965866.9545326 1764966015.3092089
1764966015.3092268 1764966184.0795908
1764966184.0796142 1764966393.5699909
1764966393.5700138 1764966624.1649168
1764966624.1649354 1764966863.1569762
1764966863.1569984 1764966997.6898234
1764966997.6898465 1764967269.6078146
1764967269.6078386 1764967709.4522119
1764967709.4522352 1764967892.3019648
1764967892.3019826 1764968121.8676941
1764968121.867718 1764968277.6781502
1764968277.678172 1764968442.8462622
1764968442.846282 1764968752.1473916
1764968752.147414 1764969018.8075998
1764969018.8076224 1764969222.945366
1764969222.9453847 1764969434.7260196
1764969434.7260432 1764969675.7461715
1764969675.7461908 1764969872.9516034
1764969872.951627 1764970210.6575813
1764970210.6576037 1764970327.6934886
1764970327.6935115 1764970663.528492
1764970663.528511 1764970888.5364761
1764970888.5364988 1764971400.8240438
1764971400.824067 1764971645.8023288
1764971645.8023522 1764971841.2855074
1764971841.2855256 1764972064.9375014
1764972064.937525 1764972328.6959715
1764972328.6959898 1764972670.3718922
1764972670.3719153 1764972808.9482112
1764972808.9482343 1764973035.4906394
1764973035.4906623 1764973165.2207358
1764973165.220758 1764973277.9246147
1764973277.92464 1764973566.629051
1764973566.6290698 1764973952.868439
1764973952.8684614 1764974191.3723638
1764974191.3723862 1764974290.5063086
