1764950191.734877 1764950523.5236344
1764950523.5236566 1764950652.54022
1764950652.5402386 1764950892.4775732
1764950892.477595 1764951230.9543197
1764951230.954342 1764951532.1305313
1764951532.1305528 1764951818.6781123
1764951818.6781356 1764952096.9498084
1764952096.949831 1764952537.0454109
1764952537.045433 1764952800.0832598
1764952800.0832818 1764953048.0873609
1764953048.0873816 1764953251.999488
1764953251.9995103 1764953568.9888725
1764953568.9888933 1764953855.7039242
1764953855.7039468 1764954157.6915884
1764954157.6916094 1764954317.3809125
1764954317.3809364 1764954683.1647723
1764954683.164795 1764954955.7684348
1764954955.7684572 1764955305.0865648
1764955305.0865872 1764955512.5283048
1764955512.5283272 1764955730.203289
1764955730.2033126 1764955908.119636
1764955908.1196556 1764956136.0104308
1764956136.010453 1764956380.5353115
1764956380.535341 1764956731.0918443
1764956731.091866 1764956977.9222841
1764956977.9223068 1764957308.3193328
1764957308.3193529 1764957445.817999
1764957445.8180215 1764957657.6537812
1764957657.6538036 1764958005.4116561
1764958005.4116743 1764958181.9104972
1764958181.9105191 1764958313.5289545
1764958313.5289767 1764958528.1550913
1764958528.1551132 1764958697.9338233
1764958697.933841 1764958865.277298
1764958865.2773204 1764959078.4585917
1764959078.4586089 1764959300.1453176
1764959300.1453412 1764959492.392246
1764959492.3922627 1764959719.575011
1764959719.5750344 1764959929.8836308
1764959929.8836548 1764960004.2124224
1764960004.2124407 1764960197.239478
1764960197.2395 1764960363.3839788
1764960363.383998 1764960581.0331974
1764960581.03322 1764960802.232127
1764960802.2321444 1764961108.206646
1764961108.2066698 1764961346.7598784
1764961346.7599022 1764961651.281959
1764961651.2819822 1764961885.5746562
1764961885.5746791 1764962221.4653435
1764962221.4653664 1764962335.2743917
1764962335.2744098 1764962496.2411432
1764962496.2411675 1764962626.371629
1764962626.3716466 1764962831.9544287
1764962831.9544523 1764963111.4474208
1764963111.447445 1764963466.781962
1764963466.7819803 1764963780.1288166
1764963780.1288397 1764964050.1701555
1764964050.1701794 1764964180.9363623
1764964180.9363854 1764964413.3826706
1764964413.3826885 1764964674.7303433
1764964674.7303662 1764965064.3103628
1764965064.310386 1764965380.789677
1764965380.789702 1764965527.5240936
1764965527.524115 1764965858.2813375
1764965858.2813604 1764966011.5591109
1764966011.5591292 1764966202.114165
1764966202.114188 1764966354.9763038
1764966354.9763227 1764966674.0810668
1764966674.0810916 1764966859.7349331
1764966859.7349637 1764967010.7515888
1764967010.751609 1764967182.7855515
1764967182.7855756 1764967702.404624
1764967702.4046469 1764967973.023297
1764967973.023321 1764968068.3072543
1764968068.307277 1764968218.5646532
1764968218.564671 1764968381.1335406
1764968381.133566 1764968611.419893
1764968611.4199166 1764968972.733613
1764968972.7336373 1764969222.8100424
1764969222.8100615 1764969418.4589722
1764969418.458996 1764969637.5408256
1764969637.5408485 1764969934.4505424
1764969934.4505658 1764970190.0098417
1764970190.0098658 1764970382.7106123
1764970382.7106364 1764970706.5450132
1764970706.5450368 1764970892.5767922
1764970892.576812 1764971403.2450466
1764971403.2450712 1764971654.2041109
1764971654.2041345 1764971817.0703027
1764971817.0703232 1764972124.2741942
1764972124.2742178 1764972385.8871415
1764972385.8871646 1764972539.7181695
1764972539.718187 1764972802.8197887
1764972802.8198113 1764972956.6181798
1764972956.618199 1764973173.3385382
1764973173.338561 1764973346.5755808
1764973346.575601 1764973679.4462926
1764973679.4463162 1764974020.685756
1764974020.685779 1764974131.1945002
1764974131.1945238 1764974272.2608142
