1764950298.449939 1764950430.3559632
1764950430.355985 1764950700.5931728
1764950700.5931954 1764950981.3528616
1764950981.3528857 1764951254.2899425
1764951254.2899666 1764951552.4888427
1764951552.4888666 1764951850.1583047
1764951850.15833 1764952157.2710915
1764952157.2711148 1764952457.528502
1764952457.5285258 1764952868.6256871
1764952868.6257102 1764953108.4816413
1764953108.4816656 1764953338.8342066
1764953338.8342319 1764953584.1628609
1764953584.1628861 1764953805.2185237
1764953805.2185478 1764954024.743128
1764954024.743163 1764954300.6564362
1764954300.6564693 1764954534.6721106
1764954534.67213 1764954942.9779432
1764954942.9779675 1764955246.480255
1764955246.4802773 1764955502.812875
1764955502.8128967 1764955741.0777645
1764955741.0777884 1764955906.2375169
1764955906.23754 1764956138.460816
1764956138.460838 1764956270.8645856
1764956270.8646073 1764956718.2847705
1764956718.284794 1764957064.3661568
1764957064.3661795 1764957337.2347164
1764957337.2347422 1764957438.441369
1764957438.4413884 1764957690.7351441
1764957690.7351685 1764958015.1565235
1764958015.1565492 1764958159.2314122
1764958159.2314317 1764958321.7177482
1764958321.717788 1764958564.8716602
1764958564.871684 1764958734.070282
1764958734.0703018 1764958904.570947
1764958904.5709693 1764959126.5830948
1764959126.5831172 1764959338.9610462
1764959338.961066 1764959406.8421376
1764959406.8421621 1764959734.8938632
1764959734.893888 1764959922.3894472
1764959922.3894677 1764960071.1193511
1764960071.1193748 1764960230.1780078
1764960230.1780334 1764960362.960684
1764960362.960703 1764960579.5075414
1764960579.5075638 1764960883.4262803
1764960883.4263036 1764961164.0720692
1764961164.0720942 1764961402.6845489
1764961402.684572 1764961563.8829436
1764961563.8829648 1764961936.3460927
1764961936.3461165 1764962149.7915087
1764962149.7915297 1764962337.4177473
1764962337.4177709 1764962495.1336331
1764962495.1336532 1764962639.5457354
1764962639.5457668 1764962843.9320269
1764962843.9320464 1764963026.2324736
1764963026.2324982 1764963440.5384657
1764963440.5384867 1764963721.332844
1764963721.3328674 1764963946.1788445
1764963946.1788647 1764964185.0372047
1764964185.0372279 1764964380.0158672
1764964380.0158885 1764964674.1077216
1764964674.1077452 1764965031.9225307
1764965031.922556 1764965375.2973735
1764965375.2973988 1764965562.7029328
1764965562.7029605 1764965858.0418782
1764965858.0419033 1764966013.1374466
1764966013.1374702 1764966127.5073743
1764966127.5073988 1764966304.9682772
1764966304.9682977 1764966531.8333173
1764966531.8333428 1764966777.5996473
1764966777.599668 1764966960.25637
1764966960.25639 1764967224.482475
1764967224.4825037 1764967639.909249
1764967639.90928 1764967907.706142
1764967907.7061672 1764968117.1679869
1764968117.1680079 1764968263.2271411
1764968263.2271657 1764968460.6339335
1764968460.6339576 1764968735.8553627
1764968735.8553877 1764969044.9188664
1764969044.9188933 1764969184.8449483
1764969184.8449686 1764969352.0069854
1764969352.007006 1764969543.3089695
1764969543.3090005 1764969819.7137566
1764969819.713777 1764970214.7705276
1764970214.7705603 1764970396.859136
1764970396.8591576 1764970724.8854973
1764970724.885523 1764970970.2313223
1764970970.231346 1764971337.6611717
1764971337.6611962 1764971653.2335107
1764971653.233536 1764971806.1779275
1764971806.1779478 1764972084.4518373
1764972084.4518623 1764972310.0894902
1764972310.0895112 1764972651.5072026
1764972651.5072274 1764972861.9951549
1764972861.9951777 1764973030.6342235
1764973030.6342478 1764973204.5843658
1764973204.5843923 1764973337.3103218
1764973337.3103476 1764973655.0963023
1764973655.096329 1764973941.8979864
1764973941.8980064 1764974187.8601067
1764974187.860132 1764974365.7750015
