1762529074.6180115 1762529186.5971713
1762529191.599606 1762529281.5551481
1762529290.5636232 1762529365.5654743
1762529373.5716717 1762529452.2799962
1762529454.282185 1762529536.8511357
1762529545.8596861 1762529713.7378032
1762529722.7436798 1762529824.7122447
1762529830.715629 1762529948.4070914
1762529958.4172778 1762530035.0707242
1762530041.0756555 1762530103.62007
1762530113.627613 1762530201.85934
1762530203.8596716 1762530269.9147167
1762530272.9178996 1762530356.57411
1762530356.5742874 1762530441.6982346
1762530448.7036645 1762530515.3813798
1762530525.3876112 1762530596.9474623
1762530599.9506693 1762530665.162833
1762530669.1651168 1762530742.0803738
1762530746.0836525 1762530800.3714929
1762530805.3766353 1762530887.7020638
1762530891.7036042 1762530961.1444592
1762530966.147663 1762531043.846953
1762531050.851627 1762531199.4511087
1762531203.4516141 1762531347.1924932
1762531357.1997 1762531494.1375136
1762531501.1443305 1762531654.9230144
1762531663.9268749 1762531775.1917512
1762531775.1918955 1762531893.345252
1762531893.3453255 1762532079.447837
1762532082.4510653 1762532171.5077624
1762532177.5116136 1762532259.7593389
1762532262.7596726 1762532398.1320634
1762532400.1342063 1762532584.6855278
1762532589.6876607 1762532739.4494777
1762532740.4508684 1762532835.5821445
1762532838.5853202 1762532929.4657888
1762532930.466979 1762533035.6384916
1762533044.647679 1762533134.5235004
1762533142.531699 1762533231.9914565
1762533232.9926581 1762533348.235036
1762533358.2452765 1762533415.1978254
1762533419.2002416 1762533565.735347
1762533565.735488 1762533636.468309
1762533640.471687 1762533728.0980208
1762533733.1032414 1762533775.3146207
1762533784.3236144 1762533875.9756098
1762533877.9777315 1762533979.5606313
1762533980.5617473 1762534127.994238
1762534129.9956121 1762534241.897438
1762534247.9036226 1762534342.6843092
1762534351.691637 1762534406.7819047
1762534415.7876291 1762534496.4905818
1762534501.4957137 1762534572.5242224
1762534579.5277762 1762534661.3833618
1762534662.3836746 1762534764.9588404
1762534764.9589863 1762534913.2544827
1762534919.25963 1762535049.623626
1762535049.6237273 1762535230.913153
1762535233.9156713 1762535386.0107257
1762535387.0116136 1762535480.339506
1762535486.345772 1762535586.2403636
1762535595.2495534 1762535689.7746627
1762535697.7796106 1762535796.557851
1762535798.559636 1762535910.1754665
1762535917.1796367 1762536000.9543517
1762536009.960978 1762536083.7780285
1762536092.7836304 1762536137.5173378
1762536139.519502 1762536256.249406
1762536260.2536721 1762536380.023946
1762536388.0316222 1762536475.81471
1762536475.8148086 1762536541.9120705
1762536546.9156597 1762536630.756657
1762536632.758798 1762536709.8500316
1762536711.851623 1762536778.9175746
1762536784.923838 1762536868.190564
1762536870.1916678 1762536958.2969775
1762536965.3029647 1762537056.0529082
1762537061.0556083 1762537146.3843088
1762537154.3916202 1762537315.5800939
1762537324.5876052 1762537428.8757074
1762537430.8778276 1762537563.339869
1762537567.343617 1762537733.2777855
1762537735.2796054 1762537778.9267082
1762537782.927624 1762537897.0327814
1762537904.0399048 1762538001.54348
1762538007.547625 1762538096.3119135
1762538102.316701 1762538179.313803
1762538188.3196228 1762538284.4181025
1762538291.4241948 1762538385.586949
1762538391.5916035 1762538447.7941446
1762538453.7996101 1762538530.0281262
1762538531.0292733 1762538594.9503598
1762538600.955603 1762538679.671745
1762538686.6756337 1762538747.9610772
1762538753.963686 1762538825.0278647
1762538835.0381055 1762538894.2163527
1762538904.2236273 1762538981.885946
1762538981.8860629 1762539059.322244
1762539062.3237095 1762539139.3192663
1762539141.3196695 1762539210.8227575
