1752113503.152602 1752113541.6261768
1752113541.6262004 1752113578.160363
1752113578.1603892 1752113604.5545354
1752113604.5545666 1752113646.0209682
1752113646.0209937 1752113673.421294
1752113673.4213178 1752113700.8451543
1752113700.8451765 1752113727.8260605
1752113727.8260772 1752113758.6866896
1752113758.6867113 1752113782.4287815
1752113782.4288046 1752113818.714691
1752113818.7147162 1752113846.9822984
1752113846.9823172 1752113876.149877
1752113876.1498969 1752113914.4284198
1752113914.4284444 1752113939.3871992
1752113939.3872175 1752113968.6046672
1752113968.6046903 1752113996.985881
1752113996.9858975 1752114028.4350622
1752114028.4350924 1752114056.0027452
1752114056.0027637 1752114084.3403168
1752114084.3403356 1752114114.710836
1752114114.7108574 1752114137.2374253
1752114137.2374523 1752114168.4629915
1752114168.4630108 1752114201.7537706
1752114201.753787 1752114230.0604029
1752114230.0604331 1752114257.0565186
1752114257.0565488 1752114288.577621
1752114288.5776389 1752114313.4548285
1752114313.4548461 1752114338.0607386
1752114338.0607648 1752114371.3852403
1752114371.3852618 1752114394.2945976
1752114394.2946203 1752114416.691798
1752114416.6918168 1752114453.2906072
1752114453.2906258 1752114470.574768
1752114470.5747972 1752114497.72788
1752114497.7278988 1752114526.7228692
1752114526.7228932 1752114561.8204968
1752114561.820514 1752114590.8644962
1752114590.8645213 1752114629.6489866
1752114629.6490052 1752114661.9743922
1752114661.9744132 1752114692.557063
1752114692.5570846 1752114736.8887298
1752114736.8887563 1752114768.8854253
1752114768.8854413 1752114802.0239146
1752114802.0239398 1752114837.0419958
1752114837.0420158 1752114862.3781095
1752114862.3781269 1752114895.6935642
1752114895.6935816 1752114928.8982043
1752114928.8982265 1752114958.3508267
1752114958.3508446 1752114991.386601
1752114991.3866215 1752115014.5264626
1752115014.5264838 1752115044.7991624
1752115044.7991862 1752115070.3778808
1752115070.3778977 1752115110.493933
1752115110.4939587 1752115147.7204194
1752115147.7204406 1752115180.7259479
1752115180.7259736 1752115208.89516
1752115208.8951778 1752115236.1012187
1752115236.1012385 1752115262.9587204
1752115262.9587426 1752115292.2430463
1752115292.2430787 1752115323.9334817
1752115323.9335182 1752115351.8081274
1752115351.8081536 1752115387.9275324
1752115387.9276273 1752115407.152522
1752115407.1525385 1752115438.5976655
1752115438.5976906 1752115474.741431
1752115474.7414527 1752115507.704358
1752115507.7043893 1752115538.3985524
1752115538.3985777 1752115566.8409646
1752115566.8409867 1752115598.6692264
1752115598.6692483 1752115624.8380637
1752115624.8380816 1752115650.0172615
1752115650.0172842 1752115688.725549
1752115688.725571 1752115711.532829
1752115711.5328445 1752115740.8113365
1752115740.8113523 1752115772.6152809
1752115772.6153057 1752115798.2733357
1752115798.273352 1752115830.3250542
1752115830.325077 1752115864.506851
1752115864.5068777 1752115890.8214614
1752115890.8214862 1752115916.8641858
1752115916.864204 1752115950.9104793
1752115950.9104965 1752115981.1706219
1752115981.1706438 1752116019.7957687
1752116019.7957928 1752116036.2165656
1752116036.2165816 1752116062.3541799
1752116062.3541956 1752116097.7070365
1752116097.7070587 1752116121.110105
1752116121.1101215 1752116151.9053378
1752116151.9053602 1752116178.9982722
1752116178.9982958 1752116204.837242
1752116204.8372595 1752116238.0803912
1752116238.080432 1752116259.8682065
1752116259.8682253 1752116297.3382006
1752116297.3382254 1752116334.2474291
1752116334.2474458 1752116355.6502755
1752116355.650294 1752116381.042101
1752116381.0421264 1752116411.9437556
1752116411.9437733 1752116443.9401224
1752116443.9401479 1752116465.5829613
1752116465.5829844 1752116505.4754906
1752116505.4755197 1752116538.7989447
1752116538.7989652 1752116563.8593142
1752116563.859334 1752116588.9576614
1752116588.9576845 1752116617.516052
1752116617.5160825 1752116646.4955597
1752116646.4956098 1752116688.3496718
1752116688.3496962 1752116711.2077994
1752116711.2078173 1752116753.645835
1752116753.6458604 1752116788.7630155
1752116788.7630606 1752116815.157139
1752116815.157157 1752116860.6516807
1752116860.6517017 1752116892.1271505
1752116892.1271737 1752116931.867568
1752116931.8676054 1752116962.1032991
1752116962.1033173 1752116993.0392206
1752116993.0392406 1752117022.9538572
1752117022.9538794 1752117062.4367223
1752117062.4367437 1752117092.907729
1752117092.907758 1752117124.8232741
1752117124.823303 1752117160.8373063
1752117160.8373306 1752117191.9531374
1752117191.9531856 1752117227.359921
1752117227.359943 1752117261.026376
1752117261.0264 1752117285.1817963
1752117285.1818151 1752117315.7755747
1752117315.7755961 1752117359.8938735
1752117359.8938997 1752117390.2918537
1752117390.2918904 1752117428.5301807
1752117428.5301988 1752117450.1970248
1752117450.1970465 1752117473.1482942
1752117473.1483119 1752117508.6214974
1752117508.6215258 1752117548.6700034
1752117548.670026 1752117571.000509
1752117571.0005345 1752117605.9860477
1752117605.9860692 1752117624.9218385
1752117624.9218578 1752117652.370732
1752117652.3707657 1752117686.4329875
1752117686.4330077 1752117703.6846342
1752117703.6846557 1752117730.7033403
1752117730.7033617 1752117759.3775415
1752117759.3775635 1752117792.1007557
1752117792.1007817 1752117812.6205199
1752117812.620536 1752117841.7494035
1752117841.7494287 1752117873.855181
1752117873.8552032 1752117905.2938652
1752117905.2938862 1752117927.955727
1752117927.9557502 1752117956.2676246
1752117956.2676501 1752117977.1078188
1752117977.107841 1752118002.9277332
1752118002.927755 1752118037.4630463
1752118037.4630654 1752118056.0785327
1752118056.078554 1752118077.861467
1752118077.8614852 1752118103.216328
1752118103.2163548 1752118139.6700222
1752118139.6700406 1752118164.776578
1752118164.776604 1752118192.3497202
1752118192.3497381 1752118212.5671508
1752118212.567173 1752118239.396424
1752118239.3964403 1752118267.8393261
1752118267.839351 1752118297.4476438
1752118297.447668 1752118324.229853
1752118324.2298741 1752118357.4474933
1752118357.4475167 1752118383.3449664
1752118383.3449833 1752118412.2962227
1752118412.2962525 1752118440.0373735
1752118440.037391 1752118463.813449
1752118463.8134646 1752118509.066485
1752118509.06651 1752118530.403826
1752118530.4038522 1752118563.369947
1752118563.3699684 1752118590.8878922
1752118590.887916 1752118619.8948197
1752118619.894838 1752118656.6463182
1752118656.646341 1752118689.1855345
1752118689.185558 1752118720.2493565
1752118720.2493765 1752118753.9932637
1752118753.9932876 1752118776.8142686
1752118776.8142912 1752118817.5168335
1752118817.5168576 1752118849.9444318
1752118849.9444513 1752118886.1441214
1752118886.1441445 1752118917.317379
1752118917.317396 1752118946.7967231
1752118946.7967455 1752118980.105688
1752118980.1057084 1752119006.0461385
1752119006.0461607 1752119038.902124
1752119038.9021447 1752119072.6778345
1752119072.6778603 1752119099.4241433
1752119099.4241657 1752119135.1644316
1752119135.164459 1752119162.3459277
1752119162.3459458 1752119195.5380726
1752119195.538096 1752119218.225436
1752119218.2254534 1752119240.2159352
1752119240.2159524 1752119283.1770015
1752119283.1770258 1752119309.070784
1752119309.0708034 1752119338.7598357
1752119338.7598617 1752119364.3107817
1752119364.3108027 1752119413.3200457
1752119413.320065 1752119437.2278676
1752119437.227894 1752119474.8870535
1752119474.8870733 1752119507.9890118
1752119507.9890323 1752119535.7551675
1752119535.7551908 1752119572.9119444
1752119572.9119701 1752119598.3672473
1752119598.3672702 1752119631.811539
1752119631.8115604 1752119658.7980602
1752119658.7980862 1752119693.7871728
1752119693.7871914 1752119721.5470922
1752119721.547112 1752119754.3020794
1752119754.3021073 1752119785.0643282
1752119785.0643482 1752119818.5388684
1752119818.5388927 1752119845.7604134
1752119845.760434 1752119873.1611388
1752119873.1611578 1752119909.9956055
1752119909.9956322 1752119939.872389
1752119939.8724124 1752119966.4345186
1752119966.4345415 1752119990.4410741
1752119990.4410925 1752120020.307862
1752120020.3078892 1752120061.8855762
1752120061.8856027 1752120093.5404482
1752120093.5404696 1752120116.6022155
1752120116.602238 1752120144.7932951
1752120144.7933233 1752120171.9192295
1752120171.9192493 1752120204.1389177
1752120204.1389387 1752120225.6086109
1752120225.6086373 1752120251.6031635
1752120251.6031935 1752120271.1932476
1752120271.1932695 1752120296.9578266
1752120296.9578435 1752120328.6834054
1752120328.6834276 1752120364.2877493
1752120364.2877717 1752120390.5452724
1752120390.5452912 1752120419.8288882
1752120419.8289175 1752120449.8220458
1752120449.8220682 1752120480.0052156
1752120480.0052412 1752120502.1832767
1752120502.183295 1752120532.7487977
1752120532.748816 1752120554.068834
1752120554.0688586 1752120579.7188058
1752120579.7188237 1752120616.5172768
1752120616.5173004 1752120630.930213
1752120630.9302294 1752120667.7511888
1752120667.751225 1752120696.2726755
1752120696.2726922 1752120723.2099557
1752120723.209977 1752120750.8994236
1752120750.8994446 1752120777.0286047
1752120777.0286245 1752120795.6629684
1752120795.6629846 1752120836.6703045
1752120836.6703348 1752120862.9436767
1752120862.943694 1752120889.438756
1752120889.438778 1752120916.5567608
1752120916.5567908 1752120941.7572684
1752120941.7572963 1752120971.3278701
1752120971.3278918 1752120992.3347027
1752120992.334725 1752121026.5921395
1752121026.5921736 1752121055.9937065
1752121055.9937313 1752121085.8193831
1752121085.819404 1752121113.248716
1752121113.2487495 1752121138.7980556
1752121138.798079 1752121175.6603286
1752121175.660351 1752121197.6829948
1752121197.6830168 1752121221.5099494
1752121221.509976 1752121238.2569737
1752121238.2569914 1752121265.8524468
1752121265.8524692 1752121291.9603834
1752121291.9604025 1752121326.0945706
1752121326.0945919 1752121349.3563836
1752121349.3564277 1752121375.4891925
1752121375.4892123 1752121400.4494221
1752121400.449449 1752121427.973909
1752121427.9739313 1752121449.1662972
1752121449.1663158 1752121477.727937
1752121477.7279553 1752121512.7507608
1752121512.750783 1752121529.7806525
1752121529.780672 1752121570.0701106
1752121570.0701416 1752121596.9189308
1752121596.9189625 1752121619.7404773
1752121619.7404943 1752121649.3021376
1752121649.3021567 1752121682.5923638
1752121682.5923958 1752121706.1426728
1752121706.1426969 1752121743.4686255
1752121743.4686453 1752121783.768866
1752121783.7688944 1752121813.6092286
1752121813.6092477 1752121838.4894395
1752121838.4894648 1752121871.7757914
1752121871.7758143 1752121899.2136729
1752121899.2136967 1752121927.5166225
1752121927.5166423 1752121968.9504638
1752121968.9504871 1752121994.32635
1752121994.3263733 1752122027.0678496
1752122027.0678751 1752122055.5561416
1752122055.5561657 1752122094.9395778
1752122094.9396176 1752122121.4095893
1752122121.4096131 1752122150.004397
1752122150.0044196 1752122189.198938
1752122189.198957 1752122215.3725085
1752122215.3725297 1752122251.0317185
1752122251.0317383 1752122288.5212777
1752122288.5212986 1752122328.50117
1752122328.5011892 1752122352.4778051
1752122352.4778345 1752122387.4608314
1752122387.460855 1752122415.7803793
1752122415.7804348 1752122457.2738955
1752122457.273915 1752122485.1598384
1752122485.1598582 1752122512.8782332
1752122512.8782566 1752122544.1221063
1752122544.1221309 1752122579.848502
1752122579.8485212 1752122615.2094874
1752122615.2095125 1752122641.9549623
1752122641.9549835 1752122665.7289076
1752122665.728928 1752122694.3033261
1752122694.3033543 1752122728.842412
1752122728.8424335 1752122752.5697162
1752122752.5697331 1752122787.3843124
1752122787.3843305 1752122811.790893
1752122811.7909164 1752122835.541588
1752122835.541613 1752122865.8147273
1752122865.8147469 1752122895.2594001
1752122895.2594225 1752122918.2532208
1752122918.2532415 1752122955.5099502
1752122955.5099704 1752122979.503634
1752122979.5036569 1752123005.2738729
1752123005.2738986 1752123035.5376964
1752123035.537715 1752123066.6082873
1752123066.6083105 1752123086.663548
1752123086.6635761 1752123119.4459593
1752123119.4459856 1752123151.8743184
1752123151.874336 1752123190.843521
1752123190.843541 1752123212.7009223
1752123212.7009475 1752123242.4654863
1752123242.4655178 1752123272.4724417
1752123272.47246 1752123300.5997021
1752123300.599728 1752123318.6820557
1752123318.6820724 1752123366.4815323
1752123366.4815798 1752123396.152507
1752123396.1525261 1752123439.234443
1752123439.2344666 1752123474.0451455
1752123474.0451648 1752123499.8673246
1752123499.8673453 1752123545.1811802
1752123545.1811986 1752123568.161452
1752123568.1614764 1752123604.2854862
1752123604.2855115 1752123641.8994327
1752123641.8994548 1752123673.559127
1752123673.5591474 1752123711.8036575
1752123711.803677 1752123747.7293172
1752123747.7293591 1752123784.7225175
1752123784.7225356 1752123820.6775475
1752123820.6775737 1752123855.9729514
1752123855.9729714 1752123889.0732212
1752123889.0732493 1752123924.8950706
1752123924.8950975 1752123955.3768978
1752123955.3769212 1752123984.2349827
1752123984.235001 1752124011.871438
1752124011.871462 1752124045.2726128
1752124045.272633 1752124070.9223611
1752124070.9223793 1752124098.5330036
1752124098.5330307 1752124126.7574956
1752124126.7575161 1752124159.7913437
1752124159.7913666 1752124178.6322238
1752124178.6322422 1752124211.5058372
1752124211.5058544 1752124241.740712
1752124241.7407367 1752124262.8328576
1752124262.8328807 1752124281.7026665
1752124281.7026887 1752124312.5175433
1752124312.5175695 1752124345.3301287
1752124345.3301537 1752124375.10697
1752124375.1069877 1752124396.7601895
1752124396.760218 1752124429.8535104
1752124429.8535347 1752124450.3609114
1752124450.3609345 1752124478.6492772
1752124478.6492982 1752124508.5997689
1752124508.5997972 1752124535.818901
1752124535.8189533 1752124567.043251
1752124567.0432673 1752124583.1265485
1752124583.1265738 1752124611.6383119
1752124611.6383376 1752124640.7802508
1752124640.7802758 1752124672.2571828
1752124672.257218 1752124698.6689758
1752124698.6689959 1752124725.164788
1752124725.1648195 1752124753.384226
1752124753.3842473 1752124784.6382
1752124784.6382167 1752124812.9955077
1752124812.9955347 1752124848.385775
1752124848.3858 1752124876.3222733
1752124876.3222947 1752124905.5361862
1752124905.5362139 1752124928.1588416
1752124928.158863 1752124960.3275607
1752124960.3276095 1752124989.2062285
1752124989.2062533 1752125015.1954904
1752125015.195511 1752125046.642163
1752125046.642196 1752125074.6696222
1752125074.669645 1752125101.423527
1752125101.423554 1752125133.1274273
1752125133.1274455 1752125162.1754255
1752125162.175452 1752125190.946519
1752125190.9465437 1752125229.6470308
1752125229.6470563 1752125254.855697
1752125254.855718 1752125289.3984172
1752125289.398443 1752125322.725744
1752125322.725771 1752125357.2068522
1752125357.2068732 1752125387.8391697
1752125387.839192 1752125425.2123144
1752125425.212353 1752125459.6642091
1752125459.6642454 1752125486.3629394
1752125486.362959 1752125515.6792848
1752125515.6793141 1752125550.7918336
1752125550.79188 1752125590.4313877
1752125590.431408 1752125610.713911
1752125610.713937 1752125644.2374332
1752125644.2374542 1752125680.3849218
1752125680.3849564 1752125709.3902335
1752125709.390252 1752125735.857765
1752125735.8577895 1752125768.836705
1752125768.8367276 1752125792.9294744
1752125792.9294953 1752125822.4675035
1752125822.4675333 1752125850.7731493
1752125850.773168 1752125874.975832
1752125874.9758558 1752125895.4579291
1752125895.457955 1752125929.3282495
1752125929.3282688 1752125953.1337404
1752125953.1337762 1752125981.6763415
1752125981.6763694 1752126016.2254276
1752126016.2254465 1752126039.3882751
1752126039.388299 1752126076.9132943
1752126076.9133108 1752126109.3889527
1752126109.3889759 1752126136.9677749
1752126136.9677951 1752126170.6502442
1752126170.6502695 1752126203.0373147
1752126203.0373392 1752126231.626661
1752126231.6266804 1752126267.29817
1752126267.2981954 1752126292.0994434
1752126292.0994673 1752126319.7422469
1752126319.7422693 1752126369.7658374
1752126369.7658534 1752126390.6060162
1752126390.6060398 1752126419.8000026
1752126419.800036 1752126452.0239997
1752126452.0240247 1752126487.7080274
1752126487.708047 1752126521.175686
1752126521.1757102 1752126555.4099765
1752126555.4099984 1752126582.4421866
1752126582.4422078 1752126620.2571678
1752126620.2571907 1752126657.290985
1752126657.2910054 1752126680.7078125
1752126680.7078354 1752126721.5828364
1752126721.5828562 1752126749.1667295
1752126749.1667562 1752126774.2310543
1752126774.2310736 1752126804.9461336
1752126804.9461522 1752126836.1042194
1752126836.1042428 1752126861.7583215
1752126861.7583466 1752126883.408011
1752126883.4080281 1752126914.0956876
1752126914.0957108 1752126942.0667622
1752126942.0667806 1752126975.5267417
1752126975.5267615 1752127001.7084768
1752127001.7085023 1752127040.3243065
1752127040.324324 1752127066.4147758
1752127066.4147978 1752127097.0960557
1752127097.096076 1752127119.066514
1752127119.066534 1752127149.8291361
1752127149.8291578 1752127184.8943176
1752127184.8943427 1752127217.5512507
1752127217.5512705 1752127245.7507174
1752127245.7507405 1752127273.7098975
1752127273.709917 1752127312.704621
1752127312.70464 1752127333.5243104
1752127333.5243328 1752127376.129478
1752127376.129496 1752127395.8693085
1752127395.8693323 1752127433.141926
1752127433.141948 1752127467.6837626
1752127467.6837807 1752127501.2775977
1752127501.2776139 1752127530.59148
1752127530.591507 1752127566.6890192
1752127566.689041 1752127592.85859
1752127592.8586273 1752127627.4333894
1752127627.4334137 1752127651.0733523
1752127651.0733788 1752127685.5567963
1752127685.5568182 1752127717.2867064
1752127717.2867289 1752127738.3106034
1752127738.3106263 1752127767.0242083
1752127767.0242293 1752127803.5393248
1752127803.5393531 1752127832.714929
1752127832.7149522 1752127864.1718974
1752127864.1719215 1752127890.262256
1752127890.2622793 1752127933.7493725
1752127933.749391 1752127964.349048
1752127964.349071 1752127983.1507065
1752127983.1507306 1752128015.4260387
1752128015.4260595 1752128052.3464098
1752128052.3464348 1752128081.8946178
1752128081.8946404 1752128110.8205712
1752128110.8205974 1752128144.6134713
1752128144.6134963 1752128170.08623
1752128170.0862536 1752128203.703071
1752128203.7030923 1752128232.852232
1752128232.8522635 1752128263.1308312
1752128263.1308496 1752128295.0634334
1752128295.0634556 1752128329.7550023
1752128329.7550378 1752128360.0180829
1752128360.0181015 1752128400.024961
1752128400.0249863 1752128426.8679523
1752128426.8679714 1752128464.2361913
1752128464.236216 1752128493.3812425
1752128493.3812604 1752128528.8424335
1752128528.8424559 1752128569.7108202
1752128569.7108448 1752128601.4191267
1752128601.4191432 1752128631.800334
1752128631.8003664 1752128671.285451
1752128671.2854745 1752128704.8501632
1752128704.8501878 1752128735.846193
1752128735.8462133 1752128771.0996897
1752128771.0997148 1752128786.4005637
1752128786.4005797 1752128819.298567
1752128819.2985935 1752128850.3439379
1752128850.3439808 1752128878.569894
1752128878.5699203 1752128904.508977
1752128904.5089993 1752128940.138867
1752128940.138899 1752128965.947899
1752128965.9479215 1752129002.2401116
1752129002.2401361 1752129021.738587
1752129021.738608 1752129053.6692626
1752129053.6692882 1752129078.0562804
1752129078.0563009 1752129107.3860934
1752129107.3861191 1752129139.5786812
1752129139.578699 1752129169.2243226
1752129169.224346 1752129197.7830086
1752129197.7830255 1752129227.344471
1752129227.3444934 1752129255.2239122
1752129255.2239332 1752129284.3281865
1752129284.3282096 1752129309.6225698
1752129309.6225896 1752129333.0464659
1752129333.0464845 1752129361.009598
1752129361.0096219 1752129393.5478737
1752129393.5479019 1752129426.5245512
1752129426.5245779 1752129444.2978675
1752129444.2978842 1752129480.699947
1752129480.6999857 1752129505.3801773
1752129505.3801951 1752129535.6616619
1752129535.66168 1752129570.6677535
1752129570.6677802 1752129598.3606718
1752129598.3606915 1752129626.0289984
1752129626.0290217 1752129652.6843157
1752129652.684338 1752129685.5119026
1752129685.5119245 1752129718.355496
1752129718.3555121 1752129741.6046438
1752129741.604671 1752129773.1486428
1752129773.1486623 1752129806.2147832
1752129806.2148063 1752129829.8156705
1752129829.8156917 1752129861.1477144
1752129861.1477323 1752129898.1465852
1752129898.1466231 1752129930.600936
1752129930.6009545 1752129957.9199886
1752129957.9200137 1752129992.838434
1752129992.838466 1752130031.4166124
1752130031.416642 1752130060.647675
1752130060.6476965 1752130086.5333812
1752130086.533403 1752130127.4404273
1752130127.4404671 1752130158.6830795
1752130158.683103 1752130188.9215283
1752130188.9215624 1752130226.9455738
1752130226.9455943 1752130248.3516936
1752130248.3517148 1752130282.888932
1752130282.888954 1752130306.5061324
1752130306.5061557 1752130348.1743596
1752130348.1743793 1752130374.1552522
1752130374.155285 1752130402.2214885
1752130402.2215106 1752130439.3790958
1752130439.3791218 1752130469.0114388
1752130469.0114572 1752130493.2282848
1752130493.2283053 1752130528.3649347
1752130528.364962 1752130557.300998
1752130557.301017 1752130582.0385866
1752130582.038612 1752130612.1290596
1752130612.1290762 1752130641.204381
1752130641.2044096 1752130675.958803
1752130675.9588277 1752130706.2023904
1752130706.2024126 1752130742.1020849
1752130742.102104 1752130767.2186716
1752130767.2186913 1752130802.4132185
1752130802.4132433 1752130830.102733
1752130830.1027677 1752130861.6525588
1752130861.6525846 1752130895.5624938
1752130895.5625155 1752130927.143812
1752130927.1438332 1752130944.7700624
1752130944.7700818 1752130971.0018876
1752130971.0019078 1752130999.8816118
1752130999.8816326 1752131028.4075382
1752131028.407576 1752131064.6615057
1752131064.661524 1752131092.1137152
1752131092.1137414 1752131116.2551706
1752131116.2551877 1752131139.425951
1752131139.4259708 1752131164.217716
1752131164.217734 1752131201.6050973
1752131201.6051183 1752131219.9459455
1752131219.9459615 1752131252.3122408
1752131252.3122635 1752131269.973009
1752131269.973026 1752131300.2459655
1752131300.2459843 1752131328.5741374
1752131328.5741613 1752131361.8987365
1752131361.8987556 1752131386.8518894
1752131386.851922 1752131417.399574
1752131417.399595 1752131458.599956
1752131458.5999737 1752131478.887052
1752131478.8870742 1752131510.1651773
1752131510.1651967 1752131528.527618
1752131528.5276423 1752131563.9783974
1752131563.9784167 1752131600.4499085
1752131600.4499307 1752131625.5355585
1752131625.5356042 1752131649.6831567
1752131649.6831825 1752131681.9084547
1752131681.908475 1752131711.9531376
1752131711.9531608 1752131731.102909
1752131731.1029263 1752131772.383243
1752131772.383268 1752131795.7335706
1752131795.7335892 1752131829.848123
1752131829.8481443 1752131848.5153239
1752131848.5153458 1752131876.429921
1752131876.4299445 1752131901.3366058
1752131901.336629 1752131923.304514
1752131923.304531 1752131957.594429
1752131957.5944505 1752131979.9700007
1752131979.9700186 1752132012.2255368
1752132012.225562 1752132037.1984878
1752132037.1985128 1752132069.9031546
1752132069.9031732 1752132099.67758
1752132099.6776035 1752132124.0782015
1752132124.0782225 1752132156.6921666
1752132156.692199 1752132181.587752
1752132181.5877745 1752132210.0312376
1752132210.0312684 1752132243.5689094
1752132243.5689275 1752132264.0497725
1752132264.0497937 1752132299.4348772
1752132299.434899 1752132316.0845516
1752132316.084571 1752132355.326327
1752132355.326348 1752132384.7319608
1752132384.7319837 1752132406.7973394
1752132406.797365 1752132445.2825284
1752132445.2825515 1752132473.2485685
1752132473.2485914 1752132501.1789627
1752132501.1789868 1752132539.049323
1752132539.0493407 1752132579.9544957
1752132579.9545178 1752132607.2626936
1752132607.2627144 1752132631.3995192
1752132631.399537 1752132666.5107431
1752132666.510765 1752132688.2654185
1752132688.2654383 1752132722.6822581
1752132722.6822782 1752132747.3092322
1752132747.309248 1752132782.7075129
1752132782.7075367 1752132809.20493
1752132809.204958 1752132833.9794543
1752132833.9794738 1752132863.5184991
1752132863.5185204 1752132889.3759022
1752132889.375924 1752132919.5081367
1752132919.5081606 1752132934.6702912
1752132934.6703084 1752132970.4853847
1752132970.4854095 1752132993.4974685
1752132993.497503 1752133017.4933834
1752133017.4934072 1752133045.159495
1752133045.1595154 1752133068.6920028
1752133068.6920366 1752133101.0809646
1752133101.0809808 1752133120.6912968
1752133120.6913188 1752133150.6096292
1752133150.6096482 1752133179.1501544
1752133179.1501758 1752133210.1367154
1752133210.136737 1752133235.7147167
1752133235.7147412 1752133259.1456964
1752133259.1457126 1752133300.0979178
1752133300.0979378 1752133325.2266123
1752133325.226634 1752133355.0274246
1752133355.0274506 1752133386.6510828
1752133386.6510992 1752133409.509646
1752133409.5096717 1752133447.4007952
1752133447.400816 1752133468.1685991
1752133468.1686254 1752133504.181466
1752133504.181488 1752133525.2420769
1752133525.2421052 1752133550.0901845
1752133550.090204 1752133588.8782244
1752133588.8782516 1752133620.8306248
1752133620.8306417 1752133653.6459801
1752133653.6460063 1752133685.383087
1752133685.3831024 1752133705.4363706
1752133705.4364 1752133730.8185153
1752133730.8185346 1752133754.4622834
1752133754.4622989 1752133784.5477347
1752133784.547762 1752133808.1415153
1752133808.1415336 1752133837.7902508
1752133837.7902677 1752133871.8224063
1752133871.822431 1752133896.8313935
1752133896.8314111 1752133933.722032
1752133933.7220647 1752133974.1894345
1752133974.1894534 1752134004.6158953
1752134004.6159246 1752134031.203412
1752134031.2034328 1752134069.0683641
1752134069.0683906 1752134090.8214881
1752134090.8215072 1752134126.9018965
1752134126.9019217 1752134154.858052
1752134154.8580718 1752134197.4555798
1752134197.4555993 1752134241.0196872
1752134241.0197127 1752134270.825606
1752134270.8256328 1752134294.8799534
1752134294.879971 1752134335.391292
1752134335.391321 1752134362.9794059
1752134362.9794235 1752134403.690944
1752134403.6909616 1752134430.2908072
1752134430.2908309 1752134458.5093803
1752134458.5093985 1752134493.1853
1752134493.1853251 1752134522.011327
1752134522.0113485 1752134551.9182565
1752134551.9182837 1752134570.3805459
1752134570.3805702 1752134607.3481185
1752134607.3481429 1752134629.142214
1752134629.142237 1752134654.1987906
1752134654.198809 1752134681.4019156
1752134681.4019442 1752134719.7019963
1752134719.702013 1752134733.1107948
1752134733.110819 1752134770.9283955
1752134770.9284174 1752134800.0695322
1752134800.069557 1752134829.9060378
1752134829.9060578 1752134858.7563517
1752134858.7563758 1752134884.0038486
1752134884.0038714 1752134912.2337117
1752134912.233731 1752134930.1876538
1752134930.1876752 1752134960.0863245
1752134960.0863442 1752134997.7694776
1752134997.7695043 1752135025.3738914
1752135025.3739133 1752135055.2440703
1752135055.24409 1752135087.5631328
1752135087.5631576 1752135117.7144582
1752135117.7144763 1752135145.8333592
1752135145.8333817 1752135176.4984546
1752135176.4984796 1752135206.02286
1752135206.0228786 1752135241.5217621
1752135241.5217881 1752135276.4820006
1752135276.4820168 1752135297.6769233
1752135297.676953 1752135328.2446792
1752135328.2446995 1752135362.8797097
1752135362.8797345 1752135389.8031309
1752135389.8031468 1752135420.8522491
1752135420.8522756 1752135454.8290558
1752135454.8290734 1752135475.998787
1752135475.9988203 1752135501.6375692
1752135501.6375923 1752135537.526169
1752135537.5261946 1752135554.5096657
1752135554.5096831 1752135598.7363358
1752135598.736361 1752135632.5041616
1752135632.5041828 1752135670.211091
1752135670.2111092 1752135701.0771046
1752135701.0771272 1752135726.6730933
1752135726.673113 1752135759.0270157
1752135759.0270572 1752135791.8159578
1752135791.815986 1752135825.0870411
1752135825.0870714 1752135851.1155024
1752135851.115523 1752135893.4969285
1752135893.4969518 1752135921.1823509
1752135921.1823695 1752135954.017065
1752135954.017088 1752135992.526505
1752135992.5265238 1752136009.3611596
1752136009.361183 1752136054.796084
1752136054.7961032 1752136082.017502
1752136082.0175288 1752136124.2069385
1752136124.206959 1752136157.6586947
1752136157.6587195 1752136179.6163101
1752136179.6163378 1752136207.369821
1752136207.3698418 1752136233.691088
1752136233.6911094 1752136269.1353605
1752136269.1353834 1752136290.813862
1752136290.8138921 1752136317.602494
1752136317.602513 1752136342.8230584
1752136342.823098 1752136363.4755745
1752136363.475595 1752136386.7650301
1752136386.765049 1752136421.73896
1752136421.738983 1752136441.000433
1752136441.0004492 1752136473.0511274
1752136473.051152 1752136499.0065153
1752136499.006536 1752136523.890644
1752136523.8906744 1752136554.0249362
1752136554.0249655 1752136581.8118083
1752136581.8118403 1752136612.3131044
1752136612.3131206 1752136640.3097367
1752136640.3097644 1752136670.804127
1752136670.8041518 1752136700.7211468
1752136700.7211654 1752136727.6280453
1752136727.6280713 1752136761.5693645
1752136761.5693898 1752136788.0037072
1752136788.0037277 1752136826.0188699
1752136826.0188937 1752136862.2488542
1752136862.2488768 1752136894.607878
1752136894.6079023 1752136923.7021935
1752136923.7022135 1752136962.4962144
1752136962.4962363 1752136989.6004753
1752136989.6005008 1752137020.0409298
1752137020.0409577 1752137055.6901019
1752137055.6901238 1752137090.7373512
1752137090.7373729 1752137116.7200532
1752137116.7200701 1752137132.8591158
1752137132.8591366 1752137168.0940592
1752137168.09408 1752137206.4623103
1752137206.4623337 1752137233.387155
1752137233.3871784 1752137265.6523802
1752137265.65241 1752137296.0707736
1752137296.070796 1752137324.5355537
1752137324.5355883 1752137344.5681202
1752137344.568137 1752137388.0357544
1752137388.0357838 1752137411.9031541
1752137411.9031749 1752137447.1228755
1752137447.1229 1752137476.5119524
1752137476.5119693 1752137505.5171783
1752137505.5172029 1752137538.0176344
1752137538.017654 1752137568.2607608
1752137568.2607856 1752137600.9348059
1752137600.934831 1752137634.1872206
1752137634.1872504 1752137653.634205
1752137653.6342227 1752137680.8922222
1752137680.8922436 1752137705.5772038
1752137705.577228 1752137736.2492285
1752137736.249254 1752137762.0900247
1752137762.0900447 1752137797.0965154
1752137797.096538 1752137825.6978984
1752137825.6979256 1752137854.9690309
1752137854.9690497 1752137880.082196
1752137880.0822172 1752137918.6705713
1752137918.6705942 1752137955.7372916
1752137955.737313 1752137981.3704238
1752137981.3704486 1752138016.6001415
1752138016.6001618 1752138054.1682925
1752138054.1683152 1752138075.0297582
1752138075.0297756 1752138110.5976658
1752138110.5977027 1752138137.5633907
1752138137.5634196 1752138173.7850497
1752138173.7850714 1752138205.8055093
1752138205.805527 1752138229.5325298
1752138229.5325525 1752138266.3107033
1752138266.3107285 1752138298.7312753
1752138298.7312996 1752138323.1940432
1752138323.194063 1752138353.8554611
1752138353.8554828 1752138380.021079
1752138380.021113 1752138413.591468
1752138413.5914867 1752138442.0111582
1752138442.0111854 1752138474.1630452
1752138474.1630633 1752138500.5113435
1752138500.5113666 1752138527.274611
1752138527.2746286 1752138546.4239752
1752138546.4239988 1752138575.2259164
1752138575.2259347 1752138620.046428
1752138620.0464525 1752138645.5500052
1752138645.550022 1752138684.4825556
1752138684.482583 1752138716.6083367
1752138716.6083624 1752138751.8693638
1752138751.869381 1752138782.6538377
1752138782.6538622 1752138816.0555239
1752138816.055548 1752138845.6465545
1752138845.6465719 1752138877.265559
1752138877.2655861 1752138904.352621
1752138904.3526425 1752138936.2052162
1752138936.2052596 1752138969.3989594
1752138969.3989773 1752139003.3403318
1752139003.3403587 1752139041.4703736
1752139041.470392 1752139070.4992065
1752139070.499236 1752139105.6748884
1752139105.6749074 1752139124.6556923
1752139124.6557162 1752139149.3558998
1752139149.3559175 1752139174.230551
1752139174.2305727 1752139203.1948185
1752139203.1948414 1752139234.055904
1752139234.0559263 1752139255.7925181
1752139255.792539 1752139291.1463342
1752139291.1463618 1752139316.8279736
1752139316.827991 1752139344.9969957
1752139344.997014 1752139368.747138
1752139368.7471654 1752139395.661741
1752139395.6617603 1752139419.9917364
1752139419.9917617 1752139446.3663244
1752139446.366348 1752139476.84202
1752139476.842041 1752139500.865757
1752139500.8657827 1752139524.522522
1752139524.5225403 1752139552.7559514
1752139552.755977 1752139584.7320297
1752139584.7320602 1752139605.2625072
1752139605.262538 1752139625.2522702
1752139625.2522955 1752139654.5714002
1752139654.5714176 1752139681.1396656
1752139681.1396914 1752139701.9974358
1752139701.9974532 1752139724.8026397
1752139724.8026633 1752139749.572532
1752139749.57255 1752139779.3360882
1752139779.336119 1752139807.9712746
1752139807.9712906 1752139830.004738
1752139830.0047636 1752139850.8441136
1752139850.844138 1752139883.6805043
1752139883.6805332 1752139903.0220988
1752139903.0221162 1752139930.8003147
1752139930.8003402 1752139959.9906154
1752139959.9906383 1752139984.4234684
1752139984.4234939 1752140015.018676
1752140015.018695 1752140050.9959896
1752140050.9960144 1752140078.7437713
1752140078.7437887 1752140113.1444645
1752140113.144488 1752140140.9510896
1752140140.9511065 1752140160.2584536
1752140160.2584743 1752140194.3498495
1752140194.34987 1752140224.3486989
1752140224.3487263 1752140249.6807446
1752140249.6807673 1752140276.224223
1752140276.2242465 1752140306.681623
1752140306.6816475 1752140334.250437
1752140334.250453 1752140351.7851815
1752140351.7852023 1752140382.8224545
1752140382.822475 1752140418.2534719
1752140418.2534897 1752140456.5376382
1752140456.5376647 1752140483.5778186
1752140483.5778372 1752140516.8538165
1752140516.8538396 1752140540.148675
1752140540.1486928 1752140571.8726528
1752140571.8726768 1752140597.6058016
1752140597.6058176 1752140622.9095337
1752140622.9095507 1752140652.0503433
1752140652.0503666 1752140677.8197243
1752140677.8197477 1752140703.5648692
1752140703.5648885 1752140741.2557223
1752140741.2557416 1752140765.46084
1752140765.4608638 1752140800.8966439
1752140800.8966682 1752140827.4241917
1752140827.4242184 1752140864.6683412
1752140864.6683598 1752140903.2729023
1752140903.2729244 1752140935.244421
1752140935.2444396 1752140965.413737
1752140965.4137619 1752141001.3217819
1752141001.3218017 1752141028.2331114
1752141028.2331357 1752141072.2547657
1752141072.2547865 1752141101.941637
1752141101.941663 1752141126.9109318
1752141126.9109495 1752141167.8276048
1752141167.8276317 1752141202.6318355
1752141202.6318552 1752141231.096326
1752141231.09635 1752141259.4295256
1752141259.4295464 1752141288.846425
1752141288.8464487 1752141324.3034356
1752141324.3034565 1752141348.9636374
1752141348.9636552 1752141365.093912
1752141365.0939338 1752141403.4300976
1752141403.4301646 1752141429.6566105
1752141429.6566367 1752141467.8111975
1752141467.8112214 1752141491.5025656
1752141491.5025837 1752141521.2641706
1752141521.264207 1752141547.8918846
1752141547.8919044 1752141571.3863437
1752141571.3863654 1752141609.101432
1752141609.1014533 1752141637.8578858
1752141637.8579075 1752141662.4850283
1752141662.4850504 1752141694.522715
1752141694.5227385 1752141722.1146636
1752141722.1147072 1752141754.2172067
1752141754.2172272 1752141772.566986
1752141772.5670073 1752141796.380988
1752141796.3810108 1752141825.7334888
1752141825.733509 1752141851.5142183
1752141851.5142365 1752141883.442825
1752141883.442849 1752141900.941097
1752141900.9411237 1752141932.510179
1752141932.5102003 1752141959.6603532
1752141959.6603785 1752141981.6687317
1752141981.6687758 1752142010.6823514
1752142010.6823695 1752142040.4364002
1752142040.4364305 1752142062.9029398
1752142062.9029596 1752142099.4349222
1752142099.4349504 1752142127.918609
1752142127.9186304 1752142159.1382403
1752142159.1382613 1752142180.6564007
1752142180.6564248 1752142210.4027083
1752142210.4027286 1752142248.6861587
1752142248.68618 1752142275.798865
1752142275.7988942 1752142305.8952587
1752142305.895283 1752142337.7921736
1752142337.7921958 1752142366.0959125
1752142366.0959399 1752142392.15615
1752142392.1561766 1752142425.6840286
1752142425.6840532 1752142450.0567536
1752142450.056779 1752142481.9125743
1752142481.9126003 1752142502.5855172
1752142502.5855346 1752142544.1681595
1752142544.1681836 1752142562.3174055
1752142562.317426 1752142605.829838
1752142605.8298557 1752142638.6330783
1752142638.633122 1752142660.766421
1752142660.766444 1752142694.1036081
1752142694.1036313 1752142716.3794003
1752142716.3794487 1752142744.397669
1752142744.3976984 1752142770.631923
1752142770.6319444 1752142805.823811
1752142805.8238325 1752142832.317152
1752142832.3171763 1752142864.0585537
1752142864.0585732 1752142900.5223076
1752142900.5223444 1752142937.728923
1752142937.728941 1752142965.6287372
1752142965.6287613 1752143003.7919295
1752143003.7919478 1752143033.7268553
1752143033.726881 1752143067.9326446
1752143067.932665 1752143104.858661
1752143104.8586833 1752143137.8756876
1752143137.8757095 1752143164.0055327
1752143164.0055544 1752143211.120851
1752143211.1208687 1752143243.0325336
1752143243.0325587 1752143271.1533947
1752143271.1534154 1752143306.4821932
