1756356169.3297756 1756356205.635207
1756356205.6352355 1756356233.2678087
1756356233.2678304 1756356261.179394
1756356261.1794138 1756356285.136412
1756356285.1364505 1756356311.6785188
1756356311.6785421 1756356339.0232944
1756356339.0233166 1756356366.563979
1756356366.564003 1756356386.8699071
1756356386.8699262 1756356409.3081288
1756356409.308155 1756356430.3695865
1756356430.369604 1756356455.7895286
1756356455.789551 1756356476.9712718
1756356476.9712942 1756356492.4608388
1756356492.460856 1756356521.9237652
1756356521.9237921 1756356548.3131227
1756356548.3131433 1756356571.8807576
1756356571.8807828 1756356595.8902469
1756356595.8902726 1756356620.7248878
1756356620.7249084 1756356644.0002816
1756356644.0003042 1756356669.1977866
1756356669.1978061 1756356698.3057113
1756356698.3057418 1756356725.0246994
1756356725.0247185 1756356747.5067496
1756356747.5067706 1756356769.2370393
1756356769.237062 1756356798.2301505
1756356798.230173 1756356812.3086572
1756356812.3086772 1756356840.987005
1756356840.9870288 1756356861.5355198
1756356861.535559 1756356887.601092
1756356887.6011167 1756356911.6589909
1756356911.6590126 1756356932.8714762
1756356932.8715036 1756356955.0650215
1756356955.0650408 1756356972.3689206
1756356972.3689446 1756356994.4123323
1756356994.412351 1756357019.0724387
1756357019.0724652 1756357045.250846
1756357045.2508698 1756357081.7991557
1756357081.7991724 1756357115.721131
1756357115.721152 1756357136.5113795
1756357136.5114057 1756357162.4797432
1756357162.4797769 1756357197.091488
1756357197.091513 1756357230.7641795
1756357230.7642002 1756357257.2391493
1756357257.2391703 1756357290.3947647
1756357290.3947873 1756357321.0298665
1756357321.0298824 1756357343.8747003
1756357343.8747256 1756357371.9538312
1756357371.9538493 1756357401.2834384
1756357401.2834692 1756357428.6877193
1756357428.6877377 1756357461.850385
1756357461.8504105 1756357489.6158583
1756357489.615877 1756357514.2783537
1756357514.2783782 1756357538.048527
1756357538.0485504 1756357556.067176
1756357556.0671935 1756357580.7169175
1756357580.7169337 1756357609.1613786
1756357609.1613996 1756357647.355085
1756357647.3551044 1756357675.504596
1756357675.5046213 1756357702.7768617
1756357702.776886 1756357729.0502954
1756357729.0503178 1756357750.832576
1756357750.8325984 1756357778.5003986
1756357778.5004215 1756357802.2598617
1756357802.2598877 1756357823.509293
1756357823.5093157 1756357846.7264147
1756357846.7264326 1756357871.0045018
1756357871.0045269 1756357892.4379628
1756357892.4379842 1756357920.0052938
1756357920.0053134 1756357938.5272305
1756357938.5272484 1756357967.0556421
1756357967.0556781 1756357991.7852373
1756357991.785259 1756358019.203088
1756358019.203105 1756358045.579979
1756358045.5799994 1756358081.7147942
1756358081.714824 1756358106.5985386
1756358106.5985548 1756358135.3669379
1756358135.3669589 1756358163.2555583
1756358163.2556057 1756358188.4641035
1756358188.4641206 1756358216.042544
1756358216.0425694 1756358241.885039
1756358241.8850589 1756358264.4664917
1756358264.4665127 1756358289.2690632
1756358289.2690806 1756358312.58665
1756358312.5866716 1756358341.5349889
1756358341.5350118 1756358367.9877963
1756358367.9878182 1756358401.6188917
1756358401.6189117 1756358427.08901
1756358427.0890322 1756358458.871719
1756358458.8717473 1756358486.8011818
1756358486.801198 1756358514.231497
1756358514.2315204 1756358537.305948
1756358537.3059702 1756358562.5707443
1756358562.5707726 1756358582.3111515
1756358582.3111694 1756358604.1082535
1756358604.1082804 1756358624.9643302
1756358624.9643562 1756358653.316629
1756358653.316649 1756358681.4029558
1756358681.4029796 1756358702.734064
1756358702.7340872 1756358725.744577
1756358725.7445977 1756358746.2320535
