1756356169.1438048 1756356204.5142043
1756356204.5142226 1756356232.714644
1756356232.7146623 1756356261.5571635
1756356261.5571837 1756356293.9198468
1756356293.9198701 1756356304.2361023
1756356304.2361226 1756356341.3906834
1756356341.3907146 1756356365.5102236
1756356365.5102446 1756356391.2460015
1756356391.2460227 1756356410.474962
1756356410.4749837 1756356432.0516977
1756356432.0517163 1756356454.6849132
1756356454.6849344 1756356479.9314344
1756356479.9314566 1756356497.4327981
1756356497.4328227 1756356523.1281323
1756356523.128156 1756356545.6508124
1756356545.6508317 1756356571.116394
1756356571.1164145 1756356598.6704342
1756356598.6704552 1756356617.507472
1756356617.507495 1756356647.091728
1756356647.0917537 1756356673.3097086
1756356673.3097265 1756356694.8377366
1756356694.8377593 1756356720.1617582
1756356720.1617754 1756356746.9336734
1756356746.933698 1756356768.8395395
1756356768.839559 1756356796.7774873
1756356796.777506 1756356813.8825266
1756356813.8825493 1756356838.4890254
1756356838.4890556 1756356859.539983
1756356859.540006 1756356883.5986161
1756356883.5986352 1756356905.692821
1756356905.6928444 1756356930.0308692
1756356930.0308964 1756356950.337285
1756356950.3373125 1756356970.714917
1756356970.7149374 1756356991.6960573
1756356991.6960816 1756357014.8203812
1756357014.8204122 1756357041.679776
1756357041.6797984 1756357077.0206382
1756357077.02066 1756357114.027734
1756357114.0277529 1756357132.5138912
1756357132.5139134 1756357160.5540483
1756357160.5540679 1756357195.1768615
1756357195.1768804 1756357231.6628482
1756357231.6628714 1756357261.328424
1756357261.3284612 1756357293.4968033
1756357293.4968302 1756357320.5140326
1756357320.5140655 1756357350.846403
1756357350.8464239 1756357378.0561736
1756357378.0561914 1756357401.7115552
1756357401.7116072 1756357426.4224436
1756357426.4224613 1756357459.1705964
1756357459.1706212 1756357485.497669
1756357485.4976888 1756357509.7524807
1756357509.7525096 1756357534.6407676
1756357534.6407852 1756357559.6765294
1756357559.6765504 1756357585.658726
1756357585.6587443 1756357614.5988276
1756357614.5988472 1756357642.4507134
1756357642.4507284 1756357670.665904
1756357670.6659245 1756357700.0220451
1756357700.0220625 1756357723.6044166
1756357723.6044416 1756357748.8177888
1756357748.8178194 1756357774.557917
1756357774.557934 1756357799.5277061
1756357799.5277312 1756357824.142048
1756357824.1420648 1756357849.130743
1756357849.1307676 1756357871.624424
1756357871.6244414 1756357895.5937123
1756357895.5937371 1756357919.2210996
1756357919.2211154 1756357942.7204366
1756357942.7204554 1756357974.2363653
1756357974.2363992 1756357998.3170514
1756357998.3170717 1756358026.3848488
1756358026.3848732 1756358054.4292052
1756358054.429221 1756358081.4104743
1756358081.4104936 1756358110.147095
1756358110.1471171 1756358137.8717995
1756358137.8718185 1756358165.2471614
1756358165.2471795 1756358195.537963
1756358195.5379865 1756358218.2571971
1756358218.2572136 1756358244.5252993
1756358244.5253208 1756358267.4831498
1756358267.4831815 1756358292.5813456
1756358292.5813642 1756358318.365133
1756358318.3651505 1756358346.6605875
1756358346.660612 1756358376.4746652
1756358376.474685 1756358402.8175423
1756358402.817561 1756358434.0112588
1756358434.0112846 1756358458.3514917
1756358458.3515189 1756358490.6884348
1756358490.6884613 1756358516.8516734
1756358516.851702 1756358534.7114189
1756358534.7114372 1756358558.9179556
1756358558.9179776 1756358584.8194742
1756358584.8194928 1756358605.8673549
1756358605.867378 1756358625.157525
1756358625.1575463 1756358655.3196583
1756358655.3196838 1756358680.7753713
1756358680.7753904 1756358702.1791546
1756358702.179172 1756358726.5458477
1756358726.5458648 1756358748.020473
