47.56256103515625
40.97262096405029
45.217565059661865
45.0145742893219
44.409857749938965
48.16408896446228
44.094911098480225
46.762643575668335
41.32053804397583
40.985432863235474
40.86049771308899
40.173835039138794
39.8160560131073
41.70804977416992
41.326525926589966
36.72626996040344
45.0083544254303
41.529494524002075
46.721660137176514
46.26016569137573
49.748072385787964
46.10918879508972
51.80247187614441
47.51593041419983
47.88718605041504
52.4886908531189
48.042704820632935
48.48009777069092
44.30817127227783
40.578588008880615
43.7347674369812
40.81862711906433
48.5525438785553
38.8109667301178
45.76431369781494
44.888659715652466
41.97729682922363
42.46491622924805
41.733752727508545
47.519630432128906
44.87950396537781
43.16017174720764
46.693865060806274
42.89529895782471
44.04140663146973
43.06457304954529
48.47359037399292
46.230796813964844
42.967090129852295
43.517879486083984
50.69221544265747
44.09296536445618
42.40206837654114
46.06492471694946
43.44584655761719
47.29698395729065
39.48370933532715
46.270291566848755
43.64865684509277
42.68751811981201
45.0851354598999
44.94456672668457
49.3430540561676
49.86094951629639
46.068219900131226
49.224053382873535
44.23467254638672
44.662500858306885
47.08689570426941
44.72058081626892
43.750643730163574
40.352521896362305
41.64463543891907
37.086562633514404
42.9755003452301
46.29221224784851
35.285025119781494
43.0776481628418
42.01847290992737
38.38063907623291
46.72215676307678
41.66875147819519
40.52080035209656
50.39290261268616
45.115800857543945
40.9954559803009
44.209218978881836
41.09663128852844
48.751434564590454
46.886149406433105
48.44290566444397
49.07560682296753
47.501051902770996
50.978010177612305
47.99784302711487
51.43055462837219
43.80145192146301
49.33983898162842
40.21084928512573
46.329445362091064
4475.632696866989
4467.432986974716
