1776144562.8011117 1776144604.7961152
1776144604.7961376 1776144645.1075132
1776144645.10754 1776144695.4447918
1776144695.4448197 1776144738.116508
1776144738.116529 1776144787.6805816
1776144787.6806073 1776144831.4665146
1776144831.4665415 1776144874.9997487
1776144874.999774 1776144915.239637
1776144915.2396624 1776144953.6989958
1776144953.699017 1776145002.007845
1776145002.0078707 1776145046.194323
1776145046.1943614 1776145084.3766627
1776145084.37669 1776145127.7633061
1776145127.7633328 1776145170.9311497
1776145170.931173 1776145208.037104
1776145208.037131 1776145248.349274
1776145248.3492935 1776145293.0505526
1776145293.0505803 1776145328.6771166
1776145328.6771388 1776145376.574255
1776145376.5742831 1776145428.8288982
1776145428.828924 1776145478.9832876
1776145478.983313 1776145520.3071423
1776145520.3071673 1776145575.5465567
1776145575.5465786 1776145617.364978
1776145617.365003 1776145670.6404922
1776145670.6405146 1776145722.306069
1776145722.3060946 1776145763.2546537
1776145763.2546744 1776145818.8625605
1776145818.8625906 1776145863.8704956
1776145863.870518 1776145903.345395
1776145903.345429 1776145944.1222832
1776145944.1223233 1776145985.5256553
1776145985.5256739 1776146035.7518792
1776146035.7519066 1776146076.478322
1776146076.4783432 1776146121.5134323
1776146121.5134597 1776146155.1415553
1776146155.1415744 1776146209.5346878
1776146209.534716 1776146240.1012204
1776146240.1012442 1776146290.1122217
1776146290.1122437 1776146337.5678313
1776146337.5678587 1776146379.5579264
1776146379.557999 1776146427.93681
1776146427.9368353 1776146470.44777
1776146470.447791 1776146515.3066468
1776146515.3066962 1776146554.4015796
1776146554.4016047 1776146602.8415775
1776146602.8415992 1776146638.6666534
1776146638.6666803 1776146690.7850413
1776146690.7850695 1776146742.558127
1776146742.5581617 1776146784.08467
1776146784.0847273 1776146828.456901
1776146828.4569268 1776146882.0305495
1776146882.030576 1776146920.9507024
1776146920.9507294 1776146973.4641762
1776146973.4642048 1776147011.491396
1776147011.491423 1776147058.593309
1776147058.5933354 1776147099.3114076
1776147099.3114355 1776147146.2375467
1776147146.2375734 1776147178.7617533
1776147178.7617774 1776147234.800943
1776147234.8009624 1776147265.679696
1776147265.6797225 1776147322.6899323
1776147322.689956 1776147372.2867186
1776147372.2867458 1776147422.0694287
1776147422.0694604 1776147462.6039782
1776147462.6040032 1776147512.3976095
1776147512.3976352 1776147558.5221393
1776147558.5221832 1776147605.3952034
1776147605.395227 1776147648.792449
1776147648.7924821 1776147697.507636
1776147697.5076632 1776147738.359573
1776147738.3596 1776147775.490313
1776147775.4903395 1776147817.9650176
1776147817.9650407 1776147851.6542292
1776147851.6542547 1776147901.218885
1776147901.2189107 1776147940.009599
1776147940.0096333 1776147983.851682
1776147983.8517094 1776148011.4853108
1776148011.4853363 1776148065.0154254
1776148065.0154524 1776148105.2387378
1776148105.2387645 1776148153.3398488
1776148153.339885 1776148192.4049516
1776148192.4049714 1776148234.609993
1776148234.61002 1776148282.8739822
1776148282.8740036 1776148325.3049326
1776148325.3049552 1776148371.877795
1776148371.877822 1776148409.2360733
1776148409.236094 1776148447.2312508
1776148447.231277 1776148507.3532135
1776148507.3532395 1776148554.6305914
1776148554.63062 1776148600.6963563
1776148600.6963863 1776148649.7756567
1776148649.775695 1776148699.87918
1776148699.879215 1776148750.3166254
1776148750.3166523 1776148796.81691
1776148796.816929 1776148846.0576675
1776148846.0576935 1776148883.746234
1776148883.746254 1776148935.747062
1776148935.7470894 1776148987.058533
1776148987.0585587 1776149031.6855848
