1776144562.8740597 1776144610.776234
1776144610.7762682 1776144650.262783
1776144650.2628129 1776144680.4194028
1776144680.4194283 1776144738.8144803
1776144738.8145082 1776144784.5393915
1776144784.53942 1776144833.1748273
1776144833.1748536 1776144877.5391212
1776144877.5391629 1776144923.2237363
1776144923.2237628 1776144967.1109867
1776144967.1110168 1776144999.8910913
1776144999.8911154 1776145049.0688643
1776145049.0689008 1776145088.534184
1776145088.534205 1776145124.5427628
1776145124.5427902 1776145163.182591
1776145163.1826148 1776145207.1534162
1776145207.1534393 1776145243.9906828
1776145243.9907103 1776145295.30234
1776145295.3023674 1776145319.630732
1776145319.630753 1776145383.161699
1776145383.161727 1776145424.3704684
1776145424.3704927 1776145477.1203349
1776145477.1203618 1776145521.697749
1776145521.697773 1776145572.0054553
1776145572.0054908 1776145614.647767
1776145614.6477861 1776145670.8301601
1776145670.8301852 1776145720.8600616
1776145720.8600888 1776145771.0043626
1776145771.004384 1776145820.5730016
1776145820.5730224 1776145858.6758838
1776145858.6759102 1776145902.3214421
1776145902.3214705 1776145934.7574878
1776145934.757513 1776145987.465738
1776145987.4657671 1776146032.6527758
1776146032.6528027 1776146076.1877549
1776146076.1877813 1776146117.9356267
1776146117.9356475 1776146162.0351958
1776146162.035221 1776146210.2552023
1776146210.2552226 1776146251.8013318
1776146251.8013587 1776146294.5857105
1776146294.5857456 1776146336.0629134
1776146336.0629356 1776146382.801471
1776146382.801499 1776146429.3982124
1776146429.3982332 1776146471.5552602
1776146471.5553093 1776146517.9671137
1776146517.9671414 1776146559.8722117
1776146559.872232 1776146605.9021
1776146605.9021266 1776146647.4191234
1776146647.4191492 1776146687.2033885
1776146687.2034152 1776146741.2107923
1776146741.2108226 1776146787.617407
1776146787.617434 1776146833.9354713
1776146833.9354928 1776146883.0503047
1776146883.0503302 1776146919.2137418
1776146919.2137644 1776146967.5865395
1776146967.586567 1776147011.6240036
1776147011.6240296 1776147054.5431786
1776147054.543203 1776147086.8326418
1776147086.832666 1776147137.9706502
1776147137.9706767 1776147190.4675589
1776147190.4675853 1776147229.816946
1776147229.816966 1776147273.419783
1776147273.4198086 1776147315.9487224
1776147315.9487507 1776147371.3206768
1776147371.3207035 1776147420.773125
1776147420.773144 1776147460.4216316
1776147460.4216578 1776147516.5357542
1776147516.5357807 1776147558.6410165
1776147558.6410384 1776147604.2543745
1776147604.2544024 1776147654.3995314
1776147654.3995538 1776147693.52776
1776147693.527782 1776147739.0893703
1776147739.0894108 1776147776.4274104
1776147776.427431 1776147822.3484373
1776147822.3484674 1776147858.0331008
1776147858.0331218 1776147893.7168941
1776147893.716921 1776147942.610246
1776147942.6102731 1776147973.4531238
1776147973.453151 1776148021.0732899
1776148021.0733125 1776148068.8838575
1776148068.8838854 1776148108.3747756
1776148108.374808 1776148143.7375376
1776148143.7375634 1776148197.2187436
1776148197.2187707 1776148238.428936
1776148238.4289622 1776148286.8503888
1776148286.850409 1776148327.373988
1776148327.3740146 1776148374.1430988
1776148374.1431267 1776148406.6318228
1776148406.631851 1776148452.57638
1776148452.5764136 1776148503.1104639
1776148503.110493 1776148551.1148667
1776148551.1148875 1776148603.7404013
1776148603.7404473 1776148646.6880832
1776148646.688104 1776148700.2585242
1776148700.2585654 1776148749.0442195
1776148749.0442472 1776148781.9033155
1776148781.9033368 1776148846.2121236
1776148846.2121506 1776148890.7536216
1776148890.7536554 1776148939.5220945
1776148939.5221214 1776148983.6848493
1776148983.6848764 1776149029.1246412
