1776144555.7444234 1776144604.2120183
1776144604.2120478 1776144634.510435
1776144634.510454 1776144697.0401235
1776144697.0401495 1776144723.462212
1776144723.4622319 1776144785.918822
1776144785.9188473 1776144829.628352
1776144829.6283724 1776144879.2268836
1776144879.22691 1776144924.0134578
1776144924.013478 1776144963.6306953
1776144963.630726 1776145007.9431407
1776145007.9431672 1776145041.7884097
1776145041.78845 1776145082.6776304
1776145082.6776536 1776145129.2970948
1776145129.297145 1776145164.2881024
1776145164.2881253 1776145203.1538079
1776145203.1538322 1776145242.0434527
1776145242.0434709 1776145289.8094146
1776145289.8094404 1776145333.376703
1776145333.3767214 1776145380.3237503
1776145380.323775 1776145421.0721388
1776145421.072161 1776145476.6475027
1776145476.647526 1776145521.748562
1776145521.7485895 1776145573.3234866
1776145573.3235126 1776145621.7051268
1776145621.7051485 1776145670.2098508
1776145670.209874 1776145721.5269058
1776145721.5269263 1776145768.1669002
1776145768.1669314 1776145820.2845948
1776145820.284616 1776145864.9605522
1776145864.9605763 1776145902.8262029
1776145902.8262277 1776145947.2523012
1776145947.2523248 1776145986.1518064
1776145986.151826 1776146031.7834008
1776146031.7834332 1776146077.4561896
1776146077.4562151 1776146112.8157048
1776146112.8157291 1776146168.1092122
1776146168.1092293 1776146208.1300461
1776146208.1300714 1776146252.3769863
1776146252.3770182 1776146276.586672
1776146276.5866902 1776146337.1189432
1776146337.1189752 1776146380.2398999
1776146380.2399237 1776146427.2786858
1776146427.2787035 1776146464.2848523
1776146464.2848747 1776146505.0473022
1776146505.0473206 1776146556.0575905
1776146556.0576136 1776146603.8123612
1776146603.8123844 1776146644.4756153
1776146644.475634 1776146690.1837552
1776146690.1837752 1776146739.8632617
1776146739.8632863 1776146783.5829604
1776146783.5830011 1776146834.1399558
1776146834.1399798 1776146873.7445414
1776146873.7445605 1776146922.0065072
1776146922.0065315 1776146966.859572
1776146966.8595994 1776147014.1070724
1776147014.1070957 1776147059.861344
1776147059.8613677 1776147097.6097727
1776147097.6097946 1776147145.1329725
1776147145.1330054 1776147184.4619606
1776147184.4619849 1776147230.378876
1776147230.3788967 1776147275.9376214
1776147275.937646 1776147321.944605
1776147321.9446237 1776147370.0097826
1776147370.0098078 1776147416.4814095
1776147416.4814274 1776147461.7468991
1776147461.7469227 1776147516.5638146
1776147516.5638323 1776147560.4327703
1776147560.4327946 1776147607.0838237
1776147607.0838482 1776147653.4736362
1776147653.473657 1776147695.6126788
1776147695.6127038 1776147739.4869714
1776147739.4869933 1776147771.1209471
1776147771.1209705 1776147822.4280205
1776147822.4280481 1776147856.1641889
1776147856.1642127 1776147900.3200212
1776147900.3200467 1776147943.3874822
1776147943.3875215 1776147984.9046834
1776147984.9047012 1776148027.9498112
1776148027.949835 1776148069.3176103
1776148069.3176312 1776148109.2700288
1776148109.2700477 1776148148.754247
1776148148.7542722 1776148192.743809
1776148192.743832 1776148231.9273622
1776148231.927382 1776148281.044536
1776148281.0445604 1776148327.6151211
1776148327.6151445 1776148372.4373655
1776148372.4373863 1776148419.535037
1776148419.535061 1776148452.6546986
1776148452.654717 1776148509.3831515
1776148509.3831744 1776148553.5092034
1776148553.5092244 1776148596.18807
1776148596.188093 1776148649.937836
1776148649.9378555 1776148698.1126776
1776148698.1127017 1776148749.918674
1776148749.9186974 1776148799.8034434
1776148799.8034635 1776148845.6759915
1776148845.6760259 1776148892.0224462
1776148892.0224705 1776148932.8337827
1776148932.8338017 1776148980.8078349
1776148980.8078609 1776149028.879833
