1751689097.769312 1751689127.7882035
1751689127.7882261 1751689154.8898222
1751689154.889877 1751689181.5100105
1751689181.5100338 1751689208.989496
1751689208.9895375 1751689236.0528436
1751689236.0528684 1751689263.9016078
1751689263.901632 1751689293.366648
1751689293.3666697 1751689321.8439732
1751689321.8440008 1751689351.4548807
1751689351.4548998 1751689377.6651778
1751689377.6652007 1751689402.892434
1751689402.8924553 1751689433.3845797
1751689433.3846004 1751689464.7734778
1751689464.7734997 1751689500.414014
1751689500.4140377 1751689530.9919436
1751689530.991969 1751689559.985654
1751689559.9856758 1751689587.0378234
1751689587.0378451 1751689614.9107897
1751689614.9108095 1751689645.1298902
1751689645.129921 1751689671.410148
1751689671.410167 1751689701.0604572
1751689701.0604856 1751689731.0445797
1751689731.0446022 1751689759.603242
1751689759.603267 1751689786.85441
1751689786.8544424 1751689823.0083458
1751689823.008369 1751689849.12262
1751689849.1226377 1751689876.8130205
1751689876.8130455 1751689902.708533
1751689902.7085512 1751689929.9472446
1751689929.9472702 1751689952.4225411
1751689952.4225595 1751689977.0132709
1751689977.0132937 1751690005.4125648
1751690005.4125867 1751690031.1506562
1751690031.1506815 1751690061.4571135
1751690061.4571323 1751690086.8477983
1751690086.8478196 1751690119.6953568
1751690119.695381 1751690150.0521095
1751690150.0521307 1751690182.8706887
1751690182.8707132 1751690217.817744
1751690217.8177652 1751690249.1806777
1751690249.1807027 1751690288.5818522
1751690288.581876 1751690321.3555245
1751690321.3555784 1751690352.2916408
1751690352.2916636 1751690386.9590049
1751690386.9590287 1751690422.7074347
1751690422.7074616 1751690450.7861695
1751690450.7861984 1751690491.3001118
1751690491.3001347 1751690519.157535
1751690519.1575615 1751690548.800401
1751690548.8004286 1751690576.9526844
1751690576.952709 1751690608.448776
1751690608.4488015 1751690639.1893604
1751690639.1893826 1751690667.791299
1751690667.7913272 1751690696.5340912
1751690696.5341225 1751690729.2192903
1751690729.219314 1751690766.6455524
1751690766.6455796 1751690800.9639153
1751690800.9639413 1751690832.5204625
1751690832.5204847 1751690858.2853632
1751690858.2853966 1751690887.930919
1751690887.930941 1751690918.3329456
1751690918.3329694 1751690948.996048
1751690948.9960675 1751690982.9754014
1751690982.9754226 1751691010.609921
1751691010.6099412 1751691045.3319461
1751691045.331973 1751691077.0708573
1751691077.0708876 1751691106.0026348
1751691106.002658 1751691135.4368784
1751691135.4369037 1751691168.2798114
1751691168.279832 1751691198.959678
1751691198.9597132 1751691230.886337
1751691230.8863575 1751691253.7623615
1751691253.762387 1751691285.0558438
1751691285.0558765 1751691313.8754408
1751691313.875484 1751691348.6357515
1751691348.6357718 1751691375.0233076
1751691375.0233378 1751691407.7333653
1751691407.73339 1751691433.230919
1751691433.2309391 1751691465.9993384
1751691465.9993627 1751691492.0325575
1751691492.0325785 1751691522.6994698
1751691522.699493 1751691552.558429
1751691552.5584555 1751691581.767142
1751691581.7671633 1751691611.3894098
1751691611.3894355 1751691642.9454484
1751691642.9454677 1751691666.2566607
1751691666.2566853 1751691688.3166308
1751691688.3166523 1751691718.2300355
1751691718.2300575 1751691739.9823298
1751691739.9823532 1751691773.7616847
1751691773.7617068 1751691796.0186586
1751691796.018681 1751691830.1906555
1751691830.190684 1751691856.2539523
1751691856.2539847 1751691877.1881077
1751691877.1881301 1751691906.544206
1751691906.5442324 1751691930.2624815
1751691930.262507 1751691956.667295
1751691956.6673148 1751691980.9652884
1751691980.9653125 1751692008.848445
1751692008.848464 1751692036.193622
1751692036.1936445 1751692065.3222466
1751692065.322264 1751692106.2089245
1751692106.2089503 1751692129.6058717
1751692129.6058967 1751692158.3646388
1751692158.364663 1751692183.3410292
1751692183.3410566 1751692213.4200761
1751692213.420099 1751692247.2481966
1751692247.2482307 1751692286.9212782
1751692286.9212968 1751692315.3250883
1751692315.3251226 1751692359.9985952
1751692359.9986162 1751692382.2389698
1751692382.2390275 1751692414.1252725
1751692414.1252952 1751692448.1134243
1751692448.1134534 1751692480.3128097
1751692480.312828 1751692511.2044039
1751692511.2044275 1751692551.6025302
1751692551.6025536 1751692584.0998683
1751692584.0998883 1751692614.2640033
1751692614.2640276 1751692648.287976
1751692648.2879968 1751692684.031762
1751692684.0317938 1751692724.270033
1751692724.2700522 1751692755.4437776
1751692755.4438035 1751692790.1011739
1751692790.1011972 1751692821.6941974
1751692821.6942165 1751692856.529499
1751692856.5295258 1751692892.31078
1751692892.3108068 1751692923.2254272
1751692923.2254555 1751692955.389167
1751692955.3891895 1751692993.1561463
1751692993.156167 1751693018.961808
1751693018.9618356 1751693052.9945009
1751693052.9945257 1751693084.6200824
1751693084.620112 1751693112.2035275
1751693112.2035499 1751693139.1059017
1751693139.105931 1751693163.7362418
1751693163.7362673 1751693187.8731074
1751693187.873132 1751693216.001092
1751693216.001117 1751693240.7951274
1751693240.795146 1751693270.5970664
1751693270.5970905 1751693292.7463217
1751693292.7463377 1751693320.3837192
1751693320.383749 1751693343.9670444
1751693343.9670622 1751693374.0985858
1751693374.0986059 1751693408.9959328
1751693408.9959595 1751693432.5657392
1751693432.5657604 1751693458.487796
1751693458.4878213 1751693489.722279
1751693489.7223077 1751693516.4455922
1751693516.4456177 1751693538.8708272
1751693538.8708498 1751693567.296655
1751693567.296677 1751693595.4289303
1751693595.4289558 1751693624.9103131
1751693624.9103372 1751693648.9030817
1751693648.9031122 1751693682.9244232
1751693682.9244456 1751693705.2711747
1751693705.2712016 1751693730.9328113
1751693730.932832 1751693756.9074972
1751693756.9075234 1751693782.9492116
1751693782.9492364 1751693810.2096255
1751693810.2096455 1751693832.4451172
1751693832.4451456 1751693860.853181
1751693860.8531997 1751693891.3694136
1751693891.3694396 1751693917.1672077
1751693917.1672277 1751693948.6529713
1751693948.6529975 1751693972.756227
1751693972.7562492 1751693999.4317453
1751693999.4317732 1751694030.5067594
1751694030.5067778 1751694060.9378653
1751694060.9378865 1751694090.458389
1751694090.4584136 1751694113.7342296
1751694113.734249 1751694143.330093
1751694143.3301103 1751694172.7792552
1751694172.7792785 1751694202.6006482
1751694202.600668 1751694238.652909
1751694238.6529353 1751694274.34289
1751694274.3429081 1751694299.0837607
1751694299.083785 1751694333.2321925
1751694333.232219 1751694360.7146466
1751694360.7146668 1751694394.2123628
1751694394.212388 1751694423.7355523
1751694423.7356062 1751694456.2843692
1751694456.2843902 1751694488.6328323
1751694488.6328578 1751694519.0830388
1751694519.0830572 1751694553.8537536
1751694553.8537831 1751694584.9533741
1751694584.9533973 1751694620.4073846
1751694620.407409 1751694646.6068075
1751694646.6068263 1751694683.1391609
1751694683.1391888 1751694717.3490818
1751694717.3491046 1751694745.3071337
1751694745.3071585 1751694780.157619
1751694780.157644 1751694802.1378536
1751694802.1378748 1751694833.7953956
1751694833.7954178 1751694861.2170854
1751694861.2171094 1751694893.0382903
1751694893.038313 1751694923.46077
1751694923.4607987 1751694950.565955
1751694950.5659764 1751694985.303505
1751694985.3035338 1751695014.17365
1751695014.17367 1751695039.6308527
1751695039.6308846 1751695070.3805358
1751695070.3805537 1751695097.8969808
1751695097.897012 1751695131.5149837
1751695131.515002 1751695163.198809
1751695163.198834 1751695194.933713
1751695194.933734 1751695227.5072095
1751695227.5072496 1751695253.7200284
1751695253.7200496 1751695286.9233072
1751695286.923331 1751695315.4850917
1751695315.4851158 1751695350.0272796
1751695350.0273015 1751695385.1235802
1751695385.1236055 1751695414.5931733
1751695414.5931907 1751695445.1124506
1751695445.1124797 1751695477.0331705
1751695477.0331926 1751695510.5628355
1751695510.5628574 1751695536.277571
1751695536.2775981 1751695573.231415
1751695573.231447 1751695593.9660199
1751695593.9660447 1751695624.2611928
1751695624.261226 1751695654.1337395
1751695654.1337593 1751695693.09669
1751695693.096724 1751695718.634652
1751695718.6346693 1751695749.1444705
1751695749.1444986 1751695772.3215222
1751695772.3215415 1751695803.500527
1751695803.5005488 1751695823.8669689
1751695823.8669932 1751695850.8742135
1751695850.8742316 1751695879.5743
1751695879.5743253 1751695909.6835763
1751695909.6835942 1751695936.602484
1751695936.6025097 1751695961.397819
1751695961.3978362 1751695988.1454647
1751695988.1454825 1751696016.945054
1751696016.9450772 1751696044.9592493
1751696044.9592671 1751696070.9916956
1751696070.9917214 1751696096.8328807
1751696096.832899 1751696124.596778
1751696124.5968022 1751696150.7171946
1751696150.7172134 1751696176.0518067
1751696176.0518363 1751696202.8016896
1751696202.8017087 1751696228.062449
1751696228.062474 1751696255.009864
1751696255.0098827 1751696280.100319
1751696280.1003432 1751696304.7433505
1751696304.7433732 1751696332.119696
1751696332.1197104 1751696363.168825
1751696363.1688669 1751696389.5946505
1751696389.5946712 1751696419.2429497
1751696419.2429786 1751696446.224236
1751696446.224256 1751696471.1596642
1751696471.1596875 1751696500.82209
1751696500.8221133 1751696528.4122248
1751696528.4122455 1751696555.6177883
1751696555.6178136 1751696583.004746
1751696583.004766 1751696611.3049574
1751696611.3049762 1751696643.6850567
1751696643.6850822 1751696669.7278156
1751696669.727835 1751696694.889747
1751696694.8897722 1751696723.5638528
1751696723.5638719 1751696748.5671191
1751696748.5671418 1751696777.3427832
1751696777.342803 1751696805.694871
1751696805.6948905 1751696832.5329144
1751696832.5329375 1751696857.837089
1751696857.8371081 1751696882.734502
1751696882.7345252 1751696910.7461839
1751696910.7462037 1751696934.4948354
1751696934.4948645 1751696959.4780672
1751696959.4780862 1751696981.206132
1751696981.206156 1751697005.4530015
1751697005.4530249 1751697031.84431
1751697031.8443358 1751697060.1559117
1751697060.1559336 1751697086.7609553
1751697086.7609756 1751697117.081816
1751697117.0818388 1751697143.3212097
1751697143.3212273 1751697169.0518892
1751697169.0519137 1751697193.2672052
1751697193.2672234 1751697219.899772
1751697219.8997922 1751697248.0011146
1751697248.0011382 1751697276.4033296
1751697276.4033482 1751697306.696418
1751697306.6964424 1751697335.7261093
1751697335.7261274 1751697367.1100583
1751697367.1100826 1751697399.395128
1751697399.3951452 1751697431.531324
1751697431.5313478 1751697464.972347
1751697464.9723659 1751697498.3511717
1751697498.3512063 1751697531.5853188
1751697531.5853376 1751697562.81222
1751697562.8122437 1751697593.0198479
1751697593.0198662 1751697623.1579504
1751697623.1579762 1751697653.1588879
1751697653.1589067 1751697697.9554152
1751697697.95544 1751697725.4185214
1751697725.4185438 1751697763.1002214
1751697763.1002479 1751697795.5377073
1751697795.537741 1751697833.8232584
1751697833.8232818 1751697862.3439388
1751697862.3439643 1751697894.2059324
1751697894.2059512 1751697927.664158
1751697927.664187 1751697961.1887114
1751697961.1887305 1751697988.6392303
1751697988.6392553 1751698017.2527714
1751698017.2528152 1751698049.3387527
1751698049.3387792 1751698080.806485
1751698080.806505 1751698107.2419748
1751698107.242002 1751698135.1083398
1751698135.1083648 1751698169.838139
1751698169.838163 1751698197.215521
1751698197.2155395 1751698224.3720095
1751698224.3720334 1751698254.230224
1751698254.2302444 1751698289.164822
1751698289.1648462 1751698317.172578
1751698317.1726065 1751698344.8239524
1751698344.8239782 1751698372.188165
1751698372.188188 1751698398.770318
1751698398.770336 1751698427.4094548
1751698427.4094808 1751698457.3853037
1751698457.3853226 1751698486.981909
1751698486.9819376 1751698513.6154785
1751698513.615505 1751698538.125705
1751698538.1257298 1751698562.5790505
1751698562.5790763 1751698585.1177964
1751698585.117814 1751698616.1259463
1751698616.1259706 1751698644.751426
1751698644.7514448 1751698675.4024098
1751698675.4024308 1751698696.6920319
1751698696.6920574 1751698724.9574919
1751698724.957512 1751698747.9764147
1751698747.9764404 1751698774.0236566
1751698774.0236776 1751698802.5885203
1751698802.5885386 1751698837.734192
1751698837.73422 1751698863.6801484
1751698863.6801662 1751698898.8929126
1751698898.892931 1751698931.460704
1751698931.4607306 1751698968.2480483
1751698968.2480738 1751699001.0733645
1751699001.073389 1751699029.9525924
1751699029.9526196 1751699065.1548953
1751699065.1549277 1751699093.345465
1751699093.3454878 1751699122.712293
1751699122.7123168 1751699155.4323084
1751699155.4323297 1751699192.4140174
1751699192.414043 1751699229.477184
1751699229.4772024 1751699260.3976674
1751699260.3976915 1751699291.728634
1751699291.728658 1751699319.8646367
1751699319.8646598 1751699358.9377182
1751699358.9377434 1751699389.4679615
1751699389.4679859 1751699424.6519597
1751699424.6519923 1751699462.1654224
1751699462.1654472 1751699491.1875782
1751699491.1876247 1751699529.9220805
1751699529.9221067 1751699563.4036522
1751699563.4036765 1751699590.4868963
1751699590.4869251 1751699617.2285755
1751699617.2286031 1751699657.9013405
1751699657.9013653 1751699680.2852936
1751699680.2853215 1751699710.8515408
1751699710.8515773 1751699739.0808594
1751699739.0808835 1751699761.9590275
1751699761.959052 1751699791.2555425
1751699791.255575 1751699818.4225671
1751699818.4226103 1751699843.4527736
1751699843.452812 1751699865.74277
1751699865.7427983 1751699899.2674851
1751699899.267508 1751699922.407432
1751699922.4074614 1751699949.8111947
1751699949.8112183 1751699978.9070845
1751699978.907113 1751700006.95699
1751700006.9570172 1751700030.1740127
1751700030.1740513 1751700059.5734699
1751700059.5734968 1751700085.933804
1751700085.9338286 1751700122.7597747
1751700122.7598083 1751700153.1990335
1751700153.1990516 1751700183.4790812
1751700183.4791055 1751700212.4068737
1751700212.4069016 1751700237.1564653
1751700237.156494 1751700269.9639115
1751700269.9639323 1751700297.394663
1751700297.3946948 1751700332.6527295
1751700332.6527483 1751700358.3016334
1751700358.3016725 1751700388.2504485
1751700388.2504663 1751700420.7941096
1751700420.7941377 1751700445.9334433
1751700445.9334614 1751700474.217281
1751700474.2173 1751700506.643722
1751700506.6437697 1751700532.7343013
1751700532.7343237 1751700567.6369996
1751700567.637028 1751700587.2313142
1751700587.2313342 1751700620.8496947
1751700620.849713 1751700652.0729935
1751700652.0730183 1751700676.8257613
1751700676.825785 1751700705.7301102
1751700705.7301397 1751700732.949847
1751700732.949867 1751700762.8066452
1751700762.806669 1751700793.026795
1751700793.026816 1751700828.618495
1751700828.6185193 1751700857.6558895
1751700857.6559117 1751700885.9188323
1751700885.9188511 1751700919.6888793
1751700919.6889026 1751700950.0034187
1751700950.0034366 1751700987.9266489
1751700987.9266772 1751701022.2621877
1751701022.2622066 1751701050.425587
1751701050.425615 1751701077.1140027
1751701077.1140203 1751701106.0419588
1751701106.0419853 1751701135.2123814
1751701135.2124126 1751701165.5123892
1751701165.5124156 1751701192.7683818
1751701192.7684019 1751701220.4419806
1751701220.4419985 1751701253.7634184
1751701253.7634442 1751701281.395736
1751701281.395756 1751701312.604418
1751701312.604442 1751701344.5584671
1751701344.5584862 1751701372.342197
1751701372.3422205 1751701405.5192409
1751701405.5192661 1751701433.7075582
1751701433.7075899 1751701464.2116826
1751701464.2117097 1751701492.4973474
1751701492.4973686 1751701524.2326293
1751701524.2326562 1751701550.2641556
1751701550.264182 1751701578.52969
1751701578.5297096 1751701607.1375537
1751701607.1375806 1751701640.9562006
1751701640.956223 1751701670.62559
1751701670.6256106 1751701701.7226691
1751701701.7226956 1751701735.086306
1751701735.0863256 1751701772.8875306
1751701772.8875587 1751701809.9159265
1751701809.9159522 1751701841.3512125
1751701841.3512332 1751701871.000621
1751701871.000647 1751701898.9299228
1751701898.9299426 1751701927.4824488
1751701927.4824743 1751701958.5813227
1751701958.5813434 1751701988.9464645
1751701988.9464877 1751702019.1591823
1751702019.159203 1751702055.70349
1751702055.7035167 1751702089.9762084
1751702089.9762259 1751702127.4975421
1751702127.4975684 1751702162.283358
1751702162.28338 1751702192.3111765
1751702192.3112023 1751702227.4902525
1751702227.490272 1751702263.532284
1751702263.5323133 1751702293.965729
1751702293.9657488 1751702330.4683852
1751702330.4684205 1751702362.4510171
1751702362.4510348 1751702389.945243
1751702389.9452705 1751702419.4689586
1751702419.46898 1751702447.3322911
1751702447.3323164 1751702472.0352814
1751702472.0353036 1751702501.201411
1751702501.2014332 1751702529.588514
1751702529.5885358 1751702562.4003859
1751702562.4004235 1751702603.8178148
1751702603.8178365 1751702635.6421654
1751702635.6421883 1751702662.841118
1751702662.8411465 1751702695.6607711
1751702695.6608043 1751702731.452124
1751702731.452149 1751702758.8263443
1751702758.8263674 1751702794.73231
1751702794.7323349 1751702835.092731
1751702835.0927591 1751702861.6853163
1751702861.6853395 1751702891.0546727
1751702891.0546935 1751702930.6788938
1751702930.678919 1751702960.6711254
1751702960.6711497 1751702987.1434586
1751702987.1434786 1751703022.8720403
1751703022.8720655 1751703051.4414659
1751703051.4414842 1751703082.5066302
1751703082.506657 1751703112.6974916
1751703112.6975114 1751703138.485689
1751703138.485713 1751703171.5771904
1751703171.57721 1751703203.0522645
1751703203.05229 1751703240.6900883
1751703240.6901095 1751703271.8529437
1751703271.8529682 1751703299.774236
1751703299.7742555 1751703329.609001
1751703329.6090279 1751703359.5731883
1751703359.5732112 1751703390.9859467
1751703390.9859703 1751703424.960107
1751703424.960128 1751703459.142657
1751703459.142679 1751703484.3318906
1751703484.3319128 1751703524.6896725
1751703524.6896996 1751703559.4146976
1751703559.4147158 1751703589.882257
1751703589.8822827 1751703622.7636232
1751703622.7636437 1751703650.0428033
1751703650.0428286 1751703690.4854362
1751703690.4854677 1751703721.5925047
1751703721.5925312 1751703758.494715
1751703758.4947343 1751703787.8757248
1751703787.8757534 1751703825.4254806
1751703825.425502 1751703859.794229
1751703859.7942545 1751703890.2933216
1751703890.2933452 1751703927.6143923
1751703927.614415 1751703955.271117
1751703955.271147 1751703982.612348
1751703982.6123683 1751704021.2796164
1751704021.2796404 1751704051.0108924
1751704051.010917 1751704089.421421
1751704089.4214458 1751704125.9688783
1751704125.9688976 1751704155.5634816
1751704155.5635104 1751704187.6417375
1751704187.6417558 1751704224.180831
1751704224.1808572 1751704252.8216257
1751704252.821648 1751704281.5851305
1751704281.5851572 1751704316.5549374
1751704316.5549576 1751704347.259359
1751704347.25939 1751704371.2013812
1751704371.201402 1751704407.0388575
1751704407.0388832 1751704440.7852986
1751704440.7853186 1751704461.511373
1751704461.5113971 1751704491.811556
1751704491.8115835 1751704520.982739
1751704520.982766 1751704545.743441
1751704545.743465 1751704575.0008547
1751704575.000878 1751704599.1396475
1751704599.1396716 1751704633.2309437
1751704633.230967 1751704660.1958547
1751704660.1958961 1751704689.2449439
1751704689.2449703 1751704717.4633775
1751704717.4634018 1751704745.8923502
1751704745.8923743 1751704777.9378717
1751704777.937896 1751704803.5029635
1751704803.5029855 1751704830.8416796
1751704830.8417072 1751704859.0622656
1751704859.0622902 1751704890.8384006
1751704890.8384228 1751704916.515403
1751704916.5154285 1751704943.4850712
1751704943.4850926 1751704973.2097926
1751704973.2098181 1751705004.3524938
1751705004.3525167 1751705030.1456397
1751705030.1456642 1751705058.6659727
1751705058.6659918 1751705092.5980988
1751705092.5981245 1751705115.2817159
1751705115.2817345 1751705140.759308
1751705140.7593334 1751705175.3812146
1751705175.3812332 1751705200.479461
1751705200.4794939 1751705226.4439738
1751705226.443992 1751705255.4041405
1751705255.4041667 1751705290.2145886
1751705290.2146125 1751705321.9909387
1751705321.990963 1751705353.5144255
1751705353.5144458 1751705382.9812872
1751705382.981311 1751705416.6218827
1751705416.6219008 1751705446.5770478
1751705446.5770826 1751705483.4819965
1751705483.4820197 1751705516.6011362
1751705516.6011615 1751705546.4171479
1751705546.4171677 1751705584.3721735
1751705584.3721986 1751705618.0732262
1751705618.0732465 1751705651.4384677
1751705651.438494 1751705677.8399918
1751705677.8400106 1751705711.9824536
1751705711.9824758 1751705747.4467607
1751705747.4467888 1751705772.496186
1751705772.4962068 1751705806.6066768
1751705806.6067014 1751705838.8676708
1751705838.8677049 1751705868.189994
1751705868.190015 1751705901.782195
1751705901.7822156 1751705930.6981165
1751705930.698134 1751705965.8013206
1751705965.8013456 1751705995.683154
1751705995.683179 1751706031.2605166
1751706031.2605355 1751706059.987966
1751706059.9879923 1751706084.210273
1751706084.210295 1751706112.1223228
1751706112.1223478 1751706135.1229157
1751706135.1229372 1751706164.5750222
1751706164.575048 1751706193.4613173
1751706193.461338 1751706220.901362
1751706220.901386 1751706250.210867
1751706250.2108912 1751706279.7765112
1751706279.7765307 1751706309.1006927
1751706309.1007144 1751706339.7341964
1751706339.7342165 1751706374.279896
1751706374.2799234 1751706398.7070544
1751706398.7070756 1751706430.3320005
1751706430.3320308 1751706459.5931065
1751706459.593131 1751706493.846119
1751706493.846142 1751706522.8576899
1751706522.8577118 1751706551.8859723
1751706551.885999 1751706582.784939
1751706582.7849627 1751706619.8969595
1751706619.8969824 1751706643.372879
1751706643.3728976 1751706674.8874943
1751706674.8875186 1751706703.5399725
1751706703.5399897 1751706728.4560094
1751706728.4560337 1751706754.5841787
1751706754.5842018 1751706779.5019507
1751706779.501976 1751706802.0775306
1751706802.07755 1751706826.4672842
1751706826.467311 1751706852.2936006
1751706852.2936199 1751706880.9228125
1751706880.922833 1751706905.2061965
1751706905.2062218 1751706930.157142
1751706930.1571643 1751706956.4336576
1751706956.4336882 1751706982.8713968
1751706982.8714168 1751707012.6112075
1751707012.6112356 1751707033.7501774
1751707033.7501967 1751707064.0324183
1751707064.0324428 1751707084.7470465
1751707084.7470672 1751707115.516958
1751707115.5169854 1751707142.2038903
1751707142.2039156 1751707167.914661
1751707167.9146888 1751707197.134226
1751707197.134253 1751707226.9071634
1751707226.907185 1751707256.8619862
1751707256.8620126 1751707287.9171622
1751707287.9171815 1751707313.4846306
1751707313.4846516 1751707337.5862665
1751707337.586295 1751707368.8097928
1751707368.8098114 1751707396.3927069
1751707396.3927312 1751707419.178561
1751707419.1785815 1751707453.7442605
1751707453.7442882 1751707476.0856194
1751707476.0856388 1751707499.2101657
1751707499.21019 1751707523.142769
1751707523.142795 1751707552.6739948
1751707552.6740189 1751707579.7819295
1751707579.781957 1751707607.449676
1751707607.4496992 1751707630.2826893
1751707630.2827153 1751707664.1325796
1751707664.1326113 1751707689.773312
1751707689.7733333 1751707714.8737888
1751707714.873808 1751707742.460524
1751707742.4605494 1751707769.3786862
1751707769.3787043 1751707802.4869685
1751707802.4869974 1751707833.2649953
1751707833.265014 1751707858.4628093
1751707858.4628346 1751707882.2047248
1751707882.2047503 1751707913.5539145
1751707913.5539389 1751707942.3215065
1751707942.321526 1751707970.1202803
1751707970.1203027 1751708004.7355142
1751708004.7355404 1751708031.0291398
1751708031.0291593 1751708063.9527721
1751708063.9528015 1751708092.5074306
1751708092.5074553 1751708125.9912362
1751708125.9912677 1751708157.6897755
1751708157.6897957 1751708189.1613357
1751708189.1613624 1751708216.3906407
1751708216.3906631 1751708242.6332874
1751708242.6333115 1751708271.557745
1751708271.5577674 1751708306.906951
1751708306.9069703 1751708328.1470149
1751708328.1470397 1751708364.5899422
1751708364.5899708 1751708387.8319468
1751708387.8319755 1751708419.2293437
1751708419.2293687 1751708443.5573351
1751708443.5573559 1751708468.0581365
1751708468.0581603 1751708494.2219424
1751708494.2219687 1751708520.1440864
1751708520.1441097 1751708547.8319678
1751708547.831992 1751708576.1234882
1751708576.123526 1751708603.0449083
1751708603.0449293 1751708633.413086
1751708633.4131114 1751708662.6197836
1751708662.6198041 1751708690.3948438
1751708690.3948731 1751708718.2038968
1751708718.2039142 1751708747.433418
1751708747.433446 1751708774.054195
1751708774.0542147 1751708800.9316752
1751708800.9317453 1751708829.053422
1751708829.0534456 1751708857.3198645
1751708857.3198924 1751708885.238687
1751708885.2387059 1751708924.499719
1751708924.4997432 1751708948.9347272
1751708948.934746 1751708975.0548427
1751708975.0548618 1751709007.9729369
1751709007.9729638 1751709038.876742
1751709038.8767636 1751709061.652021
1751709061.6520486 1751709095.0860312
1751709095.0860524 1751709124.3363485
1751709124.3363843 1751709149.617309
1751709149.6173291 1751709176.5443566
1751709176.5443828 1751709207.0620902
1751709207.062118 1751709234.1870751
1751709234.1870954 1751709255.9044611
1751709255.9044838 1751709285.0310984
1751709285.03112 1751709309.6623502
1751709309.6623716 1751709335.5314267
1751709335.5314503 1751709364.3764775
1751709364.3764966 1751709383.01813
1751709383.0181541 1751709412.9623306
1751709412.9623513 1751709439.27781
1751709439.2778394 1751709464.0236218
1751709464.023642 1751709497.4184716
1751709497.4184926 1751709526.2946827
1751709526.2947102 1751709555.6430197
1751709555.6430392 1751709584.4603527
1751709584.4603765 1751709617.922841
1751709617.9228654 1751709650.0436387
1751709650.0436616 1751709687.59969
1751709687.5997138 1751709721.479655
1751709721.4796796 1751709751.2001112
1751709751.200136 1751709781.392093
1751709781.3921118 1751709808.5749202
1751709808.5749445 1751709846.6776898
1751709846.6777146 1751709889.5155764
1751709889.5156038 1751709924.8950658
1751709924.895095 1751709950.8508437
1751709950.8508646 1751709976.4773388
1751709976.4773693 1751710001.4917715
1751710001.4917917 1751710037.946569
1751710037.94659 1751710062.6076903
1751710062.6077209 1751710090.2093604
1751710090.2093823 1751710112.4919734
1751710112.4920084 1751710141.077
1751710141.0770206 1751710164.5723784
1751710164.572402 1751710188.3597558
1751710188.359798 1751710213.6532416
1751710213.653261 1751710238.4542406
1751710238.4542696 1751710265.8964329
1751710265.8964665 1751710294.167092
1751710294.1671202 1751710326.405301
1751710326.4053173 1751710361.075691
1751710361.075724 1751710390.1948996
1751710390.1949222 1751710415.696368
1751710415.6963995 1751710447.1302083
1751710447.1302335 1751710475.4842074
1751710475.484229 1751710502.8578744
1751710502.8579044 1751710531.95579
1751710531.9558198 1751710562.6121588
1751710562.6121795 1751710589.196551
1751710589.1965785 1751710625.2188036
1751710625.2188237 1751710653.1727495
1751710653.1727762 1751710684.766989
1751710684.7670078 1751710712.5869799
1751710712.5870051 1751710742.7262716
1751710742.726291 1751710773.5234165
1751710773.5234368 1751710809.38089
1751710809.3809159 1751710842.702923
1751710842.7029452 1751710871.4779856
1751710871.4780135 1751710897.8043034
1751710897.804326 1751710917.2879214
1751710917.2879434 1751710944.7409942
1751710944.7410147 1751710970.1540518
1751710970.154072 1751711000.603048
1751711000.603072 1751711027.9580245
1751711027.9580426 1751711056.9078882
1751711056.907911 1751711088.6614132
1751711088.6614327 1751711118.2664192
1751711118.2664382 1751711145.2692277
1751711145.2692516 1751711178.938949
1751711178.938966 1751711215.6681352
1751711215.6681602 1751711250.2742174
1751711250.2742383 1751711286.3473454
1751711286.3473847 1751711309.3268394
1751711309.3268595 1751711341.5165348
1751711341.516555 1751711377.0919824
1751711377.0920074 1751711405.8364484
1751711405.8364658 1751711440.9669328
1751711440.9669561 1751711472.8195488
1751711472.8195744 1751711508.1913517
1751711508.1913757 1751711541.114903
1751711541.1149228 1751711569.831015
1751711569.8310394 1751711599.0024035
1751711599.0024219 1751711629.123878
1751711629.123904 1751711658.209744
1751711658.2097635 1751711692.6931007
1751711692.6931188 1751711721.262215
1751711721.262245 1751711750.9756098
1751711750.9756303 1751711778.9519944
1751711778.952017 1751711805.5948124
1751711805.594842 1751711835.3459232
1751711835.3459444 1751711864.4902256
1751711864.490245 1751711888.0057776
1751711888.0057998 1751711914.146518
1751711914.1465364 1751711940.0979502
1751711940.0979686 1751711966.0758703
1751711966.0758939 1751711989.1649296
1751711989.1649501 1751712016.1815896
1751712016.1816154 1751712043.4619837
1751712043.4620035 1751712070.8417435
1751712070.8417642 1751712095.7681983
1751712095.7682238 1751712123.2669744
1751712123.2669992 1751712155.2061355
1751712155.2061653 1751712179.4088936
1751712179.4089224 1751712204.2174535
1751712204.2174766 1751712230.696668
1751712230.6966903 1751712263.817059
1751712263.8170764 1751712286.3852184
1751712286.385247 1751712314.1298888
1751712314.129915 1751712346.9802785
1751712346.9803061 1751712379.056496
1751712379.0565195 1751712403.8095627
1751712403.8095868 1751712447.3098912
1751712447.309916 1751712483.3720164
1751712483.3720417 1751712520.8809342
1751712520.880959 1751712555.7303457
1751712555.7303705 1751712579.6928258
1751712579.6928453 1751712606.3609865
1751712606.3610134 1751712640.4885702
1751712640.488591 1751712665.4281917
1751712665.4282184 1751712690.6583924
1751712690.6584299 1751712723.2475784
1751712723.2476044 1751712751.1817372
1751712751.1817589 1751712780.3956482
1751712780.395676 1751712807.5969284
1751712807.5969465 1751712840.88383
1751712840.8838737 1751712869.006902
1751712869.0069213 1751712897.0502934
1751712897.0503232 1751712928.29585
1751712928.2958722 1751712954.7177932
1751712954.7178218 1751712985.796253
1751712985.796273 1751713015.1723971
1751713015.172437 1751713038.9853287
1751713038.9853559 1751713071.0520272
1751713071.0520477 1751713101.8276982
1751713101.827723 1751713133.0144432
1751713133.0144646 1751713173.1845827
1751713173.1846037 1751713204.724684
1751713204.724707 1751713235.9118416
1751713235.9118626 1751713264.0889647
1751713264.0889866 1751713289.1998718
1751713289.1998973 1751713320.1360438
1751713320.1360662 1751713349.0291502
1751713349.0291681 1751713379.5300782
1751713379.530104 1751713409.6779635
1751713409.6779897 1751713442.398281
1751713442.3983102 1751713469.261055
1751713469.2610824 1751713501.6309788
1751713501.6309988 1751713534.670728
1751713534.6707516 1751713566.1223924
1751713566.1224108 1751713594.563826
1751713594.5638506 1751713629.1634386
1751713629.16346 1751713661.1676607
1751713661.1676881 1751713691.0643885
1751713691.0644157 1751713722.003635
1751713722.0036526 1751713754.0258038
1751713754.0258298 1751713789.41913
1751713789.4191508 1751713822.6311724
1751713822.6311972 1751713854.6218429
1751713854.6218598 1751713885.5648382
1751713885.5648634 1751713918.6335747
1751713918.633593 1751713947.7179472
1751713947.7179737 1751713977.4558244
1751713977.4558454 1751714004.6820147
1751714004.682043 1751714035.635888
1751714035.6359088 1751714065.856852
1751714065.8568783 1751714094.7310088
1751714094.7310293 1751714125.5087001
1751714125.5087214 1751714158.025434
1751714158.0254564 1751714180.1568863
1751714180.1569083 1751714213.0183098
1751714213.018337 1751714247.1502357
1751714247.150258 1751714278.7167125
1751714278.7167368 1751714316.2025197
1751714316.2025456 1751714340.1510954
1751714340.1511137 1751714374.9546778
1751714374.9547033 1751714401.7815278
1751714401.7815464 1751714439.693883
1751714439.693908 1751714462.0749595
1751714462.0749795 1751714502.4827466
1751714502.482773 1751714534.4108043
1751714534.4108248 1751714566.6727314
1751714566.6727555 1751714598.5494745
1751714598.5495114 1751714629.7640548
1751714629.7640803 1751714663.0582228
1751714663.0582466 1751714697.9261184
1751714697.926144 1751714722.0720756
1751714722.0720992 1751714748.0198362
1751714748.0198612 1751714779.6634905
1751714779.6635113 1751714795.2507277
1751714795.2507508 1751714820.6691918
1751714820.6692135 1751714846.9224508
1751714846.9224708 1751714872.4458807
1751714872.4459052 1751714899.1375618
1751714899.1375818 1751714923.7647643
1751714923.7648134 1751714951.2938085
1751714951.2938268 1751714975.7361753
1751714975.7361953 1751715006.0172493
1751715006.0172722 1751715039.5927696
1751715039.5928001 1751715064.9448993
1751715064.944926 1751715097.064888
1751715097.0649114 1751715121.7203486
1751715121.7203732 1751715148.8132472
1751715148.8132863 1751715175.2389247
1751715175.238946 1751715199.532091
1751715199.532119 1751715227.9373837
1751715227.937407 1751715252.2182014
1751715252.2182293 1751715278.397456
1751715278.3974755 1751715305.988503
1751715305.9885333 1751715326.6748645
1751715326.674883 1751715355.9572299
1751715355.95726 1751715387.163796
1751715387.1638165 1751715411.3322964
1751715411.332326 1751715432.916645
1751715432.9166658 1751715458.766319
1751715458.7663484 1751715486.3884249
1751715486.388447 1751715508.9257472
1751715508.925768 1751715533.3183184
1751715533.3183446 1751715559.6739223
1751715559.6739404 1751715588.1983836
1751715588.1984172 1751715612.7763627
1751715612.776383 1751715642.357227
1751715642.357251 1751715677.1309605
1751715677.130982 1751715698.8221066
1751715698.822125 1751715731.6969175
1751715731.696943 1751715769.0001569
1751715769.0001783 1751715793.810018
1751715793.8100445 1751715824.9159946
1751715824.9160345 1751715848.161591
1751715848.1616166 1751715877.8455746
1751715877.845597 1751715907.0365913
1751715907.0366156 1751715934.2711143
1751715934.2711332 1751715966.3617933
1751715966.3618252 1751716005.9884815
1751716005.9885044 1751716033.2190897
1751716033.2191207 1751716064.9212341
1751716064.9212565 1751716091.6627526
1751716091.6627762 1751716118.4956343
1751716118.4956555 1751716139.1044016
1751716139.104425 1751716167.3521101
1751716167.3521361 1751716197.4944415
1751716197.494465 1751716225.3195827
1751716225.319627 1751716255.6598854
1751716255.6599054 1751716286.0838032
1751716286.0838258 1751716310.6986654
1751716310.6986847 1751716342.0122612
1751716342.0122902 1751716369.4090378
1751716369.4090583 1751716393.1546752
1751716393.1547008 1751716421.3558748
1751716421.355895 1751716453.298797
1751716453.2988198 1751716482.1314547
1751716482.1314847 1751716521.4100084
1751716521.410031 1751716553.7317667
1751716553.7317927 1751716595.4194684
1751716595.4194913 1751716632.7624884
1751716632.7625158 1751716661.379834
1751716661.379858 1751716690.674979
1751716690.6750004 1751716724.7753832
1751716724.7754054 1751716757.6377003
1751716757.6377246 1751716789.3413413
1751716789.341364 1751716824.4859474
1751716824.4859705 1751716858.3498235
1751716858.3498504 1751716880.5748181
1751716880.5748434 1751716914.279957
1751716914.280011 1751716941.7699504
1751716941.7699714 1751716973.1431513
1751716973.1431754 1751717005.7644577
1751717005.7644813 1751717030.476276
1751717030.4762971 1751717059.8694863
1751717059.8695185 1751717087.25091
1751717087.2509315 1751717114.4383008
1751717114.4383283 1751717138.9276829
1751717138.9277055 1751717166.174824
1751717166.1748462 1751717205.1000214
1751717205.100047 1751717229.8080244
1751717229.8080451 1751717258.434385
1751717258.434438 1751717284.6085894
1751717284.6086082 1751717314.8104086
1751717314.8104327 1751717339.0409963
1751717339.041018 1751717368.5061789
1751717368.5061996 1751717390.4241517
1751717390.4241781 1751717420.4694357
1751717420.4694655 1751717444.563617
1751717444.563639 1751717469.670787
1751717469.670811 1751717498.9818873
1751717498.9819105 1751717526.6094553
1751717526.6094806 1751717555.5102062
1751717555.5102303 1751717583.4493594
1751717583.449385 1751717616.8154504
1751717616.8154743 1751717641.4547353
1751717641.4547617 1751717669.3181036
1751717669.318127 1751717698.259704
1751717698.259732 1751717730.3552978
1751717730.355319 1751717758.5480597
1751717758.5480847 1751717786.3359616
1751717786.335986 1751717820.1801016
1751717820.1801262 1751717845.4748616
1751717845.4748807 1751717870.4453757
1751717870.4453979 1751717900.5663695
1751717900.5663939 1751717923.1201382
1751717923.120158 1751717960.8144982
1751717960.8145301 1751717987.369434
1751717987.369453 1751718017.3395386
1751718017.3395576 1751718053.8985384
1751718053.8985643 1751718079.4624236
1751718079.4624448 1751718114.9752219
1751718114.9752443 1751718146.6033757
1751718146.603403 1751718176.119097
1751718176.119133 1751718204.2111723
1751718204.2111933 1751718235.329864
1751718235.3298905 1751718259.2567124
1751718259.2567396 1751718284.1859155
1751718284.185935 1751718308.0300734
1751718308.0300965 1751718336.1046896
1751718336.1047096 1751718366.7990234
1751718366.7990422 1751718396.9290361
1751718396.9290698 1751718421.8794513
1751718421.87947 1751718453.070444
1751718453.07047 1751718487.3652484
1751718487.3652685 1751718527.6043336
1751718527.60436 1751718558.4512787
1751718558.4513 1751718590.9534736
1751718590.9534984 1751718622.2329967
1751718622.2330246 1751718655.1735716
