1751689099.59255 1751689136.727678
1751689136.7276971 1751689157.543862
1751689157.543883 1751689183.9455144
1751689183.9455347 1751689215.522474
1751689215.5224948 1751689239.7525718
1751689239.752596 1751689266.9902635
1751689266.990281 1751689297.4662185
1751689297.4662457 1751689328.3668785
1751689328.3669007 1751689356.2206411
1751689356.2206633 1751689383.743033
1751689383.7430522 1751689405.774224
1751689405.774243 1751689435.7839155
1751689435.783944 1751689471.6805887
1751689471.6806087 1751689500.6318147
1751689500.6318402 1751689528.9916363
1751689528.9916692 1751689557.7907293
1751689557.7907515 1751689587.3841634
1751689587.3841946 1751689617.083449
1751689617.0834725 1751689640.9290035
1751689640.9290278 1751689674.2784665
1751689674.278488 1751689704.5314076
1751689704.531428 1751689728.72551
1751689728.725533 1751689753.2797368
1751689753.2797565 1751689783.254935
1751689783.2549534 1751689822.6219735
1751689822.6219978 1751689845.5374036
1751689845.5374265 1751689872.6662064
1751689872.666225 1751689898.135745
1751689898.135764 1751689927.1161277
1751689927.116152 1751689952.2990623
1751689952.29908 1751689978.5191503
1751689978.5191736 1751690005.41874
1751690005.4187574 1751690032.1418202
1751690032.1418414 1751690058.3149269
1751690058.3149443 1751690091.4109688
1751690091.4109921 1751690124.8384345
1751690124.8384507 1751690149.4775796
1751690149.4776025 1751690186.614968
1751690186.6149888 1751690217.4307098
1751690217.4307306 1751690245.7226458
1751690245.7226644 1751690283.005953
1751690283.0059767 1751690315.8098118
1751690315.8098335 1751690346.6525302
1751690346.6525483 1751690385.4715288
1751690385.4715536 1751690420.413313
1751690420.4133327 1751690452.3211977
1751690452.32122 1751690488.6633353
1751690488.6633523 1751690520.7705624
1751690520.7705853 1751690548.1268172
1751690548.126839 1751690578.743856
1751690578.7438822 1751690609.0314844
1751690609.0315108 1751690638.1610825
1751690638.161102 1751690666.5238411
1751690666.5238588 1751690697.643246
1751690697.6432672 1751690726.8853765
1751690726.885399 1751690764.7702975
1751690764.7703197 1751690795.3598473
1751690795.3598673 1751690827.6909578
1751690827.690981 1751690854.604519
1751690854.6045365 1751690887.0078983
1751690887.0079427 1751690916.4505408
1751690916.4505575 1751690946.223706
1751690946.2237349 1751690980.252171
1751690980.2521956 1751691007.733086
1751691007.7331064 1751691045.2105107
1751691045.2105312 1751691075.9181488
1751691075.9181683 1751691107.808416
1751691107.8084548 1751691135.9491906
1751691135.9492102 1751691167.5990584
1751691167.5990825 1751691207.4624605
1751691207.4624758 1751691231.639732
1751691231.639754 1751691259.1285136
1751691259.1285706 1751691287.7121027
1751691287.7121263 1751691316.9988408
1751691316.998864 1751691353.017403
1751691353.01742 1751691381.5314763
1751691381.5314949 1751691413.295742
1751691413.2957606 1751691437.1393666
1751691437.13939 1751691466.6748633
1751691466.6748872 1751691498.528779
1751691498.5288026 1751691524.3774536
1751691524.3774755 1751691556.0720532
1751691556.0720696 1751691584.6501286
1751691584.650151 1751691610.5656438
1751691610.5656765 1751691639.3660746
1751691639.3661015 1751691659.266204
1751691659.2662225 1751691688.7123165
1751691688.7123368 1751691714.8474665
1751691714.8474844 1751691739.6645923
1751691739.6646156 1751691766.040115
1751691766.040137 1751691791.223739
1751691791.223764 1751691824.054891
1751691824.0549178 1751691853.110592
1751691853.1106298 1751691879.5238051
1751691879.5238276 1751691907.2045074
1751691907.2045298 1751691935.6414986
1751691935.6415248 1751691961.8137908
1751691961.813813 1751691988.8235433
1751691988.8235693 1751692013.479467
1751692013.4794855 1751692039.4589522
1751692039.4589736 1751692070.2421978
1751692070.2422156 1751692102.7936544
1751692102.793677 1751692130.186138
1751692130.186162 1751692158.22364
1751692158.2236645 1751692188.959536
1751692188.959552 1751692214.9538374
1751692214.95386 1751692248.7426815
1751692248.7427003 1751692280.9403093
1751692280.940336 1751692307.9149094
1751692307.9149265 1751692351.0276995
1751692351.027752 1751692384.3486571
1751692384.348679 1751692414.0635166
1751692414.0635376 1751692447.8407123
1751692447.84073 1751692482.1109896
1751692482.1110125 1751692516.9653032
1751692516.9653258 1751692547.6439662
1751692547.643985 1751692580.594251
1751692580.5942671 1751692619.9024742
1751692619.902502 1751692647.8180425
1751692647.8180625 1751692680.846927
1751692680.8469532 1751692723.7377014
1751692723.737719 1751692753.0799353
1751692753.0799599 1751692789.1157131
1751692789.115741 1751692819.5553865
1751692819.5554068 1751692856.0315104
1751692856.03153 1751692888.7090385
1751692888.7090583 1751692924.381249
1751692924.3812706 1751692954.8662214
1751692954.8662379 1751692996.0924017
1751692996.092427 1751693013.3254194
1751693013.325436 1751693047.4961028
1751693047.4961245 1751693078.0116146
1751693078.0116339 1751693107.852463
1751693107.852486 1751693134.86431
1751693134.864326 1751693159.7111833
1751693159.7112067 1751693187.325174
1751693187.32519 1751693212.4240441
1751693212.4240658 1751693240.267899
1751693240.2679152 1751693268.4996321
1751693268.4996524 1751693292.7425954
1751693292.7426147 1751693320.6965787
1751693320.6965978 1751693344.820041
1751693344.8200629 1751693378.966154
1751693378.9661717 1751693405.7873302
1751693405.7873511 1751693429.3745975
1751693429.374615 1751693458.785932
1751693458.7859573 1751693487.4648852
1751693487.464902 1751693517.5499852
1751693517.5500085 1751693543.369124
1751693543.3691416 1751693567.6848297
1751693567.6848564 1751693596.3398325
1751693596.339856 1751693624.7713652
1751693624.7713845 1751693650.3483973
1751693650.3484268 1751693681.1155236
1751693681.115544 1751693707.8836143
1751693707.8836393 1751693736.7417333
1751693736.7417555 1751693760.240297
1751693760.2403152 1751693782.5784805
1751693782.578503 1751693807.0040424
1751693807.0040605 1751693832.3822627
1751693832.3822951 1751693859.447294
1751693859.4473193 1751693888.9518042
1751693888.9518325 1751693914.3780425
1751693914.3780606 1751693943.1271129
1751693943.1271327 1751693970.4709518
1751693970.4709694 1751694003.240099
1751694003.2401228 1751694032.611014
1751694032.6110356 1751694059.2475612
1751694059.247611 1751694096.1499991
1751694096.150021 1751694120.0234356
1751694120.0234525 1751694148.057866
1751694148.0578916 1751694177.5204854
1751694177.5205035 1751694211.2160676
1751694211.2160957 1751694244.344883
1751694244.344902 1751694269.3970919
1751694269.3971198 1751694297.9264865
1751694297.9265041 1751694328.6352952
1751694328.6353137 1751694360.2971065
1751694360.297148 1751694390.6435523
1751694390.6435828 1751694419.7194495
1751694419.7194781 1751694455.8248432
1751694455.824862 1751694482.1751244
1751694482.1751463 1751694520.072876
1751694520.0728931 1751694553.0323334
1751694553.0323615 1751694585.2109582
1751694585.2109787 1751694614.8748388
1751694614.8748608 1751694644.1350603
1751694644.135119 1751694682.5127246
1751694682.512754 1751694716.955706
1751694716.9557204 1751694742.9950647
1751694742.995094 1751694778.689753
1751694778.6897697 1751694805.8050604
1751694805.8050864 1751694839.1885166
1751694839.1885397 1751694864.4513757
1751694864.4514132 1751694893.1875322
1751694893.1875494 1751694924.7953742
1751694924.795403 1751694953.7334714
1751694953.7334929 1751694980.8945317
1751694980.8945642 1751695010.060066
1751695010.0600848 1751695040.7093225
1751695040.7093496 1751695075.461096
1751695075.4611142 1751695096.9433343
1751695096.9433684 1751695124.4253025
1751695124.4253216 1751695157.567192
1751695157.5672152 1751695188.6067424
1751695188.6067607 1751695218.2166123
1751695218.216636 1751695251.138751
1751695251.1387825 1751695283.1959136
1751695283.195943 1751695309.1466906
1751695309.1467087 1751695349.949158
1751695349.9491887 1751695377.9879873
1751695377.9880097 1751695418.9521534
1751695418.9521763 1751695440.8852985
1751695440.8853214 1751695472.3649049
1751695472.364926 1751695510.26912
1751695510.269139 1751695536.4273012
1751695536.427325 1751695569.6924047
1751695569.6924279 1751695599.463629
1751695599.463658 1751695628.2099855
1751695628.2100077 1751695652.2704282
1751695652.270448 1751695695.5003679
1751695695.5004034 1751695718.3452451
1751695718.3452673 1751695745.4618068
1751695745.461824 1751695776.6942947
1751695776.6943219 1751695796.947951
1751695796.9479737 1751695822.1208267
1751695822.1208515 1751695856.7463753
1751695856.746396 1751695885.389739
1751695885.3897693 1751695915.4892356
1751695915.489256 1751695942.454254
1751695942.4542992 1751695969.9050736
1751695969.9050913 1751695998.8222384
1751695998.822263 1751696027.7300677
1751696027.7300856 1751696055.615326
1751696055.61535 1751696078.632178
1751696078.6321998 1751696107.335363
1751696107.3353858 1751696134.4214845
1751696134.421502 1751696161.6942613
1751696161.694285 1751696186.621662
1751696186.6216776 1751696210.632215
1751696210.6322656 1751696235.5936005
1751696235.5936184 1751696261.1123028
1751696261.1123264 1751696285.8327482
1751696285.8327696 1751696314.2421312
1751696314.2421522 1751696338.158941
1751696338.158966 1751696372.7349286
1751696372.7349505 1751696396.6865618
1751696396.6865797 1751696424.9860783
1751696424.9861014 1751696451.4399085
1751696451.4399312 1751696473.8070312
1751696473.8070571 1751696499.9992394
1751696499.9992552 1751696529.0785997
1751696529.078634 1751696556.705195
1751696556.7052112 1751696584.8808086
1751696584.8808355 1751696613.9134681
1751696613.9134917 1751696642.8088913
1751696642.8089266 1751696673.6345663
1751696673.6345856 1751696698.1853032
1751696698.1853194 1751696727.6823533
1751696727.6823764 1751696755.5873678
1751696755.5873866 1751696780.6393914
1751696780.6394134 1751696809.6962733
1751696809.6962945 1751696840.4524817
1751696840.4525027 1751696866.2796998
1751696866.2797346 1751696891.2627664
1751696891.2627835 1751696917.9368196
1751696917.9368463 1751696940.7763896
1751696940.776409 1751696966.9795601
1751696966.9796093 1751696986.536905
1751696986.5369215 1751697013.8390207
1751697013.8390436 1751697035.0794916
1751697035.0795074 1751697067.4406638
1751697067.4406886 1751697094.3599155
1751697094.3599355 1751697120.3177109
1751697120.3177278 1751697150.9003975
1751697150.900427 1751697175.4470148
1751697175.4470427 1751697199.306343
1751697199.3063636 1751697225.880162
1751697225.880191 1751697257.0204496
1751697257.0204687 1751697285.2984135
1751697285.2984362 1751697314.4733493
1751697314.4733741 1751697340.214836
1751697340.2148535 1751697373.5629346
1751697373.5629585 1751697406.1071591
1751697406.107179 1751697440.1016047
1751697440.1016326 1751697471.3727603
1751697471.3727887 1751697507.1764123
1751697507.1764314 1751697540.6008618
1751697540.6008885 1751697572.8907697
1751697572.890787 1751697602.982111
1751697602.9821348 1751697633.8408036
1751697633.8408308 1751697665.416003
1751697665.4160304 1751697688.371913
1751697688.3719335 1751697718.9672031
1751697718.967221 1751697756.5026195
1751697756.502643 1751697794.4737244
1751697794.473745 1751697828.494059
1751697828.4940903 1751697852.5537393
1751697852.5537577 1751697887.3092396
1751697887.3092594 1751697920.632624
1751697920.6326542 1751697955.5061424
1751697955.506164 1751697983.306392
1751697983.3064115 1751698018.7237008
1751698018.7237275 1751698047.8101127
1751698047.8101337 1751698077.8101323
1751698077.8101685 1751698106.971134
1751698106.9711504 1751698139.146112
1751698139.1461358 1751698165.3344038
1751698165.334428 1751698198.1982512
1751698198.1982708 1751698227.4656987
1751698227.465725 1751698259.1316392
1751698259.13166 1751698282.9178307
1751698282.9178545 1751698316.8626153
1751698316.862635 1751698345.7061074
1751698345.7061322 1751698371.9399683
1751698371.9399989 1751698402.724966
1751698402.724985 1751698426.7516825
1751698426.7517042 1751698459.157421
1751698459.1574388 1751698484.2710426
1751698484.2710726 1751698514.3552947
1751698514.3553321 1751698534.580687
1751698534.58071 1751698562.9341626
1751698562.9341848 1751698593.1399868
1751698593.1400087 1751698620.1949666
1751698620.1949878 1751698646.353408
1751698646.3534248 1751698673.1279478
1751698673.1279724 1751698700.5950737
1751698700.5950994 1751698724.0373394
1751698724.0373642 1751698749.896759
1751698749.8967757 1751698778.3269386
1751698778.3269584 1751698807.5802464
1751698807.5802693 1751698835.7393565
1751698835.739388 1751698868.103453
1751698868.1034758 1751698897.5143466
1751698897.5143628 1751698929.262701
1751698929.2627294 1751698964.3184614
1751698964.3184805 1751698999.059602
1751698999.0596418 1751699027.6821923
1751699027.6822095 1751699057.9297636
1751699057.9297848 1751699092.234029
1751699092.234048 1751699119.9964924
1751699119.9965165 1751699158.6098762
1751699158.6098948 1751699197.255818
1751699197.255835 1751699227.6145608
1751699227.6145868 1751699258.6354492
1751699258.6354702 1751699285.1904266
1751699285.1904485 1751699320.6697059
1751699320.6697247 1751699354.7131917
1751699354.7132165 1751699392.5113597
1751699392.5113776 1751699425.0916917
1751699425.0917184 1751699458.4465935
1751699458.446614 1751699495.4376676
1751699495.4376929 1751699531.0537415
1751699531.0537627 1751699567.9601977
1751699567.9602222 1751699595.238554
1751699595.23857 1751699620.6554892
1751699620.6555161 1751699654.0551217
1751699654.0551405 1751699684.9746983
1751699684.9747229 1751699710.7260928
1751699710.726108 1751699738.153273
1751699738.1532998 1751699761.264216
1751699761.2642379 1751699790.1485555
1751699790.148583 1751699819.874593
1751699819.8746111 1751699843.6538692
1751699843.6538904 1751699865.8901765
1751699865.8901942 1751699894.2599394
1751699894.2599766 1751699922.5603595
1751699922.5603833 1751699947.1264951
1751699947.1265252 1751699981.7207572
1751699981.7207792 1751700003.883087
1751700003.8831031 1751700027.1178453
1751700027.1178703 1751700059.6372023
1751700059.6372213 1751700090.0100775
1751700090.0101025 1751700119.5449855
1751700119.545004 1751700153.105102
1751700153.1051266 1751700185.4792593
1751700185.479286 1751700215.7727225
1751700215.772741 1751700239.4488623
1751700239.4488873 1751700266.347712
1751700266.3477314 1751700300.8092716
1751700300.8092952 1751700330.6770918
1751700330.677115 1751700363.531841
1751700363.531863 1751700392.5400221
1751700392.5400438 1751700426.0759184
1751700426.0759542 1751700448.4034383
1751700448.403456 1751700479.6489925
1751700479.6490278 1751700502.017303
1751700502.0173185 1751700530.0902162
1751700530.0902393 1751700555.9195738
1751700555.9195902 1751700584.5603085
1751700584.5603313 1751700618.150679
1751700618.150696 1751700646.8081863
1751700646.8082094 1751700671.2039397
1751700671.2039564 1751700699.2126536
1751700699.2126765 1751700728.7355309
1751700728.735547 1751700760.752083
1751700760.7521079 1751700790.2076108
1751700790.2076259 1751700821.0280528
1751700821.028076 1751700858.6651196
1751700858.665139 1751700893.438707
1751700893.4387326 1751700921.542101
1751700921.542117 1751700956.1908238
1751700956.1908529 1751700989.6298995
1751700989.6299164 1751701020.5345206
1751701020.5345469 1751701053.0901859
1751701053.0902019 1751701081.0249548
1751701081.0249856 1751701111.385078
1751701111.3850968 1751701138.949956
1751701138.9499898 1751701170.9461358
1751701170.9461539 1751701198.6909983
1751701198.6910274 1751701226.83494
1751701226.8349583 1751701257.9891915
1751701257.989215 1751701287.992419
1751701287.9924364 1751701314.800946
1751701314.800968 1751701349.588113
1751701349.588135 1751701374.66511
1751701374.6651273 1751701410.6042416
1751701410.6042645 1751701435.6661239
1751701435.6661556 1751701465.6895213
1751701465.6895475 1751701494.0607138
1751701494.0607302 1751701526.2159157
1751701526.215939 1751701551.858526
1751701551.8585446 1751701582.5639246
1751701582.5639544 1751701609.7438056
1751701609.7438245 1751701642.8662198
1751701642.8662446 1751701668.5988
1751701668.5988214 1751701703.5670261
1751701703.567046 1751701737.5496686
1751701737.549689 1751701778.3354776
1751701778.3355 1751701815.9430304
1751701815.9430637 1751701847.5709445
1751701847.5709643 1751701880.1354985
1751701880.135524 1751701907.805035
1751701907.8050582 1751701937.128123
1751701937.1281455 1751701968.150503
1751701968.150525 1751701998.271367
1751701998.2713902 1751702027.6631732
1751702027.6631913 1751702052.6736863
1751702052.6737256 1751702083.7263865
1751702083.7264016 1751702114.5632997
1751702114.563321 1751702147.511238
1751702147.5112588 1751702180.1504307
1751702180.1504467 1751702215.3666081
1751702215.36663 1751702254.1723256
1751702254.1723487 1751702287.7239394
1751702287.7239556 1751702320.9532955
1751702320.9533172 1751702351.6750402
1751702351.6750617 1751702379.9657817
1751702379.965802 1751702411.666088
1751702411.6661098 1751702438.894462
1751702438.8944778 1751702467.839863
1751702467.8398852 1751702497.054836
1751702497.0548515 1751702527.3517444
1751702527.3517687 1751702558.3763967
1751702558.3764157 1751702590.8024626
1751702590.8024845 1751702622.6000042
1751702622.6000206 1751702652.295323
1751702652.2953453 1751702682.824047
1751702682.8240638 1751702720.0483096
1751702720.0483263 1751702751.784689
1751702751.784709 1751702781.3339107
1751702781.333928 1751702819.8225617
1751702819.822579 1751702850.7191956
1751702850.7192178 1751702881.4988077
1751702881.4988234 1751702914.7513182
1751702914.7513394 1751702946.5533414
1751702946.5533638 1751702978.1175878
1751702978.1176038 1751703008.5823588
1751703008.5823815 1751703040.0639114
1751703040.0639277 1751703071.2055104
1751703071.2055335 1751703104.5624492
1751703104.5624664 1751703135.4982016
1751703135.4982228 1751703168.5589306
1751703168.5589495 1751703199.1852906
1751703199.1853168 1751703231.4791281
1751703231.4791448 1751703262.6750872
1751703262.6751082 1751703290.9910183
1751703290.9910352 1751703318.7025585
1751703318.7025754 1751703350.899975
1751703350.8999972 1751703381.1711211
1751703381.171138 1751703416.3727448
1751703416.3727615 1751703448.6054778
1751703448.6054935 1751703479.3788471
1751703479.3788688 1751703515.5204911
1751703515.520511 1751703547.8119836
1751703547.8120067 1751703585.0464456
1751703585.0464635 1751703619.2610404
1751703619.2610676 1751703650.8568428
1751703650.856871 1751703687.63648
1751703687.6365056 1751703724.0714557
1751703724.0714772 1751703757.797772
1751703757.7977905 1751703786.8651125
1751703786.8651361 1751703820.3418639
1751703820.3418853 1751703857.6975489
1751703857.6975715 1751703889.1326404
1751703889.1326559 1751703920.406058
1751703920.40608 1751703949.6377704
1751703949.6377869 1751703980.7889879
1751703980.7890105 1751704012.7833755
1751704012.783392 1751704045.628807
1751704045.6288276 1751704081.0083504
1751704081.0083685 1751704116.7742965
1751704116.7743125 1751704147.1836915
1751704147.183713 1751704180.1000268
1751704180.100043 1751704222.1890037
1751704222.189027 1751704252.5002747
1751704252.5002952 1751704283.6132336
1751704283.6132565 1751704310.70937
1751704310.709406 1751704345.458062
1751704345.458092 1751704374.658265
1751704374.6582851 1751704402.508976
1751704402.5090003 1751704435.8964972
1751704435.896516 1751704464.1207228
1751704464.1207483 1751704487.43139
1751704487.4314075 1751704518.4783053
1751704518.4783294 1751704540.6220698
1751704540.6220853 1751704568.3551497
1751704568.355167 1751704594.3222995
1751704594.322321 1751704626.6613426
1751704626.6613598 1751704654.4322622
1751704654.4322848 1751704682.2875316
1751704682.2875483 1751704709.1372924
1751704709.137312 1751704738.9223583
1751704738.922378 1751704770.3923254
1751704770.3923435 1751704799.5370154
1751704799.5370438 1751704826.5667326
1751704826.5667517 1751704860.2407882
1751704860.2408104 1751704885.1768534
1751704885.17688 1751704911.0622985
1751704911.062319 1751704940.5032163
1751704940.503242 1751704969.4036374
1751704969.403672 1751705001.7280726
1751705001.7280962 1751705026.188276
1751705026.188299 1751705061.8075037
1751705061.807522 1751705085.8561027
1751705085.8561275 1751705116.7182846
1751705116.7183082 1751705136.1775784
1751705136.1776025 1751705164.0017247
1751705164.001742 1751705189.3286602
1751705189.328682 1751705215.899094
1751705215.8991106 1751705242.6385076
1751705242.638528 1751705275.0689878
1751705275.0690043 1751705317.1726584
1751705317.1726797 1751705347.6701162
1751705347.6701403 1751705378.6400948
1751705378.6401184 1751705415.862734
1751705415.862752 1751705448.415497
1751705448.4155197 1751705480.8209343
1751705480.8209536 1751705518.9860208
1751705518.986045 1751705549.1649663
1751705549.1649861 1751705580.730603
1751705580.7306285 1751705614.9840646
1751705614.984094 1751705649.474383
1751705649.4744112 1751705681.5065958
1751705681.5066197 1751705715.1663063
1751705715.1663296 1751705751.1071112
1751705751.1071303 1751705778.6498437
1751705778.649867 1751705810.7227526
1751705810.7227764 1751705841.9283447
1751705841.9283707 1751705872.1302776
1751705872.1302974 1751705906.7799852
1751705906.7800124 1751705933.993006
1751705933.9930384 1751705971.2928302
1751705971.2928483 1751706000.9438975
1751706000.943924 1751706029.1149669
1751706029.1149886 1751706055.5272684
1751706055.5272923 1751706080.890688
1751706080.8907068 1751706108.43094
1751706108.4309578 1751706135.582045
1751706135.5820699 1751706166.3612995
1751706166.3613157 1751706196.303133
1751706196.3031595 1751706224.4592311
1751706224.4592474 1751706252.688422
1751706252.6884444 1751706280.3112435
1751706280.3112614 1751706313.738116
1751706313.7381415 1751706341.0719965
1751706341.0720143 1751706370.9871497
1751706370.987174 1751706396.8149755
1751706396.8149977 1751706425.927654
1751706425.9276788 1751706458.2371612
1751706458.2371814 1751706491.7925181
1751706491.7925403 1751706521.745753
1751706521.7457747 1751706548.8007357
1751706548.8007534 1751706585.0266151
1751706585.026652 1751706614.0895426
1751706614.0895631 1751706641.8000035
1751706641.8000283 1751706668.0175197
1751706668.0175407 1751706695.9552476
1751706695.9552732 1751706723.1663756
1751706723.1663933 1751706754.0291274
1751706754.0291605 1751706778.7268646
1751706778.7268832 1751706803.2153668
1751706803.215399 1751706828.2647688
1751706828.2647858 1751706852.8389337
1751706852.8389585 1751706883.36949
1751706883.3695135 1751706903.100936
1751706903.1009593 1751706931.3175294
1751706931.3175519 1751706958.0722122
1751706958.072235 1751706984.437675
1751706984.4376962 1751707012.1406736
1751707012.1406956 1751707036.9089959
1751707036.909022 1751707064.5049284
1751707064.5049462 1751707084.147404
1751707084.1474297 1751707112.4145305
1751707112.4145515 1751707139.0948813
1751707139.094909 1751707168.0918717
1751707168.0918906 1751707202.3678226
1751707202.3678477 1751707229.984575
1751707229.984593 1751707256.7737565
1751707256.7737794 1751707291.3632643
1751707291.363288 1751707318.1477432
1751707318.14776 1751707342.347275
1751707342.3472958 1751707372.2158055
1751707372.215825 1751707399.076221
1751707399.0762427 1751707420.694653
1751707420.6946769 1751707452.0984883
1751707452.0985043 1751707475.5630274
1751707475.5630538 1751707500.9632964
1751707500.9633174 1751707524.997899
1751707524.9979248 1751707553.1859467
1751707553.1859658 1751707578.7939782
1751707578.7940035 1751707598.2473216
1751707598.2473392 1751707628.1073
1751707628.107321 1751707664.1789005
1751707664.1789253 1751707691.852655
1751707691.852674 1751707719.0278604
1751707719.0278847 1751707747.6242754
1751707747.6243057 1751707774.996479
1751707774.9965003 1751707803.3448288
1751707803.344849 1751707829.3889575
1751707829.3889759 1751707859.6028306
1751707859.6028488 1751707885.4453185
1751707885.4453535 1751707916.925373
1751707916.9253902 1751707945.7384753
1751707945.7384984 1751707977.7710836
1751707977.7711031 1751708001.6498897
1751708001.6499202 1751708028.96905
1751708028.969069 1751708061.6259224
1751708061.6259406 1751708090.3656359
1751708090.36566 1751708123.1053388
1751708123.1053572 1751708158.605806
1751708158.6058297 1751708186.868197
1751708186.8682156 1751708214.0689769
1751708214.068999 1751708248.4805021
1751708248.4805274 1751708276.9591017
1751708276.9591227 1751708303.512252
1751708303.5122733 1751708336.0801668
1751708336.0801892 1751708359.1679428
1751708359.1679657 1751708391.5118287
1751708391.511854 1751708415.7714584
1751708415.7714748 1751708445.8991537
1751708445.8991752 1751708468.3717544
1751708468.3717737 1751708493.6469405
1751708493.6469607 1751708518.1621025
1751708518.16214 1751708546.5801115
1751708546.5801365 1751708573.4070332
1751708573.407049 1751708601.5853345
1751708601.585365 1751708625.3848796
1751708625.3848987 1751708657.090269
1751708657.0902908 1751708683.4869986
1751708683.4870164 1751708712.6431954
1751708712.6432185 1751708740.4591374
1751708740.459155 1751708772.2046773
1751708772.2046971 1751708800.4631193
1751708800.4631429 1751708827.073188
1751708827.073208 1751708850.0462456
1751708850.0462687 1751708880.269834
1751708880.2698495 1751708911.4758954
1751708911.4759138 1751708943.2486649
1751708943.248689 1751708975.8490818
1751708975.8491116 1751709006.537905
1751709006.5379329 1751709035.7622156
1751709035.7622333 1751709068.408361
1751709068.408388 1751709097.0560396
1751709097.0560653 1751709125.4239562
1751709125.4239776 1751709156.0366225
1751709156.0366504 1751709176.9148097
1751709176.914827 1751709206.7394938
1751709206.7395203 1751709235.8169844
1751709235.8170009 1751709263.540668
1751709263.5406888 1751709285.416158
1751709285.4161787 1751709311.7029848
1751709311.7030058 1751709337.3321924
1751709337.3322182 1751709363.572961
1751709363.572978 1751709388.8853788
1751709388.8854184 1751709412.5701509
1751709412.5701706 1751709439.164072
1751709439.1641061 1751709471.5209093
1751709471.5209355 1751709499.6749356
1751709499.674952 1751709525.7833183
1751709525.7833502 1751709556.347227
1751709556.3472488 1751709586.4531295
1751709586.4531515 1751709626.3779435
1751709626.3779635 1751709657.7318623
1751709657.7318878 1751709688.9918194
1751709688.9918368 1751709719.442844
1751709719.4428675 1751709751.746067
1751709751.7460878 1751709783.7120628
1751709783.7120879 1751709818.4391623
1751709818.4391854 1751709844.03058
1751709844.0305958 1751709891.583175
1751709891.5831995 1751709920.7100616
1751709920.7100794 1751709948.8665729
1751709948.8666 1751709977.4927096
1751709977.492731 1751710005.5407987
1751710005.5408235 1751710034.20826
1751710034.2082877 1751710061.694171
1751710061.6941907 1751710089.1257598
1751710089.1257868 1751710113.3008392
1751710113.300866 1751710138.7063367
1751710138.706357 1751710165.521363
1751710165.5213888 1751710188.6158483
1751710188.6158712 1751710213.8460608
1751710213.8460844 1751710237.6822379
1751710237.6822631 1751710263.0227895
1751710263.0228083 1751710292.372774
1751710292.3728015 1751710322.3819866
1751710322.3820045 1751710354.6383297
1751710354.6383502 1751710383.6297472
1751710383.6297653 1751710410.3224142
1751710410.322431 1751710440.4955475
1751710440.495576 1751710469.5893693
1751710469.589386 1751710501.0063186
1751710501.0063376 1751710532.8222535
1751710532.822295 1751710558.1020253
1751710558.1020434 1751710587.7745748
1751710587.7746015 1751710624.5119305
1751710624.5119479 1751710656.6863685
1751710656.686387 1751710691.2358096
1751710691.2358341 1751710719.5381444
1751710719.538162 1751710747.6354692
1751710747.6354947 1751710775.8495421
1751710775.849565 1751710815.7340345
1751710815.7340558 1751710844.4030256
1751710844.4030433 1751710876.0940766
1751710876.094101 1751710902.254169
1751710902.2541854 1751710927.7111259
1751710927.7111478 1751710956.8209581
1751710956.8209817 1751710981.570128
1751710981.570146 1751711010.9861035
1751711010.9861255 1751711039.136033
1751711039.1360521 1751711072.1013234
1751711072.1013446 1751711094.9492946
1751711094.9493163 1751711130.290258
1751711130.2902756 1751711157.0360978
1751711157.036121 1751711186.1162798
1751711186.1162996 1751711221.0557046
1751711221.0557323 1751711248.2781646
1751711248.27818 1751711284.942911
1751711284.942942 1751711312.8619032
1751711312.8619223 1751711347.423812
1751711347.423843 1751711383.3877537
1751711383.3877752 1751711408.4284964
1751711408.428519 1751711444.0990396
1751711444.0990589 1751711475.473987
1751711475.4740057 1751711513.9385252
1751711513.9385464 1751711549.8734164
1751711549.8734396 1751711581.1151168
1751711581.1151423 1751711604.8240714
1751711604.8240895 1751711635.9483504
1751711635.9483798 1751711667.8948178
1751711667.894835 1751711700.637621
1751711700.637663 1751711730.2071369
1751711730.2071688 1751711760.5982556
1751711760.598282 1751711785.8749933
1751711785.8750134 1751711808.6780767
1751711808.678094 1751711841.748359
1751711841.748389 1751711869.9633062
1751711869.9633574 1751711894.0418215
1751711894.0418441 1751711923.296478
1751711923.2965007 1751711948.363929
1751711948.3639464 1751711975.1772056
1751711975.1772265 1751711991.8084962
1751711991.8085337 1751712018.7030232
1751712018.7030437 1751712045.3938732
1751712045.3938954 1751712072.7404208
1751712072.7404432 1751712097.8594782
1751712097.8594966 1751712127.1810486
1751712127.1810758 1751712151.2385957
1751712151.2386136 1751712178.594678
1751712178.5947013 1751712202.6693766
1751712202.6693962 1751712229.1662898
1751712229.1663122 1751712258.7729025
1751712258.772928 1751712284.5920854
1751712284.5921192 1751712314.987281
1751712314.987296 1751712347.5391066
1751712347.5391283 1751712374.0385897
1751712374.038612 1751712414.6419177
1751712414.641938 1751712453.7647617
1751712453.7647853 1751712480.071383
1751712480.071402 1751712519.9322445
1751712519.9322615 1751712548.424709
1751712548.4247348 1751712576.50701
1751712576.5070267 1751712605.8149993
1751712605.8150234 1751712636.2709491
1751712636.2709672 1751712661.5007222
1751712661.5007393 1751712690.136642
1751712690.1366625 1751712724.6223202
1751712724.622343 1751712752.3993893
1751712752.3994133 1751712776.9716148
1751712776.9716432 1751712808.8294835
1751712808.8295205 1751712837.8728783
1751712837.872901 1751712867.7207177
1751712867.7207372 1751712896.895967
1751712896.895987 1751712925.8902962
1751712925.8903213 1751712954.9171486
1751712954.917168 1751712986.374468
1751712986.3744943 1751713014.332629
1751713014.332647 1751713040.6174111
1751713040.6174338 1751713071.5726728
1751713071.5726907 1751713103.5517616
1751713103.5517879 1751713133.6367488
1751713133.6367652 1751713176.7790627
1751713176.7790864 1751713213.2720442
1751713213.2720664 1751713240.6387875
1751713240.638812 1751713268.8217826
1751713268.8218007 1751713293.967344
1751713293.967372 1751713324.9686394
1751713324.9686599 1751713354.8124454
1751713354.8124657 1751713383.269185
1751713383.2692106 1751713410.9077213
1751713410.907747 1751713442.2256594
1751713442.2256818 1751713474.7230163
1751713474.7230368 1751713506.801361
1751713506.8013825 1751713539.8349617
1751713539.834989 1751713573.2159784
1751713573.2159967 1751713601.7339077
1751713601.7339385 1751713629.3586814
1751713629.3587017 1751713661.3587554
1751713661.3587732 1751713696.406093
1751713696.4061403 1751713728.7996745
1751713728.7996964 1751713758.274043
1751713758.2740703 1751713786.4637287
1751713786.4637454 1751713822.8529763
1751713822.8529992 1751713855.960848
1751713855.9608722 1751713881.3699157
1751713881.3699389 1751713915.250085
1751713915.2501113 1751713944.9048204
1751713944.9048374 1751713973.2071111
1751713973.2071347 1751714005.5705254
1751714005.570545 1751714043.2137144
1751714043.2137356 1751714073.6834555
1751714073.683474 1751714096.095226
1751714096.0952463 1751714130.0346599
1751714130.034683 1751714154.546946
1751714154.5469747 1751714179.12873
1751714179.1287596 1751714215.9560077
1751714215.9560301 1751714247.3642585
1751714247.3642757 1751714280.6036234
1751714280.6036491 1751714313.6984043
1751714313.6984227 1751714342.008177
1751714342.0082133 1751714376.4908178
1751714376.4908361 1751714405.6699705
1751714405.669993 1751714431.5649488
1751714431.5649674 1751714467.3353493
1751714467.3353674 1751714498.5600686
1751714498.560093 1751714530.044491
1751714530.044509 1751714564.7598999
1751714564.7599247 1751714589.4746828
1751714589.4747007 1751714632.4927301
1751714632.4927506 1751714659.3717952
1751714659.3718197 1751714698.3577778
1751714698.3578002 1751714730.744114
1751714730.7441344 1751714749.3430471
1751714749.3430755 1751714773.460557
1751714773.4605749 1751714800.6251295
1751714800.6251578 1751714825.9515426
1751714825.951604 1751714852.3867815
1751714852.3868039 1751714878.557747
1751714878.5577655 1751714905.10961
1751714905.109636 1751714929.4657042
1751714929.4657202 1751714957.4480553
1751714957.4480808 1751714981.5346417
1751714981.5346603 1751715008.680324
1751715008.6803432 1751715043.0757613
1751715043.075796 1751715070.9477944
1751715070.9478137 1751715098.6502476
1751715098.6502745 1751715125.951023
1751715125.9510431 1751715149.1751437
1751715149.1751661 1751715169.0863857
1751715169.086404 1751715196.4303784
1751715196.4303963 1751715223.527301
1751715223.5273244 1751715249.3649077
1751715249.3649254 1751715273.3242471
1751715273.3242722 1751715303.076987
1751715303.077007 1751715326.2744043
1751715326.2744248 1751715352.7178705
1751715352.7178874 1751715377.5917542
1751715377.5917718 1751715406.7784743
1751715406.7784965 1751715432.3696017
1751715432.3696222 1751715456.7049725
1751715456.7049947 1751715482.5709326
1751715482.570955 1751715505.7891345
1751715505.7891502 1751715537.3834953
1751715537.3835168 1751715565.198577
1751715565.1985974 1751715593.4997776
1751715593.4998016 1751715620.533821
1751715620.53384 1751715647.3102164
1751715647.3102412 1751715679.2121725
1751715679.2121959 1751715703.4367592
1751715703.4367807 1751715733.468044
1751715733.468071 1751715763.3317993
1751715763.3318198 1751715791.6123784
1751715791.6124034 1751715822.5144527
1751715822.5144725 1751715848.2537484
1751715848.2537653 1751715877.9733307
1751715877.9733517 1751715905.1841254
1751715905.1841476 1751715932.5209985
1751715932.521016 1751715963.4668953
1751715963.4669182 1751716003.722745
1751716003.7227666 1751716029.4431252
1751716029.4431431 1751716057.8064175
1751716057.8064358 1751716085.6006987
1751716085.6007254 1751716113.2040043
1751716113.2040226 1751716136.7158275
1751716136.7158492 1751716168.0475485
1751716168.047626 1751716194.5180557
1751716194.518077 1751716222.4951026
1751716222.495126 1751716251.6753888
1751716251.675412 1751716281.5218937
1751716281.5219145 1751716312.712189
1751716312.7122061 1751716339.865241
1751716339.8652613 1751716366.092041
1751716366.0920641 1751716389.9134872
1751716389.9135134 1751716416.4177547
1751716416.4177713 1751716449.2408824
1751716449.2409062 1751716480.7924495
1751716480.7924674 1751716515.6374154
1751716515.6374385 1751716550.7127736
1751716550.7128034 1751716588.6600647
1751716588.660086 1751716628.8932676
1751716628.8932874 1751716660.9488108
1751716660.948828 1751716693.402653
1751716693.4026766 1751716725.3840604
1751716725.3840795 1751716761.6342776
1751716761.634295 1751716791.7307436
1751716791.7307687 1751716821.7137952
1751716821.7138135 1751716856.3901966
1751716856.3902187 1751716887.9648256
1751716887.9648433 1751716916.6982548
1751716916.698279 1751716949.3036633
1751716949.3036819 1751716979.332525
1751716979.3325517 1751717007.405895
1751717007.4059227 1751717038.979927
1751717038.9799452 1751717063.6157887
1751717063.6158147 1751717089.186568
1751717089.186585 1751717117.4901502
1751717117.4901736 1751717148.94028
1751717148.9402966 1751717171.3025992
1751717171.3026204 1751717208.166147
1751717208.1661646 1751717235.9082558
1751717235.9082801 1751717263.2410123
1751717263.241032 1751717294.00059
1751717294.000609 1751717320.5320082
1751717320.5320334 1751717346.5531623
1751717346.55318 1751717375.7221477
1751717375.7221704 1751717396.4200702
1751717396.4200933 1751717426.818815
1751717426.818835 1751717453.4790537
1751717453.4790711 1751717480.909646
1751717480.9096675 1751717501.3101392
1751717501.3101604 1751717524.74235
1751717524.7423718 1751717558.7808952
1751717558.780913 1751717583.220056
1751717583.2200816 1751717615.924851
1751717615.9248738 1751717638.3111293
1751717638.311148 1751717667.4092193
1751717667.4092414 1751717696.0908303
1751717696.090854 1751717726.8792622
1751717726.8792853 1751717758.4591594
1751717758.459182 1751717786.5081964
1751717786.5082173 1751717815.741179
1751717815.7412014 1751717841.2091155
1751717841.2091365 1751717872.036065
1751717872.0360868 1751717902.0882897
1751717902.088312 1751717927.086687
1751717927.0867023 1751717963.9482553
1751717963.948281 1751717996.6050448
1751717996.6050632 1751718028.5328968
1751718028.532919 1751718055.0089645
1751718055.008985 1751718085.156481
1751718085.156504 1751718123.3712554
1751718123.371271 1751718146.6351328
1751718146.6351564 1751718173.928861
1751718173.928887 1751718207.2954366
1751718207.2954655 1751718237.707406
1751718237.707425 1751718266.334944
1751718266.3349655 1751718285.9830964
1751718285.983128 1751718310.237574
1751718310.2375917 1751718340.2342167
1751718340.2342393 1751718370.7485726
1751718370.7485943 1751718404.6407607
1751718404.6407804 1751718428.2489834
1751718428.2490013 1751718454.7944512
1751718454.79448 1751718489.4333627
1751718489.4333868 1751718530.3880277
1751718530.388051 1751718558.6409247
1751718558.6409447 1751718592.636336
1751718592.636365 1751718622.7747173
1751718622.774737 1751718654.1250432
