1766122125.6537988 1766122746.9025989
1766122756.9127533 1766123294.3533933
1766123296.35546 1766123573.6855104
1766123578.6905956 1766124295.4508274
1766124296.4519293 1766124880.1596856
1766124881.1607504 1766125250.7296083
1766125260.739702 1766126025.9031541
1766126034.9035006 1766126359.6881294
1766126367.696214 1766126897.238228
1766126898.2392962 1766127550.3977935
1766127553.399452 1766128159.4219751
1766128169.432105 1766128814.3185904
1766128817.3216736 1766129233.9386227
1766129237.9388893 1766129860.1360297
1766129862.1381154 1766130365.455014
1766130375.4650972 1766130739.1090932
1766130743.1131878 1766131388.5086498
1766131393.5137324 1766131980.1868584
1766131990.196952 1766132405.7922602
1766132412.799342 1766132799.7691278
1766132806.7762089 1766133329.3647878
1766133330.3658633 1766133728.5613747
1766133733.5664558 1766134429.8584197
1766134433.8625064 1766135061.4067843
1766135068.4138672 1766135613.9031525
1766135622.9100254 1766135964.3626266
1766135970.3668885 1766136629.3927402
1766136635.3988235 1766136801.646993
1766136806.6520762 1766137630.854205
1766137631.8552804 1766138093.9033074
1766138102.9123905 1766138586.4686024
1766138590.4726903 1766139281.097233
1766139286.1023154 1766139735.619878
1766139745.6299841 1766140220.938008
1766140225.9430847 1766140804.0919342
1766140813.1010368 1766141129.9852777
1766141130.986357 1766141829.3154964
1766141839.3241959 1766142225.0042913
1766142235.0143783 1766142802.5443444
1766142805.5474296 1766143163.9959588
1766143174.006043 1766143858.0810473
1766143862.0851436 1766144350.9467936
1766144353.949875 1766145011.3286164
1766145018.3348966 1766145452.2047715
1766145461.206922 1766146000.4447973
1766146001.44589 1766146639.2537913
1766146642.2568738 1766146932.1854992
1766146941.1945844 1766147722.2491918
1766147726.2495406 1766148014.0451438
1766148016.0468903 1766148668.3704777
1766148670.3725553 1766149220.7429028
1766149227.749991 1766149533.7502713
1766149539.7554858 1766150102.5143516
1766150105.51743 1766150738.9024014
1766150744.9084907 1766151251.0565288
1766151255.060617 1766151698.5626519
1766151706.562782 1766152445.9585085
1766152447.9605849 1766152854.4933395
1766152861.5004334 1766153531.0629432
1766153537.0690262 1766154031.5588188
1766154035.5629094 1766154523.693271
1766154533.7033613 1766155107.1412907
1766155111.1453748 1766155603.9912226
1766155612.9992564 1766156152.180519
1766156153.1816018 1766156654.9089465
1766156655.9100251 1766157189.8761463
1766157195.8822315 1766157779.6329849
1766157780.634071 1766158225.6121774
1766158230.6172686 1766158740.8548114
1766158743.8579116 1766159341.6607635
1766159343.662862 1766159585.416633
1766159593.422874 1766160200.7461054
1766160209.7551937 1766160849.235122
1766160851.2372046 1766161182.2647274
1766161183.2658236 1766161827.4476182
1766161834.4547057 1766162367.205774
1766162373.21186 1766162872.6386175
1766162873.6396952 1766163412.52612
1766163419.5332067 1766163945.6371453
1766163952.6375997 1766164500.3977094
1766164500.3977442 1766164956.2499974
1766164958.252081 1766165412.768633
1766165420.776718 1766166016.1358209
1766166025.138896 1766166642.649061
1766166650.6571574 1766167178.921213
1766167185.9282908 1766167456.3355966
1766167465.3446882 1766168172.166254
1766168179.1733367 1766168703.8588772
1766168703.8589122 1766169008.9501104
1766169014.9548988 1766169809.320779
1766169813.3248603 1766170355.5615172
1766170357.563595 1766171028.245962
1766171037.2550516 1766171524.9611695
1766171529.9662485 1766172109.7590203
1766172118.7681065 1766172632.4995637
1766172632.499598 1766173057.1039913
1766173060.1070735 1766173783.3256197
1766173788.330706 1766174224.779378
1766174232.7874727 1766174679.7301645
1766174682.733258 1766175111.8901927
