1752066343.7592723 1752066377.0212858
1752066377.0213046 1752066411.2923474
1752066411.2923717 1752066439.8877127
1752066439.8877366 1752066468.8275025
1752066468.8275275 1752066498.2362947
1752066498.236319 1752066530.3332453
1752066530.3332665 1752066560.09314
1752066560.0931754 1752066598.12821
1752066598.1282358 1752066631.0029945
1752066631.0030193 1752066654.9992115
1752066654.9992473 1752066681.1401014
1752066681.1401346 1752066711.816974
1752066711.816999 1752066737.814473
1752066737.8144941 1752066764.3803456
1752066764.3803666 1752066805.4090214
1752066805.4090455 1752066837.8464928
1752066837.8465195 1752066864.5789878
1752066864.5790074 1752066891.5046103
1752066891.5046365 1752066928.2130804
1752066928.2130978 1752066945.7500358
1752066945.7500567 1752066985.2680044
1752066985.268031 1752067017.8724298
1752067017.8724487 1752067046.4901497
1752067046.4901762 1752067083.1746397
1752067083.1746576 1752067113.3317392
1752067113.3317664 1752067143.6990666
1752067143.699087 1752067170.3903542
1752067170.3903763 1752067210.1833718
1752067210.1834066 1752067241.2547982
1752067241.2548199 1752067268.5425234
1752067268.5425413 1752067301.3621647
1752067301.3621876 1752067336.039142
1752067336.039162 1752067358.1157813
1752067358.115801 1752067389.3008287
1752067389.3008475 1752067419.5262163
1752067419.5262418 1752067455.4368544
1752067455.4368854 1752067481.140614
1752067481.1406462 1752067505.8397014
1752067505.8397243 1752067545.0090852
1752067545.0091267 1752067562.8462439
1752067562.8462703 1752067586.8408546
1752067586.8408768 1752067608.3118653
1752067608.3118985 1752067647.6754324
1752067647.6754537 1752067674.9237082
1752067674.923733 1752067704.1088512
1752067704.108881 1752067734.2395566
1752067734.239606 1752067764.5610137
1752067764.561043 1752067799.619815
1752067799.619837 1752067836.177667
1752067836.177689 1752067862.0789168
1752067862.078941 1752067897.3938231
1752067897.3938465 1752067925.9760945
1752067925.9761236 1752067954.5686283
1752067954.5686526 1752067975.1394577
1752067975.1394768 1752068011.668417
1752068011.6684444 1752068040.188349
1752068040.1883736 1752068073.5019772
1752068073.50201 1752068108.1230633
1752068108.1230886 1752068134.1078985
1752068134.1079257 1752068164.663613
1752068164.66364 1752068196.394909
1752068196.3949301 1752068220.091005
1752068220.0910385 1752068252.551012
1752068252.5510352 1752068276.5593677
1752068276.5593946 1752068305.0535371
1752068305.053562 1752068335.483635
1752068335.4836574 1752068365.123806
1752068365.1238334 1752068393.273231
1752068393.2732534 1752068424.1489503
1752068424.1489768 1752068453.110725
1752068453.1107504 1752068477.384497
1752068477.3845255 1752068506.1457026
1752068506.14573 1752068535.591378
1752068535.5914006 1752068564.3856986
1752068564.3857276 1752068600.1506577
1752068600.150681 1752068628.9225242
1752068628.9225533 1752068654.7523243
1752068654.7523487 1752068684.5202348
1752068684.5202615 1752068722.6453662
1752068722.6453886 1752068754.5477464
1752068754.5477755 1752068787.2089493
1752068787.2089703 1752068812.642337
1752068812.6423628 1752068849.2398188
1752068849.2398417 1752068875.4446418
1752068875.4446692 1752068898.2593188
1752068898.2593439 1752068944.273762
1752068944.273784 1752068976.932827
1752068976.9328525 1752069005.8766592
1752069005.8766842 1752069034.4452114
1752069034.4452422 1752069060.8069768
1752069060.8070056 1752069096.0653985
1752069096.0654213 1752069121.9469178
1752069121.9469428 1752069160.1338289
1752069160.1338508 1752069181.9355679
1752069181.9356046 1752069230.4436667
1752069230.443701 1752069253.9307237
1752069253.930747 1752069279.5235915
1752069279.5236208 1752069310.607461
1752069310.6074817 1752069332.887131
1752069332.8871539 1752069359.81597
1752069359.8159938 1752069392.234561
1752069392.234582 1752069420.9216201
1752069420.9216459 1752069453.9370012
1752069453.9370244 1752069480.14976
1752069480.1497798 1752069509.841339
1752069509.841365 1752069540.5956533
1752069540.5956752 1752069565.2662761
1752069565.2663076 1752069602.243818
1752069602.2438412 1752069619.6490843
1752069619.6491113 1752069659.2793465
1752069659.2793689 1752069690.3169658
1752069690.3169913 1752069715.114446
1752069715.1144655 1752069750.855158
1752069750.8551862 1752069773.0392945
1752069773.0393288 1752069809.1645937
1752069809.164622 1752069835.8349626
1752069835.8349879 1752069860.4806848
1752069860.480708 1752069897.4538732
1752069897.4538977 1752069933.5359356
1752069933.535957 1752069964.304684
1752069964.3047087 1752069983.9384165
1752069983.9384382 1752070035.6776328
1752070035.677657 1752070060.2555017
1752070060.255531 1752070094.3688977
1752070094.3689198 1752070130.446215
1752070130.4462404 1752070151.3800585
1752070151.3800824 1752070172.9850848
1752070172.985112 1752070202.9590366
1752070202.959061 1752070238.4193246
1752070238.4193463 1752070263.0654392
1752070263.065464 1752070291.9972615
1752070291.9972851 1752070328.0504897
1752070328.0505085 1752070344.8706346
1752070344.8706605 1752070380.3098407
1752070380.3098636 1752070401.0951161
1752070401.095141 1752070424.426117
1752070424.4261382 1752070455.9338243
1752070455.9338562 1752070487.34676
1752070487.3467834 1752070519.9857013
1752070519.9857213 1752070558.0436656
1752070558.0436924 1752070588.869621
1752070588.8696415 1752070626.6425626
1752070626.6425815 1752070647.0081077
1752070647.0081375 1752070674.2294211
1752070674.2294433 1752070703.1678798
1752070703.1679087 1752070728.650497
1752070728.6505182 1752070756.9469616
1752070756.946988 1752070785.2001605
1752070785.2001832 1752070812.574429
1752070812.5744596 1752070842.1637752
1752070842.1638017 1752070872.0119743
1752070872.0120068 1752070894.9526017
1752070894.9526203 1752070945.6246011
1752070945.6246293 1752070976.787394
1752070976.7874146 1752071008.5156271
1752071008.5156512 1752071041.860504
1752071041.8605297 1752071079.7254598
1752071079.7254858 1752071114.0748203
1752071114.0748394 1752071139.61472
1752071139.6147454 1752071175.4040685
1752071175.4040964 1752071202.2851856
1752071202.2852063 1752071241.1615834
1752071241.1616106 1752071275.0479498
1752071275.0479832 1752071308.5038025
1752071308.5038295 1752071333.821905
1752071333.8219283 1752071373.4785998
1752071373.4786246 1752071398.08716
1752071398.0871809 1752071425.3190603
1752071425.3190799 1752071463.1587465
1752071463.1587713 1752071484.9861546
1752071484.9861808 1752071506.6543937
1752071506.6544201 1752071537.0642116
1752071537.064233 1752071558.6809466
1752071558.6809723 1752071601.5908275
1752071601.5908473 1752071634.3431554
1752071634.3431783 1752071657.8703122
1752071657.8703437 1752071692.3130443
1752071692.3130658 1752071716.4761126
1752071716.4761407 1752071754.773272
1752071754.7733004 1752071782.6750555
1752071782.6750746 1752071821.5478752
1752071821.5479183 1752071840.8009763
1752071840.8009982 1752071868.381893
1752071868.3819122 1752071893.952144
1752071893.9521697 1752071938.9073348
1752071938.9073544 1752071970.440297
1752071970.4403298 1752071999.700213
1752071999.7002335 1752072030.535458
1752072030.5354795 1752072057.1030376
1752072057.1030667 1752072098.3312726
1752072098.3313067 1752072127.227814
1752072127.2278388 1752072148.3581128
1752072148.3581364 1752072173.4167495
1752072173.4167821 1752072207.8654087
1752072207.8654284 1752072232.3153985
1752072232.3154294 1752072271.596492
1752072271.596512 1752072302.4572625
1752072302.4572902 1752072329.738856
1752072329.7388783 1752072360.9463177
1752072360.9463391 1752072391.3389754
1752072391.3390014 1752072421.4632545
1752072421.463279 1752072448.0238705
1752072448.0239012 1752072478.6911693
1752072478.6911929 1752072508.2212386
1752072508.22126 1752072528.8762095
1752072528.8762364 1752072567.1638157
1752072567.1638365 1752072592.5836186
1752072592.5836482 1752072617.9212575
1752072617.921281 1752072641.7316487
1752072641.731669 1752072676.481587
1752072676.4816236 1752072706.9761796
1752072706.976204 1752072746.8611124
1752072746.861136 1752072768.5553992
1752072768.5554283 1752072797.8336778
1752072797.8337016 1752072825.8169465
1752072825.8169687 1752072856.6246705
1752072856.6246986 1752072890.564336
1752072890.5643582 1752072916.3302329
1752072916.3302622 1752072943.6013844
1752072943.6014059 1752072972.2193048
1752072972.2193363 1752072999.6147947
1752072999.614815 1752073030.9305248
1752073030.9305496 1752073064.395541
1752073064.395579 1752073091.1201735
1752073091.1202059 1752073117.6386244
1752073117.6386452 1752073153.5996366
1752073153.5996644 1752073178.0418208
1752073178.0418406 1752073203.5405614
1752073203.5405838 1752073234.6695604
1752073234.6695921 1752073254.8176663
1752073254.8176844 1752073281.9228988
1752073281.922924 1752073314.1797376
1752073314.1797638 1752073346.0486834
1752073346.0487056 1752073367.8065798
1752073367.8066113 1752073390.944129
1752073390.944154 1752073416.5183036
1752073416.5183244 1752073449.3743436
1752073449.3743722 1752073484.6329887
1752073484.633014 1752073507.2372313
1752073507.2372563 1752073540.1628096
1752073540.1628337 1752073562.440522
1752073562.4405541 1752073590.839107
1752073590.8391266 1752073619.5156121
1752073619.5156362 1752073655.8888671
1752073655.8888938 1752073690.4912403
1752073690.49126 1752073721.4603517
1752073721.460378 1752073751.187507
1752073751.1875284 1752073779.1651316
1752073779.1651564 1752073814.5650513
1752073814.5650775 1752073846.0046809
1752073846.0047019 1752073879.4499795
1752073879.4500034 1752073912.2626936
1752073912.2627192 1752073935.441476
1752073935.4414968 1752073966.093809
1752073966.0938575 1752073988.3321543
1752073988.3321805 1752074011.5639665
1752074011.5639884 1752074038.001601
1752074038.0016253 1752074069.9889686
1752074069.988995 1752074097.2888446
1752074097.288871 1752074128.1554294
1752074128.1554558 1752074155.499553
1752074155.499588 1752074184.7870145
1752074184.787034 1752074221.886328
1752074221.886356 1752074238.2892814
1752074238.2893012 1752074266.4949286
1752074266.4949558 1752074293.8661249
1752074293.8661454 1752074323.6241846
1752074323.624214 1752074355.0208406
1752074355.0208619 1752074390.1053994
1752074390.105419 1752074418.3862987
1752074418.3863268 1752074444.3994787
1752074444.3995044 1752074470.1071117
1752074470.1071384 1752074497.1525908
1752074497.1526146 1752074513.273536
1752074513.2735565 1752074547.150434
1752074547.1504593 1752074583.111382
1752074583.1114023 1752074608.684454
1752074608.6844823 1752074643.3104658
1752074643.3104877 1752074671.612316
1752074671.6123412 1752074715.079638
1752074715.0796597 1752074759.042524
1752074759.0425515 1752074781.441501
1752074781.4415221 1752074814.8103337
1752074814.810357 1752074848.3930714
1752074848.393101 1752074881.8164794
1752074881.8165007 1752074916.2709386
1752074916.2709641 1752074943.0191917
1752074943.019215 1752074975.1076894
1752074975.107713 1752075002.6035328
1752075002.6035593 1752075024.7639205
1752075024.7639456 1752075060.5037622
1752075060.5037873 1752075093.0674686
1752075093.0674946 1752075119.8767326
1752075119.8767524 1752075145.68922
1752075145.689241 1752075188.9988003
1752075188.9988253 1752075217.8707194
1752075217.8707454 1752075245.1887517
1752075245.188774 1752075282.792581
1752075282.7926083 1752075297.0056238
1752075297.005646 1752075330.6701617
1752075330.670188 1752075374.297882
1752075374.297902 1752075391.0173333
1752075391.0173957 1752075418.0942698
1752075418.0942924 1752075445.6155083
1752075445.6155362 1752075489.4348447
1752075489.4348722 1752075516.3641584
1752075516.3641818 1752075537.9341247
1752075537.9341512 1752075564.2485595
1752075564.2485805 1752075596.6645596
1752075596.6645894 1752075623.6796517
1752075623.6796749 1752075651.2808228
1752075651.280847 1752075676.0538535
1752075676.05388 1752075716.4743268
1752075716.4743495 1752075741.5472395
1752075741.547269 1752075772.3412437
1752075772.3412664 1752075796.2204063
1752075796.2204587 1752075821.0695565
1752075821.0695808 1752075862.0009623
1752075862.0009825 1752075879.559588
1752075879.5596197 1752075906.2600558
1752075906.2600777 1752075941.9550734
1752075941.955095 1752075970.6069982
1752075970.6070209 1752076001.2853973
1752076001.2854176 1752076037.2842917
1752076037.2843168 1752076053.1711407
1752076053.1711614 1752076086.6821556
1752076086.6821814 1752076109.8778553
1752076109.8778746 1752076149.1497357
1752076149.1497715 1752076186.825349
1752076186.8253696 1752076208.0170605
1752076208.0170898 1752076237.6253507
1752076237.6253777 1752076271.273656
1752076271.273675 1752076294.9023323
1752076294.9023647 1752076319.807295
1752076319.8073206 1752076352.8620813
1752076352.8621054 1752076376.9766028
1752076376.976628 1752076403.7064462
1752076403.7064683 1752076442.48024
1752076442.480267 1752076470.7864573
1752076470.7864785 1752076499.3779058
1752076499.377935 1752076531.2149642
1752076531.214985 1752076562.4115067
1752076562.4115283 1752076600.547449
1752076600.5474815 1752076611.369771
1752076611.3697908 1752076643.8316483
1752076643.831705 1752076670.968871
1752076670.968901 1752076702.4346921
1752076702.4347124 1752076729.3487742
1752076729.3487978 1752076761.7506933
1752076761.750724 1752076790.3439937
1752076790.3440182 1752076824.1407886
1752076824.1408253 1752076849.7109535
1752076849.7109828 1752076885.3850317
1752076885.3850527 1752076906.356822
1752076906.3568423 1752076940.4769561
1752076940.4769948 1752076973.5263584
1752076973.526383 1752077004.5516183
1752077004.5516458 1752077039.8622453
1752077039.8622751 1752077073.8824449
1752077073.8824668 1752077098.3228605
1752077098.3228848 1752077125.146589
1752077125.1466086 1752077150.3126934
1752077150.3127217 1752077186.728737
1752077186.7287629 1752077218.988999
1752077218.9890223 1752077244.7860892
1752077244.786115 1752077280.7384841
1752077280.7385046 1752077314.321345
1752077314.3213744 1752077347.1425297
1752077347.142568 1752077376.9558046
1752077376.9558368 1752077399.9269843
1752077399.9270113 1752077431.8776217
1752077431.8776438 1752077465.249378
1752077465.2494125 1752077494.2025604
1752077494.2025828 1752077533.8055716
1752077533.8056052 1752077565.738822
1752077565.73886 1752077595.3706255
1752077595.370647 1752077630.1729753
1752077630.1730008 1752077642.99291
1752077642.9929297 1752077680.298306
1752077680.2983322 1752077707.602205
1752077707.6022277 1752077737.0366135
1752077737.0366356 1752077763.2705977
1752077763.270627 1752077784.6085134
1752077784.6085331 1752077815.6668334
1752077815.666875 1752077842.4190042
1752077842.4190266 1752077868.9945214
1752077868.9945428 1752077891.0072021
1752077891.0072236 1752077931.535845
1752077931.5358727 1752077959.3099597
1752077959.3099806 1752077991.463615
1752077991.463645 1752078014.7426276
1752078014.7426488 1752078047.5734496
1752078047.5734763 1752078073.8427787
1752078073.8428023 1752078100.1353312
1752078100.135352 1752078135.46603
1752078135.4660628 1752078170.4839659
1752078170.483988 1752078215.6829958
1752078215.6830242 1752078244.4944599
1752078244.4944818 1752078273.284482
1752078273.2845185 1752078308.6775007
1752078308.6775243 1752078340.630153
1752078340.6301744 1752078375.012563
1752078375.0125916 1752078407.9839768
1752078407.9840033 1752078430.0106452
1752078430.0106652 1752078473.654492
1752078473.6545224 1752078497.4370012
1752078497.4370213 1752078534.6142075
1752078534.6142333 1752078552.9749568
1752078552.9749756 1752078581.239308
1752078581.2393286 1752078610.79911
1752078610.799138 1752078638.9147916
1752078638.9148145 1752078679.860156
1752078679.860184 1752078690.90027
1752078690.9002905 1752078730.6912365
1752078730.691259 1752078765.7008922
1752078765.7009194 1752078792.7302256
1752078792.7302456 1752078816.1592877
1752078816.1593113 1752078849.025502
1752078849.0255225 1752078893.7172613
1752078893.7172818 1752078926.061847
1752078926.061869 1752078955.172955
1752078955.172981 1752078980.6680062
1752078980.6680305 1752079017.118818
1752079017.1188462 1752079043.4973583
1752079043.4973867 1752079066.947961
1752079066.9479825 1752079096.753381
1752079096.7534218 1752079128.0937972
1752079128.0938203 1752079160.1340706
1752079160.1340952 1752079181.607998
1752079181.6080241 1752079208.8309767
1752079208.8310018 1752079236.7044864
1752079236.7045097 1752079270.2205775
1752079270.2206042 1752079300.4721377
1752079300.4721625 1752079337.9248815
1752079337.9249039 1752079365.9703016
1752079365.9703307 1752079395.021705
1752079395.0217261 1752079423.8675077
1752079423.8675327 1752079453.0670345
1752079453.06706 1752079479.3759398
1752079479.375962 1752079506.579816
1752079506.5798414 1752079544.5061767
1752079544.5062058 1752079574.313322
1752079574.3133516 1752079608.7493238
1752079608.7493515 1752079640.3549275
1752079640.354953 1752079663.2536726
1752079663.2537 1752079696.2371464
1752079696.2371688 1752079730.2154222
1752079730.2154417 1752079766.3412995
1752079766.3413272 1752079800.9564457
1752079800.956467 1752079822.4563847
1752079822.456416 1752079846.4006014
1752079846.4006248 1752079876.6834111
1752079876.6834376 1752079899.0660064
1752079899.0660355 1752079937.8623607
1752079937.8623843 1752079963.0708795
1752079963.0709002 1752079993.3500798
1752079993.3501053 1752080024.8404284
1752080024.8404522 1752080064.700891
1752080064.70092 1752080083.2771535
1752080083.2771752 1752080116.288815
1752080116.2888358 1752080154.9140415
1752080154.9140775 1752080189.5416455
1752080189.5416694 1752080229.441864
1752080229.441891 1752080258.12942
1752080258.1294415 1752080287.8778749
1752080287.877907 1752080321.2712927
1752080321.2713125 1752080346.4541771
1752080346.454204 1752080379.9409595
1752080379.9409833 1752080409.1662428
1752080409.1662698 1752080436.45632
1752080436.4563541 1752080461.428419
1752080461.4284446 1752080486.7605267
1752080486.7605567 1752080520.6976917
1752080520.697713 1752080553.917855
1752080553.9178808 1752080570.0969856
1752080570.0970075 1752080611.040498
1752080611.040523 1752080634.720053
1752080634.7200768 1752080682.3246715
1752080682.324695 1752080715.0250895
1752080715.025114 1752080744.8684554
1752080744.8684826 1752080781.9860663
1752080781.98609 1752080805.1382527
1752080805.138273 1752080823.79533
1752080823.7953541 1752080858.7594862
1752080858.7595077 1752080890.9452965
1752080890.9453344 1752080914.878098
1752080914.8781354 1752080947.814956
1752080947.8149796 1752080984.755281
1752080984.7553058 1752081008.9389703
1752081008.9389932 1752081034.3995805
1752081034.3996255 1752081064.596808
1752081064.5968294 1752081096.0294015
1752081096.0294325 1752081123.1191514
1752081123.1192012 1752081149.79854
1752081149.7985632 1752081173.2274282
1752081173.2274518 1752081204.1444402
1752081204.1444623 1752081232.8383582
1752081232.838381 1752081264.422967
1752081264.422996 1752081289.0511112
1752081289.0511336 1752081331.3545136
1752081331.3545442 1752081371.3957872
1752081371.3958104 1752081397.202816
1752081397.202842 1752081425.5919545
1752081425.5919778 1752081462.8188462
1752081462.8188696 1752081487.1503057
1752081487.150333 1752081526.008171
1752081526.0082035 1752081549.7095664
1752081549.7095907 1752081576.4464154
1752081576.446435 1752081609.5990965
1752081609.5991247 1752081631.1193943
1752081631.119416 1752081659.8796697
1752081659.8796904 1752081700.5634038
1752081700.5634315 1752081733.2661214
1752081733.2661521 1752081761.3895156
1752081761.3895385 1752081787.6017966
1752081787.601819 1752081810.4941587
1752081810.4941843 1752081841.0670755
1752081841.0670965 1752081871.0599759
1752081871.0600028 1752081902.4255822
1752081902.4256053 1752081929.3901453
1752081929.3901641 1752081959.4595134
1752081959.4595404 1752081991.6003609
1752081991.6003842 1752082019.5856717
1752082019.5856957 1752082060.3702831
1752082060.3703027 1752082101.3570373
1752082101.3570647 1752082131.129635
1752082131.1296573 1752082161.7581887
1752082161.7582128 1752082182.2313948
1752082182.231418 1752082228.0818448
1752082228.0818665 1752082254.4511669
1752082254.4511907 1752082290.2585182
1752082290.2585397 1752082307.4579196
1752082307.4579413 1752082340.6048427
1752082340.6048706 1752082366.2033424
1752082366.2033644 1752082403.2575896
1752082403.25761 1752082435.3219297
1752082435.321957 1752082471.1835206
1752082471.1835423 1752082500.729453
1752082500.7294784 1752082530.933426
1752082530.9334526 1752082554.3437715
1752082554.3437922 1752082593.375876
1752082593.3758981 1752082622.7490358
1752082622.7490609 1752082656.6607707
1752082656.6607933 1752082687.1113024
1752082687.1113374 1752082721.7162988
1752082721.7163227 1752082743.1814878
1752082743.1815126 1752082769.4736218
1752082769.473654 1752082800.2206664
1752082800.2206907 1752082832.5054371
1752082832.5054626 1752082863.3441432
1752082863.3441682 1752082890.4666488
1752082890.466671 1752082917.1414642
1752082917.1414933 1752082952.3272662
1752082952.3272884 1752082987.6940372
1752082987.6940663 1752083014.7733955
1752083014.7734234 1752083044.836551
1752083044.836579 1752083073.9725199
1752083073.9725559 1752083094.353683
1752083094.353704 1752083122.4851136
1752083122.4851408 1752083147.9801314
1752083147.980154 1752083188.082532
1752083188.0825593 1752083209.038195
1752083209.0382159 1752083236.0813725
1752083236.0814147 1752083263.9318886
1752083263.9319122 1752083295.8406553
1752083295.8406906 1752083327.3129766
1752083327.3129992 1752083352.8718936
1752083352.871923 1752083377.8830712
1752083377.883092 1752083415.9657607
1752083415.9657905 1752083443.1255813
1752083443.1256049 1752083473.4897356
1752083473.4897578 1752083502.971121
1752083502.9711516 1752083537.7775311
1752083537.7775507 1752083565.911556
1752083565.9116082 1752083589.1657271
1752083589.1657481 1752083620.831054
1752083620.831081 1752083653.8294923
1752083653.8295143 1752083684.30169
1752083684.3017104 1752083711.8955066
1752083711.8955333 1752083740.3051362
1752083740.3051567 1752083763.448521
1752083763.4485445 1752083788.538014
1752083788.5380368 1752083822.6147478
1752083822.614767 1752083869.7862315
1752083869.7862563 1752083885.1665049
1752083885.166525 1752083916.8273656
1752083916.8273902 1752083946.5762904
1752083946.576323 1752083980.966683
1752083980.9667063 1752084007.5905967
1752084007.5906231 1752084037.5580676
1752084037.5580888 1752084060.4352908
1752084060.435313 1752084092.7795594
1752084092.7796025 1752084121.9886677
1752084121.9886944 1752084153.8856735
1752084153.8856993 1752084174.7347012
1752084174.734721 1752084208.6837835
1752084208.6838167 1752084235.476174
1752084235.4761927 1752084265.7163436
1752084265.71637 1752084290.4134247
1752084290.4134626 1752084324.0649464
1752084324.0649679 1752084351.6400647
1752084351.640093 1752084383.8937418
1752084383.8937695 1752084413.7995424
1752084413.7995756 1752084441.7695704
1752084441.769598 1752084472.8450606
1752084472.8450823 1752084501.1908453
1752084501.190871 1752084528.4235306
1752084528.4235532 1752084561.6297774
1752084561.6297994 1752084590.6428764
1752084590.6428983 1752084624.6042225
1752084624.604252 1752084644.8418546
1752084644.841877 1752084673.2209466
1752084673.2209735 1752084702.5604599
1752084702.5604837 1752084735.3800838
1752084735.3801143 1752084763.2483773
1752084763.248404 1752084792.1556454
1752084792.1556716 1752084815.6578674
1752084815.6578913 1752084842.648235
1752084842.6482553 1752084877.583213
1752084877.5832386 1752084909.828375
1752084909.8283968 1752084949.821585
1752084949.8216064 1752084966.1522195
1752084966.1522446 1752084998.9231684
1752084998.9231904 1752085028.915165
1752085028.9151864 1752085058.3099473
1752085058.3099735 1752085082.9105976
1752085082.9106178 1752085114.0503526
1752085114.0503836 1752085143.9999895
1752085144.0000143 1752085178.18675
1752085178.1867728 1752085207.5706322
1752085207.5706596 1752085235.4416492
1752085235.4416695 1752085256.9685447
1752085256.9685738 1752085293.786975
1752085293.7869968 1752085323.8697093
1752085323.8697326 1752085355.657255
1752085355.6572783 1752085386.2395294
1752085386.2395546 1752085418.4572814
1752085418.4573145 1752085436.6406703
1752085436.6406965 1752085478.1067915
1752085478.106812 1752085501.2147872
1752085501.214819 1752085525.8917882
1752085525.8918092 1752085551.8187532
1752085551.8187735 1752085575.2596183
1752085575.2596471 1752085607.2948267
1752085607.2948523 1752085639.0944178
1752085639.0944393 1752085672.9504178
1752085672.950448 1752085697.8632772
1752085697.8632972 1752085731.813392
1752085731.813415 1752085762.642112
1752085762.6421325 1752085794.3429797
1752085794.343004 1752085819.2596824
1752085819.259712 1752085853.0347047
1752085853.0347257 1752085885.804876
1752085885.8049107 1752085917.6774952
1752085917.6775203 1752085949.9707565
1752085949.9707828 1752085982.1418276
1752085982.1418643 1752086003.5000567
1752086003.500084 1752086027.0179293
1752086027.0179527 1752086059.264696
1752086059.2647233 1752086087.9495475
1752086087.94957 1752086111.8109002
1752086111.8109212 1752086144.3621209
1752086144.3621578 1752086167.3845472
1752086167.384571 1752086205.5707512
1752086205.5707817 1752086234.4734612
1752086234.4734821 1752086263.8843503
1752086263.8843772 1752086291.512356
1752086291.5123804 1752086318.7000227
1752086318.7000453 1752086343.1709075
1752086343.1709354 1752086381.36886
1752086381.368883 1752086410.5972843
1752086410.5973182 1752086437.3333642
1752086437.3333917 1752086459.6712456
1752086459.6712806 1752086494.6075325
1752086494.60756 1752086526.425984
1752086526.426008 1752086553.3563917
1752086553.3564198 1752086581.0150297
1752086581.0150557 1752086612.5247908
1752086612.524812 1752086640.2963092
1752086640.2963393 1752086668.8562944
1752086668.8563194 1752086704.1001937
1752086704.1002214 1752086730.2053738
1752086730.2054024 1752086754.5181155
1752086754.518138 1752086786.3770764
1752086786.3771002 1752086821.2333827
1752086821.2334092 1752086843.1753485
1752086843.1753757 1752086875.7372973
1752086875.7373211 1752086907.1611457
1752086907.1611757 1752086935.8497496
1752086935.8497705 1752086963.4912539
1752086963.4912832 1752086988.6297443
1752086988.6297626 1752087024.1888573
1752087024.1888843 1752087046.6314929
1752087046.6315255 1752087070.2477229
1752087070.247751 1752087105.9387035
1752087105.9387274 1752087133.5153542
1752087133.5153778 1752087159.181015
1752087159.1810474 1752087189.0827508
1752087189.0827873 1752087212.4061108
1752087212.40614 1752087247.7952638
1752087247.7952838 1752087275.483399
1752087275.4834247 1752087305.538457
1752087305.5384836 1752087323.016195
1752087323.0162153 1752087357.5985534
1752087357.598582 1752087393.000802
1752087393.0008223 1752087417.6033344
1752087417.6033635 1752087444.1243784
1752087444.1243982 1752087473.982609
1752087473.982632 1752087507.2978566
1752087507.2978866 1752087534.8313398
1752087534.831382 1752087558.4106417
1752087558.410663 1752087581.27006
1752087581.2700846 1752087614.3221395
1752087614.3221622 1752087653.1990092
1752087653.1990318 1752087679.4441495
1752087679.444183 1752087715.389199
1752087715.3892198 1752087747.4959
1752087747.495927 1752087780.4364069
1752087780.4364297 1752087813.2281544
1752087813.2281842 1752087841.1159716
1752087841.1159947 1752087866.220026
1752087866.2200484 1752087901.5792904
1752087901.5793188 1752087936.9883943
1752087936.9884167 1752087958.756016
1752087958.7560427 1752087992.395502
1752087992.395524 1752088023.3195786
1752088023.3196197 1752088051.730324
1752088051.7303507 1752088086.0757027
1752088086.0757234 1752088104.8307683
1752088104.8307981 1752088132.9203634
1752088132.9203858 1752088166.8250644
1752088166.8250892 1752088193.8403666
1752088193.8403902 1752088221.2746396
1752088221.2746627 1752088257.3747404
1752088257.3747828 1752088276.0778682
1752088276.077891 1752088309.8389947
1752088309.839036 1752088344.1366842
1752088344.1367059 1752088369.5017333
1752088369.501759 1752088408.9279387
1752088408.9279587 1752088430.9720087
1752088430.9720333 1752088459.3916438
1752088459.3916728 1752088485.3807316
1752088485.3807693 1752088515.0395994
1752088515.0396252 1752088538.5280282
1752088538.528058 1752088574.876046
1752088574.8760707 1752088602.4418025
1752088602.4418316 1752088640.1351876
1752088640.1352098 1752088662.815027
1752088662.8150594 1752088694.5697887
1752088694.5698109 1752088715.6392555
1752088715.639288 1752088743.3611248
1752088743.361146 1752088774.7235699
1752088774.723612 1752088807.756428
1752088807.756458 1752088840.1312637
1752088840.1312852 1752088862.6884477
1752088862.6884778 1752088897.6034176
1752088897.6034396 1752088916.8370838
1752088916.8371124 1752088943.4682086
1752088943.4682329 1752088983.7280846
1752088983.728108 1752089010.3580854
1752089010.3581102 1752089033.72165
1752089033.7216783 1752089059.102719
1752089059.1027408 1752089088.2759805
1752089088.2760072 1752089117.4725397
1752089117.472568 1752089145.3453965
1752089145.3454328 1752089172.5766404
1752089172.576673 1752089203.0348663
1752089203.0348985 1752089235.706823
1752089235.7068489 1752089264.329397
1752089264.3294375 1752089298.5529358
1752089298.552956 1752089317.3103542
1752089317.3103836 1752089354.9337952
1752089354.933815 1752089381.4032106
1752089381.40324 1752089414.5710177
1752089414.5710375 1752089444.6802766
1752089444.6802986 1752089478.336737
1752089478.3367612 1752089512.6730137
1752089512.6730382 1752089553.1547914
1752089553.1548138 1752089576.7256436
1752089576.7256687 1752089611.219174
1752089611.2191944 1752089641.9793375
1752089641.979362 1752089663.7976432
1752089663.7976627 1752089699.351271
1752089699.351296 1752089732.5472171
1752089732.5472424 1752089766.3708122
1752089766.3708363 1752089792.6493897
1752089792.6494184 1752089823.1774597
1752089823.1774783 1752089865.095995
1752089865.0960217 1752089893.584991
1752089893.5850112 1752089932.8692913
1752089932.8693154 1752089955.6675098
1752089955.6675289 1752090000.5295243
1752090000.5295525 1752090021.8141403
1752090021.8141603 1752090061.8963492
1752090061.8963768 1752090082.8448234
1752090082.8448474 1752090114.3456788
1752090114.3456998 1752090137.6313703
1752090137.6313956 1752090170.6182153
1752090170.6182346 1752090204.8339934
1752090204.8340163 1752090236.7680538
1752090236.7680807 1752090261.216919
1752090261.2169425 1752090294.8993347
1752090294.8993607 1752090326.4910505
1752090326.4910734 1752090353.8076575
1752090353.8076758 1752090384.6775558
1752090384.6775815 1752090417.1730635
1752090417.1730835 1752090453.639053
1752090453.6390746 1752090484.5341473
1752090484.5341728 1752090511.2552974
1752090511.2553308 1752090556.4178417
1752090556.4178674 1752090585.373533
1752090585.3735552 1752090620.9788785
1752090620.9789028 1752090649.0574067
1752090649.0574338 1752090679.32653
1752090679.3265495 1752090708.8395777
1752090708.8395987 1752090734.1025805
1752090734.102606 1752090767.952111
1752090767.9521356 1752090799.8255177
1752090799.8255436 1752090836.8948298
1752090836.894855 1752090869.2436888
1752090869.2437153 1752090908.0915523
1752090908.0916088 1752090929.0698786
1752090929.0699 1752090969.2519326
1752090969.2519555 1752091007.0297632
1752091007.0297904 1752091031.9387696
1752091031.9387915 1752091067.6192005
1752091067.6192298 1752091097.8088455
1752091097.8088763 1752091134.366425
1752091134.3664448 1752091154.8594398
1752091154.8594604 1752091192.5497546
1752091192.5497866 1752091220.779134
1752091220.779153 1752091253.6496983
1752091253.6497226 1752091292.4709275
1752091292.4709535 1752091318.530531
1752091318.530551 1752091358.6146498
1752091358.6146698 1752091382.7941408
1752091382.7941718 1752091406.911699
1752091406.9117198 1752091443.3722408
1752091443.3722718 1752091480.9323983
1752091480.9324234 1752091516.6113467
1752091516.61137 1752091538.066055
1752091538.0660748 1752091573.2334852
1752091573.2335117 1752091604.7094343
1752091604.7094533 1752091645.005799
1752091645.0058196 1752091667.6504624
1752091667.6504884 1752091701.3670151
1752091701.3670366 1752091736.084437
1752091736.084464 1752091767.6736786
1752091767.6736991 1752091801.4215496
1752091801.4215772 1752091836.3867404
1752091836.3867662 1752091875.7541633
1752091875.7541857 1752091904.8473232
1752091904.8473501 1752091935.3470423
1752091935.3470628 1752091971.8102949
1752091971.810315 1752092003.2753372
1752092003.275363 1752092034.0464706
1752092034.0464928 1752092058.7333028
1752092058.7333276 1752092084.9498925
1752092084.9499116 1752092117.8251789
1752092117.8252027 1752092163.8786604
1752092163.8786817 1752092189.2469962
1752092189.2470167 1752092228.620753
1752092228.6207829 1752092254.6082094
1752092254.6082332 1752092287.432669
1752092287.432694 1752092322.279465
1752092322.2794847 1752092362.3891408
1752092362.3891704 1752092388.787148
1752092388.7871683 1752092421.2485306
1752092421.2485578 1752092455.888097
1752092455.888122 1752092487.3493693
1752092487.3493974 1752092515.7587924
1752092515.758815 1752092551.7789707
1752092551.7789977 1752092572.5046341
1752092572.5046525 1752092610.8492966
1752092610.8493292 1752092636.2251568
1752092636.2251832 1752092669.553163
1752092669.553182 1752092703.3149366
1752092703.3149621 1752092740.1779594
1752092740.1779957 1752092775.9638433
1752092775.9638653 1752092798.1968923
1752092798.1969185 1752092833.7898612
1752092833.7898824 1752092876.0510361
1752092876.0510645 1752092899.31899
1752092899.319009 1752092934.132603
1752092934.1326258 1752092964.2432363
1752092964.2432666 1752092999.786816
1752092999.7868354 1752093024.4743478
1752093024.474375 1752093062.3837576
1752093062.383781 1752093085.2189057
1752093085.218929 1752093127.054606
1752093127.054631 1752093160.6749668
1752093160.6749895 1752093190.8387458
1752093190.8387666 1752093218.597028
1752093218.597055 1752093252.7290933
1752093252.7291243 1752093279.9061985
1752093279.9062252 1752093307.1924195
1752093307.1924393 1752093352.3418489
1752093352.341869 1752093381.1993713
1752093381.199398 1752093415.2358708
1752093415.2358947 1752093453.7537827
1752093453.7538097 1752093489.6542199
1752093489.6542404 1752093515.4445324
1752093515.4445605 1752093548.6758492
1752093548.6758702 1752093573.03438
1752093573.034403 1752093603.2577143
1752093603.2577357 1752093636.4840064
1752093636.4840302 1752093669.7705045
1752093669.7705297 1752093696.8220294
1752093696.8220508 1752093727.4251363
1752093727.4251556 1752093764.395948
1752093764.3959725 1752093795.1297746
1752093795.1297922 1752093821.5693932
1752093821.5694184 1752093852.5639648
1752093852.5639846 1752093886.9486241
1752093886.9486485 1752093917.179063
1752093917.1790872 1752093951.9999866
1752093952.000008 1752093979.165553
1752093979.1655722 1752094013.2430546
1752094013.2430797 1752094043.6011555
1752094043.6011887 1752094071.8736553
1752094071.8736763 1752094103.4873168
1752094103.4873428 1752094136.9621222
1752094136.962144 1752094171.0884953
1752094171.08852 1752094192.4947014
1752094192.4947264 1752094225.6621075
1752094225.6621287 1752094260.5299473
1752094260.5299687 1752094290.1577508
1752094290.1577754 1752094325.5165503
1752094325.5165718 1752094360.7065105
1752094360.7065372 1752094394.4906843
1752094394.490705 1752094426.2638195
1752094426.2638457 1752094454.2126172
1752094454.2126403 1752094482.05772
1752094482.0577388 1752094515.6513054
1752094515.651326 1752094545.582076
1752094545.5821025 1752094571.9067454
1752094571.906765 1752094610.2678268
1752094610.267856 1752094638.5389855
1752094638.5390055 1752094670.2211227
1752094670.2211432 1752094699.5397892
1752094699.5398183 1752094734.2576568
1752094734.2576802 1752094770.9382117
1752094770.9382374 1752094786.6057231
1752094786.6057434 1752094822.2232878
1752094822.223316 1752094857.7740533
1752094857.7740734 1752094887.4924908
1752094887.4925182 1752094912.5817544
1752094912.5817742 1752094949.8552954
1752094949.8553162 1752094978.2698917
1752094978.2699184 1752095014.8520262
1752095014.852047 1752095041.7547226
1752095041.7547429 1752095069.8873565
1752095069.887381 1752095111.996588
1752095111.9966104 1752095147.728531
1752095147.7285519 1752095178.9122121
1752095178.912238 1752095210.945569
1752095210.9455938 1752095244.8421125
1752095244.8421364 1752095271.4606345
1752095271.4606645 1752095306.223004
1752095306.2230253 1752095339.1793098
1752095339.1793325 1752095374.6166196
1752095374.6166453 1752095404.998718
1752095404.9987392 1752095430.939595
1752095430.9396236 1752095460.7940009
1752095460.7940254 1752095484.1447694
1752095484.1447966 1752095518.2746878
1752095518.2747185 1752095551.6642733
1752095551.6642962 1752095586.5892262
1752095586.589255 1752095611.6692405
1752095611.6692638 1752095651.2526276
1752095651.2526498 1752095688.857492
1752095688.857519 1752095719.8453681
1752095719.8454041 1752095742.0963175
1752095742.0963433 1752095776.0584579
1752095776.0584788 1752095816.4492803
1752095816.449309 1752095844.4847221
1752095844.4847429 1752095871.3546531
1752095871.354678 1752095907.0500286
1752095907.050051 1752095947.8148074
1752095947.8148274 1752095970.389955
1752095970.3899775 1752096006.268849
1752096006.2688801 1752096030.6949162
1752096030.6949365 1752096068.6911564
1752096068.6911848 1752096102.2146847
1752096102.2147076 1752096127.1532173
1752096127.1532574 1752096163.6673024
1752096163.6673212 1752096193.6545653
1752096193.6545916 1752096228.7577696
1752096228.7577906 1752096260.832043
1752096260.8320663 1752096289.9160511
1752096289.9160776 1752096324.569088
1752096324.5691085 1752096355.222608
1752096355.222634 1752096396.1764739
1752096396.1765025 1752096430.017694
1752096430.017712 1752096447.8240635
1752096447.8240852 1752096484.7258897
1752096484.7259138 1752096517.005579
1752096517.0056016 1752096547.9965184
1752096547.996544 1752096575.9621735
1752096575.962193 1752096605.3973286
