1752066338.9553182 1752066375.8464365
1752066375.8464763 1752066412.8331969
1752066412.833219 1752066445.1292856
1752066445.1293087 1752066463.5479355
1752066463.547958 1752066498.8869007
1752066498.886921 1752066522.9671812
1752066522.9672043 1752066565.8569803
1752066565.8570096 1752066596.5919862
1752066596.5920167 1752066627.649442
1752066627.649462 1752066657.3456128
1752066657.3456407 1752066684.8070126
1752066684.8070352 1752066708.7282176
1752066708.7282407 1752066736.93043
1752066736.9304519 1752066767.7053006
1752066767.705327 1752066802.4579449
1752066802.4579659 1752066843.0266306
1752066843.026655 1752066859.0695872
1752066859.069606 1752066895.3296978
1752066895.3297226 1752066925.1965349
1752066925.1965554 1752066952.0918725
1752066952.0918992 1752066985.7812486
1752066985.7812731 1752067015.0659728
1752067015.0659962 1752067047.444782
1752067047.4448256 1752067081.9864023
1752067081.9864306 1752067120.5045025
1752067120.504526 1752067143.4707932
1752067143.4708145 1752067178.8694537
1752067178.8694782 1752067204.1737845
1752067204.1738076 1752067245.9086256
1752067245.9086478 1752067273.317556
1752067273.3175855 1752067302.709029
1752067302.7090511 1752067334.1880338
1752067334.188059 1752067353.7047224
1752067353.7047486 1752067383.1735587
1752067383.1735811 1752067424.8358874
1752067424.8359087 1752067453.1650484
1752067453.1650898 1752067473.5252283
1752067473.5252485 1752067511.3031611
1752067511.3031933 1752067538.0576382
1752067538.0576587 1752067557.8923678
1752067557.8923936 1752067592.206362
1752067592.2063828 1752067613.7693248
1752067613.7693508 1752067644.437277
1752067644.4373007 1752067679.8665051
1752067679.8665278 1752067700.2590134
1752067700.2590334 1752067735.768911
1752067735.7689326 1752067762.8468754
1752067762.846901 1752067799.3704224
1752067799.370444 1752067835.1553402
1752067835.1553693 1752067860.0805044
1752067860.080527 1752067892.2484245
1752067892.2484531 1752067925.805356
1752067925.8053977 1752067955.1975048
1752067955.1975286 1752067983.7640362
1752067983.7640648 1752068012.0667005
1752068012.0667214 1752068036.1500905
1752068036.1501186 1752068072.3417113
1752068072.3417387 1752068107.3179166
1752068107.3179479 1752068141.1912444
1752068141.191267 1752068165.476308
1752068165.4763312 1752068195.1106892
1752068195.1107113 1752068211.9749734
1752068211.974998 1752068250.4300072
1752068250.43003 1752068280.0538192
1752068280.0538466 1752068308.6755037
1752068308.6755264 1752068336.607764
1752068336.6077936 1752068361.2641678
1752068361.264193 1752068393.0966313
1752068393.0966563 1752068423.6341012
1752068423.6341233 1752068449.3083353
1752068449.3083565 1752068475.8792367
1752068475.8792665 1752068505.3799274
1752068505.3799493 1752068537.1750028
1752068537.175026 1752068570.923639
1752068570.9236631 1752068603.19329
1752068603.1933155 1752068624.594337
1752068624.5943575 1752068658.7083972
1752068658.7084215 1752068689.6142128
1752068689.6142375 1752068719.2654006
1752068719.2654278 1752068741.54763
1752068741.5476518 1752068790.8932364
1752068790.8932655 1752068820.5978718
1752068820.5978937 1752068849.28432
1752068849.2843444 1752068874.0567076
1752068874.0567353 1752068913.5241416
1752068913.5241616 1752068940.7448075
1752068940.744843 1752068965.493539
1752068965.4935591 1752068999.7501311
1752068999.7501552 1752069032.7035718
1752069032.703597 1752069061.6990163
1752069061.6990376 1752069092.9493248
1752069092.9493513 1752069129.4978275
1752069129.4978492 1752069165.1800158
1752069165.1800396 1752069191.6343393
1752069191.6343663 1752069228.789033
1752069228.7890553 1752069261.2990468
1752069261.2990716 1752069276.7653902
1752069276.7654142 1752069306.605623
1752069306.6056497 1752069338.9477007
1752069338.9477286 1752069361.9012706
1752069361.901293 1752069390.3550048
1752069390.3550258 1752069421.4298184
1752069421.429841 1752069442.0839822
1752069442.0840063 1752069475.6536272
1752069475.6536472 1752069513.5812972
1752069513.5813239 1752069538.6483865
1752069538.64841 1752069559.9579272
1752069559.9579468 1752069596.5456412
1752069596.5456653 1752069629.8659937
1752069629.8660169 1752069663.4700375
1752069663.4700835 1752069693.4833739
1752069693.4833956 1752069714.9617147
1752069714.9617434 1752069747.8754413
1752069747.8754642 1752069770.251269
1752069770.2512882 1752069802.1965604
1752069802.196586 1752069831.189128
1752069831.1891499 1752069864.2973323
1752069864.297356 1752069898.1940575
1752069898.194087 1752069931.3052208
1752069931.305242 1752069967.8381424
1752069967.8381703 1752069988.1904805
1752069988.190502 1752070030.4663017
1752070030.4663236 1752070053.247711
1752070053.2477388 1752070087.943983
1752070087.944008 1752070128.3693087
1752070128.3693361 1752070153.49
1752070153.4900205 1752070175.1628199
1752070175.1628413 1752070204.091796
1752070204.0918205 1752070238.5199661
1752070238.5199893 1752070262.5904648
1752070262.590491 1752070294.0253768
1752070294.0254018 1752070319.9849238
1752070319.9849474 1752070343.452377
1752070343.4523988 1752070379.149744
1752070379.149768 1752070408.8254855
1752070408.825507 1752070434.9492629
1752070434.9492896 1752070463.1939745
1752070463.193996 1752070487.4986334
1752070487.4986649 1752070522.6453815
1752070522.6454034 1752070553.839713
1752070553.8397415 1752070592.0830271
1752070592.0830474 1752070631.137454
1752070631.1374776 1752070647.0422277
1752070647.0422606 1752070675.8646064
1752070675.8646333 1752070700.0627303
1752070700.0627542 1752070727.0048912
1752070727.0049222 1752070753.538737
1752070753.5387611 1752070786.2617807
1752070786.2618206 1752070811.1094751
1752070811.1095006 1752070839.6919355
1752070839.6919572 1752070872.6080542
1752070872.6080801 1752070911.2526116
1752070911.2526348 1752070949.4169567
1752070949.4169817 1752070970.5218046
1752070970.521823 1752070996.3989792
1752070996.3990045 1752071033.7127495
1752071033.7127721 1752071077.54361
1752071077.5436447 1752071116.9074528
1752071116.9074743 1752071148.0897415
1752071148.0897655 1752071177.0844681
1752071177.0844905 1752071207.3744197
1752071207.3744414 1752071244.8823001
1752071244.8823247 1752071277.446044
1752071277.4460812 1752071300.6615286
1752071300.6615558 1752071334.0398912
1752071334.0399148 1752071368.3021352
1752071368.3021648 1752071395.912952
1752071395.9129772 1752071432.8098612
1752071432.8098824 1752071457.880272
1752071457.8803003 1752071485.9629202
1752071485.962941 1752071500.0178735
1752071500.0178971 1752071538.793955
1752071538.7939756 1752071570.288912
1752071570.2889423 1752071602.8866954
1752071602.88672 1752071633.0951574
1752071633.095189 1752071657.7903876
1752071657.7904184 1752071697.9566545
1752071697.9566777 1752071723.383187
1752071723.3832138 1752071753.0125775
1752071753.012608 1752071789.6539671
1752071789.6539993 1752071823.269369
1752071823.2693949 1752071844.5169747
1752071844.5170238 1752071872.4727242
1752071872.4727452 1752071900.7396545
1752071900.7396843 1752071931.9244382
1752071931.924461 1752071974.8958228
1752071974.8958514 1752072001.86732
1752072001.86734 1752072035.6457872
1752072035.6458142 1752072061.3415892
1752072061.341611 1752072094.4631488
1752072094.463174 1752072123.9234898
1752072123.9235163 1752072144.9283295
1752072144.9283502 1752072174.7703252
1752072174.7703547 1752072200.3511693
1752072200.3511887 1752072230.8857105
1752072230.885738 1752072264.9792178
1752072264.9792464 1752072298.624033
1752072298.6240542 1752072336.7585673
1752072336.758594 1752072362.3579397
1752072362.3579621 1752072393.3597593
1752072393.3597822 1752072419.3177009
1752072419.3177273 1752072449.3189738
1752072449.319003 1752072478.296107
1752072478.2961333 1752072508.6093786
1752072508.6094067 1752072537.9243345
1752072537.9243581 1752072564.31352
1752072564.3135474 1752072594.445886
1752072594.4459116 1752072614.3250608
1752072614.325084 1752072653.8369088
1752072653.8369303 1752072680.3555794
1752072680.3556058 1752072711.762003
1752072711.7620301 1752072739.6351974
1752072739.6352181 1752072766.3214788
1752072766.3215132 1752072801.1797323
1752072801.1797554 1752072829.3618746
1752072829.361905 1752072862.2243326
1752072862.2243524 1752072896.116383
1752072896.1164079 1752072917.7339764
1752072917.7339966 1752072953.3281217
1752072953.3281488 1752072972.2105923
1752072972.2106178 1752072996.8913188
1752072996.8913465 1752073026.4156623
1752073026.415684 1752073060.3613734
1752073060.3614018 1752073095.285832
1752073095.2858524 1752073114.1287754
1752073114.1288016 1752073146.018951
1752073146.0189755 1752073175.881682
1752073175.881706 1752073203.4988632
1752073203.498894 1752073231.823491
1752073231.8235135 1752073264.1714725
1752073264.1714993 1752073283.8836725
1752073283.8836927 1752073305.9407694
1752073305.9408066 1752073344.0639436
1752073344.0639658 1752073364.9535613
1752073364.9535863 1752073392.246961
1752073392.2469828 1752073419.681361
1752073419.6813862 1752073450.6409404
1752073450.6409643 1752073484.8575711
1752073484.8575926 1752073514.0582712
1752073514.0582979 1752073533.8774295
1752073533.87745 1752073563.1317086
1752073563.1317368 1752073592.60875
1752073592.6087713 1752073628.358232
1752073628.3582788 1752073653.516403
1752073653.5164244 1752073693.895534
1752073693.8955564 1752073720.9567037
1752073720.956733 1752073745.887721
1752073745.8877466 1752073779.358183
1752073779.3582084 1752073808.8432586
1752073808.8432794 1752073843.1076071
1752073843.1076388 1752073877.4046676
1752073877.4046943 1752073915.2546284
1752073915.2546546 1752073937.045546
1752073937.045569 1752073963.9485202
1752073963.9485493 1752073989.7785447
1752073989.7785716 1752074009.1897895
1752074009.189818 1752074036.3177829
1752074036.3178053 1752074065.480136
1752074065.480163 1752074093.9745986
1752074093.9746249 1752074134.720578
1752074134.7206047 1752074158.242943
1752074158.242966 1752074187.640703
1752074187.6407256 1752074218.8623307
1752074218.8623562 1752074246.1631942
1752074246.1632195 1752074276.242641
1752074276.242667 1752074295.570836
1752074295.5708578 1752074325.5015824
1752074325.5016046 1752074359.229872
1752074359.2298994 1752074384.916635
1752074384.9166574 1752074415.1678896
1752074415.1679213 1752074438.4966824
1752074438.4967034 1752074460.6775818
1752074460.6776059 1752074501.3212905
1752074501.3213134 1752074519.4373112
1752074519.437332 1752074551.7461956
1752074551.746226 1752074582.9531052
1752074582.9531264 1752074617.2961674
1752074617.2961974 1752074640.4062185
1752074640.406239 1752074683.1156135
1752074683.1156416 1752074709.3738759
1752074709.3738954 1752074752.4219549
1752074752.4219742 1752074777.9536488
1752074777.9536753 1752074808.7853134
1752074808.7853334 1752074846.6576793
1752074846.6577024 1752074882.458832
1752074882.4588656 1752074901.8092518
1752074901.8092725 1752074950.3796747
1752074950.3796997 1752074969.5392866
1752074969.5393116 1752075000.3317168
1752075000.3317418 1752075029.7633123
1752075029.7633374 1752075058.3233726
1752075058.323401 1752075090.4666228
1752075090.4666438 1752075120.7704213
1752075120.770447 1752075156.0967484
1752075156.0967793 1752075194.6832483
1752075194.6832707 1752075219.668961
1752075219.6689904 1752075250.8352518
1752075250.8352768 1752075274.9345412
1752075274.9345646 1752075300.3225055
1752075300.322525 1752075329.949928
1752075329.9499488 1752075368.8102157
1752075368.8102415 1752075395.02138
1752075395.0213997 1752075419.3950498
1752075419.3950777 1752075459.169489
1752075459.169508 1752075488.378341
1752075488.3783658 1752075513.5733235
1752075513.5733495 1752075530.6593604
1752075530.6593804 1752075555.6999173
1752075555.6999419 1752075600.3422377
1752075600.3422613 1752075616.2208984
1752075616.2209246 1752075653.1221144
1752075653.122136 1752075687.8324594
1752075687.8324854 1752075717.09428
1752075717.0943062 1752075743.7646194
1752075743.7646413 1752075773.0421722
1752075773.0421982 1752075793.3568037
1752075793.3568249 1752075821.2696862
1752075821.2697196 1752075855.9234874
1752075855.9235272 1752075874.145627
1752075874.1456475 1752075909.1657028
1752075909.1657226 1752075942.6325898
1752075942.6326156 1752075972.493301
1752075972.493324 1752076006.0693758
1752076006.0693996 1752076027.3016157
1752076027.3016386 1752076060.8224347
1752076060.8224585 1752076085.7852082
1752076085.7852316 1752076115.9624457
1752076115.9624708 1752076146.036076
1752076146.0361154 1752076181.7068095
1752076181.7068312 1752076215.3260696
1752076215.326094 1752076239.3900867
1752076239.3901103 1752076267.4126377
1752076267.4126585 1752076294.8170607
1752076294.8170884 1752076325.1092987
1752076325.1093247 1752076352.218459
1752076352.2184818 1752076377.9158633
1752076377.9158936 1752076405.3774958
1752076405.3775203 1752076443.118882
1752076443.118908 1752076463.7960527
1752076463.7960727 1752076497.1407015
1752076497.14073 1752076531.5341873
1752076531.53421 1752076561.63745
1752076561.6374712 1752076594.7414136
1752076594.741445 1752076617.1811614
1752076617.1811843 1752076643.9600482
1752076643.9600828 1752076669.1496208
1752076669.1496384 1752076703.954907
1752076703.9549344 1752076727.9741008
1752076727.9741263 1752076758.0413957
1752076758.0414164 1752076790.1097746
1752076790.1098022 1752076819.57164
1752076819.5716627 1752076852.1626053
1752076852.1626391 1752076887.486937
1752076887.48696 1752076908.8934994
1752076908.8935297 1752076946.5023756
1752076946.5024018 1752076970.4996705
1752076970.4996924 1752077009.8636265
1752077009.8636737 1752077041.2971435
1752077041.2971654 1752077074.0679142
1752077074.0679433 1752077094.9839962
1752077094.9840155 1752077124.8611476
1752077124.861174 1752077152.9238262
1752077152.9238584 1752077194.169108
1752077194.1691282 1752077221.6366725
1752077221.636698 1752077250.850393
1752077250.8504148 1752077280.843936
1752077280.8439653 1752077317.870023
1752077317.8700447 1752077339.1701357
1752077339.1701655 1752077379.248575
1752077379.2486026 1752077407.691618
1752077407.6916435 1752077437.1607573
1752077437.1608093 1752077466.657815
1752077466.6578398 1752077493.5342202
1752077493.5342457 1752077531.1016436
1752077531.1016693 1752077561.1135433
1752077561.113571 1752077594.142157
1752077594.142178 1752077629.570202
1752077629.570229 1752077644.9012783
1752077644.9012997 1752077678.7878547
1752077678.787882 1752077708.6805437
1752077708.6805696 1752077740.1911035
1752077740.1911383 1752077760.6361153
1752077760.6361403 1752077782.0300562
1752077782.0300758 1752077817.8738358
1752077817.873868 1752077842.9199145
1752077842.9199367 1752077871.93564
1752077871.935668 1752077898.5523856
1752077898.5524158 1752077922.909984
1752077922.910004 1752077962.97855
1752077962.9785776 1752077991.97333
1752077991.9733546 1752078017.2520306
1752078017.2520542 1752078046.7638872
1752078046.7639153 1752078072.957215
1752078072.9572387 1752078109.2445097
1752078109.244538 1752078135.34267
1752078135.342698 1752078181.4675512
1752078181.467583 1752078207.6490026
1752078207.649023 1752078241.8487737
1752078241.8487942 1752078270.3694415
1752078270.3694692 1752078309.6130867
1752078309.6131132 1752078334.2760806
1752078334.2761078 1752078368.2192209
1752078368.2192416 1752078401.6644323
1752078401.664459 1752078433.9673023
1752078433.9673264 1752078466.2622762
1752078466.2622972 1752078503.9080057
1752078503.9080358 1752078532.6143267
1752078532.614352 1752078557.2539065
1752078557.2539296 1752078582.5355043
1752078582.5355256 1752078601.2921124
1752078601.2921333 1752078634.5247347
1752078634.5247617 1752078664.9059794
1752078664.9060001 1752078703.427921
1752078703.4279518 1752078731.7719243
1752078731.7719471 1752078765.700906
1752078765.7009273 1752078796.02623
1752078796.0262556 1752078827.0463343
1752078827.046356 1752078857.6959503
1752078857.6959798 1752078891.9449584
1752078891.944981 1752078914.5075977
1752078914.5076227 1752078953.4074368
1752078953.4074605 1752078984.3029432
1752078984.3029714 1752079014.463326
1752079014.4633472 1752079038.5934792
1752079038.5935056 1752079064.799695
1752079064.7997172 1752079097.1253695
1752079097.125397 1752079126.353694
1752079126.3537178 1752079155.4268494
1752079155.4268768 1752079175.0606902
1752079175.060713 1752079209.36781
1752079209.3678358 1752079236.8894894
1752079236.8895206 1752079265.519124
1752079265.5191438 1752079299.6604738
1752079299.660501 1752079338.1044166
1752079338.1044414 1752079374.9557617
1752079374.9557955 1752079402.3609252
1752079402.3609483 1752079424.3304245
1752079424.33045 1752079448.2372394
1752079448.2372634 1752079484.4338558
1752079484.433881 1752079506.7782164
1752079506.7782395 1752079546.80057
1752079546.8005955 1752079571.1073866
1752079571.107406 1752079610.9386246
1752079610.938644 1752079642.3613985
1752079642.3614264 1752079668.1329467
1752079668.132969 1752079697.68193
1752079697.6819558 1752079726.9848464
1752079726.984869 1752079766.3579962
1752079766.358026 1752079795.3843644
1752079795.384392 1752079825.590746
1752079825.5907683 1752079849.7690513
1752079849.7690897 1752079871.658738
1752079871.6587582 1752079901.3001664
1752079901.3001928 1752079940.0344982
1752079940.03452 1752079976.077927
1752079976.077952 1752079985.7282841
1752079985.7283094 1752080032.0025058
1752080032.0025275 1752080066.8206484
1752080066.8206754 1752080089.858551
1752080089.8585808 1752080124.9266768
1752080124.926701 1752080155.939449
1752080155.93948 1752080183.2209444
1752080183.2209647 1752080220.215411
1752080220.2154343 1752080261.2199807
1752080261.2200024 1752080290.7201223
1752080290.7201474 1752080327.9371674
1752080327.9371946 1752080355.6875474
1752080355.687584 1752080381.700265
1752080381.7002888 1752080410.7783518
1752080410.7783763 1752080436.3360467
1752080436.3360767 1752080460.04628
1752080460.0463128 1752080498.8615685
1752080498.8615904 1752080518.6435213
1752080518.6435492 1752080547.766704
1752080547.7667236 1752080567.2424695
1752080567.2424934 1752080610.7048569
1752080610.7048802 1752080639.6084266
1752080639.6084507 1752080670.1463652
1752080670.1463926 1752080714.167025
1752080714.167047 1752080747.2061594
1752080747.2061868 1752080779.62193
1752080779.6219509 1752080813.3353114
1752080813.335336 1752080834.0731864
1752080834.07321 1752080855.468465
1752080855.4684844 1752080879.5281188
1752080879.5281432 1752080920.5473623
1752080920.547382 1752080950.6412065
1752080950.6412327 1752080983.7789218
1752080983.7789435 1752081013.9446418
1752081013.9446707 1752081034.1955223
1752081034.1955445 1752081072.8684864
1752081072.8685133 1752081093.0330033
1752081093.0330281 1752081116.712383
1752081116.7124078 1752081147.6229103
1752081147.6229339 1752081174.4944246
1752081174.4944534 1752081208.6233976
1752081208.623419 1752081234.9838755
1752081234.983907 1752081256.6843288
1752081256.6843524 1752081287.269213
1752081287.2692413 1752081338.8646448
1752081338.8646705 1752081369.8249462
1752081369.8249705 1752081391.9129682
1752081391.9129958 1752081429.243092
1752081429.2431142 1752081465.1385539
1752081465.1385825 1752081489.974198
1752081489.9742203 1752081518.9846716
1752081518.9846983 1752081554.0173993
1752081554.0174205 1752081584.751518
1752081584.751543 1752081609.3448207
1752081609.3448443 1752081639.2923944
1752081639.29242 1752081667.2399926
1752081667.240017 1752081700.5366125
1752081700.5366402 1752081738.0587254
1752081738.0587487 1752081762.4397867
1752081762.4398277 1752081788.378011
1752081788.3780317 1752081807.9416854
1752081807.9417098 1752081838.3744874
1752081838.3745127 1752081871.7484102
1752081871.748434 1752081895.6618369
1752081895.661862 1752081932.1415892
1752081932.1416113 1752081955.0133855
1752081955.013416 1752081996.81096
1752081996.8109882 1752082030.4498532
1752082030.4498773 1752082065.9505367
1752082065.950562 1752082096.2584715
1752082096.2584944 1752082128.6413798
1752082128.6414068 1752082151.2741232
1752082151.2741435 1752082193.9908466
1752082193.9908698 1752082228.5443485
1752082228.5443697 1752082255.1595786
1752082255.1596205 1752082288.3378742
1752082288.337895 1752082305.2486238
1752082305.2486455 1752082340.8309975
1752082340.8310304 1752082363.6588845
1752082363.6589055 1752082405.67191
1752082405.6719363 1752082436.4893875
1752082436.4894192 1752082469.8194277
1752082469.8194501 1752082495.2272973
1752082495.2273228 1752082524.8097074
1752082524.8097322 1752082560.1725543
1752082560.1725824 1752082598.4727242
1752082598.4727511 1752082625.3190653
1752082625.3190892 1752082658.7246683
1752082658.7246978 1752082693.792077
1752082693.7921062 1752082706.0265937
1752082706.0266209 1752082739.0104938
1752082739.0105162 1752082772.0522287
1752082772.0522692 1752082802.4823828
1752082802.4824057 1752082841.0008225
1752082841.0008476 1752082867.2327385
1752082867.232763 1752082894.4671798
1752082894.4672005 1752082921.861648
1752082921.8616757 1752082946.7256742
1752082946.725698 1752082985.4643054
1752082985.4643302 1752083017.9298935
1752083017.9299188 1752083049.127335
1752083049.127359 1752083072.1296322
1752083072.1296563 1752083102.196309
1752083102.19633 1752083128.8792722
1752083128.8792934 1752083150.491457
1752083150.4914868 1752083174.900152
1752083174.900172 1752083208.2312057
1752083208.2312272 1752083234.7273479
1752083234.7273765 1752083266.4538426
1752083266.4538674 1752083297.0754282
1752083297.075458 1752083329.2265375
1752083329.226561 1752083354.0614686
1752083354.0614953 1752083384.0262723
1752083384.0262985 1752083413.9807086
1752083413.9807308 1752083445.8374417
1752083445.83747 1752083475.1417484
1752083475.1417708 1752083511.2886543
1752083511.2886825 1752083537.5381129
1752083537.5381343 1752083560.8328354
1752083560.8328652 1752083590.6535556
1752083590.6535814 1752083622.429767
1752083622.4297931 1752083650.705334
1752083650.7053552 1752083685.856476
1752083685.8565066 1752083713.1437602
1752083713.1437867 1752083739.7212653
1752083739.7212915 1752083766.676283
1752083766.6763065 1752083797.9783268
1752083797.9783514 1752083830.7416687
1752083830.741706 1752083867.3998752
1752083867.3999007 1752083890.866604
1752083890.8666315 1752083915.0191033
1752083915.0191245 1752083954.0001087
1752083954.0001373 1752083977.1109366
1752083977.1109588 1752084010.0978534
1752084010.0978818 1752084027.9443312
1752084027.9443533 1752084052.065548
1752084052.065571 1752084088.776743
1752084088.776765 1752084116.2319705
1752084116.2319918 1752084144.8745856
1752084144.8746128 1752084178.5222826
1752084178.5223114 1752084209.783738
1752084209.7837667 1752084235.3758295
1752084235.3758512 1752084261.5804646
1752084261.5804868 1752084286.0048122
1752084286.0048368 1752084319.260147
1752084319.260169 1752084349.543087
1752084349.5431137 1752084388.7632182
1752084388.7632408 1752084411.1966472
1752084411.1966746 1752084444.980248
1752084444.9802756 1752084472.1780157
1752084472.1780424 1752084496.492237
1752084496.4922595 1752084527.1141207
1752084527.114153 1752084559.3935242
1752084559.3935452 1752084586.9833205
1752084586.9833436 1752084615.4228783
1752084615.4229043 1752084643.3306088
1752084643.3306317 1752084663.7933211
1752084663.7933402 1752084692.713188
1752084692.7132132 1752084729.3634274
1752084729.3634465 1752084762.9130995
1752084762.9131274 1752084794.4106135
1752084794.4106338 1752084825.2184756
1752084825.2184997 1752084844.9679449
1752084844.9679682 1752084874.908072
1752084874.9080946 1752084911.8260064
1752084911.8260326 1752084948.1861238
1752084948.1861453 1752084975.3000033
1752084975.3000243 1752084999.5369198
1752084999.5369456 1752085023.018501
1752085023.018522 1752085049.6099584
1752085049.6099823 1752085092.219937
1752085092.2199607 1752085115.6238477
1752085115.6238742 1752085148.538981
1752085148.5390034 1752085176.9852884
1752085176.9853177 1752085202.8565109
1752085202.8565326 1752085231.5295749
1752085231.5296068 1752085259.4139636
1752085259.4139848 1752085294.5018024
1752085294.5018284 1752085314.2484186
1752085314.2484434 1752085363.3305802
1752085363.330602 1752085391.1252563
1752085391.1252832 1752085419.1087027
1752085419.108726 1752085444.0879107
1752085444.087939 1752085475.8469017
1752085475.8469214 1752085499.9520452
1752085499.952073 1752085533.2264395
1752085533.226458 1752085542.0755115
1752085542.075536 1752085575.031558
1752085575.031606 1752085609.9415238
1752085609.941552 1752085640.0906358
1752085640.0906553 1752085668.2077937
1752085668.207815 1752085699.7148614
1752085699.7148855 1752085727.072222
1752085727.072242 1752085762.6820364
1752085762.6820617 1752085792.7134016
1752085792.7134278 1752085818.0805755
1752085818.0805972 1752085842.7721212
1752085842.7721472 1752085890.6402524
1752085890.6402733 1752085922.2886438
1752085922.288672 1752085955.6790538
1752085955.6790822 1752085979.6394033
1752085979.639445 1752086006.3011796
1752086006.3012006 1752086031.6703906
1752086031.6704159 1752086060.463238
1752086060.4632683 1752086090.65773
1752086090.6577508 1752086110.6889923
1752086110.689022 1752086150.8975968
1752086150.897617 1752086170.6972609
1752086170.6972916 1752086212.9455557
1752086212.945581 1752086232.893375
1752086232.8934047 1752086264.485538
1752086264.485563 1752086292.480538
1752086292.4805639 1752086317.463852
1752086317.4638782 1752086342.953873
1752086342.9539 1752086371.453336
1752086371.4533582 1752086408.3788373
1752086408.3788598 1752086443.2543697
1752086443.2543964 1752086467.385198
1752086467.3852215 1752086496.5094216
1752086496.5094464 1752086525.5042744
1752086525.5042992 1752086552.329367
1752086552.3294165 1752086591.0785563
1752086591.0785792 1752086614.3230438
1752086614.3230736 1752086642.9347737
1752086642.9347963 1752086674.1940985
1752086674.1941261 1752086706.9338136
1752086706.933843 1752086735.267856
1752086735.2678814 1752086761.6041458
1752086761.6041825 1752086786.7418475
1752086786.741869 1752086817.0973659
1752086817.0973878 1752086845.2963
1752086845.2963343 1752086878.8830059
1752086878.8830252 1752086903.580516
1752086903.5805478 1752086934.6762176
1752086934.6762412 1752086958.8007271
1752086958.800756 1752086993.8242717
1752086993.824294 1752087022.1603594
1752087022.160391 1752087043.7534137
1752087043.753437 1752087073.2987425
1752087073.2987823 1752087103.6141236
1752087103.6141508 1752087137.186832
1752087137.1868598 1752087162.2790499
1752087162.2790737 1752087187.4010046
1752087187.4010327 1752087215.5003552
1752087215.5003781 1752087245.5682151
1752087245.5682466 1752087268.0836995
1752087268.0837245 1752087304.7816331
1752087304.7816563 1752087328.9417298
1752087328.9417574 1752087358.663125
1752087358.6631453 1752087391.095532
1752087391.0955744 1752087413.2622452
1752087413.2622662 1752087449.8127515
1752087449.8128083 1752087475.7994826
1752087475.799505 1752087504.1841047
1752087504.1841354 1752087536.323722
1752087536.3237503 1752087562.0685725
1752087562.068601 1752087588.4101114
1752087588.410138 1752087618.827219
1752087618.8272417 1752087647.068641
1752087647.0686677 1752087678.663745
1752087678.6637726 1752087714.02891
1752087714.0289452 1752087746.6767092
1752087746.6767356 1752087777.9551098
1752087777.9551308 1752087817.8019955
1752087817.8020225 1752087844.2423732
1752087844.2423947 1752087870.9520576
1752087870.9520926 1752087902.4968905
1752087902.4969132 1752087929.1521466
1752087929.152176 1752087966.3842163
1752087966.3842473 1752087995.2159984
1752087995.2160249 1752088018.1104803
1752088018.1104994 1752088053.8299978
1752088053.8300254 1752088082.6376977
1752088082.63772 1752088108.8428729
1752088108.842898 1752088139.5028908
1752088139.5029128 1752088164.474387
1752088164.4744122 1752088197.7200594
1752088197.7200825 1752088224.290621
1752088224.29064 1752088252.9515088
1752088252.9515357 1752088277.6669047
1752088277.666925 1752088304.0390055
1752088304.0390487 1752088336.2860928
1752088336.2861137 1752088374.446979
1752088374.4470086 1752088403.2760417
1752088403.2760687 1752088432.880014
1752088432.8800373 1752088460.1137402
1752088460.113771 1752088484.2227895
1752088484.222811 1752088513.118067
1752088513.118089 1752088549.194334
1752088549.1943574 1752088568.9759824
1752088568.9760044 1752088594.1435437
1752088594.1435752 1752088635.746093
1752088635.7461164 1752088665.4497929
1752088665.4498315 1752088683.0659356
1752088683.0659664 1752088720.2394924
1752088720.239516 1752088747.9135807
1752088747.913611 1752088775.3121138
1752088775.3121338 1752088801.8884425
1752088801.8884692 1752088836.1524062
1752088836.1524277 1752088863.2476902
1752088863.2477155 1752088891.472499
1752088891.4725227 1752088923.4809961
1752088923.4810183 1752088950.5996027
1752088950.5996356 1752088980.3181932
1752088980.3182151 1752089009.193122
1752089009.1931465 1752089032.7707927
1752089032.770821 1752089057.879378
1752089057.879399 1752089093.981089
1752089093.9811149 1752089113.8198647
1752089113.8198886 1752089145.605965
1752089145.605992 1752089175.9502795
1752089175.9503024 1752089202.3236828
1752089202.3237183 1752089234.6062472
1752089234.606272 1752089265.3658702
1752089265.3658998 1752089290.3974206
1752089290.3974438 1752089324.1322775
1752089324.1323047 1752089354.0881515
1752089354.0881708 1752089383.9933193
1752089383.9933476 1752089406.6849992
1752089406.6850193 1752089438.0139015
1752089438.0139246 1752089483.2377748
1752089483.2377994 1752089514.555524
1752089514.5555444 1752089552.936578
1752089552.9366057 1752089577.9483628
1752089577.9483888 1752089609.9876266
1752089609.9876502 1752089637.221051
1752089637.2210753 1752089671.9733253
1752089671.97335 1752089704.3343074
1752089704.3343267 1752089729.6938374
1752089729.6938624 1752089766.1536603
1752089766.1536863 1752089791.7664776
1752089791.766499 1752089824.8983173
1752089824.8983464 1752089858.3993623
1752089858.3993907 1752089896.3311255
1752089896.3311498 1752089927.15236
1752089927.1523826 1752089960.3173194
1752089960.3173454 1752089992.59096
1752089992.5909836 1752090023.18819
1752090023.1882148 1752090049.8795316
1752090049.8795543 1752090080.960136
1752090080.9601614 1752090120.825839
1752090120.8258617 1752090147.9566963
1752090147.9567244 1752090174.8814247
1752090174.8814445 1752090199.2343116
1752090199.2343357 1752090236.01703
1752090236.0170553 1752090256.348689
1752090256.3487098 1752090290.1828513
1752090290.182881 1752090333.0264473
1752090333.0264707 1752090355.549734
1752090355.5497591 1752090385.773408
1752090385.7734282 1752090424.465211
1752090424.4652338 1752090456.38755
1752090456.3875978 1752090483.4724777
1752090483.4725063 1752090516.3376179
1752090516.3376389 1752090551.0122607
1752090551.01229 1752090582.0831158
1752090582.0831356 1752090613.6812027
1752090613.6812265 1752090646.6813369
1752090646.6813574 1752090680.6782517
1752090680.6782799 1752090707.4273334
1752090707.4273593 1752090740.051497
1752090740.051517 1752090768.3126519
1752090768.3126814 1752090800.417525
1752090800.4175463 1752090838.8077228
1752090838.8077493 1752090868.485067
1752090868.4850917 1752090906.9387708
1752090906.938793 1752090936.499008
1752090936.499037 1752090976.59474
1752090976.5947604 1752091005.9031298
1752091005.9031568 1752091034.0992599
1752091034.0992906 1752091067.7294424
1752091067.7294662 1752091090.7303436
1752091090.730368 1752091132.6084704
1752091132.6084948 1752091155.4309182
1752091155.4309435 1752091191.1389225
1752091191.1389484 1752091222.1886845
1752091222.1887054 1752091257.2768416
1752091257.276867 1752091287.9273825
1752091287.9274166 1752091319.767405
1752091319.7674265 1752091353.7925432
1752091353.7925642 1752091381.2092228
1752091381.2092519 1752091412.2252614
1752091412.225283 1752091443.6049657
1752091443.6049936 1752091478.1899886
1752091478.1900108 1752091509.8474524
1752091509.8474727 1752091545.070113
1752091545.0701425 1752091574.5437515
1752091574.5437715 1752091613.2473447
1752091613.2473705 1752091647.3914034
1752091647.3914258 1752091675.0716524
1752091675.0716786 1752091699.4106424
1752091699.4106634 1752091721.6551206
1752091721.6551456 1752091761.0888221
1752091761.088842 1752091801.105063
1752091801.1050901 1752091834.995729
1752091834.9957485 1752091868.718165
1752091868.7181888 1752091906.1520336
1752091906.152057 1752091936.7313035
1752091936.731325 1752091969.2399454
1752091969.239973 1752091997.0712812
1752091997.0713007 1752092029.1884315
1752092029.1884596 1752092066.1553583
1752092066.1553774 1752092091.0919445
1752092091.0919716 1752092125.2517586
1752092125.251783 1752092163.276482
1752092163.276507 1752092200.604509
1752092200.6045303 1752092223.8362014
1752092223.836225 1752092255.0722408
1752092255.0722632 1752092289.834636
1752092289.8346763 1752092323.361985
1752092323.3620176 1752092354.348501
1752092354.348522 1752092387.4918382
1752092387.4918659 1752092418.2243426
1752092418.2243643 1752092452.4358985
1752092452.4359326 1752092484.55381
1752092484.553832 1752092515.7216594
1752092515.721684 1752092550.2407043
1752092550.2407322 1752092579.0289483
1752092579.0289693 1752092604.8247159
1752092604.8247557 1752092638.3342667
1752092638.3343081 1752092676.9942791
1752092676.9943047 1752092699.6153395
1752092699.615361 1752092734.938408
1752092734.938432 1752092776.7861373
1752092776.786165 1752092804.5172029
1752092804.5172248 1752092835.032342
1752092835.0323696 1752092866.2192056
1752092866.219226 1752092898.8720508
1752092898.8720758 1752092927.4056406
1752092927.4056702 1752092964.4422078
1752092964.442228 1752092992.290937
1752092992.2909648 1752093025.985103
1752093025.9851415 1752093063.9318037
1752093063.9318337 1752093092.6064374
1752093092.6064584 1752093127.8922296
1752093127.8922577 1752093160.161324
1752093160.1613452 1752093197.0492136
1752093197.0492377 1752093220.1697218
1752093220.169748 1752093245.7247
1752093245.7247314 1752093278.8126283
1752093278.8126554 1752093314.261445
1752093314.261465 1752093348.884171
1752093348.8841922 1752093382.1694164
1752093382.1694438 1752093409.058245
1752093409.0582666 1752093454.3536274
1752093454.3536537 1752093486.8551133
1752093486.8551328 1752093514.3279579
1752093514.3279812 1752093551.3654087
1752093551.3654354 1752093569.0753813
1752093569.0754 1752093608.83002
1752093608.8300452 1752093635.139107
1752093635.1391292 1752093666.0574894
1752093666.0575142 1752093705.2284892
1752093705.228512 1752093722.4478827
1752093722.4479048 1752093762.3383107
1752093762.338332 1752093789.6426735
1752093789.642693 1752093822.9386091
1752093822.9386315 1752093853.513247
1752093853.513271 1752093883.2237346
1752093883.2237546 1752093918.0791094
1752093918.079135 1752093949.3145387
1752093949.3145595 1752093981.9893668
1752093981.989393 1752094012.9580507
1752094012.958074 1752094043.0194228
1752094043.0194478 1752094071.4574327
1752094071.4574544 1752094107.200148
1752094107.2001708 1752094142.9144793
1752094142.914504 1752094168.9751928
1752094168.9752145 1752094199.420899
1752094199.4209259 1752094224.455068
1752094224.4550874 1752094256.9162347
1752094256.9162624 1752094297.6343052
1752094297.6343262 1752094335.8338192
1752094335.8338473 1752094358.9471295
1752094358.9471495 1752094397.7142804
1752094397.7143092 1752094429.1269226
1752094429.126942 1752094459.5813007
1752094459.5813236 1752094483.4038715
1752094483.4038968 1752094518.722731
1752094518.722753 1752094548.9603508
1752094548.96038 1752094578.1887922
1752094578.1888149 1752094612.640674
1752094612.6407142 1752094639.8731196
1752094639.8731446 1752094672.4428616
1752094672.4428866 1752094700.6184053
1752094700.618432 1752094735.1931129
1752094735.1931353 1752094762.848205
1752094762.84823 1752094784.723869
1752094784.7238905 1752094816.8018394
1752094816.801864 1752094853.2712848
1752094853.2713053 1752094883.3209066
1752094883.320929 1752094914.6066604
1752094914.606688 1752094950.065033
1752094950.0650551 1752094981.049646
1752094981.0496736 1752095010.953483
1752095010.9535067 1752095046.6754985
1752095046.675523 1752095083.784405
1752095083.7844281 1752095113.193434
1752095113.1934533 1752095149.5364337
1752095149.5364592 1752095182.307959
1752095182.3079844 1752095209.7741148
1752095209.7741349 1752095243.8013592
1752095243.8013904 1752095272.5695028
1752095272.5695248 1752095302.0023904
1752095302.0024157 1752095337.5938847
1752095337.593908 1752095371.5089502
1752095371.5089731 1752095402.8702612
1752095402.870289 1752095428.552512
1752095428.5525331 1752095455.3556237
1752095455.3556478 1752095495.1442297
1752095495.144253 1752095521.3828845
1752095521.38291 1752095555.1156087
1752095555.1156301 1752095595.0678935
1752095595.0679185 1752095614.140916
1752095614.1409357 1752095648.665152
1752095648.6651793 1752095679.2850447
1752095679.2850642 1752095719.1243289
1752095719.1243706 1752095751.9682922
1752095751.968322 1752095783.2277308
1752095783.2277527 1752095822.88059
1752095822.8806164 1752095843.143735
1752095843.1437554 1752095878.3424146
1752095878.342438 1752095906.3603494
1752095906.3603687 1752095934.6368144
1752095934.6368341 1752095964.3744845
1752095964.3745089 1752095998.7856576
1752095998.7856772 1752096037.667811
1752096037.66784 1752096069.147723
1752096069.1477535 1752096099.8119602
1752096099.8119907 1752096131.4800086
1752096131.4800315 1752096167.9958363
1752096167.9958575 1752096191.6202548
1752096191.6202803 1752096236.3142292
1752096236.3142502 1752096252.0688949
1752096252.0689182 1752096288.7964036
1752096288.796425 1752096321.3697493
1752096321.3697708 1752096354.1890764
1752096354.1891036 1752096389.5292916
1752096389.5293114 1752096430.0139413
1752096430.0139747 1752096460.3959427
1752096460.3959627 1752096483.5243828
1752096483.5244112 1752096509.2721016
1752096509.272122 1752096552.4571528
1752096552.457176 1752096578.1077006
1752096578.107723 1752096606.5314517
