1764057964.8459463 1764058002.2881763
1764058002.2882025 1764058042.9495227
1764058042.9495418 1764058079.5477316
1764058079.5477555 1764058111.4902499
1764058111.4902806 1764058141.39015
1764058141.3901722 1764058170.4627204
1764058170.462753 1764058209.5662644
1764058209.5662856 1764058238.212013
1764058238.212037 1764058268.593362
1764058268.593389 1764058303.2303743
1764058303.2303987 1764058345.9991157
1764058345.9991355 1764058396.2437575
1764058396.2437801 1764058432.5402896
1764058432.5403194 1764058476.8341098
1764058476.8341286 1764058508.7858515
1764058508.7858765 1764058537.7025206
1764058537.702539 1764058580.5900838
1764058580.59011 1764058621.4787166
1764058621.4787364 1764058651.7377234
1764058651.7377486 1764058683.1081207
1764058683.1081402 1764058710.8386898
1764058710.838712 1764058744.9495723
1764058744.949594 1764058787.2709894
1764058787.2710142 1764058828.182185
1764058828.1822069 1764058868.0109584
1764058868.0109794 1764058909.2896094
1764058909.289636 1764058950.1863167
1764058950.1863463 1764058981.047084
1764058981.0471046 1764059019.9336236
1764059019.9336424 1764059060.2513976
1764059060.2514222 1764059100.6595843
1764059100.65961 1764059140.6124523
1764059140.6124866 1764059192.9879549
1764059192.9879751 1764059239.7314801
1764059239.7315056 1764059281.375938
1764059281.375961 1764059314.6738687
1764059314.67389 1764059346.3787518
1764059346.3787768 1764059386.4472113
1764059386.4472308 1764059420.5408423
1764059420.5408614 1764059465.9947472
1764059465.994772 1764059508.4933257
1764059508.493357 1764059545.1541913
1764059545.1542118 1764059581.0872173
1764059581.0872414 1764059610.773086
1764059610.7731054 1764059645.1433837
1764059645.1434097 1764059679.6488438
1764059679.6488624 1764059713.5722227
1764059713.5722473 1764059743.8902545
1764059743.8902833 1764059772.3369803
1764059772.337 1764059813.8236265
1764059813.8236609 1764059855.6878283
1764059855.6878476 1764059887.7043204
1764059887.7043386 1764059939.909334
1764059939.9093587 1764059988.2847757
1764059988.2847953 1764060029.814
1764060029.8140266 1764060075.8474593
1764060075.8474836 1764060104.4740536
1764060104.4740756 1764060130.243745
1764060130.2437663 1764060160.2279253
1764060160.2279496 1764060187.7165153
1764060187.71654 1764060212.4870098
1764060212.4870293 1764060241.422712
1764060241.4227319 1764060285.8388972
1764060285.8389218 1764060315.4260807
1764060315.426107 1764060338.8484385
1764060338.848471 1764060365.0406623
1764060365.0406964 1764060395.3974578
1764060395.397476 1764060430.8528125
1764060430.8528357 1764060469.5547597
1764060469.554781 1764060501.7631605
1764060501.763207 1764060542.9091601
1764060542.9091814 1764060578.8011172
1764060578.8011444 1764060614.0288706
1764060614.0288947 1764060637.5432563
1764060637.5432768 1764060667.6381173
1764060667.6381423 1764060698.430253
1764060698.4302728 1764060726.6960366
1764060726.6960711 1764060761.6835868
1764060761.683607 1764060790.3781457
1764060790.378171 1764060815.206267
1764060815.206287 1764060856.2613046
1764060856.261328 1764060893.2117112
1764060893.2117321 1764060933.9508843
1764060933.95091 1764060969.6426013
1764060969.6426198 1764061013.8958492
1764061013.8958712 1764061048.7963889
1764061048.796414 1764061084.4269526
1764061084.4269762 1764061130.1252253
1764061130.1252475 1764061159.151903
1764061159.1519268 1764061184.4253922
1764061184.4254124 1764061218.4560611
1764061218.4560866 1764061270.2440252
1764061270.244044 1764061302.6751947
1764061302.6752133 1764061354.8444695
1764061354.8444955 1764061391.5624123
1764061391.5624347 1764061428.0859199
1764061428.0859568 1764061457.695164
1764061457.695182 1764061495.745262
1764061495.7452853 1764061537.2511716
1764061537.2511926 1764061568.4739716
