1764057965.752516 1764057998.9431283
1764057998.9431481 1764058036.5590577
1764058036.55908 1764058071.5753415
1764058071.575361 1764058108.3217726
1764058108.3217983 1764058137.1995418
1764058137.19956 1764058172.2352533
1764058172.2352765 1764058205.8101077
1764058205.8101263 1764058234.6259127
1764058234.6259363 1764058266.37601
1764058266.3760335 1764058304.4128528
1764058304.4128752 1764058342.3190646
1764058342.3190846 1764058388.8739762
1764058388.8740005 1764058437.2507954
1764058437.250816 1764058473.7672644
1764058473.7672877 1764058503.5295658
1764058503.5295858 1764058541.7287092
1764058541.7287424 1764058576.9389927
1764058576.9390147 1764058619.9638634
1764058619.9638839 1764058649.9435458
1764058649.943567 1764058681.9068615
1764058681.906885 1764058710.1148818
1764058710.1149018 1764058742.3527822
1764058742.3528063 1764058786.7805936
1764058786.7806163 1764058823.0429091
1764058823.0429301 1764058861.7209795
1764058861.7210007 1764058906.0039551
1764058906.0039756 1764058949.5910242
1764058949.5910442 1764058979.4286008
1764058979.4286273 1764059018.0317953
1764059018.0318172 1764059053.5832832
1764059053.5833032 1764059099.2611454
1764059099.2611675 1764059143.7344034
1764059143.7344244 1764059189.45158
1764059189.4516022 1764059233.6636767
1764059233.6636956 1764059278.3383672
1764059278.3383915 1764059306.011639
1764059306.0116568 1764059339.009766
1764059339.0097911 1764059382.5277388
1764059382.5277572 1764059426.489232
1764059426.489257 1764059464.3775887
1764059464.3776112 1764059510.4919071
1764059510.4919274 1764059539.4046855
1764059539.4047031 1764059576.605428
1764059576.6054528 1764059609.9143004
1764059609.9143248 1764059644.7569146
1764059644.7569385 1764059676.7237442
1764059676.7237704 1764059710.1047566
1764059710.1047754 1764059741.6924784
1764059741.6925025 1764059771.9540315
1764059771.954048 1764059810.2127142
1764059810.2127378 1764059850.129794
1764059850.1298149 1764059892.7567954
1764059892.7568204 1764059927.300053
1764059927.3000765 1764059982.112667
1764059982.1126862 1764060023.399162
1764060023.3991857 1764060066.184178
1764060066.1842031 1764060097.1249113
1764060097.1249287 1764060127.4636068
1764060127.4636312 1764060155.2073648
1764060155.2073886 1764060179.8016934
1764060179.8017116 1764060215.8479347
1764060215.847959 1764060248.7907658
1764060248.7907846 1764060277.137277
1764060277.1373005 1764060314.9511576
1764060314.95118 1764060343.05872
1764060343.0587409 1764060366.408529
1764060366.4085534 1764060403.1477053
1764060403.1477306 1764060436.1380687
1764060436.1380947 1764060462.9924114
1764060462.9924355 1764060502.810429
1764060502.8104541 1764060539.0392196
1764060539.0392406 1764060577.6710627
1764060577.671087 1764060612.4305933
1764060612.4306161 1764060641.708698
1764060641.7087214 1764060674.7411852
1764060674.7412057 1764060700.1323626
1764060700.132386 1764060729.629986
1764060729.6300035 1764060753.1253114
1764060753.1253357 1764060786.0720387
1764060786.0720558 1764060819.0393577
1764060819.0393822 1764060859.013673
1764060859.013698 1764060899.8256032
1764060899.8256295 1764060942.3438096
1764060942.3438344 1764060971.7450914
1764060971.7451124 1764061017.7632296
1764061017.7632482 1764061060.039587
1764061060.0396261 1764061092.5935855
1764061092.5936098 1764061132.3874476
1764061132.3874679 1764061158.3251624
1764061158.3251815 1764061191.2541318
1764061191.2541559 1764061224.0149388
1764061224.0149674 1764061273.569896
1764061273.5699215 1764061311.59642
1764061311.5964391 1764061356.1836736
1764061356.1836996 1764061389.5550768
1764061389.5550961 1764061422.402657
1764061422.4026787 1764061454.6653833
1764061454.665403 1764061492.2051141
1764061492.2051365 1764061535.9488225
1764061535.9488425 1764061567.2869477
