1764057959.1377254 1764058004.4370997
1764058004.4371307 1764058040.5332627
1764058040.5333028 1764058079.376606
1764058079.3766282 1764058111.7854664
1764058111.785493 1764058141.2566867
1764058141.2567065 1764058178.5240037
1764058178.5240395 1764058207.3810456
1764058207.381064 1764058242.3218865
1764058242.3219087 1764058270.5497327
1764058270.549758 1764058306.8205934
1764058306.820624 1764058345.9660323
1764058345.9660506 1764058394.536071
1764058394.536093 1764058430.6815786
1764058430.6815994 1764058469.7701032
1764058469.7701223 1764058509.7735093
1764058509.773534 1764058544.4973
1764058544.497322 1764058579.3403878
1764058579.340413 1764058616.8207045
1764058616.8207226 1764058649.5862622
1764058649.5862868 1764058686.7164695
1764058686.7164903 1764058715.0683641
1764058715.0683842 1764058748.7709882
1764058748.7710133 1764058789.1281853
1764058789.1282046 1764058824.692187
1764058824.692211 1764058868.4528346
1764058868.4528546 1764058908.09816
1764058908.0981984 1764058950.1628191
1764058950.162851 1764058982.877067
1764058982.8770852 1764059017.0395565
1764059017.03958 1764059048.3576622
1764059048.3576791 1764059094.4080832
1764059094.408107 1764059146.4757574
1764059146.4757762 1764059187.7681508
1764059187.768183 1764059237.5051994
1764059237.5052192 1764059274.1147454
1764059274.1147642 1764059311.3945117
1764059311.3945355 1764059343.401748
1764059343.4017775 1764059387.5025537
1764059387.5025744 1764059427.6703131
1764059427.6703346 1764059471.3689268
1764059471.3689508 1764059513.6347616
1764059513.6347864 1764059543.379526
1764059543.3795497 1764059576.4866633
1764059576.486682 1764059609.734307
1764059609.7343314 1764059641.3613288
1764059641.3613484 1764059680.214884
1764059680.2149086 1764059712.92063
1764059712.9206483 1764059742.7166133
1764059742.716637 1764059775.8707778
1764059775.8708036 1764059812.1950212
1764059812.1950402 1764059852.6449914
1764059852.645017 1764059894.9703617
1764059894.9703808 1764059938.160309
1764059938.1603339 1764059988.3021867
1764059988.3022065 1764060031.8989842
1764060031.8990095 1764060072.1429014
1764060072.142925 1764060101.6545732
1764060101.6545918 1764060127.8747876
1764060127.8748128 1764060155.8338482
1764060155.8338664 1764060187.8770366
1764060187.8770616 1764060216.6578283
1764060216.657848 1764060241.5763812
1764060241.5763993 1764060278.2194514
1764060278.2194762 1764060312.4368036
1764060312.436822 1764060341.6353557
1764060341.63538 1764060371.3545833
1764060371.3546011 1764060402.5917938
1764060402.591819 1764060438.016789
1764060438.0168138 1764060457.4956825
1764060457.4957044 1764060498.9957206
1764060498.9957442 1764060542.5115993
1764060542.5116234 1764060578.4726722
1764060578.4726946 1764060617.022282
1764060617.0223045 1764060642.303617
1764060642.3036413 1764060675.5924954
1764060675.592515 1764060700.3715339
1764060700.3715582 1764060734.158146
1764060734.1581657 1764060756.820768
1764060756.8207943 1764060791.1625364
1764060791.1625621 1764060819.0455277
1764060819.0455492 1764060860.7505932
1764060860.7506185 1764060899.990893
1764060899.9909143 1764060942.525502
1764060942.5255265 1764060976.6475248
1764060976.6475444 1764061009.789758
1764061009.7897813 1764061057.156059
1764061057.156082 1764061082.6976826
1764061082.6977022 1764061132.881814
1764061132.8818393 1764061161.6090379
1764061161.6090572 1764061189.0524154
1764061189.0524366 1764061221.818844
1764061221.8188663 1764061273.9550846
1764061273.9551046 1764061310.5887904
1764061310.5888212 1764061350.938937
1764061350.9389555 1764061390.638216
1764061390.6382406 1764061420.0905266
1764061420.0905442 1764061455.5772877
1764061455.577312 1764061495.862917
1764061495.8629358 1764061528.753316
1764061528.753336 1764061566.066218
