1765197061.0348475 1765197292.2642143
1765197292.2642388 1765197563.709383
1765197563.7094057 1765197840.558024
1765197840.558047 1765198111.8497245
1765198111.8497474 1765198433.5931447
1765198433.593167 1765198669.0819662
1765198669.0819845 1765198971.6910663
1765198971.6910892 1765199103.2405005
1765199103.2405238 1765199474.8623796
1765199474.8624015 1765199866.2660427
1765199866.2660668 1765200233.0736747
1765200233.0736983 1765200499.53243
1765200499.5324533 1765200811.7884753
1765200811.7884986 1765201152.8494473
1765201152.8494704 1765201469.339553
1765201469.339576 1765201799.3859966
1765201799.38602 1765201993.439568
1765201993.4395916 1765202161.1023452
1765202161.1023667 1765202368.6980264
1765202368.6980498 1765202527.1598923
1765202527.1599169 1765202828.5757394
1765202828.5757635 1765203031.6691701
1765203031.669193 1765203135.1350873
1765203135.135107 1765203422.4447694
1765203422.444794 1765203700.5439858
1765203700.5440102 1765203974.5657876
1765203974.565811 1765204211.628959
1765204211.6289816 1765204407.5644171
1765204407.5644405 1765204719.1625144
1765204719.1625376 1765205028.248533
1765205028.2485569 1765205125.2258322
1765205125.2258513 1765205414.2981448
1765205414.298164 1765205823.5182886
1765205823.5183117 1765206011.1398642
1765206011.139889 1765206280.850819
1765206280.8508487 1765206565.3038945
1765206565.3039184 1765206639.9447591
1765206639.9447832 1765206994.9423335
1765206994.9423544 1765207204.278537
1765207204.2785618 1765207465.0082889
1765207465.0083086 1765207805.7212665
1765207805.721291 1765208043.370564
1765208043.37059 1765208156.1905332
1765208156.190552 1765208545.7711475
1765208545.771172 1765208911.2358942
1765208911.2359197 1765209114.489312
1765209114.4893324 1765209403.563479
1765209403.5635026 1765209625.785098
1765209625.7851226 1765209804.6768997
1765209804.6769218 1765210081.6367807
1765210081.6368003 1765210367.1017354
1765210367.1017594 1765210765.354974
1765210765.3549972 1765210965.6696475
1765210965.6696715 1765211420.8067646
1765211420.8067892 1765211744.0424287
1765211744.0424535 1765212045.2002208
1765212045.200247 1765212421.7376544
1765212421.737679 1765212645.516547
1765212645.5165699 1765213008.391206
1765213008.39123 1765213335.9690568
1765213335.9690816 1765213632.6348524
1765213632.6348774 1765213889.4592519
1765213889.459277 1765214101.0853171
1765214101.0853393 1765214456.2013361
1765214456.2013605 1765214576.3473654
1765214576.3473842 1765214799.7815208
1765214799.7815444 1765215014.1663983
1765215014.1664174 1765215202.674715
1765215202.6747396 1765215328.3796756
1765215328.3796954 1765215629.7384145
1765215629.7384398 1765215798.4238904
1765215798.4239151 1765216231.5575914
1765216231.5576146 1765216428.3034675
1765216428.3034918 1765216804.9822075
1765216804.9822328 1765216916.943802
1765216916.943821 1765217106.5277522
1765217106.527777 1765217478.6476226
1765217478.6476462 1765217612.5085716
1765217612.5085914 1765217940.468254
1765217940.4682791 1765218295.0279355
1765218295.027956 1765218531.548471
1765218531.5484955 1765218800.680796
1765218800.6808174 1765219058.0451512
1765219058.045175 1765219320.0395167
1765219320.0395358 1765219818.3052156
1765219818.305241 1765220074.6153033
1765220074.615328 1765220414.8530462
1765220414.8530705 1765220549.5517023
1765220549.5517223 1765220802.5269938
1765220802.5270188 1765221207.0232165
1765221207.023235 1765221478.0634248
1765221478.0634503 1765221693.3348143
1765221693.3348496 1765221894.6788566
1765221894.678879 1765222197.9125814
1765222197.9126065 1765222470.9247892
1765222470.9248204 1765222676.197783
1765222676.1978054 1765222988.589144
1765222988.58917 1765223338.1520631
1765223338.152083 1765223631.1623755
1765223631.162399 1765223833.6187344
