1776214228.0870025 1776214273.0238845
1776214274.0250523 1776214320.9715564
1776214327.9783964 1776214370.1921208
1776214370.1922626 1776214414.6748137
1776214421.6820002 1776214467.7494845
1776214468.7499716 1776214511.9413779
1776214511.9415274 1776214570.4543254
1776214576.4605129 1776214618.4850972
1776214627.485826 1776214658.1391604
1776214660.141318 1776214727.38089
1776214730.3833275 1776214775.5829787
1776214781.5891633 1776214827.8779497
1776214831.8783407 1776214880.6375399
1776214880.6376898 1776214932.8706367
1776214937.8758354 1776214970.5739877
1776214973.57711 1776215014.0203946
1776215023.0263758 1776215062.7156403
1776215069.7223353 1776215102.071916
1776215108.0743377 1776215140.0721893
1776215147.0724895 1776215186.3375702
1776215186.3377512 1776215234.6349463
1776215243.6441386 1776215286.396341
1776215287.3975127 1776215329.194496
1776215332.197683 1776215370.6581967
1776215370.658275 1776215423.919729
1776215425.9219265 1776215470.0229185
1776215474.0270436 1776215514.7232835
1776215523.7324653 1776215558.24134
1776215565.248514 1776215608.0166557
1776215608.016807 1776215654.5761065
1776215662.5842276 1776215698.6553252
1776215700.6575043 1776215746.9133222
1776215755.9225001 1776215800.5304675
1776215804.53081 1776215853.1058502
1776215853.1060152 1776215897.0125344
1776215898.0128627 1776215953.3282156
1776215958.3333893 1776215995.6941059
1776216003.7022858 1776216045.4621341
1776216054.470343 1776216095.52731
1776216099.5303395 1776216139.8187244
1776216141.8188868 1776216185.4146967
1776216194.4238157 1776216227.8606474
1776216229.8628414 1776216268.3908272
1776216277.400014 1776216307.9578226
1776216307.958022 1776216354.6346836
1776216357.6350858 1776216394.436416
1776216400.442602 1776216449.171712
1776216452.1749005 1776216490.6385467
1776216498.6467319 1776216539.0073035
1776216540.0084157 1776216575.814192
1776216576.815374 1776216629.793428
1776216633.7976077 1776216670.4254875
1776216680.4343557 1776216716.858697
1776216725.8678417 1776216757.4616516
1776216757.4618096 1776216804.3874176
1776216812.3956232 1776216848.2683673
1776216853.2735636 1776216889.7798722
1776216894.7803383 1776216945.3095505
1776216950.3143303 1776216984.224148
1776216990.2266638 1776217036.5400145
1776217039.5423405 1776217081.7459767
1776217090.7511115 1776217124.1077187
1776217124.1078608 1776217179.117346
1776217184.1225498 1776217217.947955
1776217224.9543953 1776217266.4969275
1776217271.5020947 1776217318.1994271
1776217319.1999938 1776217359.1793196
1776217367.1875098 1776217410.5802996
1776217419.5863478 1776217452.2897525
1776217462.299945 1776217503.4221098
1776217503.422259 1776217554.1992521
1776217562.2074134 1776217597.144464
1776217601.1486123 1776217643.6994314
1776217648.6999457 1776217695.3326395
1776217695.3328085 1776217744.3203816
1776217744.3205323 1776217789.751029
1776217791.7531517 1776217828.845638
1776217828.8457878 1776217873.862151
1776217877.8663146 1776217931.1440055
1776217932.1451914 1776217981.3392396
1776217989.3473592 1776218021.1531782
1776218026.1583657 1776218078.4011586
1776218080.4033377 1776218126.1949537
1776218133.2021265 1776218178.1822088
1776218181.1853585 1776218225.6232831
1776218228.6265008 1776218274.496179
1776218280.5023644 1776218327.690783
1776218331.6949067 1776218373.3121467
1776218374.313331 1776218423.4195497
1776218432.4286823 1776218474.763464
1776218477.7666576 1776218520.1331162
1776218521.1342359 1776218572.109138
1776218578.1152964 1776218624.9819143
1776218634.992054 1776218668.5294871
1776218672.533678 1776218719.3302133
1776218720.330601 1776218766.8373284
1776218772.837695 1776218824.6080363
1776218833.6172147 1776218865.0713515
1776218866.072491 1776218926.1852746
1776218934.189507 1776218980.8215027
