1776127588.5563936 1776127637.079809
1776127645.0807433 1776127687.4160862
1776127690.4183567 1776127737.1908946
1776127739.1931002 1776127789.977716
1776127791.9783416 1776127845.8618243
1776127852.866339 1776127885.8748066
1776127885.874877 1776127945.7059672
1776127953.714187 1776128000.9230132
1776128005.9282153 1776128053.7026286
1776128058.707782 1776128104.2234511
1776128114.2336285 1776128157.2314837
1776128158.2326722 1776128209.2347524
1776128213.2389617 1776128264.0922575
1776128266.094708 1776128315.768846
1776128318.7719975 1776128370.407843
1776128380.418028 1776128415.7151334
1776128421.7213078 1776128479.8123813
1776128489.8225613 1776128539.5086932
1776128544.5139022 1776128594.0755546
1776128601.0827181 1776128648.3054814
1776128656.3136585 1776128696.24374
1776128706.2539537 1776128763.0560696
1776128766.058328 1776128822.6197767
1776128823.6209831 1776128872.0789814
1776128876.0823355 1776128925.614889
1776128925.6150708 1776128985.269181
1776128988.2698245 1776129037.3557434
1776129042.3608704 1776129084.1066408
1776129084.1068044 1776129148.435095
1776129149.4354649 1776129199.2018
1776129204.2069497 1776129249.0790243
1776129259.089207 1776129304.9837086
1776129308.987896 1776129359.7435966
1776129359.7436838 1776129408.208833
1776129418.209476 1776129472.1629047
1776129473.16345 1776129524.3465183
1776129532.3546402 1776129576.256118
1776129581.2612755 1776129630.9535003
1776129634.9543316 1776129682.7652528
1776129682.7654376 1776129736.6060448
1776129745.6152253 1776129787.1028929
1776129792.108018 1776129831.870615
1776129834.873795 1776129890.1081243
1776129890.108298 1776129946.784019
1776129946.784161 1776129994.075135
1776130003.0758967 1776130048.7361891
1776130049.737394 1776130097.5474024
1776130098.5485356 1776130142.663023
1776130151.6638093 1776130188.1423485
1776130188.142495 1776130239.5202162
1776130248.529418 1776130290.0905356
1776130295.0943336 1776130347.3568666
1776130348.3580542 1776130394.6576376
1776130396.6597743 1776130439.2134063
1776130449.2151256 1776130498.37902
1776130508.3863463 1776130550.5017264
1776130554.5059466 1776130604.904512
1776130605.9056451 1776130653.622888
1776130653.6230233 1776130710.7316236
1776130716.7378402 1776130759.0138662
1776130764.0183394 1776130813.3941429
1776130814.3953054 1776130859.5617347
1776130869.5719519 1776130910.7816875
1776130913.784922 1776130966.3015122
1776130971.3063357 1776131012.7364466
1776131020.7446077 1776131056.534868
1776131066.535453 1776131103.383099
1776131109.3833141 1776131156.9574926
1776131162.96326 1776131206.1815214
1776131215.1906872 1776131251.242208
1776131259.250367 1776131305.3918834
1776131315.3991368 1776131368.5271401
1776131372.5280135 1776131407.0523238
1776131414.0543733 1776131465.8523893
1776131465.852535 1776131516.6776283
1776131519.68033 1776131572.7179315
1776131579.7223396 1776131622.694643
1776131624.6968167 1776131675.2572653
1776131681.2580602 1776131722.5235505
1776131724.5257428 1776131774.8429222
1776131779.8436575 1776131826.4155083
1776131826.4156456 1776131872.7382371
1776131872.7383645 1776131931.108576
1776131934.1103337 1776131972.9680297
1776131979.9695618 1776132030.884313
1776132030.8844488 1776132073.4147859
1776132075.4150043 1776132124.8810954
1776132126.8832245 1776132168.0406384
1776132168.040792 1776132218.1739304
1776132228.1823354 1776132259.539953
1776132268.5491757 1776132299.2081473
1776132303.2103465 1776132351.8444805
1776132352.845013 1776132401.410833
1776132405.4149535 1776132451.3022456
1776132454.3054194 1776132505.2160394
1776132509.2201877 1776132546.4812224
1776132556.491367 1776132591.8709295
1776132592.8720937 1776132658.5837255
1776132665.5903468 1776132709.3227253
1776132713.3268971 1776132756.594111
