1722344303.8571377 1722344320.3085778
1722344320.861946 1722344360.506942
1722344361.213089 1722344388.8068244
1722344389.8200204 1722344418.6589704
1722344418.7764244 1722344457.3095522
1722344458.2131329 1722344493.3591173
1722344494.0627987 1722344527.5083246
1722344527.871626 1722344557.9585872
1722344559.0627406 1722344596.9099205
1722344597.969847 1722344630.1065779
1722344630.9656084 1722344666.056805
1722344667.1702912 1722344700.6569347
1722344701.46043 1722344722.6631153
1722344722.8240876 1722344751.1582239
1722344751.516875 1722344787.461692
1722344788.710219 1722344820.3582897
1722344820.6699023 1722344848.0086555
1722344849.1167827 1722344886.1568093
1722344886.623874 1722344916.3072736
1722344916.6614048 1722344952.0570123
1722344953.1646786 1722344980.8579714
1722344981.7726316 1722345015.7112074
1722345016.0187993 1722345047.60667
1722345048.2606251 1722345078.1614788
1722345079.3645031 1722345116.357022
1722345116.8161442 1722345143.0567477
1722345143.6178215 1722345182.161918
1722345183.2629383 1722345211.3580327
1722345212.2102175 1722345243.058347
1722345243.6223235 1722345275.3593616
1722345276.3199458 1722345322.0566435
1722345323.0669572 1722345342.8101134
1722345343.9217896 1722345377.009733
1722345378.5147817 1722345424.4082444
1722345424.6101823 1722345451.1621072
1722345452.36568 1722345485.0578637
1722345485.766828 1722345518.1578827
1722345519.0704207 1722345549.6088002
1722345550.7658937 1722345576.361918
1722345577.6134155 1722345606.7580445
1722345607.316981 1722345639.509571
1722345640.2141833 1722345674.4065433
1722345674.9746113 1722345699.1572487
1722345700.1137347 1722345729.6568263
1722345730.462357 1722345749.2570918
1722345750.170899 1722345785.2620451
1722345785.620051 1722345817.3625681
1722345818.574053 1722345858.3583324
1722345858.5769365 1722345884.2568276
1722345885.3115592 1722345921.5083606
1722345921.760801 1722345947.0567415
1722345948.2129037 1722345975.6078138
1722345976.6628752 1722346010.556889
1722346011.0602665 1722346039.6663392
1722346040.7651587 1722346077.2568998
1722346077.768399 1722346106.9573631
1722346108.0139859 1722346140.9083652
1722346141.967009 1722346173.3101056
1722346174.5183928 1722346207.207023
1722346208.4584308 1722346256.7579944
1722346257.677513 1722346285.1570406
1722346285.6629155 1722346319.9607186
1722346321.1643236 1722346352.0095594
1722346353.022038 1722346386.356962
1722346387.2624876 1722346419.058938
1722346419.9263945 1722346452.9636493
1722346453.2066267 1722346479.1619067
1722346480.125961 1722346515.4097538
1722346516.2095351 1722346551.3566291
1722346552.0744653 1722346584.4096606
1722346584.9164352 1722346614.0569987
1722346614.3680289 1722346651.1126463
1722346651.875836 1722346683.7084775
1722346684.7139008 1722346716.3082042
1722346717.061859 1722346742.2070444
1722346742.7118158 1722346774.8582373
1722346775.7214525 1722346811.7586434
1722346812.6157768 1722346845.6084652
1722346846.3217902 1722346872.3069003
1722346872.767605 1722346905.3123868
1722346906.1199853 1722346937.15672
1722346938.165212 1722346980.2569325
1722346981.0783389 1722347005.7066538
1722347006.4602864 1722347034.2568185
1722347035.2697551 1722347066.2611208
1722347067.4650352 1722347108.2577837
1722347109.0124912 1722347137.7605073
1722347138.016085 1722347171.8081982
1722347172.5700066 1722347207.9574225
1722347208.3641686 1722347241.9615712
1722347243.170713 1722347268.959196
1722347269.6104157 1722347306.356954
1722347307.462336 1722347341.0589383
1722347341.3689158 1722347369.3099322
1722347370.4620433 1722347405.0581074
1722347405.6105156 1722347431.906579
1722347432.2215664 1722347458.2570243
1722347459.1128323 1722347491.7066243
1722347492.4686809 1722347525.9100332
1722347527.1212566 1722347556.4086
1722347556.62005 1722347598.956622
1722347599.8637505 1722347624.5135734
1722347625.6656504 1722347664.3586621
1722347665.1219852 1722347696.857108
1722347697.6172915 1722347720.258107
1722347721.4212627 1722347759.5568147
1722347760.072145 1722347791.8569005
1722347792.1243968 1722347821.256594
1722347822.016492 1722347856.1582227
1722347857.2700891 1722347888.6065774
1722347889.4071698 1722347916.3117445
1722347916.6655335 1722347948.1105704
1722347949.3718832 1722347983.3066275
1722347984.1631818 1722348019.4135914
1722348020.5677576 1722348051.9566805
1722348052.2642817 1722348083.607118
1722348084.6254396 1722348122.656867
1722348123.321956 1722348150.8081458
1722348151.8750048 1722348191.3585467
1722348191.6592038 1722348220.2590752
1722348221.220042 1722348257.4567747
1722348258.265847 1722348291.6578507
1722348292.9637399 1722348325.156848
1722348325.4602594 1722348356.4623842
1722348356.8670928 1722348396.3569837
1722348397.415466 1722348426.5581872
1722348427.2641828 1722348456.608308
1722348457.609191 1722348488.858228
1722348489.1736474 1722348519.956705
1722348521.1136832 1722348548.860523
1722348549.3678901 1722348582.2075446
1722348583.4701076 1722348615.9590993
1722348616.9686997 1722348644.3081672
1722348645.4088564 1722348678.0615785
1722348679.112428 1722348710.9608755
1722348712.0175045 1722348746.1577773
1722348746.7739103 1722348772.2081513
1722348773.2220047 1722348811.2567847
1722348812.4252603 1722348840.8622632
1722348842.2110136 1722348874.6568086
1722348875.6576202 1722348900.6650639
1722348901.7663636 1722348930.3606167
1722348931.474332 1722348968.7593157
1722348969.5201511 1722348993.3067377
1722348994.2644448 1722349034.958914
1722349035.3169696 1722349067.0585678
1722349068.0633073 1722349100.4096398
1722349101.469906 1722349129.5067964
1722349130.2681139 1722349162.6066284
1722349163.0240178 1722349195.2626758
1722349196.6218252 1722349228.3069913
1722349229.1711147 1722349260.1565902
1722349260.5076933 1722349298.1604805
1722349299.2662706 1722349324.058626
1722349324.9266384 1722349360.0570667
1722349360.4732518 1722349393.5084848
1722349394.5154798 1722349426.3661335
1722349427.510762 1722349460.8610413
1722349462.0106392 1722349490.4569204
1722349491.0150993 1722349518.3582964
1722349518.7608511 1722349545.8582668
1722349546.6585803 1722349577.309885
1722349578.2662766 1722349605.5078645
1722349606.615586 1722349634.607147
1722349635.6707175 1722349669.9089713
1722349670.9259717 1722349695.1621735
1722349696.3638837 1722349722.4571385
1722349723.2180343 1722349752.7568278
1722349753.9717212 1722349782.309457
1722349783.417274 1722349813.910674
1722349814.7570992 1722349842.709917
1722349843.4152079 1722349882.7065976
1722349883.058733 1722349915.3068864
1722349915.864768 1722349952.7581537
1722349953.711383 1722349980.7591786
1722349981.7664633 1722350007.6567357
1722350008.218535 1722350037.060975
1722350037.3688955 1722350073.4582818
1722350074.2158334 1722350103.4576917
1722350104.5565727 1722350138.609498
1722350139.1251411 1722350167.9608018
1722350169.1656222 1722350205.109076
1722350205.471039 1722350235.856777
1722350236.664954 1722350259.9124117
1722350261.0098212 1722350295.9066489
1722350296.8168778 1722350321.607229
1722350321.9567177 1722350348.0099883
1722350349.158501 1722350383.2621112
1722350384.4228544 1722350411.1091878
1722350411.6086788 1722350449.307078
1722350449.811311 1722350478.3090973
1722350479.062576 1722350501.707939
1722350502.7694151 1722350538.4068072
1722350539.365745 1722350568.4567587
1722350569.3666127 1722350595.2565038
1722350596.411946 1722350630.5087936
1722350631.608454 1722350655.7065823
1722350656.4219403 1722350695.910494
1722350696.9141088 1722350727.60895
1722350728.5074847 1722350755.256928
