1722344290.109209 1722344317.5068336
1722344318.362444 1722344354.6068716
1722344355.5628762 1722344386.6619134
1722344387.8249052 1722344419.1093502
1722344419.8687212 1722344452.1604667
1722344452.88111 1722344481.7567506
1722344482.365087 1722344516.0065796
1722344516.6666625 1722344560.65691
1722344561.3264744 1722344593.3570762
1722344594.0125449 1722344625.8613238
1722344626.7588658 1722344659.0591495
1722344659.2156818 1722344694.6064389
1722344695.3693502 1722344723.806674
1722344724.0186045 1722344762.3586593
1722344762.911877 1722344787.2571566
1722344788.0167124 1722344831.6567872
1722344832.4125724 1722344849.606673
1722344850.6112814 1722344883.8604155
1722344884.8648074 1722344922.3065524
1722344923.107209 1722344942.306665
1722344943.626025 1722344985.0568871
1722344986.1685567 1722345017.8567367
1722345018.1237943 1722345045.007184
1722345045.4177024 1722345072.4579995
1722345072.9634628 1722345112.9100044
1722345114.171041 1722345152.2125497
1722345152.4608245 1722345178.261551
1722345179.3575656 1722345209.3109477
1722345209.9117568 1722345250.1102793
1722345251.4230306 1722345283.770541
1722345283.870976 1722345311.1567354
1722345311.4678679 1722345345.4100723
1722345346.363607 1722345385.7070694
1722345386.6279864 1722345415.357812
1722345416.1646426 1722345454.5568652
1722345455.4235947 1722345481.0586188
1722345482.115234 1722345511.1605213
1722345512.271453 1722345547.0099854
1722345548.1177835 1722345575.257053
1722345576.0203216 1722345606.756869
1722345607.7601142 1722345638.3618066
1722345638.5222375 1722345671.462607
1722345672.6649754 1722345701.258933
1722345701.6661294 1722345727.45708
1722345727.6682067 1722345756.1065767
1722345757.0695598 1722345785.9587584
1722345786.86011 1722345818.7605343
1722345819.4645739 1722345856.2569416
1722345856.4635043 1722345885.6138618
1722345886.8604465 1722345919.9083264
1722345921.0634522 1722345944.5624235
1722345945.5122986 1722345978.407981
1722345978.7627883 1722346010.6578968
1722346011.3681927 1722346037.4100375
1722346038.7590988 1722346070.8095765
1722346072.023323 1722346113.2581613
1722346114.065046 1722346145.4617574
1722346146.1106627 1722346179.8598723
1722346180.9585576 1722346210.8065999
1722346211.6104228 1722346246.4084322
1722346246.9694548 1722346279.1071975
1722346279.4164808 1722346315.0079634
1722346315.872534 1722346348.8601365
1722346349.2245753 1722346379.7614872
1722346380.515264 1722346418.1576674
1722346419.0104082 1722346450.4571793
1722346451.3668232 1722346484.3623147
1722346485.5783622 1722346517.957138
1722346518.2598865 1722346554.359147
1722346554.5674431 1722346588.9065442
1722346589.663595 1722346608.4583917
1722346608.8213818 1722346642.1618147
1722346643.2727125 1722346673.1566863
1722346674.0170317 1722346706.2066524
1722346706.971678 1722346740.006962
1722346740.3236554 1722346772.5095387
1722346772.7213218 1722346801.758214
1722346802.972551 1722346834.4089665
1722346835.2162302 1722346868.4622064
1722346868.874995 1722346898.9567888
1722346899.6751957 1722346933.7573192
1722346934.0226293 1722346977.7569878
1722346978.815191 1722347000.1084192
1722347000.920101 1722347028.0585272
1722347029.015132 1722347064.1591377
1722347064.3607244 1722347102.6623425
1722347103.9115195 1722347136.0619714
1722347137.3159351 1722347175.3567197
1722347175.9108608 1722347202.4586139
1722347203.4181697 1722347249.5607038
1722347250.668584 1722347263.1569662
1722347263.3638394 1722347296.910032
1722347297.9085755 1722347330.2582963
1722347330.971977 1722347364.6622992
1722347365.5196114 1722347393.3066363
1722347394.2088213 1722347423.657038
1722347424.5676425 1722347455.358676
1722347456.6153295 1722347490.8566167
1722347491.6738362 1722347519.5065112
1722347520.4233394 1722347550.4578233
1722347551.4699862 1722347588.5568054
1722347589.6098797 1722347619.7096589
1722347620.9573526 1722347653.707954
1722347654.361304 1722347686.7067747
1722347687.2211275 1722347717.156947
1722347717.570556 1722347754.4565613
1722347754.621771 1722347790.257729
1722347791.3159347 1722347819.9568887
1722347820.2078454 1722347848.159
1722347848.7109609 1722347884.7102292
1722347885.8705614 1722347918.2567737
1722347919.1162047 1722347943.5091147
1722347944.6244051 1722347983.260231
1722347984.2127872 1722348022.8097174
1722348023.8704634 1722348054.1092818
1722348055.0156577 1722348085.9082043
1722348086.7665136 1722348116.7567978
1722348117.4608097 1722348156.8066487
1722348157.7108202 1722348191.006627
1722348191.913707 1722348220.7073195
1722348221.511008 1722348253.358653
1722348254.5103025 1722348286.4569676
1722348287.5128608 1722348316.9565916
1722348317.8240085 1722348362.0066526
1722348362.9185925 1722348390.1575274
1722348391.018654 1722348428.8128803
1722348429.8679113 1722348460.8585193
1722348461.3087611 1722348492.8069465
1722348493.161735 1722348518.2618885
1722348519.4140532 1722348549.6589177
1722348550.713575 1722348584.8642879
1722348585.9185593 1722348622.256612
1722348622.9746308 1722348650.0592196
1722348650.5588026 1722348683.1103847
1722348684.256609 1722348709.3086123
1722348710.061172 1722348740.0589643
1722348740.7605703 1722348773.8071053
1722348774.615948 1722348805.5081508
1722348806.408929 1722348837.6613011
1722348838.7661445 1722348867.657317
1722348868.060161 1722348900.7582412
1722348901.0750356 1722348936.162438
1722348937.3600733 1722348972.909093
1722348973.8077803 1722348997.6066394
1722348998.5153425 1722349032.4570136
1722349033.208004 1722349061.2567434
1722349061.4163728 1722349088.5591805
1722349089.4772596 1722349124.6568596
1722349125.620703 1722349169.0592346
1722349169.8671095 1722349196.0589755
1722349196.3114855 1722349225.0571232
1722349226.0151532 1722349262.6065946
1722349263.3592918 1722349294.6581337
1722349294.9255772 1722349322.1566427
1722349323.2193313 1722349352.9066465
1722349353.9167829 1722349395.8571093
1722349396.5170767 1722349422.0585964
1722349422.9709966 1722349457.1570697
1722349458.2130504 1722349485.1099968
1722349486.1725569 1722349517.458663
1722349518.4646845 1722349550.6585176
1722349551.0212297 1722349577.2068083
1722349577.9731934 1722349604.5586112
1722349604.757698 1722349640.1567092
1722349640.9107857 1722349665.9604023
1722349666.6122882 1722349691.360558
1722349692.4595935 1722349717.6066296
1722349718.2283638 1722349747.8603914
1722349748.8591962 1722349788.306672
1722349789.2076492 1722349814.259206
1722349814.5651312 1722349850.6566477
1722349851.3186004 1722349877.3590124
1722349877.5747178 1722349912.860599
1722349913.8652847 1722349949.0100198
1722349949.6704917 1722349978.8592334
1722349979.3604681 1722350005.7095149
1722350007.113272 1722350042.8621886
1722350044.0115879 1722350078.1586723
1722350079.2194943 1722350108.8579001
1722350109.8599503 1722350140.356582
1722350140.8125663 1722350168.0128317
1722350169.3618107 1722350204.7588625
1722350205.5179942 1722350230.3619363
1722350231.8596945 1722350269.1569295
1722350269.8618143 1722350290.261993
1722350291.5079584 1722350324.2617483
1722350325.5647607 1722350349.8621886
1722350350.81138 1722350379.3606508
1722350380.3173125 1722350410.2620502
1722350411.429045 1722350446.5083823
1722350446.6654928 1722350473.5567927
1722350474.3703094 1722350503.8566341
1722350504.707437 1722350534.0605683
1722350535.074135 1722350564.0071104
1722350564.764519 1722350600.1567037
1722350600.4756176 1722350629.956942
1722350630.9159389 1722350661.3575993
1722350661.8086636 1722350700.5581663
1722350701.6081429 1722350730.3568912
1722350731.4761877 1722350758.9610927
