1722344289.1093473 1722344324.360728
1722344324.8197842 1722344354.1065614
1722344354.7765183 1722344386.6070971
1722344387.4748342 1722344414.0591836
1722344414.4270656 1722344447.1568985
1722344448.0640268 1722344495.4585896
1722344496.2733731 1722344526.7073271
1722344527.3647704 1722344565.9567237
1722344566.8146338 1722344592.9068704
1722344593.6066303 1722344623.0086834
1722344623.8212953 1722344654.6139755
1722344655.5658479 1722344700.6581483
1722344700.8597338 1722344734.3582292
1722344735.0706182 1722344755.3080986
1722344756.074069 1722344787.4105673
1722344788.656814 1722344818.0568783
1722344819.2160788 1722344861.357071
1722344862.3619854 1722344886.0584726
1722344887.16267 1722344929.056599
1722344929.770117 1722344953.5595582
1722344953.7140412 1722344997.658341
1722344998.6605198 1722345012.4567854
1722345013.0337832 1722345049.658497
1722345049.9299402 1722345080.206743
1722345081.063009 1722345109.7066305
1722345110.5136662 1722345140.8071835
1722345141.7801723 1722345176.2088847
1722345176.6238706 1722345204.8608346
1722345205.1149478 1722345240.5102606
1722345241.62599 1722345284.1583097
1722345285.1674058 1722345312.7566965
1722345313.6678193 1722345346.2082427
1722345347.2213311 1722345383.707991
1722345384.770467 1722345424.4583097
1722345425.4267166 1722345445.5570345
1722345446.4135454 1722345488.258521
1722345488.4164033 1722345505.4071002
1722345506.1214802 1722345555.7567124
1722345556.6741834 1722345577.8569088
1722345578.8273132 1722345609.4070308
1722345610.2079372 1722345641.0589786
1722345641.3640664 1722345668.1586208
1722345668.6649766 1722345702.9582012
1722345703.8194125 1722345734.2569768
1722345734.5205042 1722345756.5620258
1722345757.5770204 1722345787.157239
1722345787.759027 1722345820.106903
1722345820.8137493 1722345853.3066652
1722345854.0103238 1722345885.360407
1722345886.2690217 1722345914.7585864
1722345915.6139386 1722345949.7073154
1722345950.5655165 1722345991.756523
1722345992.009325 1722346016.214436
1722346017.2637517 1722346041.156832
1722346041.759972 1722346073.3570268
1722346074.2098563 1722346110.107093
1722346111.014147 1722346139.5090895
1722346139.8586156 1722346180.3569994
1722346181.1724029 1722346210.3586514
1722346211.171601 1722346250.010251
1722346251.1144047 1722346281.9566805
1722346282.6245162 1722346321.2569776
1722346321.8157163 1722346353.5581703
1722346354.6080291 1722346382.6091952
1722346383.8679423 1722346416.108504
1722346417.4689133 1722346462.156876
1722346463.0620992 1722346490.457827
1722346491.268228 1722346528.4582634
1722346528.6201794 1722346556.4569669
1722346557.5685387 1722346585.7071462
1722346586.571766 1722346616.4092207
1722346616.6136324 1722346655.206639
1722346655.9728184 1722346686.456928
1722346687.558438 1722346713.8581302
1722346714.763394 1722346736.3585594
1722346737.159874 1722346782.9091902
1722346783.0234976 1722346809.461336
1722346810.21889 1722346846.6604276
1722346847.0595691 1722346873.1586175
1722346873.7118344 1722346904.3566806
1722346905.273036 1722346941.7567148
1722346941.9077947 1722346976.6621985
1722346977.6711807 1722347004.3102162
1722347005.4284406 1722347037.5626104
1722347038.5244324 1722347070.2570844
1722347071.075969 1722347109.856712
1722347110.1122563 1722347145.5615947
1722347146.7728932 1722347179.5082867
1722347180.5588257 1722347204.856887
1722347205.4226127 1722347235.7071302
1722347236.676446 1722347276.1567736
1722347276.8741834 1722347311.3568187
1722347311.8571243 1722347345.8580573
1722347346.518511 1722347372.6097677
1722347373.8134623 1722347399.5573177
1722347400.213276 1722347437.0581524
1722347437.6658819 1722347466.4096174
1722347466.7292466 1722347505.556938
1722347506.7187567 1722347537.758359
1722347538.5618625 1722347577.5602388
1722347578.41594 1722347599.1566691
1722347599.4582362 1722347630.656945
1722347631.859939 1722347662.9570756
1722347663.8076973 1722347691.5103056
1722347692.863257 1722347734.660064
1722347735.2101643 1722347753.260509
1722347753.6125422 1722347783.4113574
1722347783.573446 1722347813.660288
1722347814.1706707 1722347844.2572434
1722347845.0676024 1722347874.7566674
1722347874.9083436 1722347904.0105963
1722347904.8299632 1722347937.857122
1722347938.5701756 1722347978.9600224
1722347979.766482 1722348012.4568923
1722348013.4088037 1722348060.310375
1722348061.5570633 1722348094.9645898
1722348095.8069067 1722348128.5569954
1722348129.6208167 1722348158.056744
1722348158.5175636 1722348186.458475
1722348187.6159308 1722348221.657045
1722348222.4178548 1722348252.0590022
1722348253.0245469 1722348293.7615764
1722348294.962847 1722348321.7084088
1722348322.221072 1722348363.356739
1722348364.318161 1722348395.0570037
1722348395.7699583 1722348428.161956
1722348429.3723638 1722348460.156796
1722348461.3661618 1722348491.9574153
1722348492.66966 1722348520.806617
1722348521.7623036 1722348551.058803
1722348551.625439 1722348585.4072523
1722348586.315329 1722348607.907107
1722348608.9267304 1722348643.656922
1722348644.3671777 1722348673.0069957
1722348673.9247363 1722348701.5068967
1722348702.4699118 1722348741.056737
1722348742.1208234 1722348770.8570797
1722348771.766712 1722348804.1070707
1722348804.4205184 1722348829.9568262
1722348830.4245365 1722348861.1070087
1722348861.5817506 1722348893.9072516
1722348894.6641347 1722348924.75797
1722348925.7724338 1722348957.4568417
1722348958.469279 1722348987.2666526
1722348987.421521 1722349023.257001
1722349023.5824482 1722349054.8103793
1722349055.6617792 1722349093.7618482
1722349094.8243825 1722349126.6105914
1722349127.5799518 1722349160.2644963
1722349160.4694686 1722349190.1610363
1722349190.8717065 1722349226.9608185
1722349228.1626043 1722349256.7568815
1722349257.1573799 1722349288.2567055
1722349289.165992 1722349328.05672
1722349328.920562 1722349367.8566833
1722349368.8721087 1722349392.2582335
1722349393.317565 1722349419.8104737
1722349421.1108072 1722349459.7072906
1722349460.5597882 1722349494.2082076
1722349495.170051 1722349520.3568196
1722349521.022375 1722349557.4567254
1722349558.6644666 1722349583.6571527
1722349584.618437 1722349616.6582065
1722349617.718347 1722349638.6601999
1722349639.717301 1722349666.2070384
1722349667.3094594 1722349695.6567469
1722349696.5112875 1722349719.909318
1722349720.7699392 1722349755.456862
1722349756.411298 1722349788.5567799
1722349788.7193422 1722349818.8082998
1722349820.0199256 1722349840.1106246
1722349841.1730356 1722349887.5085516
1722349888.4634264 1722349908.007587
1722349908.7179189 1722349946.8584058
1722349947.823649 1722349972.4094894
1722349973.4717474 1722350002.55678
1722350003.2132006 1722350031.5066338
1722350032.37191 1722350069.35679
1722350070.2173016 1722350110.9578295
1722350112.0639048 1722350137.2568345
1722350138.1765547 1722350163.8615887
1722350165.0588188 1722350194.2570753
1722350195.1731825 1722350236.1098938
1722350237.1163347 1722350256.661156
1722350258.1704104 1722350301.056664
1722350302.021825 1722350316.7570457
1722350317.0190969 1722350345.3068528
1722350346.173685 1722350377.3588924
1722350378.1757784 1722350408.2066715
1722350409.2258227 1722350455.0567086
1722350456.0197315 1722350474.8584845
1722350475.4688847 1722350503.9066231
1722350504.7148595 1722350539.8066666
1722350540.7080083 1722350572.3617163
1722350573.5137346 1722350612.0066726
1722350613.2647943 1722350625.3591146
1722350625.5165634 1722350664.0085115
1722350664.9674933 1722350702.4584832
1722350702.974647 1722350727.6092944
1722350728.7159374 1722350760.9566705
