1760711091.6127253 1760711120.1405447
1760711124.1446753 1760711156.9829798
1760711162.9890676 1760711192.970149
1760711198.975689 1760711220.5361614
1760711222.5382218 1760711256.3955722
1760711260.3996952 1760711291.5692437
1760711294.571637 1760711333.2868607
1760711339.2915976 1760711378.2466085
1760711385.2533793 1760711424.2427258
1760711432.2478638 1760711462.600804
1760711464.6029334 1760711494.1037984
1760711496.1059468 1760711549.294994
1760711559.3037074 1760711589.2000585
1760711591.20213 1760711628.096398
1760711636.103624 1760711662.3206487
1760711672.3308887 1760711698.7574866
1760711699.7586064 1760711730.8058567
1760711740.8160033 1760711764.6292562
1760711772.6373775 1760711793.9856403
1760711798.9876122 1760711824.7576334
1760711824.7576632 1760711858.3620877
1760711858.3621204 1760711887.26421
1760711889.2663374 1760711918.626296
1760711927.635417 1760711951.624865
1760711954.6276834 1760711986.9304059
1760711990.9344714 1760712023.1149547
1760712023.1149895 1760712064.1466293
1760712069.1516867 1760712107.9038384
1760712111.9076798 1760712138.7438204
1760712147.7517028 1760712177.7736094
1760712182.775621 1760712218.3945198
1760712220.39568 1760712256.7565987
1760712260.7596216 1760712296.9076488
1760712304.9156744 1760712335.8511117
1760712341.8556848 1760712370.4653468
1760712373.467933 1760712405.917219
1760712412.923616 1760712440.1221979
1760712441.1232643 1760712475.1816766
1760712475.1817062 1760712513.9677851
1760712517.9719071 1760712552.4213505
1760712555.4236631 1760712589.8168514
1760712595.8229797 1760712626.5388331
1760712630.5429745 1760712658.4493902
1760712666.455669 1760712692.2304976
1760712694.2316144 1760712728.6286798
1760712736.635693 1760712773.0335243
1760712780.039677 1760712802.4779766
1760712805.4810762 1760712829.2488737
1760712836.2557328 1760712872.7047362
1760712872.7047682 1760712913.1442914
1760712913.1443217 1760712952.8334548
1760712952.833479 1760712999.6564798
1760713000.6575606 1760713032.0830803
1760713042.0916688 1760713072.5073087
1760713082.5174925 1760713113.1791704
1760713113.1791992 1760713147.1077387
1760713148.1088684 1760713185.3851752
1760713193.3932698 1760713215.6849377
1760713217.687053 1760713246.3731577
1760713252.3794973 1760713286.696964
1760713289.6996162 1760713317.1064038
1760713318.1074758 1760713345.1425056
1760713347.1436272 1760713385.271006
1760713385.2710454 1760713413.283119
1760713417.287245 1760713445.3597417
1760713445.3597665 1760713477.5608363
1760713477.5608666 1760713511.8099768
1760713513.811705 1760713557.6908746
1760713567.6999593 1760713607.3655362
1760713614.3727508 1760713642.0713055
1760713649.0717635 1760713680.752089
1760713683.7551434 1760713715.456979
1760713718.4597912 1760713759.4547017
1760713766.4597065 1760713807.4378698
1760713814.4436216 1760713855.8150077
1760713856.8158503 1760713892.0775812
1760713902.0876896 1760713926.2115514
1760713931.215688 1760713963.305486
1760713969.3116457 1760713998.6356304
1760714006.6436446 1760714049.7267992
1760714057.7316604 1760714083.0675142
1760714091.071609 1760714112.846521
1760714118.852627 1760714146.618216
1760714156.628337 1760714179.1310387
1760714184.1356854 1760714212.0493255
1760714212.0493546 1760714250.125571
1760714256.131658 1760714285.291841
1760714293.2996235 1760714334.6580582
1760714344.667652 1760714366.6066327
1760714367.6077576 1760714395.2554686
1760714397.2575927 1760714422.8488903
1760714430.8570411 1760714452.721721
1760714458.7278495 1760714496.3542087
1760714505.3630645 1760714539.594961
1760714548.6039872 1760714585.1622934
1760714588.1654248 1760714633.7201252
1760714635.722201 1760714667.502136
1760714676.507705 1760714710.647099
1760714717.6516647 1760714754.050883
1760714754.0509524 1760714794.1165419
