1763637032.4261317 1763637160.4264944
1763637160.426518 1763637351.9721656
1763637351.9722006 1763637465.20042
1763637465.2004383 1763637592.525514
1763637592.5255373 1763637846.7854776
1763637846.7854965 1763637992.0705028
1763637992.0705268 1763638103.591809
1763638103.5918324 1763638249.874786
1763638249.8748097 1763638372.5305386
1763638372.530563 1763638486.924059
1763638486.9240777 1763638602.248461
1763638602.2484846 1763638759.4293246
1763638759.429346 1763638841.2688313
1763638841.268852 1763638957.878676
1763638957.8786986 1763639139.0787332
1763639139.0787573 1763639290.5696404
1763639290.5696597 1763639432.5642767
1763639432.5643013 1763639556.857263
1763639556.8572812 1763639693.9528425
1763639693.9528666 1763639826.4070415
1763639826.4070778 1763640066.804432
1763640066.8044493 1763640200.2667637
1763640200.2667873 1763640306.4763918
1763640306.47641 1763640414.31326
1763640414.3132818 1763640503.6850126
1763640503.685031 1763640587.5704043
1763640587.5704222 1763640751.911582
1763640751.911605 1763640926.2279422
1763640926.2279603 1763641067.9846702
1763641067.9846878 1763641278.6571052
1763641278.657128 1763641384.267186
1763641384.2672071 1763641488.475416
1763641488.475434 1763641612.6095996
1763641612.6096218 1763641755.9674711
1763641755.9674883 1763641891.4502392
1763641891.4502618 1763642053.595231
1763642053.5952532 1763642144.7299385
1763642144.7299576 1763642322.4475234
1763642322.4475448 1763642489.9514675
1763642489.9514859 1763642605.820225
1763642605.8202486 1763642703.6350996
1763642703.6351182 1763642832.325796
1763642832.3258126 1763642949.537125
1763642949.5371473 1763643149.3136492
1763643149.3136725 1763643331.7315724
1763643331.7315974 1763643409.7050323
1763643409.7050517 1763643549.2533357
1763643549.2533572 1763643684.521249
1763643684.521268 1763643779.962757
1763643779.962779 1763643911.5441794
1763643911.5441988 1763644081.3911455
1763644081.3911688 1763644254.0712223
1763644254.071241 1763644509.1734216
1763644509.1734452 1763644643.588773
1763644643.5887957 1763644795.2532933
1763644795.253311 1763645006.9459577
1763645006.9459815 1763645235.150394
1763645235.150415 1763645335.1244004
1763645335.1244197 1763645586.17388
1763645586.1739025 1763645777.6454175
1763645777.6454353 1763645955.0137937
1763645955.0138168 1763646133.8197136
1763646133.8197372 1763646374.8363063
1763646374.8363302 1763646535.2698507
1763646535.2698698 1763646623.9626958
1763646623.962719 1763646750.8713257
1763646750.8713431 1763646971.4552312
1763646971.4552543 1763647163.843828
1763647163.843852 1763647365.9601405
1763647365.9601607 1763647490.0669656
1763647490.0669885 1763647673.2033396
1763647673.2033625 1763647871.603765
1763647871.603784 1763648003.5151992
1763648003.5152233 1763648174.3504848
1763648174.3505042 1763648275.5732813
1763648275.573306 1763648409.8503752
1763648409.8503988 1763648514.7069652
1763648514.706984 1763648753.5990129
1763648753.599036 1763648939.1745584
1763648939.174579 1763649034.192997
1763649034.19302 1763649136.5257823
1763649136.5258014 1763649314.7437356
1763649314.7437587 1763649481.0828676
1763649481.0828912 1763649623.9733858
1763649623.9734063 1763649789.1778493
1763649789.1778734 1763649889.3258128
1763649889.3258314 1763650126.0185914
1763650126.0186152 1763650290.2521095
1763650290.2521327 1763650409.411834
1763650409.4118545 1763650543.139885
1763650543.1399093 1763650719.7706804
1763650719.7706978 1763650992.0619304
1763650992.0619543 1763651082.7215211
1763651082.7215445 1763651182.2077532
1763651182.2077725 1763651285.7586765
1763651285.758696 1763651410.2470026
1763651410.2470255 1763651523.4408886
1763651523.4409077 1763651757.7450879
1763651757.7451122 1763651841.867083
1763651841.8671079 1763652007.2227347
