1755331085.9529705 1755331106.6460648
1755331106.6460867 1755331131.680368
1755331131.6803844 1755331158.4723933
1755331158.4724135 1755331189.2137833
1755331189.2138045 1755331211.9957545
1755331211.9957762 1755331236.5772638
1755331236.5772853 1755331268.4640062
1755331268.4640305 1755331298.8466809
1755331298.8467004 1755331324.1461403
1755331324.1461642 1755331350.35757
1755331350.3575938 1755331370.710659
1755331370.7106822 1755331396.5869687
1755331396.586991 1755331422.2196383
1755331422.2196634 1755331444.1027875
1755331444.1028178 1755331472.1685345
1755331472.1685576 1755331500.2107449
1755331500.2107723 1755331527.0273376
1755331527.0273576 1755331554.5701995
1755331554.5702195 1755331579.9327626
1755331579.9327812 1755331605.1237073
1755331605.1237326 1755331629.647288
1755331629.64731 1755331652.9534914
1755331652.9535153 1755331672.0439887
1755331672.044006 1755331699.7569513
1755331699.7569752 1755331723.7671227
1755331723.767144 1755331747.3967836
1755331747.396807 1755331770.7554111
1755331770.7554312 1755331803.7332087
1755331803.733233 1755331824.0162437
1755331824.0162654 1755331845.7023637
1755331845.7023983 1755331869.2371883
1755331869.2372093 1755331891.2698786
1755331891.2699146 1755331914.816229
1755331914.8162847 1755331935.6673996
1755331935.667424 1755331957.289214
1755331957.2892537 1755331981.7802002
1755331981.7802181 1755332003.631673
1755332003.6317189 1755332030.8609664
1755332030.8609977 1755332057.20403
1755332057.2040482 1755332087.5560682
1755332087.5560937 1755332117.552094
1755332117.5521133 1755332146.8279424
1755332146.8279629 1755332181.7483847
1755332181.748404 1755332214.3521848
1755332214.3522096 1755332250.1412277
1755332250.141247 1755332278.4250097
1755332278.4250305 1755332311.7510595
1755332311.7510765 1755332342.4076867
1755332342.4077096 1755332378.0367684
1755332378.0367897 1755332413.3209925
1755332413.3210156 1755332434.7458954
1755332434.7459154 1755332467.8560615
1755332467.8560793 1755332499.755452
1755332499.7554727 1755332534.4751143
1755332534.4751375 1755332564.4289274
1755332564.4289477 1755332592.617667
1755332592.6176913 1755332619.4529755
1755332619.4529984 1755332646.5977278
1755332646.5977478 1755332678.8943534
1755332678.8943765 1755332707.656863
1755332707.6568854 1755332737.3505917
1755332737.3506145 1755332771.6404727
1755332771.6404965 1755332805.796517
1755332805.7965372 1755332822.3489683
1755332822.3489914 1755332850.1176293
1755332850.1176507 1755332878.6748526
1755332878.6748722 1755332904.2023165
1755332904.2023418 1755332931.5338154
1755332931.5338345 1755332958.278761
1755332958.278789 1755332993.5722408
1755332993.5722585 1755333017.1747167
1755333017.17474 1755333045.1778777
1755333045.1778944 1755333073.04771
1755333073.0477388 1755333100.230327
1755333100.2303436 1755333131.301807
1755333131.3018312 1755333152.8988607
1755333152.898879 1755333178.0873084
1755333178.0873334 1755333205.7242646
1755333205.724283 1755333232.0080242
1755333232.0080462 1755333258.7718065
1755333258.7718253 1755333282.953773
1755333282.953794 1755333307.49815
1755333307.4981658 1755333333.5454566
1755333333.5454757 1755333358.853489
1755333358.8535068 1755333385.8183715
1755333385.8183916 1755333412.9638064
1755333412.963826 1755333438.770191
1755333438.7702138 1755333466.8742914
1755333466.8743074 1755333490.016527
1755333490.0165496 1755333516.1311762
1755333516.131196 1755333541.235485
1755333541.2355042 1755333567.5957177
1755333567.5957513 1755333591.4758348
1755333591.4758546 1755333616.5559316
1755333616.5559528 1755333640.9150186
1755333640.9150503 1755333664.6638384
1755333664.6638682 1755333689.5960243
1755333689.5960445 1755333712.0144827
1755333712.0144985 1755333732.81693
1755333732.8169522 1755333760.6309016
