1755331091.0928788 1755331124.2424934
1755331124.2425182 1755331139.8142824
1755331139.814328 1755331163.5837314
1755331163.5837607 1755331197.2418504
1755331197.2418773 1755331217.2202792
1755331217.2203012 1755331244.142724
1755331244.1427534 1755331273.2422283
1755331273.24225 1755331309.1137881
1755331309.1138117 1755331323.3120902
1755331323.3121166 1755331350.3030987
1755331350.3031178 1755331371.2675004
1755331371.2675426 1755331396.0321522
1755331396.0321767 1755331421.6801002
1755331421.6801298 1755331440.1389816
1755331440.139006 1755331465.0955114
1755331465.0955343 1755331493.6616015
1755331493.6616228 1755331520.6224837
1755331520.6225123 1755331547.1380367
1755331547.138058 1755331573.8758056
1755331573.875846 1755331599.5309174
1755331599.530939 1755331624.218057
1755331624.2180853 1755331649.229543
1755331649.2295682 1755331673.248179
1755331673.2482014 1755331697.6351805
1755331697.6352057 1755331721.4192452
1755331721.4192696 1755331752.3250363
1755331752.3250616 1755331770.2692761
1755331770.2693026 1755331805.4132977
1755331805.413322 1755331820.8332975
1755331820.8333182 1755331845.1926
1755331845.1926305 1755331869.3340206
1755331869.3340492 1755331891.3046196
1755331891.3046603 1755331915.2442071
1755331915.244239 1755331936.2120748
1755331936.2121236 1755331957.6613388
1755331957.6613662 1755331981.412834
1755331981.4128568 1755332003.9257364
1755332003.9257624 1755332030.5991366
1755332030.5991633 1755332055.8219163
1755332055.8219445 1755332086.888745
1755332086.8887703 1755332124.9281747
1755332124.928202 1755332150.5107603
1755332150.51078 1755332183.6585026
1755332183.6585274 1755332216.539074
1755332216.539096 1755332250.459276
1755332250.4592957 1755332281.7161686
1755332281.716196 1755332316.7719376
1755332316.7719634 1755332343.9607613
1755332343.960784 1755332380.0494375
1755332380.0494623 1755332410.2620199
1755332410.2620444 1755332439.8351352
1755332439.8351593 1755332474.045043
1755332474.0450678 1755332508.4208388
1755332508.4208667 1755332532.2568686
1755332532.256887 1755332564.8404768
1755332564.8405075 1755332593.8009388
1755332593.8009698 1755332625.252205
1755332625.252225 1755332653.0940273
1755332653.0940526 1755332682.93358
1755332682.933605 1755332707.7143755
1755332707.7143981 1755332745.3184853
1755332745.3185105 1755332768.990181
1755332768.9902 1755332803.466716
1755332803.466747 1755332825.0852385
1755332825.0852642 1755332848.1277215
1755332848.1277494 1755332879.3431668
1755332879.3431885 1755332907.862945
1755332907.8629699 1755332932.5159435
1755332932.5159705 1755332961.3278136
1755332961.327838 1755332986.45736
1755332986.4573991 1755333020.5016248
1755333020.5016487 1755333043.3644266
1755333043.3644516 1755333071.3620024
1755333071.3620253 1755333098.791717
1755333098.7917454 1755333131.6909175
1755333131.690944 1755333155.6292613
1755333155.6292856 1755333178.8213367
1755333178.8213594 1755333210.6471865
1755333210.6472101 1755333239.0918052
1755333239.0918298 1755333260.8890915
1755333260.8891222 1755333285.0790675
1755333285.0791054 1755333309.642572
1755333309.6425927 1755333337.8357773
1755333337.8358097 1755333362.8662412
1755333362.8662846 1755333389.721785
1755333389.7218196 1755333416.7863214
1755333416.7863533 1755333448.781012
1755333448.781035 1755333470.585956
1755333470.5859842 1755333491.72171
1755333491.7217333 1755333515.0706747
1755333515.0707068 1755333540.5197453
1755333540.5197697 1755333567.9584677
1755333567.9585073 1755333589.2525222
1755333589.2525454 1755333613.7204697
1755333613.7204936 1755333637.8240547
1755333637.8240843 1755333663.2995696
1755333663.2995915 1755333687.6923559
1755333687.6923847 1755333711.0327013
1755333711.032721 1755333726.472465
1755333726.4724936 1755333753.056077
