1755591306.0121589 1755591330.9166608
1755591330.9166784 1755591362.3527138
1755591362.352739 1755591409.7391613
1755591409.7391822 1755591445.8186555
1755591445.8186831 1755591478.7395074
1755591478.7395327 1755591520.8857172
1755591520.8857408 1755591556.983287
1755591556.9833033 1755591583.1325514
1755591583.1326003 1755591623.6311722
1755591623.6311896 1755591655.5320802
1755591655.532104 1755591685.8829286
1755591685.8829572 1755591723.1406345
1755591723.1406574 1755591754.4907331
1755591754.4907587 1755591789.6663377
1755591789.6663597 1755591830.5017138
1755591830.5017335 1755591870.1368988
1755591870.1369233 1755591898.2902381
1755591898.2902582 1755591923.209118
1755591923.2091372 1755591953.9556463
1755591953.9556665 1755591991.1426966
1755591991.1427195 1755592034.389546
1755592034.3895736 1755592065.474501
1755592065.4745178 1755592093.2145023
1755592093.2145262 1755592123.3371527
1755592123.3371754 1755592148.3180113
1755592148.3180408 1755592174.5011988
1755592174.5012207 1755592205.481087
1755592205.4811106 1755592243.3968906
1755592243.396911 1755592276.9569511
1755592276.9569814 1755592312.0680397
1755592312.0680616 1755592342.5294979
1755592342.529523 1755592373.098277
1755592373.0982966 1755592402.2531333
1755592402.2531548 1755592429.518827
1755592429.5188456 1755592471.39337
1755592471.3933902 1755592498.145515
1755592498.1455388 1755592528.7914944
1755592528.7915385 1755592559.8686793
1755592559.8687038 1755592586.7684393
1755592586.7684574 1755592614.2451527
1755592614.2451777 1755592637.86386
1755592637.8638804 1755592673.6187367
1755592673.6187558 1755592710.545531
1755592710.5455544 1755592735.5296054
1755592735.5296226 1755592776.5527577
1755592776.552782 1755592804.3047707
1755592804.3047886 1755592834.9221537
1755592834.9221802 1755592864.0334296
1755592864.0334466 1755592899.623152
1755592899.6231818 1755592931.5450811
1755592931.5451066 1755592962.474539
1755592962.4745672 1755592986.9438622
1755592986.9438882 1755593018.3475113
1755593018.3475316 1755593061.7015755
1755593061.7015996 1755593100.0141428
1755593100.0141597 1755593128.78785
1755593128.7878754 1755593156.4088778
1755593156.4088955 1755593184.4542387
1755593184.4542606 1755593229.3822308
1755593229.38226 1755593263.9017873
1755593263.9018176 1755593293.2593658
1755593293.2593958 1755593332.4330904
1755593332.4331083 1755593355.167339
1755593355.1673615 1755593391.0047388
1755593391.0047598 1755593420.1754103
1755593420.1754444 1755593452.0728683
1755593452.072889 1755593487.4600809
1755593487.4601128 1755593515.330129
1755593515.3301473 1755593554.2653668
1755593554.2653873 1755593583.746445
1755593583.7464654 1755593607.5781386
1755593607.5781577 1755593639.4828956
1755593639.4829173 1755593664.7729616
1755593664.7729812 1755593695.921146
1755593695.921175 1755593722.0016563
1755593722.0016863 1755593755.618565
1755593755.618584 1755593788.4608717
1755593788.4609041 1755593821.5757802
1755593821.575801 1755593855.636627
1755593855.6366527 1755593890.4628196
1755593890.4628372 1755593921.0040355
1755593921.0040612 1755593947.3291104
1755593947.3291419 1755593979.166132
1755593979.1661553 1755594004.5446103
1755594004.5446308 1755594038.8995042
1755594038.8995304 1755594068.9178963
1755594068.9179163 1755594102.3916485
1755594102.391674 1755594134.4528031
1755594134.452824 1755594167.6470816
1755594167.6471047 1755594210.7607732
1755594210.7607954 1755594246.0580153
1755594246.0580313 1755594276.5065181
1755594276.5065446 1755594308.4836655
1755594308.4836903 1755594339.0203822
1755594339.0204098 1755594369.0621767
1755594369.0622067 1755594399.5509984
1755594399.5510387 1755594427.2442005
1755594427.2442238 1755594461.226471
1755594461.22649 1755594491.1953344
1755594491.1953604 1755594528.5752223
