1719363952.456955 1719363987.658607
1719363988.5567687 1719364026.3065321
1719364033.8191144 1719364068.6086822
1719364069.3153434 1719364105.4575214
1719364113.7787836 1719364144.0583916
1719364151.8195386 1719364185.0118632
1719364192.766776 1719364223.106991
1719364223.6684809 1719364265.256922
1719364274.614737 1719364301.5570402
1719364307.1787624 1719364342.2566109
1719364350.8185377 1719364379.957078
1719364380.4745157 1719364421.8565152
1719364431.2867043 1719364456.956809
1719364459.3137417 1719364494.1579914
1719364498.725639 1719364524.7566433
1719364529.1822693 1719364556.0590327
1719364564.7781656 1719364594.1613991
1719364595.8657458 1719364623.30973
1719364629.5366464 1719364653.558136
1719364658.2187815 1719364693.3591502
1719364696.866788 1719364732.5579882
1719364739.7737 1719364763.7566297
1719364769.4219584 1719364809.7566936
1719364813.1108344 1719364851.5583403
1719364858.3228686 1719364896.0069017
1719364902.7107923 1719364934.6585994
1719364937.214484 1719364974.8138154
1719364981.514716 1719365010.659293
1719365017.8188848 1719365053.206509
1719365062.822786 1719365087.7624156
1719365088.3749762 1719365126.310251
1719365135.9228032 1719365160.2621064
1719365165.1264124 1719365197.656903
1719365203.0627692 1719365235.8566005
1719365241.5234833 1719365278.6081102
1719365285.0663779 1719365308.95946
1719365312.0707734 1719365341.158511
1719365348.4707372 1719365373.9070103
1719365382.2160666 1719365413.407191
1719365422.575961 1719365449.7610242
1719365450.510213 1719365494.4582899
1719365501.0187218 1719365526.456737
1719365537.1217856 1719365569.1565847
1719365578.8627758 1719365603.8066535
1719365606.6655507 1719365645.4600542
1719365649.0676503 1719365680.2566762
1719365686.570232 1719365722.9603775
1719365724.1095748 1719365757.3066692
1719365759.9741013 1719365789.058932
1719365797.4147284 1719365827.0614097
1719365830.279079 1719365862.008399
1719365870.7215033 1719365894.8098235
1719365900.6354704 1719365925.2600415
1719365934.5187254 1719365964.7571373
1719365975.4904878 1719366001.6105945
1719366005.315254 1719366035.4079895
1719366042.9627697 1719366072.7608125
1719366082.4746008 1719366103.3566945
1719366111.5902562 1719366138.957134
1719366149.6707358 1719366164.2066472
1719366168.9639869 1719366199.5616956
1719366204.3150113 1719366232.1566353
1719366240.581605 1719366267.0089953
1719366275.8224444 1719366302.4566317
1719366307.9314368 1719366334.4565365
1719366336.1121104 1719366367.0095959
1719366373.7187161 1719366405.8609378
1719366416.5681436 1719366440.258373
1719366444.6187327 1719366481.1610215
1719366485.9227877 1719366516.557251
1719366523.171819 1719366547.3568327
1719366557.9252274 1719366583.9596415
1719366586.3208246 1719366620.056902
1719366627.7309444 1719366654.662126
1719366660.4747336 1719366689.0567884
1719366699.7342193 1719366721.4091108
1719366732.2298257 1719366759.061195
1719366769.8748336 1719366792.560358
1719366803.4187942 1719366830.2568376
1719366831.5135925 1719366863.3082922
1719366868.9707146 1719366898.4064913
1719366907.0722635 1719366938.7581136
1719366939.2724454 1719366976.8570318
1719366987.3227985 1719367008.0623767
1719367017.9707263 1719367041.956809
1719367045.5707855 1719367075.9591353
1719367084.527596 1719367107.507103
1719367115.0812714 1719367137.6610625
1719367139.3340392 1719367178.9066305
1719367189.6325042 1719367214.50846
1719367219.07511 1719367254.056944
1719367263.4268231 1719367288.3093624
1719367290.0267692 1719367323.9603229
1719367332.618843 1719367357.556906
1719367364.9165401 1719367393.0610867
1719367403.7405775 1719367430.3069701
1719367435.8775394 1719367463.8576734
1719367465.327612 1719367496.8584328
1719367503.5239308 1719367539.5094717
1719367545.1147768 1719367572.3070023
1719367576.962776 1719367605.4598541
1719367608.4099169 1719367633.7569358
1719367638.3807492 1719367667.1103554
1719367668.8623874 1719367696.009287
1719367706.7227771 1719367734.2586224
1719367743.918792 1719367771.008857
1719367781.770442 1719367803.0077152
1719367805.3157253 1719367834.460908
1719367842.1267457 1719367869.5599623
1719367874.3639467 1719367905.5568788
1719367907.2216976 1719367940.765277
1719367942.4584496 1719367978.4068508
1719367989.080788 1719368017.557103
1719368023.779757 1719368051.1572564
1719368061.721077 1719368084.2567923
1719368087.9200532 1719368117.6582813
1719368120.221886 1719368156.160913
1719368160.967768 1719368185.9566958
1719368189.3730202 1719368214.7568233
1719368220.1239634 1719368247.2569902
1719368257.7203467 1719368288.956676
1719368297.6348639 1719368326.0583618
1719368331.910772 1719368358.6096673
1719368369.3267446 1719368395.7568595
1719368403.526723 1719368429.1569812
1719368432.7170546 1719368471.3584461
1719368479.8267741 1719368506.908489
1719368514.0656676 1719368549.5569956
1719368558.1394782 1719368585.161363
1719368595.7670465 1719368621.9581282
1719368624.4619665 1719368650.6136067
1719368655.314771 1719368687.3568013
1719368689.8781083 1719368722.8099868
1719368723.569879 1719368758.661441
1719368767.1710384 1719368798.7568574
1719368808.122082 1719368833.6568155
1719368836.1821597 1719368867.7567391
1719368870.9285893 1719368903.9565125
1719368906.4601243 1719368938.8567958
1719368939.4242315 1719368974.1566167
1719368979.6147738 1719369006.061291
1719369007.818055 1719369037.2611308
1719369043.9747314 1719369074.5090053
1719369084.9268196 1719369110.760555
1719369120.5747359 1719369143.4585357
1719369152.0268033 1719369181.9597015
1719369186.8114064 1719369210.9092684
1719369211.6194012 1719369240.1569455
1719369246.6151392 1719369278.0570636
1719369280.6620314 1719369305.2569795
1719369314.9707716 1719369342.856794
1719369348.168708 1719369375.85705
1719369379.5627189 1719369409.809098
1719369420.280834 1719369450.7606866
1719369455.1745017 1719369490.4066017
1719369498.1178293 1719369524.9600015
1719369526.410752 1719369568.0610626
1719369578.9730997 1719369607.9609447
1719369610.9189556 1719369655.0582972
1719369659.862559 1719369684.2568278
1719369687.7261472 1719369712.8065546
1719369723.2406769 1719369743.856868
1719369751.4707432 1719369780.1099148
1719369781.7643037 1719369817.460606
1719369821.2180204 1719369845.6606717
1719369856.5774622 1719369889.660084
1719369895.5119271 1719369923.9611087
1719369926.9707756 1719369961.8568518
1719369971.673318 1719370003.556599
1719370004.1735137 1719370034.061633
1719370044.8288298 1719370078.006639
1719370085.5765793 1719370115.456647
1719370117.8748257 1719370145.262089
1719370153.8341436 1719370182.356732
1719370191.5369716 1719370217.9566848
1719370220.3613355 1719370259.5585208
1719370263.1270375 1719370293.909632
1719370296.5821488 1719370338.4068549
1719370348.019679 1719370376.5586553
1719370383.3753328 1719370410.1100967
1719370415.7777445 1719370445.9569638
1719370454.3648357 1719370480.8068485
1719370481.218306 1719370514.9142818
1719370517.7587292 1719370547.756825
1719370555.322947 1719370582.9068868
1719370588.4805741 1719370620.906933
1719370631.282965 1719370653.9569695
1719370655.274192 1719370693.3616242
1719370695.1580563 1719370728.2575064
1719370737.883419 1719370763.5567262
1719370766.767807 1719370800.3101943
1719370810.1766365 1719370839.2580237
1719370848.9741988 1719370870.8611245
1719370872.5168102 1719370904.4094188
1719370913.9788308 1719370942.7566676
1719370948.3195057 1719370981.1066353
1719370986.0680094 1719371021.6606326
1719371025.1636658 1719371052.2566853
1719371059.6884737 1719371083.56135
1719371090.3187737 1719371119.4071677
1719371122.0615032 1719371162.062268
1719371163.766779 1719371193.0571768
1719371199.3128412 1719371232.4584756
1719371235.1732333 1719371265.456684
1719371270.818772 1719371292.5086026
1719371302.2220128 1719371326.1089442
1719371334.8189285 1719371355.760864
1719371360.5697653 1719371398.8068693
1719371400.269468 1719371428.60889
1719371436.3627455 1719371470.0569065
1719371472.3627787 1719371501.1568875
1719371503.5104682 1719371533.0135539
1719371538.815101 1719371572.5569289
1719371576.1621444 1719371598.610146
1719371599.3082697 1719371637.3581147
1719371641.2108133 1719371670.9103332
1719371674.0312722 1719371706.2602878
1719371708.0623987 1719371738.2590356
1719371745.821394 1719371776.3091247
1719371783.220147 1719371820.1660342
1719371829.9708605 1719371858.0614817
1719371864.8147182 1719371894.7584388
1719371905.3315794 1719371936.3068633
1719371938.8685665 1719371971.9086099
1719371978.3668306 1719372000.8579993
1719372003.072613 1719372040.0583746
1719372049.8707821 1719372066.7619188
1719372068.5236459 1719372106.2091718
1719372110.9173577 1719372132.460854
1719372138.2728028 1719372163.4567
1719372171.082781 1719372198.9084134
1719372209.7760947 1719372229.6619077
1719372232.5172155 1719372268.8584437
1719372271.6291354 1719372302.1615877
1719372311.9330194 1719372335.9578316
1719372338.5761557 1719372367.407102
1719372374.0139463 1719372399.0069911
1719372399.6713579 1719372427.7565415
1719372434.3234353 1719372465.0588744
1719372465.477448 1719372507.956778
1719372514.5739875 1719372538.9092126
1719372546.6307178 1719372579.6612084
1719372582.4097123 1719372624.2087197
1719372626.714721 1719372662.306816
1719372668.8264534 1719372693.361181
1719372704.130779 1719372732.5567088
1719372738.7147229 1719372773.0565732
1719372779.414718 1719372812.6607072
1719372818.41199 1719372839.1103542
1719372844.7826655 1719372878.0068717
1719372878.2076778 1719372911.912932
1719372915.5627236 1719372952.356894
1719372955.6670272 1719372996.3566473
1719373000.8674474 1719373029.858985
1719373040.2347739 1719373070.908536
1719373075.6680694 1719373110.6590445
1719373121.2257888 1719373146.8622122
1719373152.6181757 1719373193.4602304
1719373196.11073 1719373233.356827
1719373238.7587295 1719373270.756652
1719373279.4797182 1719373312.1566987
1719373319.6347847 1719373349.8128612
1719373355.574839 1719373387.5566165
1719373391.2306 1719373423.2567446
1719373426.467715 1719373455.3069975
1719373461.9707863 1719373492.8567915
1719373493.414239 1719373527.5619216
1719373533.1174028 1719373563.9566202
1719373572.0786588 1719373604.0582905
1719373607.6204197 1719373639.1622279
1719373639.9195347 1719373669.3578053
1719373678.8169343 1719373718.4580798
1719373719.0221093 1719373748.909895
1719373754.570779 1719373789.1564963
1719373797.6629195 1719373821.6122112
1719373823.3667665 1719373853.5566382
1719373857.121438 1719373897.8568702
1719373899.4615254 1719373926.7578661
1719373931.321928 1719373974.0614989
1719373980.8747747 1719374012.2624753
1719374013.0164561 1719374040.9082525
1719374044.6147273 1719374082.8570755
1719374091.432138 1719374112.061206
1719374112.756771 1719374152.356699
1719374158.5227218 1719374179.2621129
1719374188.112596 1719374220.6585999
1719374223.3674498 1719374251.7622778
1719374252.51884 1719374288.1589084
1719374291.7202713 1719374326.1584024
1719374332.8134613 1719374357.0065534
1719374360.6232762 1719374397.4566565
1719374400.1194706 1719374427.4112854
1719374436.1227705 1719374465.908395
1719374470.3645077 1719374492.856437
1719374497.2781706 1719374527.9585845
1719374538.537322 1719374568.606584
1719374570.2578297 1719374596.3590207
1719374604.68126 1719374629.9566061
1719374638.482795 1719374665.1568046
1719374673.9265773 1719374701.0582273
1719374703.4760334 1719374736.7066314
1719374747.5249565 1719374764.310377
1719374772.1662674 1719374793.456619
1719374796.120595 1719374829.758027
1719374836.610792 1719374864.9606884
1719374866.8623204 1719374907.7566433
1719374917.3704815 1719374956.6574566
1719374962.1267262 1719374989.0618277
1719374999.8787248 1719375024.4566727
1719375032.0250895 1719375069.2103176
1719375073.021355 1719375107.6080205
1719375109.2729578 1719375150.461144
1719375159.1232777 1719375184.2086785
1719375194.6888137 1719375216.610366
1719375227.4227786 1719375252.8581042
1719375253.611332 1719375280.3097634
1719375284.0286791 1719375309.5604613
1719375313.3627908 1719375347.1566157
1719375356.6698093 1719375379.2588298
1719375384.966372 1719375412.4585412
1719375421.9234967 1719375442.6583502
1719375449.3220434 1719375468.006591
1719375475.774998 1719375506.1097815
1719375512.83178 1719375550.9566474
1719375555.5162878 1719375594.956603
1719375598.6207259 1719375630.308615
1719375635.7627194 1719375666.5590777
1719375669.2693796 1719375704.5620577
1719375709.3234293 1719375746.456727
1719375753.1627333 1719375780.4101603
1719375789.2267592 1719375812.8603256
1719375813.2662292 1719375844.3077624
1719375851.7725284 1719375883.106941
1719375889.2335172 1719375911.56105
1719375920.8792574 1719375953.409824
1719375961.1267655 1719375981.5143766
1719375991.232618 1719376021.4618397
1719376024.2268379 1719376062.456796
1719376063.1159365 1719376101.2577746
1719376108.6667902 1719376137.6589904
1719376146.2347264 1719376177.4574623
1719376184.872402 1719376218.4106145
1719376224.9627857 1719376256.7082167
1719376267.426716 1719376291.8622406
1719376293.7231512 1719376332.5579016
1719376341.0680387 1719376374.856586
1719376385.4229457 1719376409.5083535
1719376416.214753 1719376444.8597283
1719376445.761255 1719376471.3071811
1719376473.730537 1719376503.709102
1719376508.0107944 1719376543.4640799
1719376554.226923 1719376584.308115
1719376592.1193604 1719376619.8101876
1719376622.569254 1719376657.7566738
1719376667.3836238 1719376699.7568405
1719376704.1166751 1719376742.6584828
1719376743.320161 1719376770.059486
1719376780.4707744 1719376810.2084868
1719376813.9067543 1719376854.0079408
1719376864.8266206 1719376890.2581851
1719376898.8787897 1719376923.9567416
1719376924.4114597 1719376962.2065792
1719376965.8233275 1719376992.2567089
1719377000.9219418 1719377032.1584291
1719377032.8785424 1719377059.7589786
1719377066.1268904 1719377093.4566162
1719377103.9702766 1719377127.5567317
1719377138.230248 1719377162.0097613
1719377170.7866204 1719377202.7620153
1719377212.526738 1719377247.557971
1719377254.214917 1719377276.4567127
1719377287.1172316 1719377324.3583808
1719377333.9840333 1719377356.5605278
1719377364.914787 1719377395.9568589
1719377397.1189063 1719377430.3651526
1719377438.0787592 1719377463.2094052
1719377463.316096 1719377500.1590111
1719377510.7738106 1719377531.3612168
1719377533.675682 1719377570.4566321
1719377574.1627858 1719377602.3582969
1719377602.8066716 1719377645.358645
1719377651.9814925 1719377681.8586688
1719377688.2107863 1719377722.309371
1719377723.6736715 1719377750.5097644
1719377753.1737902 1719377783.5617988
1719377784.3139455 1719377816.4585528
1719377818.9701204 1719377847.0096474
1719377855.866219 1719377885.5570726
1719377892.1265736 1719377920.3066154
1719377928.8296442 1719377952.3566175
1719377956.518595 1719377987.1610699
1719377997.8827534 1719378020.3567212
1719378025.921131 1719378058.0065298
1719378064.5180488 1719378094.0092
1719378099.3678377 1719378133.1565833
1719378142.0211456 1719378171.610626
1719378182.5246835 1719378208.7569613
1719378210.2750003 1719378244.4089115
1719378255.0814312 1719378280.8567874
1719378282.4259207 1719378316.6663442
1719378322.3629708 1719378351.3099084
1719378357.9283605 1719378390.0608284
1719378398.7747922 1719378429.806987
1719378435.3699293 1719378464.3610935
1719378467.1127717 1719378501.6566563
1719378503.9627426 1719378540.9566913
1719378543.5730693 1719378571.3590176
1719378579.8900285 1719378606.6584222
1719378614.3257086 1719378643.162095
1719378649.9268 1719378677.5569124
1719378682.2747967 1719378715.309203
1719378725.071976 1719378759.4578922
1719378768.1333408 1719378798.556831
1719378804.0344062 1719378833.5568867
1719378844.2827828 1719378874.5566633
1719378883.3307319 1719378914.006883
1719378917.309916 1719378950.3576405
1719378950.7730038 1719378985.3093803
1719378986.466544 1719379023.806626
1719379033.3267317 1719379052.9606812
1719379055.6279159 1719379092.6585405
1719379094.4307325 1719379120.056713
1719379120.681914 1719379158.256605
1719379161.8747654 1719379190.961442
1719379196.7169359 1719379225.761447
1719379236.4803092 1719379270.860772
1719379272.7106519 1719379299.7589328
1719379301.5628731 1719379333.656864
1719379343.1257546 1719379361.9585483
1719379372.6802392 1719379404.1646423
1719379414.8707633 1719379439.6089714
1719379440.4662464 1719379476.6576889
1719379482.3272972 1719379513.956537
1719379516.5189621 1719379549.3568504
1719379553.8777344 1719379583.209048
1719379593.8698633 1719379621.8567445
1719379628.5187771 1719379655.1604574
1719379664.7267604 1719379695.3589015
1719379703.036331 1719379725.660562
1719379733.3267155 1719379761.509108
1719379770.3694386 1719379794.7608943
1719379800.527209 1719379832.3070292
1719379837.882206 1719379865.560769
1719379867.158739 1719379900.3070068
1719379902.815652 1719379933.0065968
1719379936.6667838 1719379966.0566533
1719379968.566357 1719379996.4105506
1719379997.0740924 1719380039.7568674
1719380047.27883 1719380078.3609421
1719380089.1267405 1719380121.560362
1719380124.379681 1719380153.408502
1719380160.8776658 1719380189.3574848
1719380196.5307195 1719380220.061843
1719380228.1861742 1719380253.2572482
1719380259.5659852 1719380294.456781
1719380298.1242208 1719380324.5596116
1719380333.3651888 1719380355.5102787
1719380364.2747607 1719380389.6120524
1719380400.1787193 1719380424.9066465
1719380428.5107772 1719380461.8608081
1719380472.3176858 1719380494.3069694
1719380498.7725942 1719380536.2066429
1719380537.919748 1719380560.960514
1719380561.4760199 1719380598.2123077
1719380600.9206965 1719380632.9565623
1719380633.614097 1719380672.106619
1719380677.6641438 1719380704.5590456
1719380714.0387506 1719380745.2613385
1719380746.165711 1719380788.1566262
1719380788.7678957 1719380823.5592737
1719380824.4091775 1719380863.85672
1719380865.2147388 1719380903.1620533
1719380912.918935 1719380948.0585182
1719380954.7187667 1719380980.456542
1719380981.9729033 1719381027.5564334
1719381030.0144582 1719381059.0608218
1719381062.814671 1719381093.408404
1719381103.9321907 1719381131.1070068
1719381141.6827645 1719381168.206799
1719381177.5227733 1719381200.5101557
1719381211.381101 1719381237.6568227
1719381246.1272492 1719381273.358979
1719381275.9624329 1719381306.7066276
1719381315.36708 1719381338.7092862
1719381341.5619676 1719381373.7655723
1719381379.4721434 1719381407.3609369
1719381411.0189962 1719381436.9570096
1719381446.5747254 1719381472.361728
1719381473.065998 1719381504.3625765
1719381512.169988 1719381547.1066222
1719381548.9622838 1719381578.2066672
1719381582.7163353 1719381612.759015
1719381617.4107802 1719381646.9573376
1719381657.5227795 1719381686.4623363
1719381687.1709893 1719381730.9585972
1719381732.6117845 1719381757.158943
1719381764.474772 1719381793.1608922
1719381798.5787327 1719381828.4066725
1719381837.772376 1719381862.0615664
1719381865.8104136 1719381895.8565059
1719381897.4698803 1719381921.4608085
1719381932.23495 1719381955.9590104
1719381965.4327419 1719381992.3588436
1719381995.7627618 1719382023.0640514
1719382031.726301 1719382066.6566904
1719382073.3144882 1719382103.2582457
1719382113.9747713 1719382136.008367
1719382145.5159283 1719382167.3069742
1719382169.968842 1719382216.4566128
1719382224.0773098 1719382250.3070905
1719382259.9218807 1719382282.5566747
1719382292.2667854 1719382318.256726
1719382320.8265827 1719382355.0596845
1719382363.3147302 1719382385.1565046
1719382387.7267802 1719382425.1068385
1719382432.485408 1719382455.9573064
1719382458.579659 1719382492.7087824
1719382493.065648 1719382530.856542
1719382531.3715413 1719382559.5610812
1719382568.1667337 1719382591.7624865
1719382592.4683933 1719382622.0567498
1719382628.818734 1719382666.1620438
1719382671.9704845 1719382696.6068714
1719382702.2667184 1719382727.5066965
1719382734.8227189 1719382772.658869
1719382777.222778 1719382807.2597659
1719382807.9664233 1719382835.3081274
1719382835.8132293 1719382873.513012
1719382874.3103004 1719382906.7609198
1719382908.5147312 1719382941.4104
1719382945.2190337 1719382980.5568483
1719382985.1722796 1719383011.7589698
1719383021.4195812 1719383055.0589726
1719383057.8107343 1719383091.256692
1719383095.013828 1719383130.1610646
1719383132.5678184 1719383163.1103182
1719383167.7850933 1719383195.0081193
1719383204.6212356 1719383232.561899
1719383233.2195833 1719383273.407826
1719383280.770729 1719383304.6585426
1719383305.3261333 1719383342.8568175
1719383348.1707418 1719383382.206525
1719383387.8307824 1719383413.9084203
1719383423.118434 1719383453.2065752
1719383458.7180119 1719383487.056605
1719383497.5885382 1719383519.5598207
1719383525.3670108 1719383559.1065242
1719383568.835829 1719383597.4070966
1719383597.9168932 1719383636.3593273
1719383643.9667277 1719383674.1582334
1719383680.7145846 1719383706.9567106
1719383709.5747714 1719383746.3566954
1719383755.074819 1719383784.1138556
1719383788.870782 1719383821.4616718
1719383831.1328 1719383858.3590531
1719383858.5255044 1719383889.5576527
1719383890.7177346 1719383931.6567278
1719383931.9594753 1719383963.8618457
1719383967.6147273 1719383992.256578
1719383996.7826424 1719384028.856877
1719384033.2107353 1719384057.9568992
1719384061.3747783 1719384095.9615488
1719384106.7728913 1719384132.6612954
1719384138.379285 1719384168.256519
1719384170.4623454 1719384209.5582592
1719384215.1667216 1719384245.5566876
1719384254.0738502 1719384291.262977
1719384296.027034 1719384328.156933
1719384330.6664968 1719384365.7577386
1719384372.4627755 1719384403.5566669
1719384409.8827205 1719384439.4093533
1719384441.010414 1719384480.1091118
1719384480.5565927 1719384515.8064892
1719384523.426521 1719384555.4069493
1719384564.9147801 1719384586.2069867
1719384592.814722 1719384623.859231
1719384630.0313427 1719384653.4066007
1719384655.1162202 1719384690.5565746
1719384695.2215064 1719384723.3091192
1719384731.120857 1719384764.0090466
1719384764.8179414 1719384797.4074545
1719384800.811823 1719384830.9590259
1719384832.5748978 1719384866.8622816
1719384872.0707881 1719384900.5624144
1719384911.2149618 1719384938.7093499
1719384948.8867652 1719384971.9574664
1719384973.3286412 1719385012.1576955
1719385015.562545 1719385048.656517
1719385050.0166287 1719385077.7617621
1719385085.5667372 1719385114.2581298
1719385123.01565 1719385154.0602772
1719385157.6227248 1719385187.156658
1719385188.723712 1719385220.661206
1719385228.3776398 1719385255.4588277
1719385257.7262704 1719385294.1567047
1719385297.5147288 1719385328.4066677
1719385335.6775727 1719385363.906579
1719385370.5147858 1719385403.30899
1719385412.0332222 1719385439.7606225
1719385442.7107334 1719385474.356764
1719385477.9770136 1719385506.2611303
1719385515.1199565 1719385544.8566828
1719385547.5782535 1719385584.6604316
1719385591.1309416 1719385618.3611224
1719385628.0787954 1719385650.4066432
1719385654.6731262 1719385682.856992
1719385687.223796 1719385713.360856
1719385717.265868 1719385750.8158197
1719385756.57473 1719385787.0569327
1719385795.478769 1719385820.9611783
1719385821.7653973 1719385850.7658954
1719385852.2735984 1719385884.8609543
1719385889.2662914 1719385914.956637
1719385920.5110753 1719385950.4566922
1719385954.8587842 1719385980.9610052
1719385983.7186267 1719386015.456882
1719386020.8287673 1719386049.9566603
1719386054.3667276 1719386089.3569539
1719386090.0636673 1719386122.5578334
1719386127.218779 1719386163.1606698
1719386173.0194578 1719386199.857088
1719386202.3658175 1719386242.658384
1719386251.2735727 1719386280.559587
1719386283.364066 1719386321.6111112
1719386325.0673337 1719386369.560712
1719386379.3218844 1719386404.557227
1719386415.1230497 1719386436.4573677
1719386445.1146631 1719386469.5069711
1719386470.1671112 1719386504.5089285
1719386506.2666047 1719386546.908909
1719386557.5708432 1719386583.10666
1719386590.7334168 1719386615.160322
1719386615.8076599 1719386645.5574336
1719386652.13524 1719386687.3065882
1719386697.718788 1719386722.9586115
1719386726.7220347 1719386746.4619415
1719386750.0642195 1719386774.2622447
1719386778.0187242 1719386818.5089946
1719386829.3325467 1719386852.957384
1719386862.5784576 1719386900.5083025
1719386910.273318 1719386935.8622103
1719386941.5788372 1719386970.1100857
1719386979.821502 1719387000.761281
1719387001.3587718 1719387031.7566698
1719387038.2342846 1719387061.4136832
1719387067.2267792 1719387097.0592413
1719387106.7273242 1719387132.1568978
1719387133.7208865 1719387166.3125162
1719387168.974776 1719387202.3589134
1719387212.6345985 1719387240.4620082
1719387241.2625377 1719387282.362332
1719387292.175185 1719387316.9567213
1719387325.7340302 1719387349.861544
1719387358.5812073 1719387383.1569211
1719387393.4348304 1719387419.9066224
1719387424.6730142 1719387455.0580587
1719387459.8118165 1719387489.560684
1719387490.3078032 1719387524.656783
1719387529.9182932 1719387566.1099145
1719387566.8655596 1719387608.906669
1719387615.3732953 1719387638.8066459
1719387643.4324183 1719387669.4080563
1719387671.824 1719387702.009694
1719387712.7853003 1719387737.7568572
1719387745.2821777 1719387769.3129027
1719387772.9627118 1719387801.008504
1719387805.6652372 1719387843.9611285
1719387847.7713573 1719387871.7096705
1719387873.5111747 1719387908.5090818
1719387917.3309216 1719387944.6583276
1719387955.2693033 1719387987.9567924
1719387997.3267953 1719388023.756709
1719388029.3228462 1719388066.561906
1719388076.07443 1719388096.508683
1719388105.2671502 1719388134.7104454
1719388139.4687123 1719388165.306984
1719388165.7717557 1719388197.6582732
1719388204.1654816 1719388230.6077437
1719388235.0667784 1719388265.0099332
1719388271.8674314 1719388296.209823
1719388302.0301335 1719388329.9589438
1719388340.7209494 1719388367.2565763
1719388376.7770517 1719388397.5620863
1719388398.0206468 1719388431.1093123
1719388440.9688032 1719388470.009926
1719388475.8218906 1719388523.1578598
1719388526.1154127 1719388551.6566508
1719388557.78277 1719388591.909382
1719388601.733537 1719388633.2069654
1719388637.8267908 1719388671.2569907
1719388671.513685 1719388705.006668
1719388708.6244595 1719388738.8097947
1719388746.5211647 1719388781.4581673
1719388787.7222338 1719388817.0099292
1719388820.2167325 1719388854.3567164
1719388855.8255737 1719388888.7096748
1719388898.4707248 1719388929.8567517
1719388933.1668 1719388964.6567216
1719388968.4148755 1719389006.0066657
1719389011.7152977 1719389052.7068777
1719389056.0099154 1719389082.6566973
1719389083.0598423 1719389119.4567237
1719389129.6825755 1719389157.4078333
1719389158.0748777 1719389201.857253
1719389204.3712482 1719389233.9588013
1719389244.374768 1719389274.7567208
1719389283.4748554 1719389320.7577813
1719389329.4187324 1719389353.9614103
1719389360.8147957 1719389391.6636145
1719389400.4291031 1719389428.1566613
1719389435.722783 1719389466.3096962
1719389470.0224242 1719389502.8589706
1719389513.185918 1719389538.156947
1719389539.779008 1719389574.8626297
1719389585.735609 1719389617.46019
1719389621.2202766 1719389648.156907
1719389656.5787945 1719389689.3066745
1719389698.0816019 1719389723.3567967
1719389727.8799949 1719389763.5604641
1719389767.2700548 1719389803.956757
1719389811.468553 1719389835.6089566
1719389840.975879 1719389873.106647
1719389875.7693782 1719389897.8608053
1719389908.5296195 1719389930.056758
1719389934.3707366 1719389970.4064863
1719389974.5747283 1719390008.5617568
1719390019.0186727 1719390046.661042
1719390047.3144405 1719390079.656626
1719390088.1787639 1719390117.660584
1719390125.466178 1719390154.1566901
1719390159.8309622 1719390181.8583257
1719390190.5250695 1719390225.5581892
1719390234.2271628 1719390254.9615145
1719390256.7625086 1719390292.2599988
1719390294.5216146 1719390329.0654314
1719390332.9207134 1719390366.2607205
1719390371.9205587 1719390395.357672
1719390404.7719166 1719390432.065032
1719390436.8107274 1719390462.2605991
1719390470.97395 1719390500.6591573
1719390505.8213558 1719390541.158501
1719390543.5736468 1719390574.4085941
1719390576.012818 1719390618.2066247
1719390623.8657615 1719390649.5584266
1719390659.1657577 1719390687.4567192
1719390690.0180042 1719390727.6567783
1719390729.3631418 1719390767.7566426
1719390775.2694438 1719390797.356545
1719390800.8627102 1719390833.8613522
1719390838.6107757 1719390872.8611863
1719390878.6286466 1719390908.9568038
1719390914.6189916 1719390937.756998
1719390946.3797293 1719390973.7584925
1719390984.5707831 1719391010.1565907
1719391012.9206522 1719391041.8566782
1719391042.6595018 1719391076.657734
1719391078.1281095 1719391107.8099895
1719391116.2147305 1719391148.8566267
1719391149.5183687 1719391185.0066123
1719391195.673439 1719391216.9070253
1719391226.486726 1719391254.164692
1719391261.8785262 1719391289.7102487
1719391297.4707887 1719391320.358448
1719391328.516914 1719391354.1566463
1719391362.822721 1719391393.1087928
1719391393.817748 1719391424.658844
1719391433.4221714 1719391473.1565614
1719391473.5196571 1719391520.9085646
1719391531.6187432 1719391556.6096058
1719391557.3167129 1719391596.1604905
1719391596.8071547 1719391639.5588908
1719391647.2222314 1719391676.2075062
1719391681.8258822 1719391712.865022
1719391713.6301258 1719391746.809582
1719391747.6770651 1719391793.0608854
1719391802.7883112 1719391827.6577241
1719391830.0747163 1719391868.358637
1719391868.7075958 1719391915.9099681
1719391916.769271 1719391948.1567063
1719391955.7107818 1719391989.956719
1719392000.4747796 1719392029.8603008
1719392031.6709146 1719392059.356903
1719392067.0801914 1719392091.7570586
1719392099.366778 1719392131.408653
1719392135.6760752 1719392171.858447
1719392174.1634266 1719392203.6580372
1719392204.8157449 1719392235.5570295
1719392244.9791079 1719392264.9566221
1719392267.4616258 1719392305.8622918
1719392313.5741544 1719392340.460782
1719392344.1705935 1719392378.2570667
1719392380.7278993 1719392412.361426
1719392414.0185728 1719392444.3613243
1719392449.17078 1719392487.6566641
1719392495.314778 1719392520.8103743
1719392529.3848696 1719392559.8133533
1719392569.5721352 1719392591.8067682
1719392597.0107193 1719392633.8581722
1719392638.6743557 1719392667.5568953
1719392673.2154906 1719392704.4607384
1719392710.7626486 1719392737.4593275
1719392743.0810444 1719392779.362353
1719392789.115838 1719392813.6611629
1719392820.2209496 1719392855.5583386
1719392861.1770928 1719392892.1583486
1719392896.622798 1719392922.8571508
1719392924.1233017 1719392966.6581125
1719392972.2709816 1719393001.4101872
1719393007.178773 1719393033.3066099
1719393035.0156658 1719393072.8590126
1719393078.0812745 1719393118.5583098
1719393125.362765 1719393147.058982
1719393151.6627488 1719393184.3581374
1719393194.6848881 1719393223.0065637
1719393223.862162 1719393261.15687
1719393269.5802047 1719393293.7608101
1719393297.6707292 1719393323.4601777
1719393324.1167088 1719393355.1582832
1719393363.7825987 1719393390.25781
1719393400.718792 1719393425.0566645
1719393427.4206064 1719393456.0568776
1719393461.370058 1719393494.8568027
1719393504.4353518 1719393533.6622493
1719393544.4216042 1719393574.0071406
1719393578.583071 1719393615.7623558
1719393618.3227768 1719393646.0566707
1719393649.724958 1719393678.4079118
1719393680.161905 1719393724.1565204
1719393728.4656777 1719393761.4612677
1719393764.7227757 1719393799.4066484
1719393807.8283918 1719393838.9065502
1719393840.4213512 1719393882.7567554
1719393885.3123558 1719393911.1571226
1719393917.8707798 1719393951.9068465
1719393960.2627347 1719393987.7081804
1719393992.4227264 1719394034.0583012
1719394034.8105102 1719394064.160507
1719394065.978629 1719394097.3603947
1719394099.1587632 1719394134.4566371
1719394139.963391 1719394170.7566795
1719394177.417811 1719394206.2585936
1719394212.9267771 1719394244.2607427
1719394246.1203017 1719394277.4091935
1719394285.2248602 1719394313.4568148
1719394315.263472 1719394343.856873
1719394349.270733 1719394381.4625041
1719394382.3102558 1719394407.5602927
1719394409.2731018 1719394441.261249
1719394442.920503 1719394478.662547
1719394481.3187733 1719394522.7065885
1719394532.4217625 1719394558.7585127
1719394566.6827323 1719394599.3567386
1719394606.8727102 1719394637.1095831
1719394637.912195 1719394668.756822
1719394675.1627264 1719394705.9625769
1719394715.8196702 1719394740.0606925
1719394746.784545 1719394783.1566708
1719394791.7402923 1719394819.8617854
1719394826.4751427 1719394862.3121622
1719394870.022796 1719394903.156575
1719394906.774179 1719394938.3092303
1719394940.0200062 1719394983.856761
1719394992.6627703 1719395020.3566148
1719395023.0187163 1719395055.5613987
1719395061.2787697 1719395101.26078
1719395111.0227757 1719395137.0571413
1719395140.519983 1719395171.5568151
1719395173.8177128 1719395216.7141368
1719395221.420558 1719395252.9567952
1719395258.5747705 1719395287.6099365
1719395293.4147255 1719395325.3088126
1719395326.8696644 1719395361.35708
1719395361.9185476 1719395407.409416
1719395416.1167183 1719395450.6585388
1719395457.3267276 1719395480.7567756
1719395487.278059 1719395515.3065898
1719395523.9744117 1719395550.7607822
1719395553.0182686 1719395583.1566453
1719395585.8177936 1719395617.0065982
1719395619.5667193 1719395646.3565364
1719395647.9190502 1719395678.6068547
1719395679.0711198 1719395718.808012
1719395724.0267699 1719395759.0579345
1719395768.575377 1719395797.010156
1719395802.7854335 1719395832.4608674
1719395836.1707363 1719395868.0071661
1719395869.509378 1719395902.008834
1719395902.8163216 1719395932.7568696
1719395938.0707808 1719395968.8065982
1719395969.1767166 1719396003.4625266
1719396005.1674528 1719396039.5092528
1719396044.1187682 1719396077.1579666
1719396078.611284 1719396117.0569642
1719396122.6648495 1719396150.206913
1719396151.864029 1719396177.5579107
1719396180.3640847 1719396213.4608693
1719396220.2163963 1719396252.456675
1719396261.9370322 1719396293.2618377
1719396297.1236022 1719396326.1081047
1719396332.6667764 1719396364.1096427
1719396373.8368278 1719396396.3571506
1719396399.0241418 1719396429.1590748
1719396438.8281403 1719396468.5082145
1719396473.1788003 1719396507.4616122
1719396516.1707737 1719396541.2583177
1719396545.9771159 1719396579.7568915
1719396590.5747156 1719396619.261148
1719396625.022801 1719396659.10782
1719396662.9728663 1719396700.5581908
1719396711.1707966 1719396740.4607806
1719396741.2650266 1719396777.7616913
1719396783.5147252 1719396811.161161
1719396814.9178002 1719396851.1102335
1719396855.8628814 1719396890.2614028
1719396891.0132854 1719396924.8068392
1719396926.4692674 1719396952.4066696
1719396960.9286115 1719396989.2590485
1719396990.66603 1719397041.0100417
1719397048.8766108 1719397075.058271
1719397079.7813485 1719397111.3097866
1719397119.066837 1719397142.6609688
1719397150.4647956 1719397186.556679
1719397196.0273724 1719397213.3081396
1719397213.8669655 1719397254.9572415
1719397262.430797 1719397281.6568089
1719397289.9761925 1719397323.4069371
1719397328.168783 1719397361.3099208
1719397369.0330293 1719397392.660786
1719397394.3780549 1719397438.2581766
1719397444.0219376 1719397470.062412
1719397478.9194975 1719397518.6069973
1719397520.2088673 1719397560.806637
1719397567.5706224 1719397598.3589272
1719397600.8666615 1719397645.1567256
1719397653.5227344 1719397684.156747
1719397684.8603666 1719397715.5621424
1719397724.328558 1719397749.9619644
1719397759.824718 1719397785.5577059
1719397785.7690206 1719397831.1607788
1719397835.8814907 1719397870.9566436
1719397876.4181566 1719397906.1619034
1719397909.0253215 1719397941.0582118
1719397950.4714046 1719397978.66144
1719397982.427024 1719398010.8623161
1719398011.420733 1719398050.2586212
1719398057.0107892 1719398077.856897
1719398078.2738628 1719398118.760298
1719398120.2120283 1719398145.9568002
1719398146.3859308 1719398186.058235
1719398196.4227927 1719398221.858404
1719398227.673237 1719398255.9570026
1719398264.5716345 1719398291.1590965
1719398291.5256572 1719398325.4617364
1719398332.1759367 1719398361.3606606
1719398364.077447 1719398392.3569064
1719398402.6871045 1719398429.561979
1719398432.3117595 1719398460.9616463
1719398465.6775925 1719398495.5099752
1719398506.1231978 1719398532.05671
1719398534.7747312 1719398564.8582354
1719398573.1871655 1719398602.3586292
1719398608.8727946 1719398635.562236
1719398644.2746289 1719398673.3597996
1719398684.1707888 1719398709.7582288
1719398713.6664882 1719398745.4603057
1719398745.830617 1719398779.9569747
1719398789.3305902 1719398826.0611267
1719398828.862739 1719398864.061003
1719398869.6693647 1719398904.9566689
1719398914.715695 1719398943.2578049
1719398952.8747904 1719398980.0583246
1719398984.6693165 1719399006.958456
1719399007.7769418 1719399048.1583707
1719399051.6252725 1719399087.2590117
1719399095.5669756 1719399126.909933
1719399135.478854 1719399162.8098028
1719399173.536123 1719399207.4571636
1719399216.722802 1719399252.3622372
1719399253.127179 1719399286.7608576
1719399295.5225685 1719399332.6595519
1719399335.3587604 1719399369.107096
1719399372.5789156 1719399410.709765
1719399416.5231404 1719399450.0567195
1719399450.721398 1719399489.5100672
1719399493.323751 1719399532.9581256
1719399539.7264476 1719399570.8621857
1719399579.474773 1719399604.208678
1719399605.8183782 1719399646.1113822
1719399656.2399764 1719399684.656675
1719399686.3193915 1719399715.409143
1719399718.1753752 1719399753.4589822
1719399764.1229296 1719399794.3568096
1719399804.0175712 1719399829.258007
1719399829.8225098 1719399854.3569205
1719399860.9822247 1719399886.4567223
1719399887.0113587 1719399919.9591002
1719399927.5787897 1719399957.9066625
1719399963.5742927 1719399987.4593258
1719399997.2787623 1719400023.4567142
1719400026.2089994 1719400058.6086144
