1719831452.058894 1719831491.760877
1719831499.518784 1719831540.5092797
1719831541.913884 1719831591.057172
1719831592.2254431 1719831622.1572478
1719831624.370005 1719831677.4633074
1719831682.6747584 1719831722.2572641
1719831724.8627806 1719831769.30707
1719831779.8884518 1719831809.259091
1719831813.9267738 1719831850.810528
1719831856.723817 1719831899.7612221
1719831907.2357259 1719831936.3570747
1719831938.029631 1719831974.061342
1719831975.8805187 1719832012.7124891
1719832017.576686 1719832051.9603932
1719832053.5251052 1719832092.4610112
1719832100.4178023 1719832127.9577835
1719832128.728458 1719832167.31063
1719832171.0689254 1719832206.9584146
1719832213.2162178 1719832244.508138
1719832252.6332102 1719832288.2568421
1719832288.6125455 1719832338.5607848
1719832344.42672 1719832371.706621
1719832372.3197773 1719832418.6090522
1719832428.672802 1719832460.759351
1719832462.7163367 1719832501.9072018
1719832502.0672402 1719832540.65785
1719832545.163179 1719832583.0605166
1719832590.072529 1719832625.3584502
1719832632.7255862 1719832667.0123196
1719832671.1667912 1719832710.160653
1719832710.8602793 1719832750.710294
1719832760.7227705 1719832791.4095235
1719832797.374512 1719832831.9569726
1719832842.3307762 1719832868.856598
1719832870.367994 1719832908.2571232
1719832919.036094 1719832957.3591504
1719832964.617043 1719832999.7569702
1719833005.510753 1719833045.9570873
1719833048.363325 1719833101.8583798
1719833107.3655863 1719833145.3569655
1719833151.96433 1719833193.258171
1719833195.0755036 1719833228.5574398
1719833230.1588962 1719833269.6593556
1719833279.7846055 1719833309.0602148
1719833319.3387764 1719833347.5570056
1719833357.0821652 1719833386.0571964
1719833395.821266 1719833427.9102185
1719833431.7276387 1719833466.256759
1719833471.5267737 1719833505.9588866
1719833514.7147875 1719833547.81021
1719833557.6296153 1719833581.9082747
1719833585.3693779 1719833633.0092165
1719833638.882845 1719833671.6123004
1719833681.5235064 1719833706.656723
1719833716.12565 1719833742.4603515
1719833746.7787936 1719833775.1070695
1719833782.3227375 1719833818.658178
1719833829.0366879 1719833857.0604231
1719833860.4813566 1719833897.65849
1719833899.207732 1719833938.0613658
1719833944.9805117 1719833976.2068636
1719833984.320044 1719834010.3075435
1719834018.1722515 1719834047.5085125
1719834053.630596 1719834083.9600182
1719834092.5784075 1719834119.7119312
1719834120.2760093 1719834161.9173021
1719834171.0258307 1719834204.3595123
1719834212.918545 1719834239.1568627
1719834241.6208966 1719834287.558106
1719834295.9747858 1719834323.6566339
1719834327.3800824 1719834359.360428
1719834360.0578468 1719834396.461576
1719834400.5764577 1719834431.1066701
1719834435.233024 1719834467.3578365
1719834477.0858579 1719834503.5574315
1719834504.8107483 1719834537.3568423
1719834540.8762968 1719834570.0066051
1719834573.5748115 1719834609.5592577
1719834614.876814 1719834649.4619765
1719834657.4227784 1719834687.0570922
1719834696.8213708 1719834729.6570282
1719834740.3707817 1719834771.0569453
1719834772.2674682 1719834812.8078578
1719834823.633276 1719834849.5111892
1719834853.322779 1719834902.258296
1719834904.1635478 1719834944.8566368
1719834954.6242223 1719834986.4068277
1719834990.118291 1719835020.7566462
1719835030.3758326 1719835056.756847
1719835064.4812443 1719835090.3567076
1719835091.6699474 1719835124.0583637
1719835125.8791654 1719835163.2091005
1719835169.0323648 1719835194.2574184
1719835205.0714576 1719835237.4081228
1719835240.3688796 1719835273.658518
1719835281.3145142 1719835309.1066272
1719835316.7707458 1719835350.156897
1719835351.8747358 1719835387.6584888
1719835396.3720267 1719835423.1611426
1719835430.2188692 1719835471.3088553
1719835474.1623073 1719835510.508724
1719835513.610786 1719835550.6164193
1719835557.7209413 1719835589.756719
1719835590.515759 1719835616.2568374
1719835626.0384865 1719835659.5069003
1719835668.822791 1719835695.7584934
1719835701.3747756 1719835727.2565212
1719835732.7174823 1719835770.5581586
1719835781.1861014 1719835812.1580262
1719835821.926855 1719835858.0581434
1719835862.867401 1719835895.456831
1719835901.8699734 1719835942.3665314
1719835950.2187781 1719835980.1583157
1719835982.8814225 1719836015.8566577
1719836017.5107663 1719836062.9580333
1719836069.566781 1719836103.4093132
1719836105.5288384 1719836138.3621023
1719836143.4147537 1719836175.211606
1719836181.4382346 1719836208.7586522
1719836214.6707747 1719836253.3103123
1719836264.0243344 1719836295.0645704
1719836298.2604585 1719836339.6585848
1719836349.5391324 1719836381.1566281
1719836385.9207394 1719836426.361475
1719836432.2137022 1719836461.357447
1719836463.624806 1719836497.061994
1719836505.8352432 1719836535.5569184
1719836535.7197497 1719836579.55703
1719836588.0415154 1719836614.9084532
1719836623.6338346 1719836649.5591054
1719836651.0107303 1719836691.5580807
1719836698.4220989 1719836723.9613817
1719836727.8742843 1719836767.9566689
1719836768.6227932 1719836803.0582116
1719836803.8646617 1719836842.456698
1719836847.0155733 1719836889.5567374
1719836892.2299905 1719836923.9567485
1719836924.4179401 1719836957.0093737
1719836963.8731415 1719836994.9102077
1719837004.71477 1719837043.0581152
1719837048.8828032 1719837082.2584548
1719837084.972149 1719837117.0069642
1719837119.2319145 1719837153.956751
1719837160.5289347 1719837188.656732
1719837193.3740406 1719837219.4608672
1719837227.4161618 1719837260.6072183
1719837269.724775 1719837304.4619489
1719837312.428828 1719837341.0566907
1719837350.322789 1719837381.4070878
1719837385.5704262 1719837425.9622266
1719837428.7732027 1719837468.9093635
1719837476.630988 1719837508.5100021
1719837515.3884287 1719837551.7609406
1719837555.6240664 1719837589.2070286
1719837596.466812 1719837626.657351
1719837629.9234073 1719837672.8133206
1719837679.6274247 1719837718.0099876
1719837724.5881124 1719837755.965804
1719837758.724969 1719837795.8622768
1719837801.4642382 1719837835.2070258
1719837835.8099027 1719837876.558226
1719837883.0873752 1719837929.057107
1719837938.583924 1719837966.358565
1719837977.086773 1719838002.5582495
1719838004.973829 1719838036.8127866
1719838042.9307842 1719838076.506656
1719838077.6094563 1719838112.3071876
1719838115.666103 1719838141.3590252
1719838144.8307335 1719838180.159029
1719838181.9635255 1719838222.658656
1719838224.8800757 1719838259.9569807
1719838268.230479 1719838298.2567866
1719838307.9867866 1719838341.4609854
1719838341.7653406 1719838381.3617656
1719838388.231129 1719838420.6106262
1719838424.523965 1719838457.266666
1719838459.131017 1719838491.057928
1719838496.6307836 1719838521.1570013
1719838527.8182843 1719838560.8093174
1719838568.979257 1719838599.1643395
1719838609.2818809 1719838633.4568455
1719838644.0881593 1719838674.4104202
1719838683.2723978 1719838711.4579659
1719838720.0151944 1719838753.7589595
1719838763.9232378 1719838787.860272
1719838796.6707575 1719838825.0614877
1719838830.9633722 1719838867.162437
1719838875.01436 1719838903.1588104
1719838904.5650542 1719838939.9570704
1719838945.6667862 1719838978.2099917
1719838980.1121123 1719839016.6659355
1719839025.4224868 1719839060.3065476
1719839069.8180485 1719839099.3614168
1719839102.821883 1719839130.6575642
1719839131.9667168 1719839176.0580437
1719839179.9787457 1719839214.8077917
1719839224.7193544 1719839259.0611851
1719839263.7218084 1719839292.4129407
1719839292.5082295 1719839329.6569195
1719839330.3093035 1719839373.3569167
1719839383.878773 1719839414.858596
1719839423.2147539 1719839452.0071933
1719839455.6211858 1719839491.1566594
1719839497.6141176 1719839534.1603303
1719839539.9217656 1719839571.3586502
1719839574.6181192 1719839608.5569339
1719839614.3850262 1719839643.156746
1719839650.8820138 1719839677.206638
1719839682.669946 1719839712.0589106
1719839715.472645 1719839750.1625402
1719839756.019263 1719839781.6624835
1719839787.4271567 1719839817.8595679
1719839825.967977 1719839847.2089822
1719839850.1265633 1719839891.357196
1719839892.0252607 1719839929.5069947
1719839932.2691238 1719839968.861947
1719839978.8763008 1719840011.9568312
1719840014.815471 1719840045.9582655
1719840046.9094634 1719840089.259366
1719840093.5232418 1719840129.3621423
1719840132.323622 1719840170.1568809
1719840170.8705769 1719840213.5616837
1719840220.5144687 1719840255.758402
1719840264.6707344 1719840298.3605049
1719840300.2243085 1719840351.6586573
1719840358.9185276 1719840386.2586384
1719840395.8227935 1719840423.1101947
1719840429.0188031 1719840461.009928
1719840469.8689444 1719840499.4602172
1719840505.2227814 1719840542.2145278
1719840548.0187783 1719840592.4568682
1719840597.0219283 1719840636.158149
1719840644.3267806 1719840689.9622755
1719840698.86758 1719840741.356794
1719840750.629437 1719840782.4567986
1719840785.2739182 1719840825.3090193
1719840828.122073 1719840866.6620018
1719840868.421045 1719840907.0568302
1719840909.668337 1719840941.9565852
1719840951.5181015 1719840980.610703
1719840989.7361708 1719841023.3096986
1719841032.1285145 1719841058.6624937
1719841060.513796 1719841102.560955
1719841111.7731986 1719841133.7175226
1719841135.610749 1719841173.6569622
1719841182.0854647 1719841215.810612
1719841219.110961 1719841259.6082873
1719841265.2668219 1719841300.6610246
1719841302.6255822 1719841339.5086086
1719841349.071902 1719841378.9581687
1719841387.5720136 1719841428.013403
1719841438.9250998 1719841463.3086827
1719841466.5246055 1719841517.0582643
1719841523.3661015 1719841550.6088336
1719841561.3260326 1719841587.0112038
1719841596.9187746 1719841629.8570344
1719841637.3249664 1719841662.257169
1719841667.020736 1719841707.4568772
1719841712.8707907 1719841743.6567962
1719841747.966728 1719841781.2613132
1719841788.530469 1719841818.0615153
1719841824.025885 1719841854.908449
1719841864.067101 1719841892.606605
1719841903.069029 1719841928.7071445
1719841939.6667986 1719841966.7590683
1719841972.8667812 1719842006.1093218
1719842007.617321 1719842049.7583015
1719842052.6286104 1719842090.011829
1719842092.171181 1719842127.559065
1719842132.663918 1719842158.7102745
1719842164.532456 1719842192.7586038
1719842199.5238235 1719842227.0639484
1719842230.27815 1719842263.4103808
1719842268.321435 1719842301.859057
1719842302.6240602 1719842347.307214
1719842355.8882716 1719842392.4070492
1719842402.533695 1719842439.1568487
1719842439.5107963 1719842480.7072113
1719842489.9707844 1719842530.1071234
1719842538.7797937 1719842575.656744
1719842586.4293408 1719842621.2568069
1719842628.6878083 1719842653.158866
1719842653.5611138 1719842688.0570629
1719842696.7877073 1719842727.056766
1719842728.8288627 1719842768.8620038
1719842779.821768 1719842805.6609497
1719842809.5107691 1719842835.6100056
1719842846.3788242 1719842871.858933
1719842881.0267975 1719842908.1171143
1719842916.938787 1719842944.1069148
1719842945.7128892 1719842975.5570066
1719842976.8614733 1719843019.4592392
1719843028.9263096 1719843066.7092972
1719843074.670794 1719843107.4569292
1719843114.0787814 1719843153.4603708
1719843163.4187195 1719843200.158256
1719843211.0414371 1719843241.8609283
1719843242.869798 1719843286.6564784
1719843287.3593526 1719843314.5570335
1719843322.133269 1719843355.8567052
1719843361.569709 1719843384.0571733
1719843390.6664565 1719843423.507031
1719843427.1307976 1719843464.4126737
1719843469.567195 1719843510.6106195
1719843512.4622416 1719843552.210227
1719843555.1285827 1719843592.565935
1719843593.3685887 1719843627.9068725
1719843630.9841049 1719843671.7616134
1719843672.9107776 1719843713.6135888
1719843723.5265703 1719843756.2079415
1719843760.6587687 1719843794.7581527
1719843796.2232726 1719843835.7578948
1719843836.3272204 1719843878.8620186
1719843883.8107853 1719843922.1614254
1719843924.018893 1719843961.7102723
1719843966.5697756 1719844010.2082129
1719844018.8667932 1719844048.6617634
1719844058.4812782 1719844091.609609
1719844098.9827778 1719844131.5569792
1719844142.3770342 1719844180.3106143
1719844184.2613919 1719844218.5067592
1719844222.6329644 1719844262.460772
1719844270.5184019 1719844302.607776
1719844312.733836 1719844337.8606818
1719844339.7676184 1719844374.3088803
1719844376.583135 1719844413.056995
1719844419.5243156 1719844451.0568929
1719844456.7720542 1719844488.5595546
1719844490.3136446 1719844524.4078467
1719844528.228321 1719844561.3615959
1719844563.9707892 1719844599.40689
1719844607.6210382 1719844637.4071398
1719844645.5752642 1719844674.161918
1719844683.1731904 1719844713.0605032
1719844716.9187841 1719844752.7566774
1719844758.8766997 1719844793.0141037
1719844796.1191726 1719844833.856649
1719844835.2628958 1719844862.7066417
1719844872.3796484 1719844904.206924
1719844907.4747696 1719844942.2660096
1719844945.1160975 1719844982.1592166
1719844989.3249803 1719845017.7589607
1719845024.4307826 1719845055.6571503
1719845064.9787986 1719845096.8567355
1719845106.4787633 1719845137.4586682
1719845148.1867807 1719845173.0066483
1719845176.1795886 1719845217.2604315
1719845219.8640833 1719845248.95833
1719845249.4711955 1719845287.0125172
1719845291.9246597 1719845325.3601005
1719845335.5698035 1719845362.0586097
1719845363.9667184 1719845404.4083161
1719845412.625505 1719845442.0567
1719845444.6266022 1719845475.956802
1719845478.1703994 1719845514.7128434
1719845514.906521 1719845557.3122187
1719845564.0813205 1719845601.7572608
1719845610.4269192 1719845644.5568619
1719845653.2369812 1719845682.9083273
1719845686.6262083 1719845724.156666
1719845729.8157732 1719845764.410958
1719845771.514733 1719845804.562098
1719845809.8627684 1719845843.9105492
1719845848.765767 1719845890.0566235
1719845896.4758136 1719845931.2639358
1719845942.030781 1719845975.558025
1719845983.1747751 1719846028.2566607
1719846035.167785 1719846067.5568476
1719846069.822792 1719846112.3567388
1719846113.0606623 1719846157.8566263
1719846160.4669845 1719846196.8566942
1719846205.0243647 1719846239.9066284
1719846245.2340312 1719846280.1584413
1719846290.8401253 1719846319.7086897
1719846324.5187511 1719846354.161721
1719846363.9324288 1719846395.6586003
1719846402.4137902 1719846433.856575
1719846436.5661745 1719846469.1599793
1719846479.7267883 1719846503.411896
1719846506.2810004 1719846536.1601875
1719846545.022024 1719846576.1095617
1719846586.8725438 1719846618.261651
1719846627.0187793 1719846657.8572073
1719846659.426029 1719846690.258023
1719846698.6707833 1719846728.5583854
1719846737.3348167 1719846765.5581095
1719846776.3803902 1719846804.4621942
1719846815.4736464 1719846842.1567767
1719846845.8750691 1719846874.8604362
1719846876.2675061 1719846923.561528
1719846929.6710193 1719846956.8133717
1719846957.658739 1719846990.8566115
1719846993.1668353 1719847025.9567857
1719847036.7194974 1719847064.8094728
1719847068.6223636 1719847113.1102455
1719847123.9282942 1719847156.8596854
1719847167.6389265 1719847196.8066757
1719847198.0738342 1719847233.2566845
1719847242.0708005 1719847269.8183548
1719847277.5828564 1719847313.6592247
1719847316.6165056 1719847348.5066757
1719847352.315437 1719847382.656516
1719847389.064548 1719847428.6595416
1719847433.4654307 1719847465.206643
1719847473.814812 1719847500.3102052
1719847502.1825726 1719847536.757999
1719847539.4207413 1719847569.5600233
1719847570.676292 1719847615.4612072
1719847618.4271247 1719847644.7632933
1719847646.6265297 1719847683.6621323
1719847694.630789 1719847726.8652875
1719847731.0147955 1719847765.463429
1719847768.3227928 1719847806.570195
1719847810.6226609 1719847843.260395
1719847846.020343 1719847883.7645288
1719847892.7244947 1719847927.156904
1719847933.7279549 1719847968.2610729
1719847978.5347154 1719848007.0568714
1719848016.4892168 1719848049.6624663
1719848050.519672 1719848106.058995
1719848116.4728239 1719848153.0569103
1719848161.4200037 1719848197.7603548
1719848208.7758741 1719848238.2183316
1719848248.023045 1719848286.609633
1719848294.4267764 1719848334.5566192
1719848337.22252 1719848375.1603868
1719848377.064119 1719848412.6575344
1719848421.2227802 1719848447.361684
1719848452.26279 1719848491.364382
1719848496.3149977 1719848540.6100557
1719848548.4862318 1719848586.9085422
1719848587.7660208 1719848616.856691
1719848624.130809 1719848661.3581219
1719848664.0622592 1719848703.1586761
1719848711.9149787 1719848735.9568315
1719848739.5800834 1719848773.4065986
1719848775.0808454 1719848817.607032
1719848822.2654154 1719848858.7091184
1719848867.82025 1719848898.8610022
1719848909.6687648 1719848950.6105115
1719848951.4654503 1719848976.909202
1719848985.7193348 1719849014.357789
1719849018.1655483 1719849048.0566566
1719849058.680963 1719849086.8093116
1719849094.980279 1719849129.5601077
1719849135.7267861 1719849173.3087678
1719849182.07474 1719849219.6066263
1719849227.566883 1719849255.2069478
1719849262.9768114 1719849295.6099663
1719849297.468638 1719849330.307661
1719849336.2119625 1719849361.5066693
1719849371.0707772 1719849391.856949
1719849399.6341465 1719849432.5082035
1719849441.2667818 1719849468.5093822
1719849478.2827158 1719849504.9566374
1719849512.3715575 1719849545.1070077
1719849551.8840597 1719849586.5566978
1719849594.3213744 1719849627.4567907
1719849637.2708035 1719849658.5065243
1719849668.2246935 1719849694.258625
1719849696.2081058 1719849738.3577826
1719849745.068151 1719849766.1582768
1719849768.6747835 1719849806.608723
1719849809.4107063 1719849841.16071
1719849847.2784941 1719849876.4581015
1719849886.1743264 1719849910.6117325
1719849920.4313693 1719849948.3066177
1719849959.0780692 1719849985.5070333
1719849996.118786 1719850029.2100496
1719850036.2187738 1719850076.160454
1719850084.0226736 1719850110.6583738
1719850116.4285574 1719850162.758395
1719850166.510109 1719850194.057448
1719850199.8280537 1719850225.4086597
1719850227.3159728 1719850263.5569258
1719850274.172131 1719850298.4566426
1719850307.9824488 1719850335.660473
1719850346.1731648 1719850376.8602881
1719850386.7758603 1719850412.908282
1719850423.684889 1719850447.9125957
1719850450.71799 1719850492.009096
1719850502.91674 1719850534.0091941
1719850540.8669252 1719850581.1568048
1719850583.8712547 1719850620.4077966
1719850628.3746173 1719850666.2566934
1719850672.070775 1719850700.6070068
1719850700.7595353 1719850735.16077
1719850741.9246154 1719850780.2566164
1719850785.0707932 1719850814.9581041
1719850822.7188003 1719850845.9567225
1719850852.6107461 1719850880.5623186
1719850885.377537 1719850914.410096
1719850923.6731398 1719850950.364865
1719850952.2180774 1719850996.6583264
1719850998.4617357 1719851028.1585798
1719851031.7642705 1719851070.408363
1719851072.4833965 1719851106.3568206
1719851114.1227643 1719851143.9565713
1719851148.6273203 1719851180.5094259
1719851185.36727 1719851231.5097246
1719851239.1816537 1719851278.257953
1719851287.8187425 1719851317.7092466
1719851320.5725012 1719851354.1090417
1719851357.911146 1719851394.7570624
1719851396.423581 1719851432.8065946
1719851437.122541 1719851474.9091332
1719851478.8107889 1719851513.2080936
1719851514.4624174 1719851556.756727
1719851565.1696205 1719851589.1581447
1719851596.4313438 1719851632.3609989
1719851633.2083852 1719851677.11032
1719851681.9107857 1719851721.008315
1719851721.71387 1719851762.758595
1719851765.4799054 1719851800.0584922
1719851802.614736 1719851845.0084057
1719851845.8193328 1719851885.6589081
1719851890.3147216 1719851920.5070508
1719851928.9806614 1719851963.208701
1719851971.1668196 1719852010.756827
1719852021.518796 1719852048.7620978
1719852049.568253 1719852083.5066214
1719852084.122558 1719852120.4098184
1719852121.3065476 1719852157.25898
1719852167.672343 1719852195.3586304
1719852196.9208653 1719852244.6066673
1719852254.3657851 1719852285.158417
1719852289.0743988 1719852319.0066676
1719852329.7707138 1719852358.2084663
1719852369.070766 1719852408.5618787
1719852417.5779908 1719852444.0608685
1719852447.868812 1719852483.456677
1719852488.178859 1719852520.5086324
1719852528.720006 1719852566.4086485
1719852568.2205057 1719852602.8066556
1719852612.4147809 1719852646.009121
1719852652.982453 1719852680.9084628
1719852683.6657834 1719852720.106856
1719852721.675937 1719852762.0604115
1719852767.9118466 1719852801.0566804
1719852802.7227144 1719852837.7083175
1719852847.233685 1719852873.7093606
1719852880.5187778 1719852918.0082798
1719852918.872754 1719852955.6569479
1719852957.3747797 1719853001.2567437
1719853009.0227695 1719853047.1637912
1719853057.7227278 1719853092.0580375
1719853095.414647 1719853134.2078207
1719853145.0275848 1719853178.7098093
1719853179.5628033 1719853210.6576936
1719853215.8827739 1719853242.2567163
1719853249.8329515 1719853275.356579
1719853283.982771 1719853309.908356
1719853315.5622466 1719853347.2584188
1719853358.167575 1719853383.4591293
1719853386.259639 1719853428.2598794
1719853437.0237799 1719853465.1065621
1719853473.770768 1719853496.8616557
1719853507.8275592 1719853538.2065167
1719853542.8627934 1719853577.8639104
1719853582.71487 1719853621.959201
1719853627.572824 1719853652.2105713
1719853662.9320292 1719853685.9566236
1719853696.428513 1719853731.8575616
1719853742.3694587 1719853774.4610386
1719853775.2668073 1719853806.2567818
1719853808.0105915 1719853851.5565248
1719853856.978784 1719853891.256866
1719853901.0782216 1719853926.310531
1719853933.966797 1719853969.1598287
1719853978.486194 1719854004.4586217
1719854006.2221663 1719854044.3073575
1719854052.7770011 1719854082.9566917
1719854091.672425 1719854114.707156
1719854125.410787 1719854154.5649674
1719854156.314721 1719854191.5653584
1719854200.3243635 1719854224.6620636
1719854235.5673983 1719854267.3566418
1719854278.0147748 1719854311.8582933
1719854321.6714637 1719854354.1567514
1719854355.9208124 1719854392.7066126
1719854393.0094616 1719854431.4568355
1719854434.9794383 1719854469.956751
1719854475.6744323 1719854501.7566066
1719854510.4707355 1719854543.358468
1719854550.314971 1719854573.7136998
1719854581.5320277 1719854605.3570707
1719854615.922768 1719854652.8567214
1719854658.6173294 1719854682.714078
1719854687.5749307 1719854719.0088406
1719854726.8142002 1719854762.6565886
1719854766.7821095 1719854795.3066685
1719854797.1262202 1719854835.560634
1719854842.3252614 1719854870.5065234
1719854877.0187821 1719854912.408805
1719854918.2670736 1719854951.6068833
1719854955.3747373 1719854995.8066578
1719854997.4577577 1719855036.9583344
1719855040.2247765 1719855073.1576521
1719855082.8267486 1719855113.9585786
1719855123.776964 1719855151.007977
1719855151.7164326 1719855197.3566825
1719855202.1189585 1719855226.5566328
1719855231.318776 1719855260.9608934
1719855265.977768 1719855311.860155
1719855319.668877 1719855349.5593514
1719855352.3719969 1719855389.0612276
1719855393.8315942 1719855422.2581992
1719855432.0706007 1719855464.656797
1719855469.4308555 1719855502.8086777
1719855503.325357 1719855543.1568706
1719855548.8806763 1719855578.5566213
1719855588.276197 1719855617.810481
1719855619.6759365 1719855652.7567797
1719855655.6102717 1719855685.060307
1719855687.9608452 1719855719.2086093
1719855725.0667803 1719855751.0586362
1719855759.8667834 1719855784.2601774
1719855791.9682868 1719855824.8584342
1719855827.4634264 1719855855.6094103
1719855865.484089 1719855894.1100287
1719855897.958719 1719855936.4099097
1719855938.268315 1719855971.8584526
1719855981.6218145 1719856020.9581654
1719856031.5787888 1719856062.7584772
1719856067.6708107 1719856099.406652
1719856101.1168487 1719856143.260423
1719856150.2629867 1719856191.5611749
1719856192.3104024 1719856224.2609148
1719856234.186517 1719856262.4066148
1719856271.3155515 1719856300.469816
1719856306.2318223 1719856338.4089358
1719856345.2187755 1719856383.362304
1719856387.1267848 1719856419.561906
1719856426.4208252 1719856460.0069637
1719856469.378798 1719856502.4568317
1719856503.0683985 1719856542.3572078
1719856547.9707997 1719856590.0069284
1719856596.770802 1719856630.2623339
1719856639.230809 1719856680.814448
1719856686.9660945 1719856725.1568456
1719856728.5812154 1719856765.558888
1719856768.3280926 1719856810.8081837
1719856819.7270508 1719856849.3106565
1719856857.6364982 1719856889.2583652
1719856898.0627778 1719856934.056713
1719856941.7267148 1719856971.9135807
1719856977.725094 1719857010.9574556
1719857014.5646594 1719857056.9066494
1719857060.665435 1719857093.2102551
1719857098.0645137 1719857131.8617773
1719857137.7708004 1719857176.7585723
1719857187.2245548 1719857223.456615
1719857230.0747745 1719857260.557585
1719857262.3235738 1719857298.8070579
1719857306.9627802 1719857332.5080953
1719857343.3168426 1719857372.7625542
1719857374.6145034 1719857401.8081412
1719857407.468804 1719857435.160906
1719857444.0667408 1719857468.007915
1719857473.9160535 1719857509.0565894
1719857517.5251703 1719857544.0608108
1719857544.8632958 1719857575.8570507
1719857583.618172 1719857617.4566822
1719857625.1242113 1719857658.970395
1719857659.8183203 1719857689.807063
1719857695.0304615 1719857723.9566271
1719857725.4780877 1719857755.5693617
1719857760.3659897 1719857797.4081109
1719857804.324852 1719857828.6567602
1719857839.4234345 1719857867.607634
1719857875.2660925 1719857910.8585649
1719857911.6603243 1719857942.6567028
1719857953.4256275 1719857978.961849
1719857979.9133604 1719858032.7584913
1719858037.5763018 1719858073.157643
1719858076.0248814 1719858105.8106093
1719858113.6667817 1719858144.958104
1719858147.2655334 1719858187.008717
1719858190.7242565 1719858225.7624078
1719858229.6234305 1719858263.010433
1719858264.0155227 1719858295.7567253
1719858304.9798965 1719858330.6070046
1719858339.3667219 1719858363.2092197
1719858367.1241183 1719858411.5064604
1719858418.3287208 1719858443.2572882
1719858448.8743124 1719858496.2585871
1719858499.0211422 1719858527.4610157
1719858530.2707272 1719858564.3067734
1719858572.771895 1719858604.506597
1719858610.4180994 1719858641.3068464
1719858649.976925 1719858676.4088588
1719858680.022667 1719858720.9080973
1719858730.7195442 1719858768.656637
1719858777.3747892 1719858812.4611866
1719858814.516522 1719858849.5066326
1719858860.326782 1719858893.6066065
1719858901.3707821 1719858944.7567413
1719858954.5721714 1719858988.2070963
1719858996.6275847 1719859029.9099746
1719859033.775747 1719859063.556846
1719859070.3680024 1719859108.9567192
1719859113.6284556 1719859156.3590405
1719859161.7718275 1719859195.1130967
1719859196.4087417 1719859231.8087747
1719859232.7710526 1719859270.2576053
1719859270.87603 1719859314.7070658
1719859324.5787785 1719859359.9613962
1719859364.7269943 1719859413.656717
1719859419.2352157 1719859451.9569244
1719859459.580459 1719859494.4072294
1719859496.676727 1719859539.513245
1719859550.3793728 1719859584.4568007
1719859593.8829038 1719859622.6066647
1719859628.366163 1719859656.3071098
1719859656.825378 1719859698.5097237
1719859704.423033 1719859741.5069351
1719859743.9654515 1719859774.4568102
1719859778.8307333 1719859815.8581471
1719859825.581111 1719859849.8602343
1719859851.622541 1719859885.6582732
1719859890.4143627 1719859929.3604705
1719859939.1740298 1719859972.8066425
1719859983.718525 1719860013.7081938
1719860023.3627946 1719860060.8584104
1719860064.526068 1719860100.5095406
1719860105.3674507 1719860141.7585936
1719860149.674718 1719860194.0065663
1719860204.6787794 1719860234.9568307
1719860240.5667927 1719860279.162315
1719860283.0296748 1719860310.9070323
1719860316.5787156 1719860350.0690396
1719860350.1637533 1719860391.958366
1719860398.3163602 1719860426.7567964
1719860435.4731615 1719860468.1064866
1719860468.5222063 1719860507.0572162
1719860509.773987 1719860544.959365
1719860550.8707914 1719860589.508556
1719860595.3707745 1719860624.5566292
1719860625.367076 1719860665.7582107
1719860675.5709898 1719860702.6584177
1719860713.3809326 1719860739.6568775
1719860746.364383 1719860769.460965
1719860776.3708518 1719860809.0567086
1719860810.7135916 1719860842.609289
1719860844.3590884 1719860884.8612816
1719860893.8210013 1719860921.5565627
1719860924.7627375 1719860961.7601945
1719860962.5701823 1719861002.85694
1719861005.6149344 1719861043.262337
1719861051.174783 1719861083.1620193
1719861086.9770648 1719861130.957914
1719861134.7643576 1719861169.7607718
1719861180.632131 1719861210.8083148
1719861218.7307909 1719861257.6609795
1719861258.5659018 1719861306.6084514
1719861307.9089134 1719861336.3591735
1719861342.0314245 1719861372.7096753
1719861382.5286548 1719861415.7090414
1719861421.4868622 1719861459.806584
1719861461.5729387 1719861496.7583268
1719861505.6644275 1719861530.6088817
1719861536.0244536 1719861560.8581204
1719861570.7330003 1719861608.4565961
1719861617.2267158 1719861639.108345
1719861644.9147751 1719861674.8066342
1719861678.4652853 1719861714.8566089
1719861715.4138608 1719861746.7612972
1719861756.3187897 1719861789.3068502
1719861792.1587565 1719861833.5581536
1719861839.4303098 1719861872.3066032
1719861875.9756205 1719861905.9604843
1719861915.825471 1719861939.456708
1719861946.7296648 1719861980.4584775
1719861984.7707305 1719862025.3603306
1719862029.2757063 1719862057.7086287
1719862059.5095816 1719862091.8617089
1719862102.7293332 1719862127.3610275
1719862134.0189552 1719862170.9068904
1719862172.5663078 1719862204.8069427
1719862215.582772 1719862248.3590648
1719862251.8195791 1719862294.6095667
1719862299.4704556 1719862336.0663576
1719862344.8798237 1719862386.0592332
1719862387.5090027 1719862428.960101
1719862431.7681208 1719862481.8567443
1719862488.4211547 1719862513.1565845
1719862521.8331285 1719862547.5093434
1719862549.3627799 1719862593.7095628
1719862601.67688 1719862642.659335
1719862649.0285354 1719862679.1088195
1719862688.717195 1719862715.2629216
1719862724.9819474 1719862752.508435
1719862760.4145412 1719862797.6605144
1719862800.5095236 1719862836.856674
1719862845.6329076 1719862876.866176
1719862879.7663772 1719862913.665576
1719862923.8783019 1719862949.4567025
1719862956.2215126 1719862991.5586321
1719862993.1643763 1719863025.3144128
1719863032.1144047 1719863062.8094378
1719863071.6372187 1719863112.3077767
1719863117.5804508 1719863147.6566467
1719863157.2227361 1719863186.9571052
1719863196.7720156 1719863228.0567336
1719863230.5704215 1719863259.162667
1719863261.0123858 1719863305.0217714
1719863305.7735167 1719863342.656498
1719863344.2185495 1719863375.1623347
1719863384.9860864 1719863415.858387
1719863422.4703703 1719863454.8584712
1719863464.8237207 1719863495.356744
1719863505.0365522 1719863535.5612948
1719863536.2189686 1719863570.6663363
1719863577.7689705 1719863607.410394
1719863616.4187937 1719863653.5138109
1719863664.424977 1719863698.8083153
1719863705.666738 1719863735.2088506
1719863736.9715836 1719863774.7068408
1719863781.4695306 1719863819.4598002
1719863820.2657392 1719863856.658521
1719863859.51052 1719863893.1645947
1719863899.0638587 1719863942.0567555
1719863951.8670206 1719863979.6091456
1719863982.4107404 1719864028.756682
1719864030.6077678 1719864052.7586324
1719864061.3213286 1719864092.2585933
1719864099.0188007 1719864134.5591285
1719864143.2300973 1719864176.06039
1719864178.0265093 1719864216.9571023
1719864221.2751853 1719864264.4070911
1719864275.1667798 1719864303.556803
1719864313.4267573 1719864344.0080884
1719864350.9219935 1719864380.6569104
1719864384.528345 1719864424.1586542
1719864426.7126129 1719864468.9085855
1719864474.1253045 1719864509.461108
1719864518.3771307 1719864548.0066679
1719864550.5107412 1719864590.464011
1719864594.2225227 1719864629.057308
1719864633.5346394 1719864671.461277
1719864682.4267766 1719864712.8145344
1719864718.6635516 1719864746.9589384
1719864756.669315 1719864787.6078787
1719864792.1740422 1719864831.6171386
1719864839.4356472 1719864864.3129392
1719864866.8771784 1719864909.9570692
1719864910.4225643 1719864953.9066253
1719864960.7307856 1719865002.7615135
1719865003.6673496 1719865053.2609024
1719865057.3813415 1719865096.2601917
1719865102.2147892 1719865129.8608704
1719865140.8667188 1719865165.4093418
1719865176.4258714 1719865208.1098228
1719865210.0662415 1719865253.6066272
1719865262.2299109 1719865290.6086102
1719865297.229157 1719865328.757961
1719865337.4721172 1719865368.858996
1719865378.3667965 1719865406.1611238
1719865408.1757934 1719865458.3102846
1719865461.9147532 1719865494.5569625
1719865497.8765237 1719865535.2623577
1719865536.4637387 1719865572.0568044
1719865581.3890774 1719865610.0065293
1719865612.770873 1719865644.562336
1719865648.4107492 1719865685.9568794
1719865686.3617375 1719865724.8065817
1719865725.3611114 1719865770.3588731
1719865780.0303738 1719865817.2583945
1719865818.0646482 1719865858.6070797
1719865868.3261042 1719865898.3616946
1719865908.3167214 1719865939.6566443
1719865944.3211083 1719865976.0614455
1719865980.9107478 1719866016.1583173
1719866021.9686732 1719866052.6082013
1719866057.3281384 1719866090.9565804
1719866101.3696654 1719866130.5639343
1719866132.4163065 1719866169.7583017
1719866174.6695232 1719866218.3580189
1719866223.5747256 1719866251.3605385
1719866253.317872 1719866292.756722
1719866299.4267805 1719866327.7608714
1719866329.6660597 1719866375.0564895
1719866385.5707655 1719866412.3089986
1719866420.91569 1719866456.760708
1719866465.1197965 1719866496.4580522
1719866503.219315 1719866533.1618114
1719866544.08504 1719866576.458143
1719866587.1700938 1719866618.2105339
1719866629.0698717 1719866661.0098736
1719866666.8762238 1719866697.35659
1719866701.9707363 1719866742.5579119
1719866750.2810774 1719866783.8119
1719866788.5763426 1719866825.7568903
1719866836.4675543 1719866883.6567185
1719866888.3721867 1719866928.3065326
1719866939.0193808 1719866972.6066332
1719866983.4710026 1719867013.6623611
1719867020.4760976 1719867053.0069308
1719867061.6264255 1719867090.406963
1719867097.8857207 1719867129.609913
1719867133.410797 1719867172.261106
1719867178.1293921 1719867202.5566432
1719867213.3281665 1719867237.161023
1719867246.977532 1719867283.6565511
1719867289.2350478 1719867317.4065871
1719867328.0720906 1719867355.6599042
1719867360.522771 1719867392.6578746
1719867396.6145751 1719867421.0614004
1719867423.914752 1719867452.4092364
1719867453.9782815 1719867489.5589015
1719867490.2703893 1719867524.5608726
1719867533.1227345 1719867558.5083902
1719867565.4147847 1719867601.3066301
1719867611.0225692 1719867638.5104132
1719867643.063177 1719867682.1577966
1719867683.9763973 1719867719.306629
1719867729.0744653 1719867755.706854
1719867757.3615022 1719867790.956623
1719867798.5778868 1719867827.7619448
1719867836.567533 1719867858.9626203
1719867866.9158728 1719867896.057615
1719867898.614161 1719867936.7584312
1719867941.4751043 1719867977.7610087
1719867978.528436 1719868019.6566696
1719868022.41878 1719868062.3583412
1719868067.1787992 1719868096.456803
1719868101.1267936 1719868132.2589235
1719868138.9707818 1719868172.7625246
1719868183.6221857 1719868215.060239
1719868218.8619313 1719868251.5579858
1719868251.976727 1719868288.2566464
1719868298.3187952 1719868324.6569505
1719868330.3187215 1719868367.2581038
1719868377.0309758 1719868406.8084202
1719868410.7342103 1719868437.0567422
1719868442.8702855 1719868472.756611
1719868474.5223129 1719868512.35703
1719868515.669457 1719868545.458003
1719868551.9153473 1719868580.9604037
1719868587.8636594 1719868625.3586564
1719868626.3213196 1719868657.4095254
1719868665.216999 1719868696.256776
1719868697.5730703 1719868733.6625504
1719868738.4107804 1719868778.1567712
1719868786.8660104 1719868814.4602263
1719868817.1682096 1719868851.3069358
1719868857.9702451 1719868889.6580427
1719868891.4686174 1719868928.261381
1719868934.0672653 1719868971.9591086
1719868978.0867848 1719869012.256702
1719869020.0640233 1719869057.957943
1719869065.7740235 1719869095.8571527
1719869099.263179 1719869132.9601107
1719869133.7650168 1719869173.4611516
1719869180.376302 1719869213.3590999
1719869214.0089169 1719869258.2135398
1719869263.9797685 1719869297.806614
1719869299.374171 1719869332.656778
1719869342.4836848 1719869378.062352
1719869381.8613892 1719869408.406945
1719869414.2276077 1719869454.2571304
1719869460.976584 1719869490.0597281
1719869496.17078 1719869528.4579966
1719869533.274786 1719869568.5089147
1719869579.471392 1719869605.7569277
1719869612.418433 1719869648.4088998
1719869650.2648795 1719869695.8584526
1719869696.6722076 1719869733.660787
1719869734.8785698 1719869774.1566534
1719869780.8168015 1719869813.2567759
1719869818.0243704 1719869846.356768
1719869851.0264583 1719869890.3105602
1719869897.2177463 1719869926.259271
1719869935.9790313 1719869970.3070512
1719869970.8692389 1719870006.107997
1719870016.9187498 1719870042.4616673
1719870044.3711731 1719870082.7132738
1719870083.5665636 1719870121.056724
1719870127.6788287 1719870162.3067825
1719870171.8747847 1719870201.856702
1719870205.6165993 1719870229.5069816
1719870239.1216946 1719870260.9609823
1719870265.8339472 1719870310.8614585
1719870314.659838 1719870349.4616904
1719870356.2837648 1719870388.5618873
1719870393.164649 1719870432.210099
1719870443.0227203 1719870478.9069376
1719870479.608144 1719870518.160871
1719870529.0211844 1719870561.0610602
1719870566.8308642 1719870598.9091668
1719870599.7229223 1719870643.4631002
1719870654.2728176 1719870687.6609354
1719870698.431444 1719870725.356717
1719870730.1257036 1719870761.2071168
1719870765.5283852 1719870806.5612078
1719870813.2347891 1719870841.858843
1719870847.3344975 1719870878.7570014
1719870879.4219308 1719870913.506967
1719870914.217388 1719870954.7567608
1719870961.4707792 1719870999.556712
