1765118792.022112 1765118842.6299431
1765118842.6300457 1765118892.908032
1765118900.9161205 1765118944.9135654
1765118951.9206657 1765118987.3725216
1765118995.3806002 1765119027.3706326
1765119037.3807006 1765119072.9704962
1765119075.9735694 1765119113.315214
1765119114.3162844 1765119155.4720144
1765119155.472036 1765119197.0147245
1765119201.018788 1765119241.0678203
1765119247.070892 1765119287.746642
1765119291.7507076 1765119337.4201093
1765119345.4282312 1765119381.465738
1765119388.4728239 1765119428.223231
1765119437.2311125 1765119471.51598
1765119480.522905 1765119521.8806195
1765119527.882929 1765119566.9638655
1765119567.9649336 1765119618.0647507
1765119627.0648763 1765119668.5444684
1765119668.544498 1765119714.9714627
1765119719.9750032 1765119760.8423865
1765119763.8428864 1765119808.832764
1765119811.835833 1765119847.9142795
1765119857.9234045 1765119902.5376072
1765119903.537965 1765119955.5476272
1765119959.5481243 1765120008.840266
1765120012.8443408 1765120058.6817539
1765120060.6838334 1765120109.3569262
1765120112.3589997 1765120161.2592804
1765120165.262896 1765120212.5336044
1765120212.5336392 1765120262.150462
1765120263.1513085 1765120296.0603786
1765120299.0628796 1765120350.3217878
1765120352.3234558 1765120403.6643865
1765120410.670887 1765120457.7454526
1765120457.7454803 1765120507.390919
1765120517.3989003 1765120559.4400601
1765120565.4402986 1765120610.640028
1765120620.6468887 1765120658.193132
1765120666.1989126 1765120698.7423983
1765120705.7468815 1765120748.9866319
1765120758.9967477 1765120794.9632194
1765120801.9669375 1765120842.7849731
1765120845.7868838 1765120885.2159693
1765120891.2218564 1765120936.2226806
1765120946.2309163 1765120982.2709107
1765120983.2719953 1765121025.8801837
1765121026.8812647 1765121070.6356304
1765121075.6390755 1765121115.3886201
1765121117.3907278 1765121154.692116
1765121164.7022057 1765121196.604762
1765121196.6047933 1765121234.242597
1765121241.24688 1765121266.1981583
1765121267.1992233 1765121310.5035303
1765121316.5096827 1765121360.897069
1765121360.8970969 1765121401.2935667
1765121408.2994328 1765121439.8756127
1765121439.875637 1765121475.6311011
1765121485.639089 1765121517.505184
1765121521.509259 1765121555.9007525
1765121557.9010663 1765121596.4513292
1765121606.454877 1765121638.0483847
1765121644.0544648 1765121680.1963925
1765121684.19674 1765121723.317731
1765121733.3278143 1765121759.7628076
1765121764.7667491 1765121799.1994479
1765121808.2069902 1765121841.2854874
1765121851.295622 1765121881.5215044
1765121886.5228755 1765121926.6443362
1765121932.6504166 1765121975.3583348
1765121981.3628852 1765122020.2596262
1765122022.261695 1765122059.1613114
1765122067.1669374 1765122102.1902077
1765122108.1909015 1765122143.8238678
1765122147.8268998 1765122185.9671848
1765122189.9709623 1765122222.347913
1765122227.3509405 1765122254.079916
1765122258.0801928 1765122300.112845
1765122301.1139143 1765122341.5731692
1765122348.580287 1765122382.1575537
1765122389.1628785 1765122424.5572789
1765122424.5573106 1765122456.7670786
1765122457.7681456 1765122495.2722375
1765122496.2724426 1765122533.2722409
1765122537.2748816 1765122562.8073528
1765122572.8174286 1765122605.7021039
1765122609.7061732 1765122640.9019864
1765122648.910072 1765122673.3623421
1765122677.3629255 1765122707.754018
1765122712.7589145 1765122740.6382735
1765122742.640342 1765122782.7440097
1765122787.7490733 1765122814.4549532
1765122814.454981 1765122849.75325
1765122857.7548926 1765122885.7278495
1765122892.7348871 1765122922.5210903
1765122929.5274205 1765122964.2300391
1765122970.2348924 1765123006.0818248
1765123012.0878882 1765123047.5792203
1765123053.5828853 1765123088.9157114
1765123093.918889 1765123131.6591218
