1754191064.0248518 1754191093.6039114
1754191093.6040041 1754191121.46188
1754191121.4619067 1754191151.3545785
1754191151.3546004 1754191179.8637233
1754191179.86375 1754191206.6238656
1754191206.6238892 1754191235.994492
1754191235.994518 1754191261.6167965
1754191261.616829 1754191299.1931367
1754191299.1931806 1754191326.5714588
1754191326.5714824 1754191352.9241521
1754191352.9241753 1754191382.2035797
1754191382.203621 1754191419.8360686
1754191419.836093 1754191450.3826926
1754191450.3827157 1754191484.5894296
1754191484.5894506 1754191520.0939224
1754191520.0939498 1754191551.3002884
1754191551.3003144 1754191578.8360472
1754191578.8360765 1754191607.7339294
1754191607.7339587 1754191634.7942946
1754191634.794321 1754191672.0563152
1754191672.0563416 1754191702.0745244
1754191702.07455 1754191727.0005283
1754191727.0005546 1754191753.6019711
1754191753.6019957 1754191793.6336918
1754191793.6337261 1754191821.0113587
1754191821.0113883 1754191849.9337769
1754191849.9338043 1754191872.4370341
1754191872.4370577 1754191902.572845
1754191902.572868 1754191928.6162555
1754191928.6162813 1754191961.9379203
1754191961.937945 1754191995.9347498
1754191995.9347749 1754192019.3297296
1754192019.3297544 1754192053.2900493
1754192053.2900739 1754192088.9901612
1754192088.990188 1754192112.8827484
1754192112.8827744 1754192144.5836139
1754192144.583637 1754192172.3706422
1754192172.3706656 1754192209.0965328
1754192209.0965533 1754192230.2186995
1754192230.218722 1754192260.474723
1754192260.4747434 1754192285.12765
1754192285.1276906 1754192316.1367028
1754192316.1367278 1754192338.2647138
1754192338.2647405 1754192366.5035737
1754192366.503622 1754192392.1782365
1754192392.178258 1754192420.3934596
1754192420.3934867 1754192456.0012224
1754192456.0012527 1754192490.4913964
1754192490.491425 1754192518.8706841
1754192518.870705 1754192545.9149768
1754192545.9150047 1754192574.929466
1754192574.9294868 1754192607.2482197
1754192607.24825 1754192640.7972953
1754192640.7973206 1754192677.3678682
1754192677.3678973 1754192704.4677804
1754192704.4678047 1754192731.5023398
1754192731.5023642 1754192757.081717
1754192757.0817466 1754192787.2121596
1754192787.212197 1754192818.5487087
1754192818.5487561 1754192851.7697525
1754192851.7697783 1754192888.8600686
1754192888.8600972 1754192920.6877294
1754192920.6877575 1754192951.1936371
1754192951.193661 1754192987.3789732
1754192987.3790026 1754193016.6901975
1754193016.690217 1754193047.4494758
1754193047.4494984 1754193086.23267
1754193086.2327003 1754193107.796534
1754193107.7965612 1754193134.3465877
1754193134.3466113 1754193162.4779346
1754193162.477962 1754193189.8554063
1754193189.8554392 1754193214.1287453
1754193214.1287696 1754193248.1762006
1754193248.1762252 1754193278.542519
1754193278.5425498 1754193304.5341833
1754193304.5342052 1754193336.257951
1754193336.257975 1754193375.081389
1754193375.081415 1754193404.4663942
1754193404.4664233 1754193439.1565366
1754193439.156566 1754193465.6361372
1754193465.6361604 1754193499.1022592
1754193499.1022868 1754193539.3167155
1754193539.3167384 1754193567.3732157
1754193567.3732471 1754193592.6433084
1754193592.6433337 1754193623.2177582
1754193623.217785 1754193651.1815922
1754193651.1816216 1754193680.9176857
1754193680.9177098 1754193706.1088984
1754193706.1089299 1754193729.2189977
1754193729.2190208 1754193764.4176087
1754193764.4176347 1754193795.5389872
1754193795.5390124 1754193824.735195
1754193824.7352235 1754193854.7233691
1754193854.723395 1754193882.7765899
1754193882.7766125 1754193911.1123137
1754193911.1123416 1754193951.165505
1754193951.1655364 1754193984.7498827
1754193984.749904 1754194018.8935528
1754194018.8935974 1754194056.5633037
1754194056.5633261 1754194080.1741016
1754194080.1741269 1754194110.7994685
1754194110.799491 1754194141.4563758
1754194141.456405 1754194169.4720044
1754194169.4720325 1754194202.285394
1754194202.2854202 1754194227.0952525
1754194227.095274 1754194257.0156786
1754194257.0157073 1754194284.6665769
1754194284.6666043 1754194310.5460732
1754194310.546097 1754194339.5091434
1754194339.5091684 1754194374.6903718
1754194374.690402 1754194413.9579134
1754194413.9579337 1754194449.116694
1754194449.1167254 1754194483.466412
1754194483.4664392 1754194513.645785
1754194513.6458092 1754194541.7854965
1754194541.7855186 1754194574.1290326
1754194574.12906 1754194608.0272853
1754194608.0273037 1754194637.6635013
1754194637.6635287 1754194664.8398843
1754194664.8399055 1754194698.249184
1754194698.2492123 1754194725.8207064
1754194725.8207526 1754194754.4197996
1754194754.419824 1754194789.572901
1754194789.57293 1754194808.980383
1754194808.9804113 1754194834.99398
1754194834.9940002 1754194870.8638735
1754194870.8639019 1754194907.1402664
1754194907.14029 1754194934.0931952
1754194934.0932229 1754194963.968601
1754194963.9686227 1754194998.318388
1754194998.318412 1754195034.1661556
1754195034.1661763 1754195060.355457
1754195060.3554835 1754195089.8540258
1754195089.854049 1754195118.6419537
1754195118.6419883 1754195144.075614
1754195144.07564 1754195172.6962945
1754195172.696317 1754195198.7666278
1754195198.7666476 1754195232.2995586
1754195232.2996135 1754195262.605498
1754195262.6055245 1754195297.3317213
1754195297.331741 1754195327.1324027
1754195327.132428 1754195363.9738688
1754195363.973891 1754195388.615545
1754195388.6155698 1754195426.3363824
1754195426.3364108 1754195457.948077
1754195457.948099 1754195485.7863286
1754195485.7863555 1754195516.6413593
1754195516.641391 1754195548.0257506
1754195548.0257726 1754195576.4982066
1754195576.4982266 1754195605.5243452
1754195605.524374 1754195630.135132
1754195630.1351526 1754195664.8692477
1754195664.8692746 1754195690.7540894
1754195690.7541115 1754195719.1346729
1754195719.1347005 1754195749.3175566
1754195749.3175762 1754195779.6395583
1754195779.6396081 1754195811.6885242
1754195811.6885486 1754195836.26238
1754195836.262412 1754195863.1140096
1754195863.114039 1754195894.1898553
1754195894.1898754 1754195922.993958
1754195922.9939892 1754195943.9748886
1754195943.9749193 1754195974.4617028
1754195974.4617252 1754196003.259397
1754196003.2594228 1754196039.6588004
1754196039.6588223 1754196077.1932774
1754196077.1933053 1754196109.3067765
1754196109.3068006 1754196133.842273
1754196133.8422964 1754196166.4303823
1754196166.4304066 1754196192.9848082
1754196192.9848342 1754196221.526858
1754196221.5268843 1754196252.1334898
1754196252.1335123 1754196284.4616976
1754196284.4617252 1754196310.5673132
1754196310.5673378 1754196346.9292743
1754196346.9292958 1754196375.5518334
1754196375.5518627 1754196410.4206233
1754196410.4206522 1754196436.5854292
1754196436.5854537 1754196465.4605522
1754196465.4605796 1754196498.0562673
1754196498.0562882 1754196527.8586037
1754196527.8586302 1754196556.0223606
1754196556.0223901 1754196587.604224
1754196587.6042454 1754196617.0721638
1754196617.0721858 1754196647.7892213
1754196647.7892494 1754196682.3063788
1754196682.3064082 1754196715.7781599
1754196715.778184 1754196743.8239572
1754196743.8239808 1754196772.3821778
1754196772.3822093 1754196810.0091987
1754196810.0092218 1754196836.3179226
1754196836.3179498 1754196863.6395593
1754196863.6396103 1754196896.057759
1754196896.0577874 1754196925.8137865
1754196925.813817 1754196958.1467502
1754196958.14677 1754196982.0521977
1754196982.0522327 1754197010.1820896
1754197010.1821191 1754197042.3726358
1754197042.3726704 1754197074.795489
1754197074.7955115 1754197108.1847646
1754197108.1847978 1754197134.9649608
1754197134.9649825 1754197168.2302244
1754197168.230254 1754197193.1129317
1754197193.1129613 1754197219.1660447
1754197219.1660745 1754197246.5650022
1754197246.5650232 1754197276.7839813
1754197276.784007 1754197316.094903
1754197316.0949342 1754197344.475717
1754197344.4757447 1754197383.7354107
1754197383.7354374 1754197406.0622482
1754197406.062279 1754197441.5242622
1754197441.5242944 1754197471.1987576
1754197471.1987796 1754197501.0747144
1754197501.0747402 1754197526.0852997
1754197526.0853271 1754197556.7476346
1754197556.747657 1754197590.4651053
1754197590.465136 1754197621.4842503
1754197621.4842813 1754197650.2424207
1754197650.242445 1754197685.8368013
1754197685.836831 1754197715.533438
1754197715.5334675 1754197753.0921955
1754197753.092228 1754197789.0588963
1754197789.058921 1754197820.9066586
1754197820.9066832 1754197851.3780718
1754197851.3781023 1754197878.4099288
1754197878.4099495 1754197905.776717
1754197905.7767396 1754197932.6673427
1754197932.6673794 1754197961.2898386
1754197961.289858 1754197991.3225207
1754197991.3225508 1754198021.7642658
1754198021.7642894 1754198050.1776452
1754198050.177677 1754198082.36529
1754198082.3653126 1754198114.235053
1754198114.2350783 1754198147.5083313
1754198147.5083623 1754198176.6102214
1754198176.61025 1754198205.569007
1754198205.5690343 1754198233.7924795
1754198233.792503 1754198256.7421062
1754198256.742142 1754198289.1540618
1754198289.1540878 1754198309.1507285
1754198309.1507509 1754198341.597865
1754198341.5978932 1754198371.2030637
1754198371.2030926 1754198409.8398976
1754198409.8399222 1754198437.1145527
1754198437.1145816 1754198471.0032346
1754198471.0032601 1754198504.4349136
1754198504.434939 1754198538.781256
1754198538.781301 1754198569.6386235
1754198569.6386442 1754198592.8057773
1754198592.8058052 1754198628.5513456
1754198628.5513763 1754198654.3740163
1754198654.3740385 1754198681.2319736
1754198681.2320118 1754198709.111328
1754198709.1113596 1754198740.3663468
1754198740.3663723 1754198767.8828454
1754198767.8828657 1754198797.353236
1754198797.3532627 1754198827.2232141
1754198827.2232347 1754198853.4332411
1754198853.4332733 1754198879.851689
1754198879.8517103 1754198908.244202
1754198908.2442322 1754198937.6932197
1754198937.6932428 1754198974.6478949
1754198974.6479223 1754199000.522489
1754199000.5225127 1754199036.2153428
1754199036.2153678 1754199067.8429415
1754199067.8429658 1754199099.8344357
1754199099.8344584 1754199122.9718916
1754199122.9719162 1754199149.3546903
1754199149.3547106 1754199183.9260824
1754199183.9261124 1754199211.2002223
1754199211.200254 1754199240.6137898
1754199240.6138184 1754199268.3896525
1754199268.3896823 1754199302.1056645
1754199302.105688 1754199334.0016627
1754199334.00169 1754199368.3627574
1754199368.36278 1754199398.4608479
1754199398.4608688 1754199437.2570674
1754199437.2570956 1754199471.8788881
1754199471.878917 1754199495.940524
1754199495.940553 1754199530.0070667
1754199530.0070949 1754199562.0894892
1754199562.0895321 1754199590.807506
1754199590.8075361 1754199622.463629
1754199622.4636576 1754199643.6870866
1754199643.6871092 1754199668.4125233
1754199668.412552 1754199699.9730434
1754199699.973066 1754199727.314939
1754199727.314978 1754199756.2748942
1754199756.2749226 1754199784.1266704
1754199784.1266973 1754199815.0580478
1754199815.0580704 1754199847.1844802
1754199847.1845186 1754199875.0946858
1754199875.0947073 1754199900.4425404
1754199900.442581 1754199925.8314347
1754199925.831461 1754199949.9659986
1754199949.9660277 1754199978.4843326
1754199978.4843557 1754200002.475663
1754200002.4756887 1754200042.0472655
1754200042.047286 1754200073.3157573
1754200073.3157837 1754200106.460684
1754200106.4607143 1754200140.14121
1754200140.141242 1754200172.2331781
1754200172.2332096 1754200202.8895876
1754200202.8896165 1754200227.2137284
1754200227.2137477 1754200259.3236127
1754200259.3236403 1754200287.0084393
1754200287.008466 1754200320.655239
1754200320.6552625 1754200347.3120883
1754200347.312117 1754200376.174022
1754200376.174045 1754200404.878223
1754200404.8782506 1754200438.4119792
1754200438.4120135 1754200464.003968
1754200464.003996 1754200489.378185
1754200489.378207 1754200519.5005553
1754200519.500589 1754200544.2495673
1754200544.2495878 1754200575.5003657
1754200575.5003955 1754200606.4012778
1754200606.4013 1754200636.7801085
1754200636.780136 1754200672.7304444
1754200672.7304707 1754200707.3232424
1754200707.3232684 1754200747.2138238
1754200747.2138486 1754200775.6800406
1754200775.6800623 1754200802.2585306
1754200802.2585602 1754200835.0146124
1754200835.0146358 1754200865.77561
1754200865.775636 1754200898.9423668
1754200898.9423947 1754200932.7457933
1754200932.7458215 1754200961.5342972
1754200961.5343304 1754200990.0720613
1754200990.0720906 1754201020.9084382
1754201020.9084585 1754201062.3687942
1754201062.3688197 1754201090.9775345
1754201090.9775584 1754201122.7994797
1754201122.7995133 1754201150.9027252
1754201150.9027503 1754201190.8510616
1754201190.8510823 1754201215.4936163
1754201215.4936442 1754201239.4396167
1754201239.439642 1754201263.0520272
1754201263.0520658 1754201291.9956844
1754201291.9957056 1754201318.3935206
1754201318.393543 1754201350.6943107
1754201350.6943405 1754201376.75803
1754201376.7580647 1754201410.4434319
1754201410.4434578 1754201442.7861953
1754201442.786221 1754201482.2359388
1754201482.2359703 1754201506.8272433
1754201506.8272657 1754201540.823447
1754201540.823472 1754201576.6737149
1754201576.6737387 1754201602.138634
1754201602.1386561 1754201636.2241688
1754201636.224196 1754201670.3644729
1754201670.3644948 1754201690.4486198
1754201690.4486487 1754201726.839804
1754201726.8398333 1754201753.9454327
1754201753.945454 1754201785.3281133
1754201785.3281436 1754201815.2947037
1754201815.294732 1754201837.5146263
1754201837.5146563 1754201869.5567813
1754201869.556819 1754201899.9629025
1754201899.9629326 1754201922.9848912
1754201922.9849162 1754201958.6369061
1754201958.636936 1754201985.510124
1754201985.5101476 1754202016.2781053
1754202016.2781382 1754202047.031323
1754202047.0313575 1754202075.8300133
1754202075.8300443 1754202107.1125581
1754202107.1125994 1754202134.724087
1754202134.7241113 1754202157.4121776
1754202157.412208 1754202196.3531199
1754202196.3531442 1754202225.4630454
1754202225.4630654 1754202260.0629437
1754202260.0629742 1754202293.126012
1754202293.1260455 1754202325.7870586
1754202325.787086 1754202357.1335368
1754202357.133561 1754202392.6081214
1754202392.6081524 1754202411.7785687
1754202411.7785895 1754202443.7940698
1754202443.7941027 1754202470.3871553
1754202470.3871942 1754202503.511273
1754202503.511301 1754202524.7703223
1754202524.7703474 1754202553.651003
1754202553.6510296 1754202587.4692168
1754202587.4692454 1754202620.8420742
1754202620.842106 1754202649.7206705
1754202649.7206929 1754202680.6536758
1754202680.6537013 1754202710.7863147
1754202710.7863445 1754202736.891721
1754202736.891746 1754202767.7259955
1754202767.726024 1754202792.9646451
1754202792.964671 1754202827.108223
1754202827.1082525 1754202856.507561
1754202856.507613 1754202895.2457662
1754202895.2457943 1754202920.9576993
1754202920.9577231 1754202948.9404871
1754202948.9405177 1754202984.3732333
1754202984.373257 1754203008.1211004
1754203008.121122 1754203036.118495
1754203036.1185193 1754203073.0211964
1754203073.0212197 1754203104.8015025
1754203104.8015242 1754203131.222746
1754203131.222775 1754203160.082237
1754203160.0822573 1754203197.121357
1754203197.1213834 1754203221.7988853
1754203221.7989073 1754203242.55023
1754203242.5502534 1754203278.9305856
1754203278.9306264 1754203309.826723
1754203309.8267443 1754203337.7364566
1754203337.736488 1754203360.7421007
1754203360.7421212 1754203392.384352
1754203392.3843827 1754203421.8440232
1754203421.8440456 1754203449.9729924
1754203449.9730244 1754203477.5281475
1754203477.528172 1754203506.9946182
1754203506.9946458 1754203536.4947107
1754203536.494745 1754203566.7063808
1754203566.706403 1754203595.0943422
1754203595.09437 1754203628.5762897
1754203628.5763128 1754203655.6856308
1754203655.6856546 1754203685.1678786
1754203685.1679103 1754203708.516209
1754203708.516236 1754203735.2139735
1754203735.214 1754203760.0555813
1754203760.055621 1754203782.6162906
1754203782.6163242 1754203814.7424436
1754203814.7424655 1754203843.250137
1754203843.2501678 1754203873.242842
1754203873.242865 1754203902.4110198
1754203902.4110475 1754203933.3520715
1754203933.3520925 1754203959.2810583
1754203959.281087 1754203989.4813616
1754203989.4813821 1754204017.8902917
1754204017.8903155 1754204057.042383
1754204057.0424109 1754204087.671298
1754204087.6713154 1754204121.1717217
1754204121.171752 1754204165.226162
1754204165.2261827 1754204191.2019546
1754204191.2019854 1754204221.5969827
1754204221.5970035 1754204257.3058624
1754204257.3058896 1754204297.6812358
1754204297.681258 1754204321.5968
1754204321.5968347 1754204355.2992666
1754204355.2992942 1754204381.7524304
1754204381.7524593 1754204407.144003
1754204407.1440241 1754204439.969357
1754204439.9693835 1754204476.9031966
1754204476.9032166 1754204499.848872
1754204499.848897 1754204530.7183373
1754204530.7183585 1754204566.3917224
1754204566.3917503 1754204597.1896892
1754204597.1897106 1754204621.236038
1754204621.2360628 1754204649.7406204
1754204649.7406483 1754204676.6301684
1754204676.6301882 1754204714.4123518
1754204714.412389 1754204740.7748508
1754204740.7748857 1754204770.783123
1754204770.7831426 1754204798.787962
1754204798.7879868 1754204832.0710423
1754204832.0710678 1754204863.7682486
1754204863.7682815 1754204888.9484634
1754204888.9484932 1754204917.6312253
1754204917.631253 1754204950.7892795
1754204950.7893088 1754204987.04239
1754204987.042417 1754205022.129527
1754205022.1295602 1754205048.1842322
1754205048.184257 1754205086.5184205
1754205086.518446 1754205121.727949
1754205121.7279725 1754205155.0366974
1754205155.0367234 1754205176.4293683
1754205176.4293945 1754205207.0721595
1754205207.0721865 1754205239.2439713
1754205239.244001 1754205268.7494879
1754205268.7495134 1754205303.1507595
1754205303.1507819 1754205333.2421474
1754205333.242176 1754205354.1530607
1754205354.1531065 1754205383.8508625
1754205383.8508868 1754205414.7926867
1754205414.7927182 1754205447.13238
1754205447.132406 1754205473.4639628
1754205473.463989 1754205506.6279676
1754205506.6279893 1754205543.459666
1754205543.459689 1754205575.017254
1754205575.0172808 1754205608.4545019
1754205608.4545245 1754205642.598624
1754205642.5986512 1754205674.7086718
1754205674.708695 1754205710.9272304
1754205710.927256 1754205734.1735415
1754205734.1735651 1754205759.1147876
1754205759.1148243 1754205789.6607661
1754205789.6608076 1754205817.9227471
1754205817.9227726 1754205858.3126209
1754205858.3126585 1754205889.969804
1754205889.9698293 1754205921.8231764
1754205921.8232071 1754205943.8490715
1754205943.849095 1754205973.4097161
1754205973.4097445 1754206007.221549
1754206007.221574 1754206028.603461
1754206028.6034877 1754206060.7833512
1754206060.783377 1754206095.844874
1754206095.844905 1754206128.6188195
1754206128.6188555 1754206160.924885
1754206160.9249108 1754206184.8688428
1754206184.8688836 1754206214.1187804
1754206214.118804 1754206244.1373453
1754206244.1373746 1754206272.7579768
1754206272.7580059 1754206306.7212234
1754206306.7212436 1754206339.0400271
1754206339.0400543 1754206367.5218885
1754206367.521917 1754206398.7469478
1754206398.7469685 1754206424.5992723
1754206424.5992959 1754206461.3929644
1754206461.3929873 1754206486.033447
1754206486.0334668 1754206519.8484292
1754206519.848462 1754206547.6366854
1754206547.6367095 1754206577.9972534
1754206577.997279 1754206611.0161753
1754206611.0162046 1754206640.0342088
1754206640.0342329 1754206662.0991702
1754206662.0991971 1754206687.2229395
1754206687.222961 1754206721.220053
1754206721.220084 1754206750.075523
1754206750.075553 1754206776.6261668
1754206776.626192 1754206807.543833
1754206807.5438633 1754206831.089748
1754206831.0897686 1754206860.8821144
1754206860.8821433 1754206887.5916152
1754206887.591649 1754206917.1668217
1754206917.1668472 1754206947.0519967
1754206947.0520184 1754206979.9669242
1754206979.9669504 1754207017.8899422
1754207017.8899696 1754207043.1856909
1754207043.185713 1754207066.044804
1754207066.0448258 1754207097.0761821
1754207097.0762093 1754207129.1549215
1754207129.1549454 1754207150.1415088
1754207150.1415346 1754207177.4591036
1754207177.4591238 1754207210.4780543
1754207210.4780824 1754207250.0730722
1754207250.0730934 1754207278.394666
1754207278.3946953 1754207300.48772
1754207300.4877477 1754207333.9041011
1754207333.9041243 1754207368.5684202
1754207368.5684454 1754207396.582771
1754207396.5828018 1754207436.4060502
1754207436.4060705 1754207469.292679
1754207469.2927063 1754207491.3744006
1754207491.3744295 1754207523.9484358
1754207523.9484599 1754207545.1446419
1754207545.1446803 1754207580.39265
1754207580.3926845 1754207611.2577639
1754207611.257787 1754207635.7398047
1754207635.7398295 1754207665.6373758
1754207665.6373968 1754207705.110376
1754207705.1104016 1754207729.5319052
1754207729.5319304 1754207763.0682864
1754207763.0683107 1754207796.0902584
1754207796.0902984 1754207818.4023755
1754207818.4023976 1754207851.5009255
1754207851.5009542 1754207883.30752
1754207883.307541 1754207908.4811141
1754207908.481143 1754207938.489744
1754207938.489774 1754207969.6326911
1754207969.6327176 1754207998.2644908
1754207998.2645202 1754208031.279976
1754208031.280003 1754208052.7463615
1754208052.7463832 1754208088.4736068
1754208088.4736314 1754208116.368841
1754208116.3688684 1754208148.6300576
1754208148.630084 1754208178.1641142
1754208178.164143 1754208211.721625
1754208211.7216518 1754208244.1525135
1754208244.1525433 1754208272.3776562
1754208272.377683 1754208302.366172
1754208302.3661926 1754208331.9172153
1754208331.9172409 1754208360.1750727
1754208360.1751184 1754208392.1255224
1754208392.125548 1754208421.852824
1754208421.852856 1754208448.6852984
1754208448.6853194 1754208476.7685528
1754208476.7685845 1754208497.8236709
1754208497.8236914 1754208531.1882043
1754208531.188234 1754208559.9495685
1754208559.9496195 1754208592.276281
1754208592.2763033 1754208625.268655
1754208625.268681 1754208655.495226
1754208655.4952543 1754208683.879156
1754208683.8791785 1754208715.3166337
1754208715.3166583 1754208747.1518466
1754208747.1518676 1754208775.5863738
1754208775.5863974 1754208806.3184748
1754208806.3185062 1754208835.1042938
1754208835.1043184 1754208870.212217
1754208870.2122507 1754208910.946024
1754208910.946046 1754208941.9881206
1754208941.9881434 1754208973.2841892
1754208973.2842155 1754209003.1601088
1754209003.1601334 1754209032.5300622
1754209032.5300837 1754209059.4627554
1754209059.4627814 1754209094.6305318
1754209094.6305594 1754209126.9214814
1754209126.9215147 1754209160.6772087
1754209160.6772304 1754209186.1149228
1754209186.1149528 1754209215.1445036
1754209215.1445286 1754209238.9941306
1754209238.9941585 1754209266.1692297
1754209266.1692538 1754209297.8406255
1754209297.8406518 1754209326.9341187
1754209326.934149 1754209353.7154105
1754209353.7154324 1754209386.7186952
1754209386.7187214 1754209412.4737415
1754209412.4737701 1754209446.7138689
1754209446.7138953 1754209472.938706
1754209472.938733 1754209501.8072665
1754209501.807294 1754209525.6436307
1754209525.6436605 1754209554.3035362
1754209554.303557 1754209583.4040003
1754209583.4040234 1754209610.7513125
1754209610.7513406 1754209642.3687146
1754209642.3687358 1754209673.90861
1754209673.9086356 1754209701.6429656
1754209701.6429908 1754209730.5603783
1754209730.560404 1754209761.5615785
1754209761.5616097 1754209787.8947732
1754209787.894814 1754209819.4096372
1754209819.4096658 1754209847.8859704
1754209847.8859982 1754209877.0616808
1754209877.0617077 1754209906.5895078
1754209906.5895293 1754209938.1931503
1754209938.1931756 1754209970.8646235
1754209970.864653 1754209993.4431264
1754209993.4431522 1754210024.368704
1754210024.368727 1754210057.0871828
1754210057.0872092 1754210088.6334085
1754210088.6334336 1754210116.8370106
1754210116.8370495 1754210147.719285
1754210147.7193115 1754210173.8301728
1754210173.8302014 1754210200.1359174
1754210200.1359406 1754210227.5981312
1754210227.5981555 1754210259.5996192
1754210259.599641 1754210296.1323423
1754210296.1323671 1754210326.348135
1754210326.34816 1754210353.0950773
1754210353.0951169 1754210386.150883
1754210386.1509085 1754210419.7853785
1754210419.7854002 1754210442.6575148
1754210442.657539 1754210475.6476922
1754210475.647715 1754210507.9978526
1754210507.9978788 1754210535.526992
1754210535.5270166 1754210567.4271712
1754210567.4271946 1754210596.6253066
1754210596.625333 1754210624.980683
1754210624.9807076 1754210657.8625743
1754210657.862602 1754210679.6993542
1754210679.6993773 1754210712.3464842
1754210712.3465128 1754210736.0415022
1754210736.0415235 1754210766.4413164
1754210766.4413414 1754210804.8006723
1754210804.8006926 1754210847.0244377
1754210847.0244594 1754210872.4071136
1754210872.4071426 1754210896.97645
1754210896.9764855 1754210931.3426878
1754210931.3427055 1754210958.2736053
1754210958.2736318 1754210983.5664184
1754210983.566439 1754211024.297641
1754211024.297671 1754211055.2496033
1754211055.2496226 1754211085.2358196
1754211085.2358506 1754211112.2552018
1754211112.2552266 1754211140.0924568
1754211140.092488 1754211168.6713667
1754211168.671414 1754211188.8306243
1754211188.8306494 1754211214.2479684
1754211214.2479925 1754211245.532154
1754211245.532175 1754211276.695276
1754211276.6953065 1754211306.6801975
1754211306.6802187 1754211335.0939426
1754211335.093969 1754211364.4219794
1754211364.422003 1754211392.2243896
1754211392.2244153 1754211417.6676166
1754211417.6676493 1754211453.3118002
1754211453.3118346 1754211489.052879
1754211489.0529065 1754211518.5003035
1754211518.500334 1754211550.0337481
1754211550.0337915 1754211578.5464337
1754211578.5464606 1754211612.181268
1754211612.1812932 1754211639.3707955
1754211639.3708227 1754211665.7785723
1754211665.7785995 1754211695.82367
1754211695.823696 1754211723.9923348
1754211723.9923582 1754211763.6033006
1754211763.6033447 1754211792.5134637
1754211792.5134828 1754211818.9688914
1754211818.968921 1754211853.4261854
1754211853.426213 1754211890.1823735
1754211890.1824028 1754211919.9622388
1754211919.9622622 1754211951.1029327
1754211951.1029625 1754211976.9871144
1754211976.9871385 1754212004.100682
1754212004.1007054 1754212038.6440876
1754212038.6441164 1754212073.6513488
1754212073.651375 1754212099.6365397
1754212099.6365666 1754212132.4943416
1754212132.4943738 1754212162.6008065
1754212162.6008463 1754212186.066896
1754212186.0669293 1754212212.3936567
1754212212.3936892 1754212240.4593797
1754212240.459402 1754212270.6414804
1754212270.6415112 1754212305.707012
1754212305.7070372 1754212332.9753726
1754212332.9754035 1754212357.8743942
1754212357.874422 1754212389.5929837
1754212389.593004 1754212417.9263794
1754212417.9264007 1754212456.307541
1754212456.3076117 1754212490.9303012
1754212490.9303224 1754212518.8058617
1754212518.805883 1754212552.8741455
1754212552.8741724 1754212583.3674455
1754212583.3674688 1754212609.0183787
1754212609.018399 1754212639.6362429
1754212639.6362734 1754212666.75363
1754212666.7536561 1754212698.7634125
1754212698.763436 1754212735.251834
1754212735.2518582 1754212768.8648837
1754212768.8649147 1754212795.0337286
1754212795.0337548 1754212827.8821054
1754212827.88213 1754212861.0515819
1754212861.0516198 1754212897.335703
1754212897.335728 1754212920.750858
1754212920.750889 1754212947.2545488
1754212947.2545698 1754212985.5961003
1754212985.5961344 1754213015.3474352
1754213015.3474731 1754213043.8404326
1754213043.8404543 1754213070.4747756
1754213070.474804 1754213096.2644737
1754213096.2644954 1754213132.1470327
1754213132.1470556 1754213158.250883
1754213158.2509174 1754213188.3942242
1754213188.394247 1754213220.3804317
1754213220.3804648 1754213244.7825031
1754213244.7825265 1754213274.101876
1754213274.101905 1754213307.5594862
1754213307.5595157 1754213339.675224
1754213339.6752484 1754213369.629236
1754213369.6292648 1754213401.8412135
1754213401.841235 1754213432.2069962
1754213432.2070189 1754213464.0580592
1754213464.0580852 1754213488.8220267
1754213488.8220534 1754213516.332902
1754213516.3329272 1754213544.086807
1754213544.086839 1754213571.208983
1754213571.2090068 1754213600.3097465
1754213600.309769 1754213631.5115018
1754213631.5115376 1754213656.6201184
1754213656.620149 1754213687.017817
1754213687.017845 1754213715.0269473
1754213715.0269752 1754213742.5992606
1754213742.5992918 1754213768.5377893
1754213768.537811 1754213791.7840655
1754213791.784095 1754213830.6839924
1754213830.684015 1754213862.1622894
1754213862.162315 1754213889.4557652
1754213889.4557922 1754213913.2328084
1754213913.2328343 1754213945.4601095
1754213945.460139 1754213970.7206042
1754213970.7206264 1754213995.732717
1754213995.732738 1754214026.2687998
1754214026.268834 1754214054.485949
1754214054.4859705 1754214081.2767951
1754214081.2768404 1754214111.0428677
1754214111.0428958 1754214137.4216352
1754214137.42166 1754214162.437232
1754214162.437259 1754214194.2992914
1754214194.299314 1754214228.8123064
1754214228.8123288 1754214254.3075998
1754214254.3076298 1754214289.0386834
1754214289.038707 1754214318.6795151
1754214318.6795435 1754214348.1372542
1754214348.137277 1754214378.8771155
1754214378.877147 1754214412.6157672
1754214412.6157985 1754214445.1752634
1754214445.175289 1754214481.3619673
1754214481.3619907 1754214507.902253
1754214507.90228 1754214529.7374182
1754214529.737449 1754214556.0508814
1754214556.050903 1754214589.6762547
1754214589.6762767 1754214621.9003992
1754214621.9004328 1754214656.3964171
1754214656.396445 1754214684.1531043
1754214684.1531339 1754214712.57571
1754214712.575734 1754214740.5079606
1754214740.5079913 1754214770.462382
1754214770.4624104 1754214797.6494014
1754214797.6494243 1754214824.0589936
1754214824.0590355 1754214854.2743738
1754214854.2743957 1754214892.3264709
1754214892.326497 1754214924.2665145
1754214924.2665389 1754214958.0170877
1754214958.017118 1754214988.9739175
1754214988.973938 1754215016.5309927
1754215016.5310128 1754215044.3065174
1754215044.3065436 1754215075.9243798
1754215075.9244068 1754215111.1479366
1754215111.14796 1754215145.3687418
1754215145.3687692 1754215172.7087166
1754215172.7087376 1754215201.3294876
1754215201.329516 1754215229.504762
1754215229.504785 1754215262.5601966
1754215262.5602252 1754215290.6661866
1754215290.6662076 1754215322.1790175
1754215322.1790438 1754215360.086361
1754215360.0863833 1754215389.0873868
1754215389.0874162 1754215424.915693
1754215424.9157143 1754215457.4318287
1754215457.4318554 1754215488.9377556
1754215488.937781 1754215521.6894035
1754215521.6894307 1754215553.623911
1754215553.6239316 1754215579.9462044
1754215579.946229 1754215613.1506908
1754215613.1507123 1754215650.975816
1754215650.9758413 1754215678.0108507
1754215678.0108812 1754215705.0321264
1754215705.0321531 1754215737.0743065
1754215737.0743332 1754215767.279155
1754215767.2791858 1754215795.4628422
1754215795.4628716 1754215821.9620593
1754215821.9620826 1754215850.0817928
1754215850.0818212 1754215873.5707293
1754215873.5707521 1754215901.5251443
1754215901.5251648 1754215940.1107385
1754215940.110769 1754215974.8067846
1754215974.8068068 1754216010.1756122
1754216010.1756449 1754216041.1124654
1754216041.1124916 1754216067.9395804
1754216067.939612 1754216098.8803496
1754216098.8803735 1754216124.4137821
1754216124.4138112 1754216150.4140878
1754216150.4141107 1754216179.4180222
1754216179.4180424 1754216208.3451526
1754216208.34519 1754216248.5394166
1754216248.5394478 1754216280.1815803
1754216280.1816106 1754216307.9330475
1754216307.9330704 1754216336.9268353
1754216336.9268663 1754216359.499979
1754216359.5000055 1754216387.0137448
1754216387.0137815 1754216416.6529996
1754216416.653023 1754216451.709415
1754216451.7094395 1754216474.2957098
1754216474.2957375 1754216501.8158462
1754216501.8158708 1754216530.556338
1754216530.5563657 1754216556.1453717
1754216556.1454034 1754216582.6901202
1754216582.690147 1754216614.4370923
1754216614.437113 1754216652.381858
1754216652.3818855 1754216692.028164
1754216692.0281858 1754216722.520253
1754216722.5202823 1754216744.3289204
1754216744.3289487 1754216771.1618419
1754216771.161865 1754216802.4941905
1754216802.494212 1754216835.5701973
1754216835.5702233 1754216870.5116458
1754216870.5116673 1754216900.6110837
1754216900.6111102 1754216931.8410034
1754216931.8410437 1754216957.5017626
1754216957.5017838 1754216992.3847582
1754216992.3847911 1754217019.002893
1754217019.0029135 1754217046.16521
1754217046.16524 1754217082.7489398
1754217082.7489712 1754217106.7530096
1754217106.7530415 1754217140.293543
1754217140.2935638 1754217172.477605
1754217172.4776342 1754217200.186287
1754217200.1863177 1754217227.666721
1754217227.6667426 1754217255.8433585
1754217255.8433867 1754217285.742841
1754217285.7428622 1754217314.3778021
1754217314.3778284 1754217348.4410286
1754217348.4410503 1754217373.870443
1754217373.8704834 1754217400.2565653
1754217400.2565887 1754217433.0834804
1754217433.083508 1754217458.882427
1754217458.882449 1754217483.9067838
1754217483.9068117 1754217510.1446085
1754217510.1446311 1754217533.4131043
1754217533.4131317 1754217559.7072046
1754217559.7072248 1754217592.906691
1754217592.9067159 1754217625.068395
1754217625.0684197 1754217651.1299
1754217651.1299276 1754217679.1639602
1754217679.1639838 1754217706.6093478
1754217706.6093752 1754217732.604574
1754217732.604616 1754217765.2858667
1754217765.2858882 1754217790.0054197
1754217790.0054467 1754217825.6751325
1754217825.6751556 1754217855.440027
1754217855.4400532 1754217885.2351015
1754217885.2351272 1754217905.2765582
1754217905.276583 1754217929.2501812
1754217929.2502093 1754217959.461358
1754217959.4613807 1754217983.7821658
1754217983.782195 1754218012.840156
1754218012.8401778 1754218041.2011595
1754218041.2011843 1754218073.0039878
1754218073.0040185 1754218095.5461104
1754218095.5461333 1754218129.260555
1754218129.2605793 1754218156.369201
1754218156.3692298 1754218182.4118752
1754218182.4118981 1754218211.9206681
1754218211.9206977 1754218243.0405645
1754218243.0405848 1754218276.5249562
1754218276.525006 1754218310.1356575
1754218310.1356804 1754218335.6599088
1754218335.6599317 1754218372.7849731
1754218372.7849994 1754218402.2650018
1754218402.2650287 1754218430.9414444
1754218430.9414754 1754218458.543582
1754218458.543626 1754218489.1292777
1754218489.1293147 1754218520.4623353
1754218520.462357 1754218556.7835867
1754218556.7836106 1754218588.7650554
1754218588.7650926 1754218621.3793387
1754218621.379363 1754218650.1797557
1754218650.1797826 1754218680.225115
1754218680.2251358 1754218717.2790656
1754218717.2790928 1754218740.611003
1754218740.6110492 1754218769.660418
1754218769.6604452 1754218799.879956
1754218799.8799798 1754218830.7901785
1754218830.7902062 1754218859.3955905
1754218859.39561 1754218888.2033064
1754218888.2033474 1754218915.7118711
1754218915.711908 1754218938.7508395
1754218938.7508671 1754218975.5712326
1754218975.5712533 1754219009.232542
1754219009.2325695 1754219043.6925972
1754219043.6926196 1754219066.3380272
1754219066.3380532 1754219107.5700366
1754219107.570063 1754219139.7597976
1754219139.7598214 1754219166.8638122
1754219166.8638318 1754219186.2316031
1754219186.2316513 1754219217.4321883
1754219217.432218 1754219251.1777153
1754219251.177744 1754219280.7686455
1754219280.768669 1754219313.3149233
1754219313.3149493 1754219347.2418356
1754219347.2418587 1754219369.5888133
1754219369.5888486 1754219395.417855
1754219395.417879 1754219425.2508175
1754219425.2508383 1754219446.7996728
1754219446.7997012 1754219478.0160222
1754219478.0160465 1754219510.2060456
1754219510.2060695 1754219542.888534
1754219542.8885596 1754219571.3793006
1754219571.3793254 1754219598.3783488
1754219598.378372 1754219631.444189
1754219631.4442194 1754219665.6774118
1754219665.6774392 1754219692.9587953
1754219692.9588268 1754219722.6550443
1754219722.6550763 1754219754.0352988
1754219754.035318 1754219782.2806764
1754219782.2807024 1754219805.8572273
1754219805.8572483 1754219832.0865078
1754219832.0865333 1754219860.1285095
1754219860.1285312 1754219891.3277376
1754219891.3277662 1754219921.888155
1754219921.8881826 1754219949.4657826
1754219949.4658062 1754219979.0189967
1754219979.019028 1754220007.28426
1754220007.2842824 1754220038.152581
1754220038.1526108 1754220068.016989
1754220068.0170197 1754220091.4502316
1754220091.4502578 1754220119.159175
1754220119.1591957 1754220149.4141033
1754220149.4141438 1754220178.7097733
1754220178.7098005 1754220216.422932
1754220216.4229548 1754220238.9501212
1754220238.9501486 1754220268.48141
1754220268.481434 1754220302.8875759
1754220302.8876085 1754220330.6750169
1754220330.6750479 1754220357.5767715
1754220357.576796 1754220388.127319
1754220388.1273465 1754220414.3456979
1754220414.3457303 1754220448.5169063
1754220448.516948 1754220477.795209
1754220477.7952375 1754220506.8218975
1754220506.8219218 1754220538.8926466
1754220538.8926766 1754220567.102868
1754220567.1028934 1754220597.8909009
1754220597.8909328 1754220626.7705662
1754220626.7705932 1754220649.5456161
1754220649.545638 1754220681.1161888
1754220681.1162143 1754220712.362888
1754220712.3629105 1754220742.0951595
1754220742.0951877 1754220769.2205873
1754220769.220608 1754220805.689198
1754220805.689223 1754220839.414528
1754220839.414553 1754220865.276288
1754220865.2763104 1754220904.8112745
1754220904.811305 1754220931.3890388
1754220931.389058 1754220959.21292
1754220959.2129457 1754220997.1719706
1754220997.171996 1754221028.5328891
1754221028.5329127 1754221058.3238637
