1754191068.3750784 1754191090.8426661
1754191090.842695 1754191124.0914435
1754191124.0914629 1754191150.307304
1754191150.3073344 1754191177.6309314
1754191177.6309586 1754191202.9638588
1754191202.9638846 1754191233.5145814
1754191233.5146055 1754191265.069442
1754191265.0694685 1754191295.0744379
1754191295.0744636 1754191317.6546552
1754191317.654679 1754191349.1928022
1754191349.1928258 1754191383.8947353
1754191383.8947556 1754191419.0704644
1754191419.070486 1754191445.3421664
1754191445.3421888 1754191482.556976
1754191482.5569992 1754191519.782204
1754191519.7822316 1754191548.2110336
1754191548.2110538 1754191576.1521215
1754191576.1521454 1754191601.4735007
1754191601.4735217 1754191632.597913
1754191632.5979376 1754191662.9016747
1754191662.9016967 1754191694.2180414
1754191694.2180638 1754191723.4726598
1754191723.4726813 1754191757.8925118
1754191757.8925436 1754191793.2496257
1754191793.249647 1754191822.5105665
1754191822.510608 1754191848.9831326
1754191848.9831626 1754191875.3950837
1754191875.395113 1754191902.0328035
1754191902.0328267 1754191937.6457794
1754191937.6458073 1754191960.8334053
1754191960.8334324 1754191990.765924
1754191990.7659442 1754192024.9589148
1754192024.9589674 1754192054.7640288
1754192054.764054 1754192083.689972
1754192083.6899896 1754192113.2630672
1754192113.2630892 1754192146.8329227
1754192146.8329482 1754192170.865132
1754192170.8651576 1754192200.934816
1754192200.934843 1754192230.6055925
1754192230.6056106 1754192255.565682
1754192255.565704 1754192285.0667627
1754192285.0667837 1754192312.3163493
1754192312.316376 1754192338.2975626
1754192338.297578 1754192367.2442946
1754192367.2443182 1754192398.1056602
1754192398.1056864 1754192424.9302707
1754192424.9302936 1754192456.5384095
1754192456.5384345 1754192489.2177296
1754192489.2177541 1754192517.09208
1754192517.0921047 1754192544.868294
1754192544.8683207 1754192573.3343625
1754192573.334392 1754192601.1697152
1754192601.1697378 1754192634.7635007
1754192634.763519 1754192669.6903327
1754192669.6903536 1754192697.8996222
1754192697.8996398 1754192724.0945785
1754192724.0946016 1754192752.676863
1754192752.6768854 1754192785.8920746
1754192785.892099 1754192816.5143654
1754192816.5143943 1754192852.061595
1754192852.0616212 1754192879.5537703
1754192879.5537992 1754192915.3422573
1754192915.342283 1754192950.9173117
1754192950.917334 1754192982.947287
1754192982.947308 1754193024.219838
1754193024.2198575 1754193046.7520595
1754193046.7520776 1754193078.7284527
1754193078.728478 1754193104.9025424
1754193104.9025614 1754193135.3620596
1754193135.3620806 1754193163.182845
1754193163.1828725 1754193190.1329558
1754193190.1329799 1754193216.7614918
1754193216.7615192 1754193247.8147125
1754193247.8147395 1754193278.1908002
1754193278.1908267 1754193305.2224088
1754193305.2224348 1754193340.7329047
1754193340.7329295 1754193371.1023831
1754193371.102402 1754193403.372762
1754193403.3727973 1754193434.284242
1754193434.2842636 1754193462.6697853
1754193462.6698074 1754193500.0666962
1754193500.0667188 1754193527.3402915
1754193527.3403141 1754193559.5219746
1754193559.5219936 1754193590.5996807
1754193590.59971 1754193621.8378997
1754193621.837919 1754193648.4964297
1754193648.4964552 1754193677.2865613
1754193677.2865818 1754193702.5090027
1754193702.5090256 1754193728.9753609
1754193728.9753795 1754193759.4090407
1754193759.4090645 1754193788.824171
1754193788.8241937 1754193819.3314784
1754193819.3315022 1754193853.7393758
1754193853.7393959 1754193876.9644759
1754193876.964499 1754193908.2277167
1754193908.2277393 1754193946.013727
1754193946.0137506 1754193983.3830996
1754193983.3831186 1754194021.9925141
1754194021.992542 1754194052.98258
1754194052.9825993 1754194084.5321321
1754194084.5321586 1754194118.2913907
1754194118.291412 1754194142.3179662
1754194142.3179903 1754194167.3230555
1754194167.3230777 1754194201.133824
1754194201.1338441 1754194229.9193141
1754194229.919336 1754194260.4067118
1754194260.4067326 1754194287.4363103
1754194287.436332 1754194314.6578603
1754194314.6578865 1754194340.0310972
1754194340.0311162 1754194376.271804
1754194376.2718306 1754194410.6564746
1754194410.6564999 1754194442.7239137
1754194442.723937 1754194479.3718276
1754194479.3718503 1754194507.4713361
1754194507.4713676 1754194540.1869168
1754194540.1869442 1754194575.5337687
1754194575.5337994 1754194610.1420193
1754194610.1420488 1754194645.8616755
1754194645.861693 1754194671.3663855
1754194671.3664076 1754194695.616694
1754194695.6167202 1754194724.9496846
1754194724.949707 1754194752.0997322
1754194752.0997596 1754194786.345814
1754194786.3458347 1754194812.5187652
1754194812.5187955 1754194837.8811214
1754194837.8811398 1754194870.1654882
1754194870.1655111 1754194904.6009338
1754194904.6009593 1754194932.3243623
1754194932.3243828 1754194957.4477646
1754194957.447789 1754194992.0901453
1754194992.090165 1754195035.529605
1754195035.5296397 1754195063.6820998
1754195063.6821215 1754195091.170844
1754195091.1708672 1754195118.607929
1754195118.607954 1754195148.8718584
1754195148.871878 1754195176.296124
1754195176.2961497 1754195204.877385
1754195204.8774042 1754195238.1247346
1754195238.1247616 1754195267.4108703
1754195267.4108906 1754195300.1482635
1754195300.1483011 1754195333.2445467
1754195333.2445679 1754195364.946132
1754195364.9461555 1754195390.5331676
1754195390.5331953 1754195421.7423623
1754195421.742381 1754195452.7627344
1754195452.7627635 1754195487.099191
1754195487.099208 1754195514.1879163
1754195514.1879418 1754195544.5987515
1754195544.5987742 1754195574.3018973
1754195574.3019202 1754195601.2804196
1754195601.2804372 1754195627.5943096
1754195627.5943334 1754195657.685286
1754195657.6853058 1754195687.3690245
1754195687.3690486 1754195717.006691
1754195717.0067136 1754195746.2580407
1754195746.258072 1754195779.5541637
1754195779.5541863 1754195812.0762024
1754195812.0762303 1754195834.2728426
1754195834.2728646 1754195859.0851324
1754195859.0851514 1754195896.1235223
1754195896.1235468 1754195920.4432237
1754195920.4432452 1754195950.7971034
1754195950.7971277 1754195979.0689456
1754195979.0689683 1754196008.0100448
1754196008.0100687 1754196036.6228418
1754196036.6228604 1754196072.0946224
1754196072.0946548 1754196103.3163774
1754196103.3164058 1754196133.2685401
1754196133.268567 1754196158.4622316
1754196158.462249 1754196182.1560187
1754196182.1560395 1754196213.754563
1754196213.7545822 1754196244.9225807
1754196244.9226043 1754196275.7682123
1754196275.7682366 1754196312.3696563
1754196312.369675 1754196342.1765118
1754196342.1765342 1754196369.7893178
1754196369.789335 1754196409.2406702
1754196409.2406986 1754196436.3980005
1754196436.3980224 1754196465.3033006
1754196465.3033311 1754196495.7663052
1754196495.7663293 1754196527.8678694
1754196527.8678932 1754196558.2502086
1754196558.2502265 1754196587.8096945
1754196587.8097177 1754196616.995647
1754196616.9956708 1754196652.8811517
1754196652.8811772 1754196681.6399753
1754196681.639996 1754196714.5065854
1754196714.5066118 1754196740.5576582
1754196740.5576775 1754196776.8484519
1754196776.8484807 1754196808.0092282
1754196808.0092483 1754196828.871971
1754196828.8719902 1754196856.3561254
1754196856.3561497 1754196894.3764424
1754196894.376466 1754196927.2903013
1754196927.290324 1754196953.6190336
1754196953.6190598 1754196979.3112762
1754196979.3113003 1754197010.7314155
1754197010.731438 1754197041.7740393
1754197041.774059 1754197073.1901534
1754197073.190177 1754197104.871195
1754197104.871216 1754197129.4768584
1754197129.4768872 1754197163.3298752
1754197163.3298967 1754197193.0563288
1754197193.0563583 1754197219.090397
1754197219.0904176 1754197249.8496997
1754197249.849727 1754197274.7327507
1754197274.7327685 1754197310.747256
1754197310.7472932 1754197343.958385
1754197343.9584048 1754197373.473851
1754197373.473874 1754197403.4387538
1754197403.438771 1754197436.501285
1754197436.5013087 1754197470.6390836
1754197470.639113 1754197496.8127046
1754197496.8127232 1754197526.7112737
1754197526.7113001 1754197560.4476664
1754197560.447694 1754197587.8480368
1754197587.8480744 1754197620.0219889
1754197620.0220182 1754197653.231004
1754197653.231025 1754197682.3729575
1754197682.3729868 1754197712.7143898
1754197712.7144122 1754197752.5341125
1754197752.5341394 1754197788.1900988
1754197788.1901183 1754197820.6340945
1754197820.6341245 1754197846.5611808
1754197846.5612147 1754197879.0391505
1754197879.0391712 1754197905.5415719
1754197905.541603 1754197930.999055
1754197930.9990733 1754197961.829228
1754197961.8292582 1754197990.5767403
1754197990.5767622 1754198016.9283853
1754198016.9284115 1754198043.972038
1754198043.972058 1754198078.0504563
1754198078.0504806 1754198109.4087026
1754198109.4087205 1754198141.465835
1754198141.465861 1754198171.9710007
1754198171.9710243 1754198202.2128282
1754198202.2128506 1754198232.475627
1754198232.4756517 1754198255.2211525
1754198255.2211761 1754198288.8863924
1754198288.8864198 1754198311.477398
1754198311.4774234 1754198337.3527322
1754198337.3527577 1754198373.4771976
1754198373.477222 1754198404.2798467
1754198404.2798796 1754198433.2186294
1754198433.2186513 1754198469.5563698
1754198469.5563924 1754198500.8356411
1754198500.8356643 1754198538.2267597
1754198538.226779 1754198565.2503164
1754198565.2503412 1754198589.9486527
1754198589.9486725 1754198622.0853257
1754198622.0853558 1754198647.2339432
1754198647.2339635 1754198678.321815
1754198678.3218405 1754198705.6247764
1754198705.6247973 1754198732.7232413
1754198732.7232625 1754198763.042655
1754198763.042685 1754198789.8247247
1754198789.8247476 1754198818.5169046
1754198818.5169334 1754198845.0472095
1754198845.0472274 1754198871.0159712
1754198871.015996 1754198905.0223615
1754198905.0223804 1754198937.209086
1754198937.2091124 1754198965.5352151
1754198965.5352325 1754199000.0069509
1754199000.0069795 1754199030.9263024
1754199030.926324 1754199064.9529982
1754199064.9530282 1754199093.0923805
1754199093.0924 1754199119.6157384
1754199119.6157606 1754199152.5880375
1754199152.5880666 1754199177.7260087
1754199177.7260263 1754199206.1516316
1754199206.1516569 1754199236.5993369
1754199236.5993552 1754199272.2753322
1754199272.2753606 1754199299.478488
1754199299.4785068 1754199332.4447076
1754199332.4447365 1754199364.822029
1754199364.8220468 1754199398.7892835
1754199398.7893095 1754199433.006218
1754199433.0062358 1754199467.4224324
1754199467.4224563 1754199499.682139
1754199499.6821575 1754199528.1757078
1754199528.1757393 1754199559.5012867
1754199559.5013084 1754199591.1007192
1754199591.1007469 1754199625.689719
1754199625.6897388 1754199646.545118
1754199646.5451458 1754199669.3941643
1754199669.394186 1754199697.7663145
1754199697.7663393 1754199730.7349217
1754199730.7349386 1754199760.3496528
1754199760.349678 1754199781.332227
1754199781.332244 1754199810.084853
1754199810.0848777 1754199847.997112
1754199847.9971395 1754199874.1999452
1754199874.199965 1754199896.8029091
1754199896.8029315 1754199925.2019675
1754199925.2019866 1754199952.2979453
1754199952.2979698 1754199972.4170191
1754199972.417042 1754200001.6166716
1754200001.6166914 1754200034.9512658
1754200034.9512866 1754200074.728847
1754200074.7288702 1754200105.5377123
1754200105.537731 1754200136.7500987
1754200136.7501228 1754200172.8366182
1754200172.836641 1754200193.969738
1754200193.9697554 1754200229.0505445
1754200229.0505705 1754200257.968764
1754200257.9687836 1754200287.4503403
1754200287.4503658 1754200318.6218834
1754200318.6219106 1754200345.210259
1754200345.2102845 1754200377.206446
1754200377.2064657 1754200406.5143273
1754200406.514358 1754200436.3814335
1754200436.3814528 1754200462.4480307
1754200462.4480593 1754200488.8145242
1754200488.814547 1754200516.185312
1754200516.1853356 1754200542.0711875
1754200542.0712132 1754200572.9771242
1754200572.9771423 1754200603.0006473
1754200603.0006754 1754200633.549603
1754200633.5496197 1754200671.1207466
1754200671.1207755 1754200705.6812472
1754200705.6812673 1754200740.17785
1754200740.1778724 1754200769.1587713
1754200769.158801 1754200803.8536377
1754200803.8536618 1754200831.4037037
1754200831.4037266 1754200864.2893422
1754200864.2893682 1754200898.088972
1754200898.08899 1754200929.7874055
1754200929.7874303 1754200961.5929692
1754200961.5929909 1754200993.5584188
1754200993.5584433 1754201025.1702704
1754201025.170291 1754201057.4231405
1754201057.4231632 1754201090.361533
1754201090.3615558 1754201121.7977777
1754201121.7977986 1754201153.6904762
1754201153.690511 1754201186.3479695
1754201186.347988 1754201208.365334
1754201208.3653557 1754201238.8729553
1754201238.8729737 1754201266.6391218
1754201266.6391473 1754201292.7936442
1754201292.7936633 1754201319.1284192
1754201319.128441 1754201347.2431176
1754201347.243152 1754201372.3363378
1754201372.336363 1754201406.897892
1754201406.8979104 1754201439.995308
1754201439.9953337 1754201476.0588405
1754201476.058867 1754201507.4973998
1754201507.4974215 1754201542.0862446
1754201542.0862687 1754201578.2903326
1754201578.2903545 1754201600.8750403
1754201600.8750675 1754201634.751919
1754201634.7519383 1754201666.5681553
1754201666.5681753 1754201691.2453358
1754201691.2453632 1754201727.5869257
1754201727.586944 1754201755.2838612
1754201755.2838924 1754201784.9544618
1754201784.954513 1754201813.7382295
1754201813.738255 1754201839.3176033
1754201839.3176336 1754201866.8966842
1754201866.8967104 1754201895.8196654
1754201895.81969 1754201929.3418443
1754201929.3418617 1754201950.8796933
1754201950.8797193 1754201977.9288483
1754201977.9288666 1754202013.053665
1754202013.053686 1754202047.4786987
1754202047.4787261 1754202073.9735386
1754202073.9735556 1754202098.5972145
1754202098.5972366 1754202130.7447538
1754202130.744777 1754202157.1743839
1754202157.1744068 1754202193.4917252
1754202193.4917462 1754202224.021287
1754202224.0213106 1754202252.3424182
1754202252.3424363 1754202284.8529696
1754202284.8529966 1754202317.7976732
1754202317.797692 1754202357.8006198
1754202357.800649 1754202390.2871084
1754202390.287137 1754202415.5700848
1754202415.570107 1754202440.7425063
1754202440.7425299 1754202468.516347
1754202468.5163732 1754202499.7476993
1754202499.7477272 1754202524.9948335
1754202524.99486 1754202551.862828
1754202551.8628488 1754202583.789668
1754202583.7896929 1754202615.6785347
1754202615.6785536 1754202650.660567
1754202650.6605947 1754202675.9446108
1754202675.9446306 1754202701.7826517
1754202701.7826722 1754202735.356263
1754202735.3562903 1754202762.9281373
1754202762.9281595 1754202794.3514898
1754202794.3515139 1754202819.6351445
1754202819.6351619 1754202854.8616793
1754202854.8617036 1754202888.5005004
1754202888.5005202 1754202918.0136645
1754202918.0136817 1754202950.181703
1754202950.1817338 1754202980.6156793
1754202980.6157033 1754203008.7045934
1754203008.7046235 1754203040.9874296
1754203040.9874523 1754203068.2909822
1754203068.2910058 1754203099.6067078
1754203099.606727 1754203124.3877616
1754203124.3877876 1754203154.8797283
1754203154.8797457 1754203189.9176028
1754203189.9176264 1754203215.3655863
1754203215.3656037 1754203240.0908782
1754203240.0909026 1754203271.0239372
1754203271.0239565 1754203302.7582626
1754203302.7582874 1754203331.3847868
1754203331.384804 1754203363.4648244
1754203363.4648519 1754203390.3637874
1754203390.3638108 1754203420.3909707
1754203420.3909981 1754203445.805463
1754203445.8054824 1754203474.9542382
1754203474.9542654 1754203504.9337661
1754203504.9337864 1754203542.7473867
1754203542.7474108 1754203567.7586646
1754203567.758684 1754203596.66584
1754203596.6658728 1754203624.9053361
1754203624.9053571 1754203652.2009504
1754203652.2009695 1754203683.3282707
1754203683.328299 1754203702.5131254
1754203702.513142 1754203728.7949965
1754203728.7950191 1754203755.7588208
1754203755.758843 1754203776.8712094
1754203776.8712306 1754203809.8249784
1754203809.825029 1754203840.5989864
1754203840.5990148 1754203868.5819955
1754203868.582017 1754203897.922738
1754203897.9227595 1754203927.0284464
1754203927.0284753 1754203958.5701666
1754203958.5701993 1754203987.4825702
1754203987.4825912 1754204016.0416625
1754204016.0416844 1754204055.6958065
1754204055.6958282 1754204089.0534213
1754204089.0534446 1754204132.0719178
1754204132.0719385 1754204154.4662063
1754204154.466227 1754204185.5825477
1754204185.5825703 1754204221.5000882
1754204221.5001109 1754204259.2619946
1754204259.2620199 1754204293.8529832
1754204293.853013 1754204318.4581923
1754204318.4582129 1754204349.4607716
1754204349.4607959 1754204376.919016
1754204376.9190328 1754204408.1493373
1754204408.1493604 1754204442.654908
1754204442.6549306 1754204471.7732048
1754204471.7732291 1754204503.3514903
1754204503.351511 1754204535.2962604
1754204535.2962875 1754204565.3305504
1754204565.3305686 1754204596.9474952
1754204596.9475195 1754204630.0790749
1754204630.0791166 1754204651.381681
1754204651.381699 1754204678.8786778
1754204678.8787005 1754204710.2470038
1754204710.24703 1754204740.212626
1754204740.2126446 1754204764.7474065
1754204764.7474265 1754204797.8362849
1754204797.8363187 1754204830.3342264
1754204830.3342535 1754204859.8850482
1754204859.8850775 1754204886.986279
1754204886.9862993 1754204916.4784596
1754204916.4784787 1754204946.6724389
1754204946.6724665 1754204985.4976664
1754204985.4976892 1754205019.223823
1754205019.223857 1754205048.9454052
1754205048.9454238 1754205084.416085
1754205084.416112 1754205113.4937716
1754205113.4937904 1754205147.669451
1754205147.6694775 1754205176.5584657
1754205176.5584867 1754205203.0472353
1754205203.0472605 1754205236.0684943
1754205236.0685146 1754205271.7110376
1754205271.711068 1754205302.233394
1754205302.2334135 1754205327.3856905
1754205327.3857117 1754205348.4995153
1754205348.499551 1754205378.7690256
1754205378.7690442 1754205414.6739972
1754205414.6740239 1754205444.172881
1754205444.1728992 1754205476.5068326
1754205476.5068612 1754205508.7471821
1754205508.747201 1754205542.0863707
1754205542.086399 1754205575.3848395
1754205575.384857 1754205604.1942282
1754205604.1942523 1754205634.867455
1754205634.8674724 1754205677.629645
1754205677.629675 1754205706.4686658
1754205706.4686852 1754205737.4482772
1754205737.4483018 1754205761.1136549
1754205761.1136734 1754205790.9413528
1754205790.9413786 1754205816.0559757
1754205816.0559955 1754205853.3223221
1754205853.322342 1754205884.1893783
1754205884.1894023 1754205914.6241577
1754205914.6241755 1754205941.8557959
1754205941.8558369 1754205974.933967
1754205974.9339888 1754206005.1283386
1754206005.128358 1754206032.2898033
1754206032.289828 1754206062.6534162
1754206062.6534376 1754206095.3263958
1754206095.3264256 1754206125.7711287
1754206125.771153 1754206157.5001585
1754206157.5001829 1754206185.1937315
1754206185.1937547 1754206211.4799204
1754206211.4799454 1754206238.4012866
1754206238.401306 1754206269.8663847
1754206269.866408 1754206303.234346
1754206303.2343678 1754206337.9475286
1754206337.947548 1754206371.0255086
1754206371.0255353 1754206393.2645733
1754206393.2645977 1754206423.5405097
1754206423.54053 1754206463.172021
1754206463.1720457 1754206490.3568642
1754206490.3568852 1754206519.1535735
1754206519.1536038 1754206546.470102
1754206546.470122 1754206574.554878
1754206574.5549035 1754206605.764459
1754206605.7644837 1754206631.080297
1754206631.0803354 1754206658.9703934
1754206658.9704132 1754206686.9918597
1754206686.991888 1754206720.8051906
1754206720.8052151 1754206749.5535336
1754206749.5535605 1754206774.4733284
1754206774.4733477 1754206804.6745389
1754206804.6745706 1754206833.1388984
1754206833.1389194 1754206856.7504609
1754206856.7504864 1754206884.4223282
1754206884.4223485 1754206908.7063289
1754206908.7063508 1754206939.2725198
1754206939.2725406 1754206974.6281626
1754206974.6282015 1754207009.0776043
1754207009.0776305 1754207035.902247
1754207035.9022636 1754207064.4273443
1754207064.4273677 1754207093.8165317
1754207093.8165512 1754207127.1334076
1754207127.1334326 1754207153.3850398
1754207153.3850582 1754207181.6705759
1754207181.6706028 1754207213.0947723
1754207213.0947907 1754207246.7350712
1754207246.735098 1754207274.8264852
1754207274.8265061 1754207300.282023
1754207300.282082 1754207333.4896336
1754207333.4896517 1754207367.3025613
1754207367.3025866 1754207398.3908343
1754207398.3908546 1754207437.667416
1754207437.6674378 1754207463.556855
1754207463.5568779 1754207492.6948612
1754207492.694925 1754207523.8308887
1754207523.8309333 1754207544.5000348
1754207544.5000596 1754207578.0257137
1754207578.0257335 1754207612.7081404
1754207612.708168 1754207636.903677
1754207636.903697 1754207666.9281154
1754207666.928145 1754207700.246498
1754207700.2465186 1754207725.8983588
1754207725.8983848 1754207759.4955125
1754207759.495532 1754207792.6118915
1754207792.6119354 1754207820.1954017
1754207820.195422 1754207847.794123
1754207847.7941473 1754207878.3460386
1754207878.3460581 1754207906.3575277
1754207906.3575463 1754207933.8734903
1754207933.8735142 1754207969.7803988
1754207969.7804203 1754207998.3247497
1754207998.3247693 1754208022.5587358
1754208022.5587602 1754208051.7077467
1754208051.7077682 1754208083.6951334
1754208083.6951582 1754208112.614231
1754208112.6142557 1754208147.689882
1754208147.689905 1754208173.84528
1754208173.8453033 1754208209.3841963
1754208209.384222 1754208239.8560803
1754208239.856101 1754208269.368035
1754208269.3680546 1754208300.5438085
1754208300.5438404 1754208328.1846251
1754208328.1846492 1754208357.1180813
1754208357.118104 1754208386.0642083
1754208386.0642288 1754208417.6788263
1754208417.6788526 1754208447.7132995
1754208447.7133183 1754208473.1026149
1754208473.1026382 1754208495.0082362
1754208495.0082889 1754208526.2463481
1754208526.2463675 1754208556.9743402
1754208556.9743645 1754208586.575571
1754208586.5755947 1754208619.5976045
1754208619.5976272 1754208649.2446215
1754208649.2446415 1754208680.9364996
1754208680.9365244 1754208709.3338232
1754208709.333845 1754208742.7622676
1754208742.7623014 1754208776.4282892
1754208776.4283123 1754208801.5356848
1754208801.5357115 1754208829.9413471
1754208829.941365 1754208867.3402035
1754208867.3402324 1754208905.06078
1754208905.0608165 1754208940.497549
1754208940.4975748 1754208972.4674263
1754208972.4674478 1754208996.5367367
1754208996.5367916 1754209026.8406415
1754209026.8406756 1754209055.558642
1754209055.5586667 1754209088.5066988
1754209088.5067203 1754209122.4032216
1754209122.4032416 1754209153.6070187
1754209153.6070428 1754209181.8739278
1754209181.8739488 1754209210.5906863
1754209210.5907056 1754209235.202461
1754209235.2024858 1754209263.9494114
1754209263.9494317 1754209292.0405762
1754209292.0406065 1754209323.1086476
1754209323.1086705 1754209353.0524755
1754209353.0525045 1754209385.427683
1754209385.4277039 1754209413.2698371
1754209413.2698615 1754209443.2643533
1754209443.2643783 1754209469.4761274
1754209469.476149 1754209498.8447456
1754209498.8447895 1754209526.0138307
1754209526.013853 1754209557.946228
1754209557.946251 1754209581.167409
1754209581.1674316 1754209611.9446383
1754209611.9446645 1754209637.6794186
1754209637.6794422 1754209669.6616364
1754209669.6616662 1754209698.9669983
1754209698.9670255 1754209729.0727665
1754209729.072786 1754209758.0680988
1754209758.068118 1754209784.1039956
1754209784.1040206 1754209816.2836764
1754209816.2837183 1754209848.1897173
1754209848.189742 1754209877.5795057
1754209877.5795283 1754209909.405343
1754209909.4053712 1754209942.0347242
1754209942.034745 1754209963.0208888
1754209963.020913 1754209994.2469676
1754209994.2469878 1754210021.1183567
1754210021.1183827 1754210054.7293808
1754210054.7294002 1754210083.920992
1754210083.921016 1754210114.2569897
1754210114.2570088 1754210146.6308465
1754210146.6308734 1754210172.3131733
1754210172.313192 1754210197.116504
1754210197.1165292 1754210224.246285
1754210224.246304 1754210259.0780604
1754210259.0780826 1754210295.2183852
1754210295.218408 1754210324.7761836
1754210324.7762074 1754210348.0177462
1754210348.0177662 1754210378.6498668
1754210378.6498854 1754210412.8792264
1754210412.8792515 1754210438.3370101
1754210438.3370275 1754210471.0273304
1754210471.0273514 1754210505.0543365
1754210505.0543594 1754210531.25474
1754210531.2547567 1754210565.252974
1754210565.253005 1754210590.7017875
1754210590.7018075 1754210624.364617
1754210624.3646472 1754210648.758878
1754210648.7588966 1754210673.4002764
1754210673.400301 1754210711.1043556
1754210711.104384 1754210733.0348086
1754210733.0348256 1754210765.7727056
1754210765.7727401 1754210800.6785166
1754210800.6785364 1754210840.2032769
1754210840.2033012 1754210870.4828396
1754210870.4828644 1754210898.6495245
1754210898.649545 1754210927.7056994
1754210927.7057307 1754210956.9991975
1754210956.9992163 1754210987.5459573
1754210987.545988 1754211017.303649
1754211017.3036706 1754211046.3578947
1754211046.3579247 1754211079.0522637
1754211079.0522816 1754211106.178637
1754211106.1786587 1754211137.3357933
1754211137.3358176 1754211168.8860073
1754211168.8860307 1754211190.954038
1754211190.9540613 1754211222.1742125
1754211222.1742318 1754211250.1992512
1754211250.1992738 1754211280.4510133
1754211280.4510398 1754211308.0295389
1754211308.0295572 1754211333.029928
1754211333.0299506 1754211360.349566
1754211360.3495867 1754211389.2276707
1754211389.227692 1754211415.6691005
1754211415.669126 1754211451.1768553
1754211451.1768796 1754211477.9871476
1754211477.9871738 1754211516.213774
1754211516.2137945 1754211548.1341703
1754211548.1341984 1754211577.036491
1754211577.03651 1754211608.2529418
1754211608.2529633 1754211631.0017953
1754211631.001818 1754211659.1285691
1754211659.1285932 1754211693.6571295
1754211693.6571636 1754211720.7154758
1754211720.715495 1754211754.590624
1754211754.590651 1754211781.7366376
1754211781.736656 1754211816.8056479
1754211816.8056777 1754211851.0495117
1754211851.0495303 1754211886.4875615
1754211886.487618 1754211914.4660594
1754211914.466078 1754211950.251546
1754211950.2515767 1754211974.0924342
1754211974.092469 1754212000.2592778
1754212000.2592995 1754212034.7649527
1754212034.7649827 1754212066.616613
1754212066.6166358 1754212099.5208576
1754212099.5208871 1754212129.3375647
1754212129.3375897 1754212162.4379046
1754212162.437935 1754212182.4854772
1754212182.4855032 1754212210.2098029
1754212210.209825 1754212238.7679944
1754212238.7680228 1754212268.6266599
1754212268.6266809 1754212304.2762604
1754212304.2762861 1754212333.420619
1754212333.4206402 1754212361.1245992
1754212361.1246333 1754212395.7498822
1754212395.749907 1754212423.5396826
1754212423.5397072 1754212456.3509963
1754212456.3510268 1754212485.600843
1754212485.6008666 1754212513.8921165
1754212513.8921392 1754212554.9510572
1754212554.9510844 1754212583.6068945
1754212583.6069233 1754212612.673722
1754212612.673744 1754212636.5825458
1754212636.5825639 1754212665.542501
1754212665.5425255 1754212690.995769
1754212690.995787 1754212728.4132886
1754212728.4133196 1754212758.6567671
1754212758.6567862 1754212793.6829066
1754212793.682933 1754212823.6857712
1754212823.685789 1754212860.7755609
1754212860.775618 1754212892.4659343
1754212892.4659538 1754212923.69152
1754212923.6915467 1754212949.6357934
1754212949.6358173 1754212983.374036
1754212983.3740559 1754213020.3500938
1754213020.3501186 1754213044.1419737
1754213044.1419978 1754213072.5623176
1754213072.562342 1754213102.086893
1754213102.0869095 1754213129.4610596
1754213129.4610868 1754213156.127854
1754213156.1278749 1754213194.6203847
1754213194.620409 1754213216.1817048
1754213216.1817238 1754213242.0468574
1754213242.0468848 1754213269.759397
1754213269.759416 1754213303.502433
1754213303.5024507 1754213334.8438022
1754213334.8438275 1754213366.065275
1754213366.065293 1754213396.8290572
1754213396.8290803 1754213428.5773728
1754213428.5773926 1754213458.3955705
1754213458.3955994 1754213484.455325
1754213484.4553492 1754213514.9685488
1754213514.9685783 1754213543.3959494
1754213543.395968 1754213569.518963
1754213569.5189896 1754213597.1439896
1754213597.1440132 1754213630.0647876
1754213630.0648165 1754213654.9608817
1754213654.9609017 1754213685.3543882
1754213685.3544166 1754213714.9662988
1754213714.9663184 1754213739.904862
1754213739.9048903 1754213767.1775615
1754213767.1775901 1754213796.6755261
1754213796.6755536 1754213829.9486485
1754213829.948673 1754213858.1736083
1754213858.173638 1754213887.7206006
1754213887.7206218 1754213911.4983258
1754213911.4983501 1754213944.0539129
1754213944.0539362 1754213968.9971774
1754213968.9971964 1754213991.6914392
1754213991.6914625 1754214024.4633198
1754214024.4633553 1754214053.7087932
1754214053.7088234 1754214078.405163
1754214078.4051855 1754214106.7475197
1754214106.7475479 1754214134.3333378
1754214134.3333626 1754214167.2385454
1754214167.2385654 1754214196.1788554
1754214196.1788797 1754214228.1536925
1754214228.1537144 1754214256.5277648
1754214256.5277874 1754214285.1367624
1754214285.1367877 1754214313.4525764
1754214313.452596 1754214344.3007133
1754214344.3007371 1754214377.9048665
1754214377.9048874 1754214408.39137
1754214408.3913894 1754214442.4571867
1754214442.4572115 1754214474.8097162
1754214474.8097346 1754214501.811236
1754214501.8112595 1754214528.8938835
1754214528.893904 1754214552.1548786
1754214552.1549025 1754214583.641434
1754214583.6414506 1754214617.9903672
1754214617.990392 1754214647.7392719
1754214647.739289 1754214676.1623518
1754214676.1623743 1754214707.3250296
1754214707.3250494 1754214735.3550777
1754214735.3551002 1754214765.2463505
1754214765.246368 1754214792.21393
1754214792.2139533 1754214820.835698
1754214820.8357167 1754214850.283748
1754214850.283771 1754214886.5838833
1754214886.5839007 1754214920.970012
1754214920.9700353 1754214956.62513
1754214956.6251526 1754214985.7795231
1754214985.779547 1754215018.6258855
1754215018.6259034 1754215050.8401585
1754215050.840186 1754215079.8743916
1754215079.8744102 1754215112.4436128
1754215112.443638 1754215139.4386988
1754215139.4387171 1754215169.262643
1754215169.2626674 1754215198.087312
1754215198.0873282 1754215228.3809009
1754215228.3809216 1754215258.534833
1754215258.534859 1754215288.6946158
1754215288.6946392 1754215317.4577384
1754215317.4577608 1754215351.4525573
1754215351.4525769 1754215385.3913648
1754215385.3913891 1754215414.3124204
1754215414.3124385 1754215447.9952195
1754215447.9952416 1754215489.7231908
1754215489.7232153 1754215519.2501514
1754215519.250172 1754215549.477472
1754215549.4774904 1754215578.6827774
1754215578.6828027 1754215610.7277124
1754215610.727736 1754215641.6643448
1754215641.6643727 1754215673.0083296
1754215673.0083492 1754215704.2116542
1754215704.2116802 1754215732.58982
1754215732.5898447 1754215760.417324
1754215760.417342 1754215793.8516471
1754215793.851675 1754215820.5772495
1754215820.577269 1754215851.6703122
1754215851.6703372 1754215875.4946337
1754215875.4946544 1754215907.0074477
1754215907.0074763 1754215941.4275112
1754215941.4275353 1754215968.9137282
1754215968.913749 1754216007.4444466
1754216007.4444718 1754216040.3645117
1754216040.3645377 1754216066.487614
1754216066.4876385 1754216095.874636
1754216095.8746536 1754216126.4040246
1754216126.4040492 1754216151.5749576
1754216151.5749757 1754216178.1233945
1754216178.1234214 1754216209.4852946
1754216209.4853141 1754216248.4089522
1754216248.4089782 1754216278.5520566
1754216278.5520759 1754216306.690553
1754216306.690579 1754216332.6829023
1754216332.6829207 1754216357.5495267
1754216357.5495503 1754216385.4931352
1754216385.4931536 1754216413.9220715
1754216413.922099 1754216451.8541954
1754216451.8542175 1754216478.5257769
1754216478.525802 1754216508.162615
1754216508.1626341 1754216534.0121427
1754216534.0121605 1754216560.939233
1754216560.9392605 1754216589.3383846
1754216589.3384037 1754216620.6416342
1754216620.6416614 1754216651.9423115
1754216651.9423294 1754216685.392991
1754216685.3930144 1754216719.8179357
1754216719.8179736 1754216749.7639756
1754216749.7639992 1754216776.2349136
1754216776.2349336 1754216806.1575575
1754216806.1575823 1754216833.7782564
1754216833.7782755 1754216873.2148292
1754216873.2148519 1754216903.298669
1754216903.2986925 1754216928.8786244
1754216928.8786411 1754216957.5663342
1754216957.5663583 1754216986.608123
1754216986.6081486 1754217021.634773
1754217021.6347969 1754217043.665831
1754217043.6658518 1754217076.7770216
1754217076.7770493 1754217103.2262022
1754217103.2262206 1754217134.1438503
1754217134.1438727 1754217165.8436043
1754217165.8436313 1754217196.6097553
1754217196.6097744 1754217229.693299
1754217229.6933248 1754217256.0843577
1754217256.084376 1754217283.1048565
1754217283.1048844 1754217316.0261366
1754217316.0261695 1754217344.5767934
1754217344.5768209 1754217370.2863207
1754217370.2863407 1754217395.4844327
1754217395.4844658 1754217423.1936915
1754217423.1937096 1754217454.9083729
1754217454.9084 1754217477.5725648
1754217477.572584 1754217503.0148702
1754217503.014896 1754217528.33914
1754217528.3391588 1754217555.1945794
1754217555.1946032 1754217583.7992013
1754217583.7992203 1754217625.5709205
1754217625.5709493 1754217650.4522634
1754217650.4522855 1754217676.0880048
1754217676.0880263 1754217703.886161
1754217703.8861854 1754217731.871767
1754217731.8717864 1754217765.1703985
1754217765.1704314 1754217787.0038383
1754217787.0038574 1754217816.4760497
1754217816.4760742 1754217860.0554178
1754217860.0554407 1754217879.590902
1754217879.590923 1754217902.4016461
1754217902.4016752 1754217931.8943946
1754217931.894427 1754217958.3295124
1754217958.329533 1754217985.6462622
1754217985.6462843 1754218014.006385
1754218014.0064154 1754218040.3782322
1754218040.378252 1754218066.0229564
1754218066.0229743 1754218091.474968
1754218091.474991 1754218118.7874973
1754218118.7875147 1754218155.9930234
1754218155.9930494 1754218181.8508992
1754218181.850923 1754218209.5159905
1754218209.516015 1754218240.381263
1754218240.3812811 1754218270.2457457
1754218270.2457669 1754218303.4453168
1754218303.4453382 1754218337.1680963
1754218337.1681254 1754218367.953897
1754218367.9539156 1754218397.7870421
1754218397.787067 1754218428.361752
1754218428.3617704 1754218452.4847445
1754218452.4847686 1754218486.2667775
1754218486.2667992 1754218520.0658827
1754218520.0659027 1754218554.1418254
1754218554.1418514 1754218586.3126495
1754218586.312683 1754218621.0643678
1754218621.0643978 1754218647.5611544
1754218647.5611742 1754218681.2834096
1754218681.28343 1754218717.80756
1754218717.807589 1754218740.0173686
1754218740.0173893 1754218765.003557
1754218765.003602 1754218795.1501052
1754218795.1501305 1754218828.049041
1754218828.0490632 1754218857.7484772
1754218857.7485008 1754218885.8138618
1754218885.8138814 1754218913.6475816
1754218913.6476016 1754218940.3315003
1754218940.3315272 1754218969.9836051
1754218969.9836273 1754219008.0880182
1754219008.0880406 1754219042.0794048
1754219042.0794253 1754219071.5477684
1754219071.5477955 1754219100.7646203
1754219100.7646384 1754219128.4910548
1754219128.4910817 1754219160.142783
1754219160.1428022 1754219184.77002
1754219184.7700412 1754219213.1970391
1754219213.1970692 1754219249.1776996
1754219249.177728 1754219275.477037
1754219275.477058 1754219311.0988958
1754219311.0989153 1754219346.1021612
1754219346.1021855 1754219373.3850749
1754219373.385105 1754219405.6987212
1754219405.6987474 1754219429.477346
1754219429.4773684 1754219450.9304109
1754219450.9304347 1754219482.3369203
1754219482.3369415 1754219512.3683832
1754219512.368409 1754219542.317304
1754219542.3173265 1754219569.8029816
1754219569.8030033 1754219599.272959
1754219599.2729816 1754219630.402394
1754219630.4024231 1754219658.0356164
1754219658.0356367 1754219694.988119
1754219694.98816 1754219718.354123
1754219718.3541434 1754219747.767005
1754219747.7670312 1754219776.1394284
1754219776.13945 1754219807.4326298
1754219807.4326506 1754219828.6458488
1754219828.645872 1754219863.9502695
1754219863.9502904 1754219889.261348
1754219889.2613726 1754219922.0150106
1754219922.0150335 1754219945.3528805
1754219945.3529022 1754219977.7980225
1754219977.7980442 1754220001.8356524
1754220001.8356776 1754220033.7515752
1754220033.7516105 1754220062.2133145
1754220062.2133377 1754220089.0827851
1754220089.0828028 1754220118.652884
1754220118.6529076 1754220150.0593555
1754220150.05938 1754220181.7490933
1754220181.7491145 1754220208.0285487
1754220208.0285697 1754220239.1196501
1754220239.119677 1754220264.430836
1754220264.4308574 1754220294.5593326
1754220294.5593493 1754220323.625307
1754220323.6253307 1754220356.2532616
1754220356.2532814 1754220384.7173414
1754220384.717368 1754220409.7524593
1754220409.752477 1754220443.3351693
1754220443.3351927 1754220479.0472658
1754220479.0472946 1754220503.6950347
1754220503.6950514 1754220534.7411008
1754220534.7411244 1754220564.0070252
1754220564.0070415 1754220590.6849892
1754220590.6850135 1754220622.2122686
1754220622.2122946 1754220650.1344995
1754220650.1345239 1754220677.4099324
1754220677.409948 1754220708.843481
1754220708.8435044 1754220742.8401735
1754220742.840194 1754220771.1924055
1754220771.1924334 1754220807.5799084
1754220807.5799284 1754220838.7679026
1754220838.767931 1754220863.685267
1754220863.6852932 1754220902.7270122
1754220902.7270339 1754220929.807368
1754220929.8073897 1754220957.9294932
1754220957.929511 1754220995.4781663
1754220995.4781926 1754221025.6407511
1754221025.6407707 1754221055.1575766
