1754191063.1600413 1754191087.3812342
1754191087.3812633 1754191114.6881156
1754191114.688136 1754191153.5931206
1754191153.5931418 1754191181.098151
1754191181.0982022 1754191201.0341566
1754191201.034182 1754191229.7632728
1754191229.7632976 1754191263.7244625
1754191263.7244878 1754191301.487762
1754191301.487789 1754191325.9345052
1754191325.9345324 1754191355.8531256
1754191355.853151 1754191386.3720772
1754191386.3721168 1754191427.671124
1754191427.6711411 1754191451.1286898
1754191451.1287193 1754191486.6159823
1754191486.6160033 1754191524.1095827
1754191524.109605 1754191556.1862705
1754191556.186294 1754191579.6159527
1754191579.6159875 1754191605.0797648
1754191605.0797875 1754191636.2560399
1754191636.2560632 1754191670.9042044
1754191670.9042375 1754191705.1277118
1754191705.1277344 1754191730.4368188
1754191730.4368422 1754191760.2132452
1754191760.2132688 1754191794.7105815
1754191794.7106028 1754191823.5406456
1754191823.540677 1754191852.8003936
1754191852.8004253 1754191874.3929024
1754191874.3929327 1754191904.5396705
1754191904.5396929 1754191931.3278553
1754191931.327874 1754191968.1699114
1754191968.1699362 1754192000.1772318
1754192000.1772554 1754192028.5453715
1754192028.54539 1754192056.5867305
1754192056.5867572 1754192090.1613653
1754192090.1613872 1754192119.0681345
1754192119.0681596 1754192146.64639
1754192146.6464252 1754192173.494242
1754192173.4942706 1754192203.1985328
1754192203.1985586 1754192229.4448755
1754192229.4449003 1754192261.1970289
1754192261.1970537 1754192284.5950375
1754192284.5950599 1754192314.013445
1754192314.0134666 1754192344.290289
1754192344.290315 1754192371.7471654
1754192371.7471921 1754192401.3478801
1754192401.3479075 1754192427.583458
1754192427.5834806 1754192460.5530381
1754192460.55306 1754192494.5740995
1754192494.574125 1754192526.013509
1754192526.0135326 1754192546.2898607
1754192546.2898822 1754192575.8144438
1754192575.8144717 1754192604.0249557
1754192604.024979 1754192642.1956058
1754192642.1956313 1754192663.926795
1754192663.926818 1754192701.7442706
1754192701.7442923 1754192727.823355
1754192727.8233805 1754192756.5807664
1754192756.5807881 1754192790.2576482
1754192790.2576663 1754192821.5052001
1754192821.505231 1754192855.1419585
1754192855.141984 1754192888.634427
1754192888.634447 1754192914.012875
1754192914.0128994 1754192948.3821738
1754192948.3821926 1754192984.8866587
1754192984.8866835 1754193022.7681017
1754193022.7681236 1754193051.1687405
1754193051.168769 1754193080.3317282
1754193080.3317494 1754193108.7356656
1754193108.7356882 1754193133.0537214
1754193133.0537508 1754193169.200652
1754193169.200671 1754193186.6139245
1754193186.6139545 1754193211.5076673
1754193211.5076911 1754193244.6856956
1754193244.6857195 1754193277.664815
1754193277.6648395 1754193302.535284
1754193302.5353053 1754193342.2958794
1754193342.2959065 1754193375.0053635
1754193375.005385 1754193401.3001184
1754193401.3001466 1754193436.491926
1754193436.491947 1754193473.4148662
1754193473.4148903 1754193506.9587898
1754193506.9588144 1754193533.2471657
1754193533.2471905 1754193565.2150111
1754193565.2150319 1754193601.903473
1754193601.9034994 1754193626.1754847
1754193626.1755064 1754193653.820953
1754193653.820972 1754193677.3013427
1754193677.301366 1754193704.224445
1754193704.2244816 1754193728.6962364
1754193728.6962616 1754193759.5707579
1754193759.5707788 1754193795.2290065
1754193795.2290347 1754193823.419043
1754193823.4190702 1754193852.070531
1754193852.0705452 1754193883.1341903
1754193883.1342115 1754193915.9867642
1754193915.9867878 1754193953.9552405
1754193953.9552672 1754193991.8782358
1754193991.8782613 1754194020.9806914
1754194020.980739 1754194060.5768142
1754194060.5768363 1754194089.4991
1754194089.4991274 1754194117.3634431
1754194117.3634713 1754194146.3184955
1754194146.3185241 1754194177.8929186
1754194177.892941 1754194205.0211408
1754194205.0211632 1754194238.8186939
1754194238.8187184 1754194262.8420918
1754194262.8421125 1754194288.0040286
1754194288.0040507 1754194316.3510387
1754194316.3510652 1754194342.6822503
1754194342.6822762 1754194375.3627117
1754194375.362736 1754194411.7486684
1754194411.7486925 1754194451.245949
1754194451.2459743 1754194483.9784734
1754194483.9784963 1754194513.265552
1754194513.2655745 1754194542.921404
1754194542.9214325 1754194577.88103
1754194577.881051 1754194610.3108683
1754194610.310895 1754194640.1749184
1754194640.1749396 1754194670.953944
1754194670.9541416 1754194696.7830894
1754194696.7831128 1754194723.182657
1754194723.1826766 1754194750.1298354
1754194750.1298604 1754194784.4121687
1754194784.412188 1754194812.6483812
1754194812.6484032 1754194841.1724048
1754194841.1724367 1754194868.9156103
1754194868.9156325 1754194903.0117466
1754194903.0117724 1754194931.0984802
1754194931.0984967 1754194965.4740279
1754194965.474055 1754195000.2226942
1754195000.2227192 1754195036.5254836
1754195036.525511 1754195065.7986376
1754195065.7986639 1754195089.8285136
1754195089.8285446 1754195120.2328007
1754195120.2328217 1754195146.8479517
1754195146.847983 1754195174.1734304
1754195174.1734512 1754195203.192772
1754195203.192797 1754195237.130404
1754195237.130425 1754195273.5869622
1754195273.5869827 1754195302.9110863
1754195302.9111083 1754195335.9650002
1754195335.965033 1754195367.0288656
1754195367.0288937 1754195391.300463
1754195391.3004847 1754195421.5578215
1754195421.5578487 1754195449.8349981
1754195449.8350186 1754195474.4500039
1754195474.450023 1754195519.2931924
1754195519.2932167 1754195542.472646
1754195542.4726636 1754195572.4649656
1754195572.4649863 1754195605.8746717
1754195605.8747132 1754195623.130315
1754195623.1303332 1754195652.859619
1754195652.8596463 1754195682.7071474
1754195682.7071722 1754195711.3777142
1754195711.3777325 1754195753.8306434
1754195753.8306682 1754195786.6769347
1754195786.6769533 1754195814.904634
1754195814.9046638 1754195840.4003582
1754195840.4003913 1754195863.4632206
1754195863.4632423 1754195897.5834627
1754195897.5834854 1754195922.8842409
1754195922.8842697 1754195949.8564694
1754195949.8564928 1754195977.1540167
1754195977.1540477 1754196011.2948139
1754196011.29485 1754196043.6427314
1754196043.6427586 1754196074.0270813
1754196074.0271082 1754196105.2560327
1754196105.2560537 1754196139.6107688
1754196139.610793 1754196165.1923275
1754196165.1923556 1754196186.5285401
1754196186.5285614 1754196221.0928786
1754196221.0928986 1754196249.3285766
1754196249.3286006 1754196285.7121854
1754196285.7122083 1754196311.7784536
1754196311.7784798 1754196344.3417444
1754196344.3417726 1754196378.0092623
1754196378.0092833 1754196409.2565262
1754196409.2565496 1754196437.8170936
1754196437.8171208 1754196463.7531269
1754196463.753146 1754196497.1621864
1754196497.1622126 1754196530.4234965
1754196530.4235177 1754196560.4284132
1754196560.4284337 1754196590.9663475
1754196590.9663734 1754196618.2268434
1754196618.2268639 1754196655.7939663
1754196655.7940009 1754196684.6491828
1754196684.6492038 1754196722.5145588
1754196722.5145843 1754196744.4274387
1754196744.4274616 1754196781.3413794
1754196781.3414078 1754196809.9229715
1754196809.922995 1754196831.1933918
1754196831.19342 1754196858.4856744
1754196858.4856942 1754196898.960253
1754196898.960287 1754196927.585808
1754196927.585838 1754196950.2613895
1754196950.2614276 1754196982.7955513
1754196982.7955813 1754197007.1670396
1754197007.1670682 1754197041.4918692
1754197041.491891 1754197072.312417
1754197072.3124475 1754197105.5352376
1754197105.5352566 1754197135.8326607
1754197135.832691 1754197168.9699798
1754197168.9700034 1754197193.4096963
1754197193.4097297 1754197221.1817012
1754197221.181722 1754197251.901822
1754197251.9018486 1754197284.2519176
1754197284.2519414 1754197313.0035048
1754197313.0035348 1754197344.5657911
1754197344.5658233 1754197380.2742803
1754197380.2743015 1754197407.0119665
1754197407.0119965 1754197439.6515226
1754197439.6515431 1754197470.6560564
1754197470.6560874 1754197493.8150415
1754197493.8150597 1754197525.1740267
1754197525.1740477 1754197559.295511
1754197559.2955394 1754197589.5089345
1754197589.508953 1754197624.1697557
1754197624.1697805 1754197655.269828
1754197655.269846 1754197685.394671
1754197685.3947003 1754197714.1604714
1754197714.1604934 1754197751.0770888
1754197751.077114 1754197786.3567019
1754197786.3567293 1754197820.0335164
1754197820.0335364 1754197851.9701881
1754197851.970215 1754197879.120411
1754197879.1204314 1754197910.7855866
1754197910.7856123 1754197933.022556
1754197933.022575 1754197967.6774347
1754197967.6774619 1754197992.6821444
1754197992.6821635 1754198019.0001712
1754198019.000208 1754198047.6794853
1754198047.679506 1754198084.0037704
1754198084.003801 1754198114.8784375
1754198114.878459 1754198144.4125955
1754198144.4126244 1754198178.7807817
1754198178.7808123 1754198204.3027446
1754198204.3027706 1754198229.2905443
1754198229.290563 1754198260.6514356
1754198260.6514637 1754198292.478955
1754198292.4789815 1754198313.5585053
1754198313.5585294 1754198339.5794818
1754198339.5795038 1754198370.6924
1754198370.692429 1754198402.4008932
1754198402.4009328 1754198437.7837389
1754198437.7837696 1754198472.7651656
1754198472.7651892 1754198500.6004198
1754198500.6004486 1754198541.231055
1754198541.2310803 1754198567.1225758
1754198567.1226022 1754198598.8384182
1754198598.8384376 1754198625.307188
1754198625.3072217 1754198656.8616335
1754198656.8616548 1754198678.6184654
1754198678.6184926 1754198703.8531117
1754198703.8531291 1754198730.8561664
1754198730.856191 1754198758.1803303
1754198758.1803532 1754198786.4775994
1754198786.4776187 1754198820.5524194
1754198820.5524452 1754198845.8390062
1754198845.8390257 1754198871.8015366
1754198871.801563 1754198908.5472343
1754198908.547258 1754198929.7384672
1754198929.7384937 1754198964.6142213
1754198964.6142404 1754198994.3273225
1754198994.3273473 1754199026.516584
1754199026.5166101 1754199058.4347992
1754199058.4348211 1754199094.7242558
1754199094.7242763 1754199115.7183096
1754199115.7183342 1754199147.277144
1754199147.2771654 1754199184.1572268
1754199184.157256 1754199214.9824479
1754199214.9824767 1754199241.720923
1754199241.7209659 1754199269.2731094
1754199269.2731364 1754199299.0621128
1754199299.062138 1754199336.408529
1754199336.4085512 1754199367.7347233
1754199367.7347445 1754199401.6818862
1754199401.6819174 1754199444.1866493
1754199444.1866686 1754199471.6624167
1754199471.6624594 1754199496.4730709
1754199496.473091 1754199527.8916929
1754199527.8917205 1754199561.5395792
1754199561.5396209 1754199590.9633956
1754199590.963419 1754199618.9894552
1754199618.989475 1754199642.184754
1754199642.1847827 1754199670.5967348
1754199670.5967565 1754199700.8050878
1754199700.8051143 1754199726.3429844
1754199726.3430097 1754199751.3580503
1754199751.3580723 1754199783.6573048
1754199783.6573272 1754199815.1390176
1754199815.139039 1754199845.1010342
1754199845.101077 1754199875.0090528
1754199875.0090814 1754199900.1065311
1754199900.106553 1754199925.3407013
1754199925.3407338 1754199952.603887
1754199952.603909 1754199977.1517467
1754199977.151776 1754200007.5183582
1754200007.5183864 1754200042.4371715
1754200042.4371927 1754200079.0472274
1754200079.0472515 1754200107.5313542
1754200107.5313828 1754200141.2488625
1754200141.2488868 1754200174.0260022
1754200174.026037 1754200206.0179746
1754200206.0179982 1754200231.7090433
1754200231.709069 1754200261.5786343
1754200261.5786579 1754200290.6318538
1754200290.6318839 1754200315.1927161
1754200315.192735 1754200348.5971928
1754200348.5972269 1754200375.0582845
1754200375.058306 1754200403.8653352
1754200403.865361 1754200434.8475747
1754200434.8476114 1754200464.0685678
1754200464.0685894 1754200487.1437624
1754200487.1437871 1754200519.0833397
1754200519.0833619 1754200544.900176
1754200544.900197 1754200576.0044947
1754200576.0045207 1754200607.305189
1754200607.305211 1754200639.9004288
1754200639.9004505 1754200672.921193
1754200672.9212246 1754200705.8664563
1754200705.866482 1754200738.3071787
1754200738.3072 1754200768.99239
1754200768.9924185 1754200798.1321514
1754200798.1321719 1754200835.0424097
1754200835.042432 1754200865.4175434
1754200865.4175699 1754200896.5078204
1754200896.5078428 1754200931.1803966
1754200931.1804209 1754200959.6545658
1754200959.6545875 1754200997.1010344
1754200997.1010544 1754201025.5631542
1754201025.5631816 1754201062.7986858
1754201062.798705 1754201092.5529292
1754201092.5529573 1754201123.5584748
1754201123.558503 1754201149.885984
1754201149.8860064 1754201193.9766169
1754201193.9766388 1754201216.7255425
1754201216.7255733 1754201242.646059
1754201242.6460772 1754201267.933444
1754201267.9334733 1754201291.2397504
1754201291.2397707 1754201320.8582416
1754201320.8582647 1754201346.7321408
1754201346.7321696 1754201380.5866795
1754201380.5866978 1754201414.4277885
1754201414.427815 1754201442.3853035
1754201442.3853316 1754201479.1344774
1754201479.1344957 1754201508.812293
1754201508.8123157 1754201543.4468486
1754201543.4468749 1754201572.0289803
1754201572.0290048 1754201603.4282982
1754201603.4283369 1754201632.1095543
1754201632.1095848 1754201661.6269665
1754201661.6269872 1754201690.1751094
1754201690.175137 1754201726.5274227
1754201726.527443 1754201756.1551611
1754201756.1551855 1754201785.1812658
1754201785.1812897 1754201812.5754075
1754201812.5754292 1754201838.6125567
1754201838.6125808 1754201868.22475
1754201868.224778 1754201895.4283817
1754201895.4284008 1754201927.4664304
1754201927.4664502 1754201957.1429527
1754201957.1429799 1754201982.942756
1754201982.9427836 1754202021.820479
1754202021.8205106 1754202049.471191
1754202049.471211 1754202070.070762
1754202070.0707865 1754202100.110516
1754202100.110536 1754202134.4995534
1754202134.4996076 1754202162.6026201
1754202162.60264 1754202196.6052587
1754202196.6052783 1754202222.0002773
1754202222.0003223 1754202256.8981187
1754202256.8981385 1754202289.8866253
1754202289.886653 1754202325.2416868
1754202325.2417107 1754202356.7793086
1754202356.7793357 1754202388.5228846
1754202388.5229104 1754202414.9364543
1754202414.9364748 1754202443.4823472
1754202443.4823925 1754202469.7646623
1754202469.7646904 1754202498.8840191
1754202498.8840506 1754202526.6526158
1754202526.6526377 1754202552.937533
1754202552.937559 1754202588.911252
1754202588.9112747 1754202618.0206087
1754202618.0206323 1754202644.2367299
1754202644.2367604 1754202677.8700767
1754202677.8701022 1754202711.6718874
1754202711.671915 1754202739.7832081
1754202739.7832322 1754202765.99966
1754202765.9996817 1754202800.4592135
1754202800.4592378 1754202825.7159295
1754202825.7159524 1754202853.9001634
1754202853.9001913 1754202890.923829
1754202890.9238536 1754202920.8923416
1754202920.8923712 1754202952.7262428
1754202952.7262738 1754202984.8742692
1754202984.8742914 1754203009.1109877
1754203009.1110163 1754203041.345754
1754203041.345773 1754203070.2201846
1754203070.22021 1754203103.229093
1754203103.2291188 1754203128.116898
1754203128.1169202 1754203161.0112286
1754203161.0112557 1754203191.8662853
1754203191.8663206 1754203221.4957345
1754203221.4957569 1754203246.0734932
1754203246.0735254 1754203277.3247788
1754203277.3247979 1754203303.409422
1754203303.4094417 1754203334.7689042
1754203334.768932 1754203368.4920337
1754203368.4920633 1754203393.9211078
1754203393.9211292 1754203418.3620057
1754203418.3620243 1754203449.8981164
1754203449.898144 1754203477.3627813
1754203477.3628101 1754203504.3293877
1754203504.3294067 1754203536.4124343
1754203536.4124672 1754203568.036375
1754203568.0363982 1754203602.8784606
1754203602.8784857 1754203634.0760088
1754203634.0760317 1754203655.8353014
1754203655.8353271 1754203689.192043
1754203689.192072 1754203707.3433564
1754203707.3433805 1754203733.6846676
1754203733.684688 1754203757.760028
1754203757.760055 1754203780.8381982
1754203780.8382246 1754203814.0749474
1754203814.074971 1754203841.018247
1754203841.0182722 1754203872.9343293
1754203872.9343626 1754203902.001675
1754203902.001719 1754203929.1997564
1754203929.1997805 1754203961.229771
1754203961.2297971 1754203993.221452
1754203993.2214763 1754204020.101155
1754204020.1011846 1754204059.7923853
1754204059.792413 1754204094.012176
1754204094.0122032 1754204123.9129088
1754204123.9129295 1754204160.3769786
1754204160.3770027 1754204189.9148147
1754204189.9148386 1754204229.6689742
1754204229.6690073 1754204263.4564986
1754204263.45652 1754204300.0715141
1754204300.0715394 1754204321.2411785
1754204321.2412028 1754204353.296067
1754204353.2960951 1754204376.7612164
1754204376.7612352 1754204410.0483022
1754204410.0483294 1754204445.9938858
1754204445.9939058 1754204476.438299
1754204476.4383242 1754204503.3202052
1754204503.3202274 1754204532.8697846
1754204532.869809 1754204567.8873014
1754204567.8873255 1754204600.6644354
1754204600.6644566 1754204623.9364774
1754204623.936504 1754204653.0777762
1754204653.0777977 1754204679.4464126
1754204679.4464402 1754204716.6108742
1754204716.610896 1754204742.690419
1754204742.6904442 1754204770.5896351
1754204770.5896583 1754204799.4581447
1754204799.4581723 1754204829.5416925
1754204829.5417132 1754204860.3095415
1754204860.3095672 1754204887.2517455
1754204887.2517674 1754204917.2697625
1754204917.269789 1754204951.7145336
1754204951.7145596 1754204989.2984047
1754204989.2984333 1754205018.485981
1754205018.4859998 1754205054.3984694
1754205054.3984945 1754205084.6731694
1754205084.6731906 1754205120.451022
1754205120.4510465 1754205147.209343
1754205147.209363 1754205171.6137877
1754205171.6138077 1754205203.029261
1754205203.0292866 1754205242.472591
1754205242.472612 1754205268.4534426
1754205268.4534726 1754205303.4195583
1754205303.4196095 1754205328.9976623
1754205328.9976823 1754205355.3989952
1754205355.3990228 1754205384.7932274
1754205384.7932577 1754205418.7655644
1754205418.7655885 1754205447.5130682
1754205447.5130882 1754205482.957814
1754205482.957837 1754205512.168232
1754205512.1682596 1754205538.7987657
1754205538.7987847 1754205569.3984354
1754205569.3984537 1754205611.909428
1754205611.9094555 1754205646.377715
1754205646.377745 1754205679.9969285
1754205679.9969492 1754205710.0334125
1754205710.0334425 1754205736.0511515
1754205736.051188 1754205761.1220658
1754205761.1220894 1754205791.1766794
1754205791.176708 1754205815.9060752
1754205815.906111 1754205854.3842473
1754205854.3842692 1754205887.4489274
1754205887.4489481 1754205919.4132085
1754205919.413237 1754205939.435124
1754205939.435149 1754205973.7937846
1754205973.793805 1754206007.78123
1754206007.781256 1754206037.5106056
1754206037.5106244 1754206067.3451684
1754206067.3451936 1754206102.5268016
1754206102.526827 1754206133.152115
1754206133.1521366 1754206162.391629
1754206162.39166 1754206186.9880438
1754206186.9880702 1754206213.4634552
1754206213.4634757 1754206244.0656126
1754206244.0656402 1754206278.868983
1754206278.8690033 1754206306.6696236
1754206306.669649 1754206339.8929167
1754206339.8929422 1754206374.8180752
1754206374.8181016 1754206399.1883376
1754206399.1883595 1754206431.5197616
1754206431.5197895 1754206460.196636
1754206460.1966634 1754206490.5736709
1754206490.5736954 1754206515.7709973
1754206515.771023 1754206543.6106665
1754206543.6106865 1754206572.8537679
1754206572.8537884 1754206609.652629
1754206609.652658 1754206637.1186674
1754206637.1186936 1754206662.4995694
1754206662.4996119 1754206690.5664291
1754206690.5664537 1754206720.3454697
1754206720.3454936 1754206751.9556644
1754206751.9556875 1754206777.254569
1754206777.2545977 1754206807.4575727
1754206807.457598 1754206835.6509037
1754206835.6509304 1754206860.0657585
1754206860.0657787 1754206883.1431146
1754206883.1431391 1754206910.7018511
1754206910.7018728 1754206940.8211367
1754206940.8211617 1754206975.0557792
1754206975.0558016 1754207008.5594237
1754207008.5594444 1754207041.94238
1754207041.9424062 1754207066.5098324
1754207066.509856 1754207103.4303555
1754207103.4303825 1754207125.8493888
1754207125.8494096 1754207154.9714067
1754207154.9714286 1754207180.6798344
1754207180.6798613 1754207218.2428737
1754207218.2428946 1754207248.7427335
1754207248.7427642 1754207274.5859277
1754207274.5859659 1754207306.7760413
1754207306.7760642 1754207338.3340228
1754207338.3340454 1754207369.47033
1754207369.4703584 1754207398.4274476
1754207398.427473 1754207435.145199
1754207435.1452174 1754207462.6079688
1754207462.6079934 1754207489.7826686
1754207489.7826903 1754207523.9750211
1754207523.9750564 1754207542.69285
1754207542.6928759 1754207579.1364002
1754207579.1364195 1754207611.7945516
1754207611.7945776 1754207645.7022576
1754207645.7022786 1754207671.727649
1754207671.7276726 1754207701.3680458
1754207701.3680677 1754207732.9496624
1754207732.9496877 1754207761.419176
1754207761.4192035 1754207795.0728707
1754207795.0729015 1754207823.0088792
1754207823.0089228 1754207856.230044
1754207856.2300618 1754207885.1115239
1754207885.1115563 1754207910.3193417
1754207910.3193622 1754207942.1788747
1754207942.178899 1754207971.9026012
1754207971.9026341 1754207998.9894683
1754207998.98949 1754208025.3824244
1754208025.3824532 1754208051.8370605
1754208051.8370802 1754208083.5534332
1754208083.5534523 1754208110.7456737
1754208110.7456923 1754208145.9031227
1754208145.903151 1754208174.033002
1754208174.0330203 1754208203.899904
1754208203.8999305 1754208236.0462968
1754208236.0463183 1754208275.028683
1754208275.0287077 1754208302.7314312
1754208302.7314544 1754208329.2501202
1754208329.250147 1754208362.0268602
1754208362.0268848 1754208388.8043225
1754208388.8043442 1754208421.435042
1754208421.4350712 1754208449.9120047
1754208449.9120345 1754208477.7209659
1754208477.7209864 1754208501.6562622
1754208501.6562877 1754208532.4087195
1754208532.4087472 1754208560.706305
1754208560.706333 1754208592.664733
1754208592.6647577 1754208624.1696825
1754208624.1697092 1754208654.9771767
1754208654.977212 1754208689.3953
1754208689.3953211 1754208718.6032581
1754208718.6032808 1754208747.6867316
1754208747.6867497 1754208775.0760903
1754208775.0761204 1754208804.7069895
1754208804.707012 1754208839.2364411
1754208839.23647 1754208871.417221
1754208871.4172456 1754208908.7501533
1754208908.7501807 1754208944.1135058
1754208944.1135242 1754208972.6758382
1754208972.6758707 1754208997.6387663
1754208997.6387935 1754209022.9524136
1754209022.9524338 1754209053.8568182
1754209053.856842 1754209086.6529012
1754209086.6529226 1754209127.792222
1754209127.7922432 1754209152.3908603
1754209152.390887 1754209180.2521324
1754209180.2521522 1754209207.2605062
1754209207.2605307 1754209233.9582946
1754209233.958313 1754209262.3767884
1754209262.3768256 1754209290.7054758
1754209290.7054958 1754209321.2991207
1754209321.2991464 1754209349.676897
1754209349.6769211 1754209388.2893293
1754209388.289349 1754209411.841142
1754209411.8411682 1754209441.232053
1754209441.2320738 1754209473.6329951
1754209473.633017 1754209503.6033278
1754209503.6033506 1754209527.7582197
1754209527.758246 1754209555.252873
1754209555.2529001 1754209584.4153936
1754209584.4154181 1754209612.9322934
1754209612.932316 1754209637.1708207
1754209637.1708465 1754209674.2124004
1754209674.2124205 1754209702.504375
1754209702.504407 1754209727.732352
1754209727.7323844 1754209757.108034
1754209757.1080525 1754209781.9116552
1754209781.9116797 1754209814.6768117
1754209814.6768334 1754209854.2175725
1754209854.2175968 1754209879.3269653
1754209879.3269894 1754209910.4086454
1754209910.4086733 1754209943.2006617
1754209943.2006834 1754209970.8207314
1754209970.820758 1754209989.620863
1754209989.6208866 1754210017.792317
1754210017.7923439 1754210048.9227724
1754210048.9227917 1754210087.9870577
1754210087.987083 1754210115.7895331
1754210115.7895539 1754210140.8335664
1754210140.8335857 1754210171.8533928
1754210171.8534195 1754210192.0254247
1754210192.0254498 1754210221.4294312
1754210221.42945 1754210260.8525555
1754210260.8525844 1754210298.9335423
1754210298.933563 1754210326.846855
1754210326.846881 1754210357.0023115
1754210357.0023358 1754210378.8005881
1754210378.8006146 1754210413.8296306
1754210413.8296545 1754210439.3654945
1754210439.3655138 1754210470.8014631
1754210470.8014882 1754210508.2848945
1754210508.2849157 1754210538.5841691
1754210538.5842078 1754210567.3580728
1754210567.3581016 1754210596.1625762
1754210596.1625974 1754210631.0115042
1754210631.0115297 1754210654.7706273
1754210654.7706578 1754210684.0682166
1754210684.0682433 1754210713.1339536
1754210713.1339757 1754210742.7129745
1754210742.7130005 1754210775.546101
1754210775.5461323 1754210805.121736
1754210805.1217585 1754210841.6890519
1754210841.6890805 1754210875.4319324
1754210875.4319549 1754210903.7449868
1754210903.7450125 1754210932.4680693
1754210932.4680898 1754210960.8229263
1754210960.8229523 1754210989.286746
1754210989.2867727 1754211021.8290677
1754211021.8290918 1754211047.991101
1754211047.9911296 1754211080.6275918
1754211080.6276157 1754211113.2642505
1754211113.2642775 1754211140.4895391
1754211140.4895651 1754211169.0195026
1754211169.0195324 1754211197.1919672
1754211197.1919956 1754211218.7511833
1754211218.7512155 1754211250.2325904
1754211250.2326145 1754211279.2412407
1754211279.24126 1754211310.217671
1754211310.2177 1754211338.5030944
1754211338.5031183 1754211364.094111
1754211364.0941331 1754211391.9267626
1754211391.926792 1754211417.7509308
1754211417.750956 1754211454.8763437
1754211454.8763738 1754211487.5882416
1754211487.5882683 1754211520.924735
1754211520.924762 1754211554.185697
1754211554.1857224 1754211578.674397
1754211578.6744199 1754211606.1619315
1754211606.1619637 1754211634.5128238
1754211634.5128486 1754211660.8904793
1754211660.8905082 1754211689.8394568
1754211689.8394768 1754211720.9726396
1754211720.9726644 1754211760.2787747
1754211760.278807 1754211787.4160156
1754211787.416045 1754211818.8301883
1754211818.8302152 1754211852.6856532
1754211852.6856785 1754211881.992434
1754211881.9924557 1754211920.8981535
1754211920.8981812 1754211948.0620472
1754211948.0620766 1754211978.78629
1754211978.7863164 1754212007.2423627
1754212007.2423916 1754212032.8410077
1754212032.8410273 1754212070.8645995
1754212070.8646271 1754212098.6530905
1754212098.6531155 1754212129.1265886
1754212129.1266105 1754212161.9148803
1754212161.914911 1754212183.0394614
1754212183.0394986 1754212207.3895662
1754212207.3895855 1754212239.004581
1754212239.004611 1754212276.649828
1754212276.6498466 1754212308.4942987
1754212308.4943383 1754212339.9795203
1754212339.9795392 1754212361.9013343
1754212361.9013615 1754212394.6520555
1754212394.652075 1754212426.248314
1754212426.2483408 1754212456.058302
1754212456.0583222 1754212486.4076607
1754212486.4076834 1754212524.329588
1754212524.3296137 1754212557.309463
1754212557.3094864 1754212577.027489
1754212577.0275147 1754212613.495246
1754212613.495267 1754212640.5505285
1754212640.5505524 1754212670.847261
1754212670.8472826 1754212699.4846244
1754212699.4846752 1754212737.5756469
1754212737.5756707 1754212767.489776
1754212767.4898 1754212797.6464598
1754212797.6464834 1754212823.9692433
1754212823.969269 1754212858.310355
1754212858.310391 1754212891.8279424
1754212891.8279638 1754212918.32707
1754212918.3270946 1754212945.1457644
1754212945.1457858 1754212982.4432938
1754212982.4433203 1754213022.0076268
1754213022.0076513 1754213051.4548466
1754213051.4548693 1754213074.6470106
1754213074.6470468 1754213104.125631
1754213104.1256547 1754213132.878814
1754213132.8788376 1754213159.1264033
1754213159.1264334 1754213192.311742
1754213192.3117616 1754213220.7429073
1754213220.7429366 1754213243.8556864
1754213243.8557107 1754213268.5413814
1754213268.5414076 1754213309.9635012
1754213309.9635282 1754213344.1885889
1754213344.1886146 1754213370.0714068
1754213370.0714295 1754213405.8158371
1754213405.815875 1754213430.7632308
1754213430.7632546 1754213461.5496914
1754213461.5497184 1754213490.537841
1754213490.5378613 1754213520.0798485
1754213520.0798814 1754213547.9780521
1754213547.9780781 1754213569.177469
1754213569.1774933 1754213600.5307274
1754213600.5307477 1754213627.4811003
1754213627.4811275 1754213655.564104
1754213655.5641305 1754213683.390827
1754213683.3908474 1754213715.0792215
1754213715.07925 1754213740.4011772
1754213740.4012036 1754213773.0710485
1754213773.0710714 1754213799.9796124
1754213799.979638 1754213832.021238
1754213832.0212605 1754213852.7491975
1754213852.7492208 1754213884.682767
1754213884.6827888 1754213913.4534786
1754213913.4535003 1754213940.0277843
1754213940.0278096 1754213969.5592415
1754213969.5592654 1754214001.6163297
1754214001.6163497 1754214023.5832212
1754214023.5832484 1754214055.9248111
1754214055.9248302 1754214083.0676117
1754214083.0676432 1754214106.9562519
1754214106.9562836 1754214138.7198694
1754214138.719903 1754214165.8415906
1754214165.8416178 1754214200.3887675
1754214200.3887973 1754214231.9642997
1754214231.964326 1754214260.0496075
1754214260.0496275 1754214287.0894678
1754214287.0894935 1754214316.7110436
1754214316.7110684 1754214345.1651673
1754214345.1651905 1754214384.742902
1754214384.742926 1754214412.6977656
1754214412.6977885 1754214445.32956
1754214445.3295887 1754214478.6679127
1754214478.6679347 1754214503.4589043
1754214503.4589317 1754214528.8157964
1754214528.815819 1754214560.7250512
1754214560.7250795 1754214588.2809894
1754214588.2810137 1754214618.088389
1754214618.0884151 1754214652.4067645
1754214652.4067872 1754214682.7589643
1754214682.7589848 1754214712.714862
1754214712.71489 1754214741.4837117
1754214741.4837372 1754214774.14789
1754214774.1479383 1754214798.974914
1754214798.9749382 1754214822.2291443
1754214822.2291713 1754214853.8286233
1754214853.828644 1754214888.3514268
1754214888.351447 1754214917.4205937
1754214917.420621 1754214952.9935973
1754214952.9936173 1754214992.6477048
1754214992.6477325 1754215023.4906921
1754215023.4907124 1754215048.3626523
1754215048.3626807 1754215082.5985878
1754215082.598608 1754215116.531274
1754215116.5312977 1754215140.7715788
1754215140.7716255 1754215170.8434913
1754215170.8435087 1754215200.2416174
1754215200.2416584 1754215233.6796083
1754215233.6796331 1754215264.7424073
1754215264.742435 1754215285.7904315
1754215285.790451 1754215326.1848607
1754215326.1848845 1754215362.1032422
1754215362.1032631 1754215390.2600307
1754215390.2600534 1754215423.1947057
1754215423.194731 1754215455.2118585
1754215455.2118793 1754215484.3175566
1754215484.3175807 1754215524.9124033
1754215524.9124267 1754215548.011006
1754215548.0110316 1754215580.9764988
1754215580.9765215 1754215611.1219432
1754215611.1219661 1754215641.8236816
1754215641.8237102 1754215674.9279785
1754215674.9280002 1754215706.4718337
1754215706.4718652 1754215737.4048362
1754215737.404859 1754215767.645317
1754215767.6453485 1754215795.699003
1754215795.6990244 1754215822.3393276
1754215822.3393493 1754215858.0412147
1754215858.041241 1754215880.1336725
1754215880.1337109 1754215910.1365812
1754215910.1366172 1754215941.6125593
1754215941.6125822 1754215972.8428073
1754215972.842836 1754216005.5924997
1754216005.5925207 1754216039.6222327
1754216039.6222594 1754216069.423397
1754216069.4234197 1754216098.0194595
1754216098.0194874 1754216128.5743144
1754216128.5743358 1754216156.9904673
1754216156.9904945 1754216182.3244455
1754216182.3244774 1754216210.2390583
1754216210.2390804 1754216250.4350224
1754216250.4350436 1754216280.1288273
1754216280.1288729 1754216308.2483907
1754216308.248415 1754216337.2889435
1754216337.288976 1754216363.8275216
1754216363.8275487 1754216388.0693536
1754216388.0693746 1754216416.0852811
1754216416.0853095 1754216454.5349443
1754216454.5349662 1754216483.6289978
1754216483.629024 1754216512.925169
1754216512.9251869 1754216539.9319284
1754216539.931956 1754216561.939453
1754216561.9394858 1754216588.9293263
1754216588.9293473 1754216626.8164868
1754216626.8165066 1754216654.9353485
1754216654.9353766 1754216688.7072983
1754216688.7073228 1754216722.8982835
1754216722.8983102 1754216751.963899
1754216751.9639232 1754216780.7455547
1754216780.7455792 1754216811.8109844
1754216811.8110106 1754216841.0036972
1754216841.0037189 1754216876.2712715
1754216876.2712991 1754216909.0437753
1754216909.0437965 1754216938.7676082
1754216938.767637 1754216965.2441037
1754216965.2441258 1754216995.2235324
1754216995.2235584 1754217019.6921237
1754217019.6921442 1754217049.308609
1754217049.3086398 1754217078.8477893
1754217078.847816 1754217108.9572852
1754217108.9573054 1754217135.8518336
1754217135.8518639 1754217171.755684
1754217171.7557118 1754217199.336067
1754217199.3360898 1754217226.0695271
1754217226.0695555 1754217255.8125947
1754217255.8126163 1754217290.8077765
1754217290.8078074 1754217315.313878
1754217315.3138983 1754217343.0707695
1754217343.0707908 1754217369.6488833
1754217369.6489103 1754217400.391439
1754217400.3914647 1754217429.5874338
1754217429.587462 1754217459.912836
1754217459.9128628 1754217479.8925161
1754217479.892542 1754217506.2126825
1754217506.2127059 1754217533.3270786
1754217533.3271039 1754217556.090258
1754217556.090276 1754217591.7670252
1754217591.7670476 1754217624.6687033
1754217624.6687331 1754217650.4816983
1754217650.4817293 1754217674.8682678
1754217674.868292 1754217702.1712828
1754217702.1713054 1754217736.4550123
1754217736.4550364 1754217766.8041563
1754217766.8041797 1754217789.1557238
1754217789.1557484 1754217821.2930975
1754217821.2931197 1754217854.7630806
1754217854.7631085 1754217881.2910793
1754217881.2911005 1754217906.057662
1754217906.0576956 1754217931.4091349
1754217931.4091554 1754217961.153965
1754217961.1539931 1754217987.2575703
1754217987.2575905 1754218015.7602282
1754218015.7602649 1754218042.6383095
1754218042.638341 1754218076.0677931
1754218076.0678158 1754218101.0079408
1754218101.0079672 1754218124.6137924
1754218124.6138206 1754218152.0836275
1754218152.08365 1754218182.810508
1754218182.81053 1754218219.0502517
1754218219.0502753 1754218251.4700067
1754218251.4700336 1754218278.5924568
1754218278.5924945 1754218304.297765
1754218304.297785 1754218334.8485844
1754218334.8486097 1754218369.476312
1754218369.4763362 1754218401.2147696
1754218401.2147899 1754218426.4731312
1754218426.4731576 1754218457.423073
1754218457.4230945 1754218484.3092642
1754218484.3092835 1754218517.1132789
1754218517.1133037 1754218556.9657767
1754218556.9657972 1754218587.8724558
1754218587.8724868 1754218621.9317338
1754218621.9317615 1754218650.0744612
1754218650.074481 1754218682.413168
1754218682.4131913 1754218712.8276544
1754218712.8276794 1754218736.4330995
1754218736.4331253 1754218763.7130935
1754218763.7131138 1754218796.7298265
1754218796.7298522 1754218833.7486064
1754218833.7486315 1754218863.72383
1754218863.7238572 1754218890.2147768
1754218890.2148013 1754218911.656294
1754218911.656317 1754218941.4355757
1754218941.435623 1754218971.1718903
1754218971.1719122 1754219016.957906
1754219016.9579291 1754219046.3300228
1754219046.3300464 1754219078.833613
1754219078.8336375 1754219103.9212408
1754219103.9212701 1754219134.005572
1754219134.0055938 1754219162.355716
1754219162.355736 1754219183.4106445
1754219183.41067 1754219213.6146245
1754219213.614649 1754219250.0283897
1754219250.028414 1754219279.2434
1754219279.243427 1754219311.548541
1754219311.5485628 1754219344.019538
1754219344.0195735 1754219375.2362316
1754219375.2362568 1754219399.7868683
1754219399.786888 1754219425.186868
1754219425.1868918 1754219452.5220869
1754219452.5221093 1754219486.8440564
1754219486.84408 1754219514.4803064
1754219514.4803338 1754219544.5221736
1754219544.5222108 1754219569.6891916
1754219569.6892152 1754219599.4345655
1754219599.4345896 1754219628.709172
1754219628.7091925 1754219663.7372472
1754219663.737275 1754219694.2179675
1754219694.217997 1754219723.9306073
1754219723.9306319 1754219749.3171875
1754219749.317216 1754219775.3019366
1754219775.3019576 1754219808.2883556
1754219808.2883847 1754219834.631092
1754219834.6311157 1754219863.6646323
1754219863.6646612 1754219893.2515907
1754219893.2516146 1754219922.5052783
1754219922.5053048 1754219949.9989405
1754219949.9989605 1754219980.1498988
1754219980.1499224 1754220001.637901
1754220001.637923 1754220038.495665
1754220038.4956875 1754220069.0088923
1754220069.0089211 1754220094.55037
1754220094.5503993 1754220126.5414417
1754220126.5414658 1754220151.4420598
1754220151.4420812 1754220180.9091253
1754220180.9091456 1754220212.4119844
1754220212.4120133 1754220244.0104153
1754220244.010437 1754220276.0883794
1754220276.0884063 1754220305.5739548
1754220305.5739791 1754220327.4238029
1754220327.4238198 1754220360.155621
1754220360.1556501 1754220384.8883026
1754220384.8883243 1754220413.5214534
1754220413.5214767 1754220446.0625288
1754220446.06256 1754220480.3462265
1754220480.3462555 1754220508.814156
1754220508.8141775 1754220539.022549
1754220539.0225782 1754220568.3977208
1754220568.39775 1754220595.4446418
1754220595.4446707 1754220625.200218
1754220625.2002378 1754220653.5321262
1754220653.5321546 1754220689.2320645
1754220689.2320874 1754220713.2052505
1754220713.20528 1754220745.3231506
1754220745.3231869 1754220770.8973958
1754220770.8974247 1754220804.980168
1754220804.9801884 1754220832.867003
1754220832.8670273 1754220869.8040793
1754220869.8041024 1754220902.0273447
1754220902.0273683 1754220933.0722656
1754220933.0722864 1754220967.194692
1754220967.1947165 1754220999.5357761
1754220999.5357985 1754221026.6367686
1754221026.636793 1754221061.4194598
