1763713762.4686995 1763713797.8642101
1763713797.8642373 1763713829.8845212
1763713829.8845406 1763713865.7693613
1763713865.7694035 1763713898.3857844
1763713898.385804 1763713934.2474298
1763713934.2474527 1763713974.0818517
1763713974.081872 1763714009.7645054
1763714009.76453 1763714038.8923674
1763714038.8923836 1763714070.1487422
1763714070.1487665 1763714110.0256488
1763714110.0256674 1763714131.9930317
1763714131.9930663 1763714175.6573868
1763714175.6574101 1763714201.2852578
1763714201.285276 1763714231.9780777
1763714231.978101 1763714265.6107535
1763714265.6107755 1763714301.5655656
1763714301.565586 1763714338.6733308
1763714338.6733534 1763714367.6697907
1763714367.6698163 1763714396.675537
1763714396.6755667 1763714423.6934106
1763714423.6934385 1763714450.5466635
1763714450.5466871 1763714470.2098384
1763714470.2098553 1763714510.0862594
1763714510.0862844 1763714545.411223
1763714545.4112415 1763714573.7226915
1763714573.7227159 1763714601.2505293
1763714601.2505476 1763714632.839817
1763714632.8398354 1763714660.3961642
1763714660.3961868 1763714694.9770663
1763714694.9770877 1763714719.7558866
1763714719.7559075 1763714755.7997751
1763714755.7998092 1763714781.8629644
1763714781.8629873 1763714815.7049084
1763714815.7049322 1763714849.4353602
1763714849.435383 1763714866.5090919
1763714866.5091124 1763714896.74902
1763714896.7490392 1763714921.9086957
1763714921.9087193 1763714947.8794208
1763714947.87944 1763714975.6582406
1763714975.6582627 1763715002.6786563
1763715002.6786768 1763715035.1171703
1763715035.117195 1763715071.884422
1763715071.8844638 1763715109.9096143
1763715109.9096632 1763715144.6016104
1763715144.601644 1763715184.606251
1763715184.6062708 1763715215.7055829
1763715215.7056084 1763715246.1396194
1763715246.1396382 1763715268.9995208
1763715268.9995458 1763715308.7325857
1763715308.7326066 1763715344.8778245
1763715344.8778489 1763715376.2888176
1763715376.2888455 1763715408.482884
1763715408.4829056 1763715439.8877335
1763715439.8877585 1763715475.4903858
1763715475.4904058 1763715508.4301298
1763715508.43015 1763715541.479254
1763715541.4792805 1763715579.8812337
1763715579.88126 1763715616.229941
1763715616.229963 1763715651.4272015
1763715651.4272208 1763715687.3097024
1763715687.3097272 1763715728.1855698
1763715728.1855922 1763715766.1235352
1763715766.1235583 1763715790.7695398
1763715790.7695656 1763715819.6577103
1763715819.6577296 1763715851.332562
1763715851.3325813 1763715883.708471
1763715883.7084959 1763715928.4294224
1763715928.429443 1763715965.999439
1763715965.9994633 1763716001.8920155
1763716001.8920386 1763716042.1759038
1763716042.175924 1763716075.016416
1763716075.0164409 1763716109.7236216
1763716109.723647 1763716146.6472547
1763716146.6472864 1763716178.5357032
1763716178.535724 1763716211.540046
1763716211.540072 1763716240.3231463
1763716240.3231714 1763716268.7997117
1763716268.7997315 1763716296.9114928
1763716296.9115174 1763716329.1648865
1763716329.164907 1763716358.1867414
1763716358.1867912 1763716393.7758238
1763716393.7758584 1763716426.1769977
1763716426.1770184 1763716454.0867186
1763716454.0867543 1763716480.8314734
1763716480.8314943 1763716504.2396455
1763716504.2396708 1763716537.6078622
1763716537.6078823 1763716582.7424014
1763716582.7424273 1763716630.7224786
1763716630.722499 1763716663.2513518
1763716663.2513857 1763716710.5507054
1763716710.550728 1763716763.9552374
1763716763.955258 1763716803.239597
1763716803.239624 1763716828.6441643
1763716828.6441836 1763716867.5842657
1763716867.5842917 1763716895.1595142
1763716895.1595347 1763716919.7330592
1763716919.7330923 1763716958.6822164
1763716958.6822433 1763716989.4421592
1763716989.4421885 1763717017.0823982
1763717017.082423 1763717046.6664987
