1754273627.9188054 1754273661.1702461
1754273661.1702697 1754273691.4989722
1754273691.498991 1754273725.5954819
1754273725.595504 1754273758.5335972
1754273758.5336175 1754273786.739164
1754273786.7391891 1754273819.4934244
1754273819.4934475 1754273846.3033805
1754273846.3034286 1754273869.7776492
1754273869.7776809 1754273897.5726554
1754273897.5726871 1754273918.1381178
1754273918.1381423 1754273951.2122838
1754273951.2123125 1754273984.1633797
1754273984.1633995 1754274015.959953
1754274015.9599812 1754274051.6004324
1754274051.600454 1754274081.7709296
1754274081.7709532 1754274109.4366035
1754274109.4366305 1754274142.8203833
1754274142.8204188 1754274173.3734224
1754274173.3734498 1754274202.9888558
1754274202.9888856 1754274231.6148963
1754274231.614927 1754274260.8742847
1754274260.8743122 1754274295.2176135
1754274295.2176454 1754274317.9656918
1754274317.965719 1754274357.047469
1754274357.0474946 1754274392.8939168
1754274392.893944 1754274420.345289
1754274420.3453212 1754274451.6072152
1754274451.607238 1754274481.2251074
1754274481.225128 1754274512.1923168
1754274512.192344 1754274539.5152097
1754274539.5152323 1754274567.820308
1754274567.8203292 1754274602.1873543
1754274602.1873796 1754274634.8903155
1754274634.8903377 1754274663.3227887
1754274663.3228178 1754274698.52486
1754274698.5248804 1754274728.39975
1754274728.3997781 1754274763.4954655
1754274763.495489 1754274785.7434478
1754274785.7434742 1754274818.8061845
1754274818.8062077 1754274849.8269026
1754274849.8269296 1754274877.180249
1754274877.180273 1754274908.28587
1754274908.2858949 1754274941.2205875
1754274941.2206109 1754274971.3522942
1754274971.352322 1754275002.7965255
1754275002.7965484 1754275039.7461324
1754275039.746155 1754275066.1488874
1754275066.1489103 1754275096.0218284
1754275096.0218549 1754275124.0892549
1754275124.0892794 1754275167.5454218
1754275167.5454447 1754275199.6813302
1754275199.6813648 1754275236.6830106
1754275236.6830375 1754275267.8749332
1754275267.8749702 1754275298.107349
1754275298.107378 1754275328.5676079
1754275328.5676332 1754275352.8841367
1754275352.8841577 1754275380.2415898
1754275380.241627 1754275415.052933
1754275415.0529532 1754275446.098288
1754275446.0983176 1754275471.1895273
1754275471.189549 1754275497.0577824
1754275497.0578086 1754275524.9084673
1754275524.9084935 1754275565.5708134
1754275565.5708363 1754275597.935141
1754275597.9351685 1754275636.4027474
1754275636.4027722 1754275662.1172774
1754275662.1173022 1754275688.3926334
1754275688.3926551 1754275719.6688657
1754275719.6688917 1754275746.9401777
1754275746.9401996 1754275772.840267
1754275772.8403172 1754275806.2219489
1754275806.2219737 1754275830.5028656
1754275830.5028949 1754275868.8350093
1754275868.835033 1754275897.2821867
1754275897.2822115 1754275927.6093705
1754275927.609394 1754275959.5368958
1754275959.5369244 1754275991.5668747
1754275991.5668957 1754276023.6217556
1754276023.621781 1754276055.384398
1754276055.3844216 1754276091.5284016
1754276091.5284264 1754276114.356757
1754276114.3567865 1754276147.160071
1754276147.160097 1754276178.0037
1754276178.0037277 1754276208.0192623
1754276208.0192888 1754276238.2950191
1754276238.2950451 1754276267.3358557
1754276267.335881 1754276298.6216989
1754276298.621728 1754276328.220872
1754276328.2209024 1754276355.8660157
1754276355.8660436 1754276385.6099072
1754276385.609938 1754276412.116592
1754276412.1166215 1754276434.249835
1754276434.249874 1754276459.9315522
1754276459.931616 1754276490.779868
1754276490.7798896 1754276515.0675359
1754276515.0675738 1754276545.3208077
1754276545.3208296 1754276577.1380901
1754276577.1381214 1754276603.241883
1754276603.2419066 1754276642.8201518
1754276642.8201807 1754276670.207422
1754276670.2074487 1754276696.4789894
1754276696.4790137 1754276721.855045
1754276721.8550653 1754276750.3708353
1754276750.370863 1754276786.0740197
1754276786.0740473 1754276828.5586405
1754276828.5586653 1754276857.3294265
1754276857.329451 1754276888.3883407
1754276888.3883688 1754276919.3924124
1754276919.3924372 1754276945.905244
1754276945.9052708 1754276978.6787622
1754276978.6787827 1754277004.147844
1754277004.147868 1754277040.6274712
1754277040.6275058 1754277076.3198006
1754277076.3198252 1754277106.5633726
1754277106.5634103 1754277137.7354116
1754277137.7354376 1754277165.491264
1754277165.4912872 1754277196.3834043
1754277196.3834252 1754277223.7424119
1754277223.7424395 1754277256.8986788
1754277256.898699 1754277279.068259
1754277279.0682845 1754277307.5519533
1754277307.5519764 1754277331.8726351
1754277331.8726587 1754277358.8831017
1754277358.8831255 1754277385.2204993
1754277385.2205203 1754277412.0066469
1754277412.0066788 1754277433.5138454
1754277433.5138652 1754277463.6994812
1754277463.6995065 1754277500.2115605
1754277500.2116199 1754277532.9198494
1754277532.9198732 1754277558.5479646
1754277558.547992 1754277591.913137
1754277591.913159 1754277621.5084748
1754277621.5085053 1754277648.4346812
1754277648.434709 1754277678.2007673
1754277678.2007957 1754277708.6035535
1754277708.6036 1754277735.8015108
1754277735.8015327 1754277768.5202713
1754277768.5203037 1754277800.1417859
1754277800.1418107 1754277823.2220917
1754277823.222132 1754277847.3515987
1754277847.3516238 1754277877.1747015
1754277877.1747255 1754277905.1045518
1754277905.1045737 1754277934.9088986
1754277934.9089277 1754277960.0844486
1754277960.0844731 1754277990.1049433
1754277990.1049662 1754278020.6597176
1754278020.659744 1754278058.4840767
1754278058.484104 1754278083.6846006
1754278083.684633 1754278109.6326034
1754278109.6326354 1754278137.389524
1754278137.3895533 1754278166.0913038
1754278166.0913358 1754278197.1510596
1754278197.1510832 1754278219.6738052
1754278219.67384 1754278248.8111496
1754278248.8111749 1754278279.4402184
1754278279.4402502 1754278308.9230304
1754278308.923051 1754278344.1360495
1754278344.136095 1754278377.5792677
1754278377.57929 1754278409.4095597
1754278409.4095902 1754278435.1305275
1754278435.130561 1754278466.7570436
1754278466.7570653 1754278495.7957735
1754278495.7958016 1754278531.974971
1754278531.9749916 1754278562.3555899
1754278562.3556485 1754278595.635712
1754278595.6357489 1754278634.609774
1754278634.6098015 1754278661.6284616
1754278661.6284897 1754278689.4267325
1754278689.4267678 1754278719.2514668
1754278719.2514975 1754278754.8738267
1754278754.8738508 1754278781.0520108
1754278781.052036 1754278806.6900604
1754278806.6900814 1754278840.48106
1754278840.4810882 1754278872.1787894
1754278872.1788118 1754278907.263554
1754278907.2635899 1754278941.1608238
1754278941.1608543 1754278978.1802578
1754278978.1802864 1754279008.0389335
1754279008.0389566 1754279036.576898
1754279036.5769265 1754279069.1832926
1754279069.1833355 1754279104.9917142
1754279104.9917397 1754279123.1378038
1754279123.137829 1754279165.0416608
1754279165.0416825 1754279198.4114025
1754279198.4114282 1754279227.9606194
1754279227.9606407 1754279266.4023113
1754279266.4023523 1754279296.115219
1754279296.1152418 1754279329.758197
1754279329.7582293 1754279357.27055
1754279357.2705743 1754279385.9823022
1754279385.982334 1754279409.6503146
1754279409.650335 1754279445.540931
1754279445.5409603 1754279477.3407962
1754279477.3408313 1754279505.0324757
1754279505.0325003 1754279533.9099495
1754279533.9099698 1754279567.205259
1754279567.2052898 1754279592.8952327
1754279592.8952532 1754279628.1717384
1754279628.1717665 1754279662.2184348
1754279662.2184591 1754279687.641383
1754279687.6414087 1754279714.6330252
1754279714.6330514 1754279746.2631438
1754279746.263167 1754279773.9799063
1754279773.9799387 1754279797.2561417
1754279797.256161 1754279823.5405986
1754279823.5406294 1754279859.5696533
1754279859.569677 1754279886.6767673
1754279886.6768022 1754279918.186515
1754279918.1865385 1754279945.3176386
1754279945.3176646 1754279985.6120586
1754279985.6120842 1754280016.1037252
1754280016.103761 1754280052.2212656
1754280052.221291 1754280083.3194976
1754280083.3195207 1754280105.3850312
1754280105.38506 1754280132.4835987
1754280132.4836226 1754280173.4044325
1754280173.404459 1754280207.3905487
1754280207.3905754 1754280232.547609
1754280232.5476325 1754280265.7237988
1754280265.7238402 1754280303.5671957
1754280303.5672169 1754280338.050746
1754280338.0507724 1754280369.6488678
1754280369.6489031 1754280392.250958
1754280392.2509806 1754280429.1930776
1754280429.1931298 1754280454.4088988
1754280454.4089198 1754280482.0003946
1754280482.0004168 1754280518.7042105
1754280518.7042396 1754280541.011779
1754280541.0118108 1754280568.5480766
1754280568.548105 1754280591.3187346
1754280591.3187609 1754280619.8025775
1754280619.8026066 1754280648.3786607
1754280648.3787005 1754280678.3225985
1754280678.322623 1754280711.8425126
1754280711.84254 1754280746.6505363
1754280746.6505651 1754280774.6655345
1754280774.6655564 1754280804.7537882
1754280804.7538154 1754280832.6604216
1754280832.6604478 1754280860.7864316
1754280860.7864573 1754280899.3505712
1754280899.350597 1754280927.9048765
1754280927.9049022 1754280956.4923553
1754280956.492379 1754280989.128419
1754280989.1284485 1754281015.0213306
1754281015.0213537 1754281047.199396
1754281047.199425 1754281075.5653799
1754281075.5654147 1754281100.2529268
1754281100.2529504 1754281140.4716036
1754281140.4716313 1754281164.666891
1754281164.6669128 1754281190.9842558
1754281190.9842885 1754281218.1754773
1754281218.1754987 1754281253.9981267
1754281253.9981556 1754281277.7903373
1754281277.7903647 1754281301.51859
1754281301.5186124 1754281329.1864834
1754281329.1865058 1754281355.1952782
1754281355.195306 1754281392.3731854
1754281392.3732078 1754281423.2442484
1754281423.2442808 1754281449.1178093
1754281449.1178412 1754281472.8112118
1754281472.8112357 1754281503.2293096
1754281503.2293308 1754281539.9429789
1754281539.9430065 1754281565.6590176
1754281565.6590424 1754281596.0709107
1754281596.0709357 1754281620.8882387
1754281620.888263 1754281647.1994655
1754281647.1994948 1754281681.5784962
1754281681.5785208 1754281705.2040486
1754281705.2040718 1754281741.1017306
1754281741.1017597 1754281767.4190948
1754281767.4191191 1754281798.1505368
1754281798.1505625 1754281823.2999992
1754281823.3000221 1754281855.9008636
1754281855.9008932 1754281885.8999362
1754281885.8999755 1754281911.3577847
1754281911.3578103 1754281935.6335301
1754281935.6335573 1754281958.851203
1754281958.851225 1754281987.0275931
1754281987.0276263 1754282022.862276
1754282022.8622987 1754282057.7532864
1754282057.7533202 1754282085.617571
1754282085.6175947 1754282115.951012
1754282115.9510438 1754282145.0904703
1754282145.0904927 1754282174.3211641
1754282174.3211925 1754282204.2784576
1754282204.278483 1754282226.5508237
1754282226.5508475 1754282256.7758608
1754282256.7758873 1754282287.0575006
1754282287.0575376 1754282318.5593314
1754282318.5593543 1754282356.6881144
1754282356.6881557 1754282390.3212917
1754282390.3213143 1754282413.525499
1754282413.5255237 1754282440.2172685
1754282440.217292 1754282473.5675545
1754282473.5676212 1754282507.2387395
1754282507.2387707 1754282532.68494
1754282532.6849654 1754282563.6385734
1754282563.6385953 1754282589.1509125
1754282589.150959 1754282617.7697494
1754282617.7697701 1754282642.0421422
1754282642.0421774 1754282672.2621164
1754282672.2621431 1754282703.6230497
1754282703.6230817 1754282738.2666578
1754282738.266679 1754282770.9466953
1754282770.946726 1754282806.0410264
1754282806.041049 1754282833.5699914
1754282833.5700195 1754282858.0674677
1754282858.0674913 1754282889.3722363
1754282889.372265 1754282916.1764886
1754282916.1765125 1754282944.8325107
1754282944.8325408 1754282967.651711
1754282967.6517386 1754282996.7799618
1754282996.7799861 1754283025.8912864
1754283025.8913126 1754283054.3362517
1754283054.336281 1754283090.8725944
1754283090.8726232 1754283116.7049644
1754283116.7049851 1754283149.8188062
1754283149.8188293 1754283170.4503198
1754283170.4503462 1754283203.5797546
1754283203.579778 1754283242.1697147
1754283242.169741 1754283269.0887182
1754283269.0887501 1754283294.9351566
1754283294.9351835 1754283327.0526645
1754283327.0526867 1754283354.9263406
1754283354.926365 1754283385.750712
1754283385.750734 1754283413.1675866
1754283413.1676373 1754283445.3917887
1754283445.391813 1754283479.657079
1754283479.6571064 1754283510.56388
1754283510.5639057 1754283543.937462
1754283543.9374835 1754283577.178782
1754283577.178809 1754283600.7684164
1754283600.768438 1754283636.963462
1754283636.9634874 1754283661.379935
1754283661.379957 1754283698.872746
1754283698.8727767 1754283730.3037636
1754283730.3037865 1754283755.948436
1754283755.9484649 1754283782.0726156
1754283782.0726433 1754283806.788209
1754283806.788234 1754283840.1834846
1754283840.183518 1754283870.026993
1754283870.027019 1754283898.1235442
1754283898.1235745 1754283927.696786
1754283927.6968098 1754283964.7781956
1754283964.7782276 1754283990.603405
1754283990.6034253 1754284024.4360058
1754284024.4360325 1754284057.5330749
1754284057.5330982 1754284088.5149941
1754284088.5150156 1754284120.7698753
1754284120.7699049 1754284150.2108254
1754284150.2108486 1754284183.9567962
1754284183.9568264 1754284214.2333348
1754284214.2333553 1754284248.6081543
1754284248.6081843 1754284276.1113214
1754284276.1113446 1754284307.9730577
1754284307.9730837 1754284338.9126954
1754284338.9127207 1754284364.637081
1754284364.6371017 1754284393.976495
1754284393.9765372 1754284427.223683
1754284427.2237093 1754284464.741475
1754284464.7415006 1754284501.8496633
1754284501.8496993 1754284533.0054762
1754284533.0054982 1754284559.0924394
1754284559.0924706 1754284593.4286258
1754284593.4286504 1754284622.4824667
1754284622.4824927 1754284654.6600566
1754284654.6600902 1754284682.4571989
1754284682.4572227 1754284712.6959934
1754284712.6960166 1754284750.6681678
1754284750.668198 1754284786.1540816
1754284786.1541057 1754284820.1595051
1754284820.1595285 1754284850.2512386
1754284850.2512596 1754284880.930217
1754284880.9302447 1754284908.0772295
1754284908.0772517 1754284940.5432997
1754284940.5433228 1754284964.5757349
1754284964.575764 1754284997.8960738
1754284997.8960965 1754285024.9707031
1754285024.9707246 1754285057.7688205
1754285057.768851 1754285085.483153
1754285085.4831803 1754285104.2002125
1754285104.2002425 1754285135.1494942
1754285135.1495156 1754285168.6393042
1754285168.6393352 1754285194.3291261
1754285194.3291626 1754285230.9154556
1754285230.915477 1754285256.934158
1754285256.934189 1754285290.414114
1754285290.4141355 1754285316.6125898
1754285316.6126218 1754285345.1132033
1754285345.1132247 1754285377.707734
1754285377.7077606 1754285411.0718975
1754285411.071921 1754285452.1824226
1754285452.1824439 1754285479.151696
1754285479.1517227 1754285503.7839167
1754285503.7839437 1754285537.0075753
1754285537.0076213 1754285574.8417792
1754285574.841809 1754285605.5239346
1754285605.5239637 1754285634.976058
1754285634.9760857 1754285677.6626265
1754285677.6626542 1754285706.3456862
1754285706.3457105 1754285735.1337028
1754285735.133733 1754285764.996605
1754285764.9966292 1754285792.8728569
1754285792.8728998 1754285817.9001687
1754285817.9001987 1754285844.4889357
1754285844.488957 1754285874.1984468
1754285874.1984704 1754285904.1551461
1754285904.15521 1754285932.3412788
1754285932.3413017 1754285963.7115834
1754285963.7116127 1754285997.2158353
1754285997.2158654 1754286028.8934672
1754286028.8934968 1754286059.1651742
1754286059.165197 1754286094.2594533
1754286094.2594824 1754286125.8640478
1754286125.8640692 1754286165.309688
1754286165.309714 1754286196.1416018
1754286196.141626 1754286227.6656318
1754286227.6656625 1754286253.9675455
1754286253.9675767 1754286286.4693196
1754286286.4693563 1754286314.2022774
1754286314.2023087 1754286349.2597406
1754286349.2597635 1754286377.0452986
1754286377.045325 1754286402.9056122
1754286402.9056458 1754286426.6723762
1754286426.6724014 1754286462.0754411
1754286462.0754673 1754286498.6525922
1754286498.6526148 1754286534.1526165
1754286534.1526456 1754286558.1068387
1754286558.1068676 1754286588.313428
1754286588.3134482 1754286623.187723
1754286623.1877484 1754286659.0613823
1754286659.0614088 1754286686.6328967
1754286686.6329188 1754286717.03284
1754286717.0328674 1754286742.7894282
1754286742.7894557 1754286770.4011183
1754286770.4011388 1754286806.410299
1754286806.4103217 1754286844.72189
1754286844.721927 1754286873.2417605
1754286873.2417877 1754286903.045981
1754286903.0460026 1754286935.8258216
1754286935.8258474 1754286966.8626018
1754286966.862641 1754286993.8929353
1754286993.8929648 1754287020.6593451
1754287020.659382 1754287048.693949
1754287048.6939752 1754287076.5346742
1754287076.5346942 1754287107.2087672
1754287107.2088082 1754287139.188333
1754287139.1883547 1754287162.4649289
1754287162.464966 1754287200.015676
1754287200.0157082 1754287234.1282105
1754287234.128239 1754287264.762937
1754287264.7629626 1754287294.1224942
1754287294.1225219 1754287318.878659
1754287318.878684 1754287358.097078
1754287358.0971005 1754287391.5761302
1754287391.5761564 1754287416.259085
1754287416.259108 1754287445.7706754
1754287445.7707086 1754287474.5930393
1754287474.5930626 1754287503.3335235
1754287503.333548 1754287541.3786435
1754287541.378673 1754287566.7280464
1754287566.728072 1754287597.3504155
1754287597.3504398 1754287635.4570405
1754287635.4570658 1754287668.209321
1754287668.2093458 1754287691.0579016
1754287691.0579286 1754287718.4439576
1754287718.4439814 1754287749.8433359
1754287749.8433647 1754287778.860916
1754287778.860937 1754287811.141197
1754287811.141225 1754287843.4352448
1754287843.4352694 1754287870.8632243
1754287870.8632483 1754287894.8498762
1754287894.8499062 1754287919.4938633
1754287919.4939106 1754287950.1918187
1754287950.1918392 1754287975.2571473
1754287975.257175 1754288006.3853493
1754288006.3853781 1754288038.718584
1754288038.7186112 1754288066.1264212
1754288066.1264474 1754288100.8431573
1754288100.8431852 1754288131.193506
1754288131.1935365 1754288165.3272793
1754288165.3273 1754288194.1067467
1754288194.1067743 1754288225.7579887
1754288225.7580178 1754288253.5309722
1754288253.530999 1754288293.6038275
1754288293.6038508 1754288321.6138525
1754288321.6138828 1754288346.653653
1754288346.6536796 1754288377.4530272
1754288377.4530568 1754288410.410534
1754288410.4105647 1754288438.2805417
1754288438.2805643 1754288468.720751
1754288468.7207766 1754288504.2310631
1754288504.2310882 1754288546.0009036
1754288546.000931 1754288579.0185997
1754288579.0186243 1754288605.2011943
1754288605.2012177 1754288637.3182397
1754288637.3182638 1754288670.7437117
1754288670.743737 1754288704.7470534
1754288704.7470815 1754288731.03714
1754288731.0371778 1754288756.604932
1754288756.6049554 1754288786.1482668
1754288786.1482956 1754288824.023825
1754288824.0238504 1754288848.654144
1754288848.6541724 1754288881.0946004
1754288881.0946214 1754288909.1164875
1754288909.1165173 1754288942.618113
1754288942.6181328 1754288964.5573173
1754288964.5573468 1754288994.2584786
1754288994.2585049 1754289020.1353602
1754289020.1353846 1754289051.7670681
1754289051.7670949 1754289075.6644802
1754289075.664512 1754289104.6695158
1754289104.6695485 1754289134.4921799
1754289134.4922042 1754289163.5439084
1754289163.5439332 1754289187.47372
1754289187.4737618 1754289228.8778346
1754289228.8778572 1754289256.0909424
1754289256.0909684 1754289290.8503516
1754289290.8503718 1754289316.7854936
1754289316.7855186 1754289348.4553778
1754289348.4554 1754289376.0140078
1754289376.0140386 1754289410.801311
1754289410.8013303 1754289434.8646247
1754289434.8646545 1754289469.6754131
1754289469.6754334 1754289501.3336575
1754289501.333683 1754289532.2552743
1754289532.2552946 1754289558.388624
1754289558.388653 1754289580.4751484
1754289580.4751687 1754289609.84536
1754289609.8453856 1754289635.1625183
1754289635.1625447 1754289662.4670804
1754289662.46711 1754289696.2498574
1754289696.2498846 1754289728.7596185
1754289728.7596474 1754289763.6007838
1754289763.6008239 1754289790.0690584
1754289790.0690808 1754289819.22495
1754289819.2249758 1754289854.3585203
1754289854.3585465 1754289886.5366864
1754289886.5367131 1754289912.4975038
1754289912.4975324 1754289938.825473
1754289938.8254943 1754289969.0235517
1754289969.0236008 1754290003.432037
1754290003.4320586 1754290031.8687289
1754290031.8687592 1754290065.9208508
1754290065.920871 1754290094.7010417
1754290094.7010632 1754290145.242834
1754290145.2428682 1754290178.427571
1754290178.4276164 1754290201.7170188
1754290201.7170427 1754290229.2810798
1754290229.281107 1754290264.8598547
1754290264.859877 1754290294.2700024
1754290294.2700305 1754290330.7418373
1754290330.7418745 1754290363.5113275
1754290363.5113575 1754290396.3659148
1754290396.3659437 1754290431.823615
1754290431.8236372 1754290458.0728495
1754290458.0728745 1754290492.515179
1754290492.5152018 1754290521.2686503
1754290521.2686746 1754290548.2818947
1754290548.2819247 1754290583.8178992
1754290583.8179276 1754290615.0170774
1754290615.0171 1754290640.9877353
1754290640.987762 1754290668.126738
1754290668.1267676 1754290694.4737718
1754290694.473792 1754290731.5648482
1754290731.564877 1754290762.2337716
1754290762.2337933 1754290788.1696036
1754290788.1696281 1754290818.0867808
1754290818.0868013 1754290852.2038069
1754290852.2038295 1754290885.9315352
1754290885.9315708 1754290919.5091739
1754290919.5091972 1754290954.847553
1754290954.847588 1754290981.5296826
1754290981.529705 1754291014.519771
1754291014.5197978 1754291046.829118
1754291046.8291392 1754291080.0144863
1754291080.0145118 1754291115.2508845
1754291115.2509072 1754291142.2199476
1754291142.2199776 1754291172.4602993
1754291172.4603233 1754291203.0907536
1754291203.090774 1754291231.123105
1754291231.1231344 1754291259.8008826
1754291259.8009052 1754291289.4742558
1754291289.4742866 1754291320.1932907
1754291320.193328 1754291352.2533052
1754291352.253332 1754291382.5542922
1754291382.5543168 1754291407.5747092
1754291407.5747385 1754291441.5005546
1754291441.5005786 1754291463.2825117
1754291463.2825358 1754291501.281813
1754291501.281837 1754291534.6827948
1754291534.6828253 1754291570.3907986
1754291570.3908188 1754291600.8491156
1754291600.849141 1754291630.3709
1754291630.3709264 1754291664.8969474
1754291664.8969715 1754291705.3780577
1754291705.378086 1754291731.1579056
1754291731.1579287 1754291761.6248379
1754291761.624863 1754291797.133988
1754291797.1340106 1754291830.7870271
1754291830.7870567 1754291863.3729522
1754291863.3729742 1754291893.6989377
1754291893.6989667 1754291920.8683834
1754291920.8684108 1754291953.6074615
1754291953.6074831 1754291983.4877775
1754291983.4878078 1754292003.378789
1754292003.3788164 1754292031.215035
1754292031.2150636 1754292062.3888254
1754292062.3888505 1754292095.065791
1754292095.0658126 1754292121.4378114
1754292121.43784 1754292155.2383075
1754292155.2383306 1754292187.9370499
1754292187.9370751 1754292218.3588142
1754292218.3588483 1754292245.0002887
1754292245.000319 1754292273.9628878
1754292273.9629102 1754292303.731817
1754292303.7318444 1754292333.398114
1754292333.3981385 1754292365.213543
1754292365.2135718 1754292393.7463083
1754292393.7463367 1754292427.976758
1754292427.9767885 1754292452.2276304
1754292452.2276511 1754292481.7203918
1754292481.7204194 1754292518.3766952
1754292518.3767185 1754292551.018421
1754292551.0184414 1754292583.8770995
1754292583.8771262 1754292619.3043594
1754292619.304386 1754292648.8197122
1754292648.819742 1754292675.695158
1754292675.695181 1754292701.7315161
1754292701.7315414 1754292730.2433221
1754292730.2433531 1754292757.8197427
1754292757.8197725 1754292793.6707897
1754292793.6708143 1754292821.8428671
1754292821.8428948 1754292849.5869281
1754292849.586963 1754292877.7592392
1754292877.759265 1754292908.7099988
1754292908.7100217 1754292941.3668795
1754292941.3669107 1754292975.1390986
1754292975.139121 1754293011.9459534
1754293011.9459796 1754293039.6413078
1754293039.6413326 1754293064.8269958
1754293064.8270211 1754293107.79848
1754293107.798504 1754293135.1928167
1754293135.192842 1754293175.4745617
1754293175.4745827 1754293214.3678963
1754293214.367921 1754293242.848651
1754293242.8486729 1754293273.490307
1754293273.4903302 1754293303.3933277
1754293303.3933525 1754293342.378849
1754293342.3788686 1754293370.5788083
1754293370.5788348 1754293401.5769782
1754293401.5770066 1754293430.0083358
1754293430.0083585 1754293459.558079
1754293459.5580995 1754293493.4080505
1754293493.408077 1754293522.1237595
1754293522.1237867 1754293555.3564465
1754293555.3564684 1754293586.9381118
1754293586.9381347 1754293618.4018724
1754293618.4018977 1754293652.0441043
1754293652.0441256 1754293678.409536
1754293678.4095762 1754293704.5280092
1754293704.528035 1754293742.77207
1754293742.772095 1754293767.992933
1754293767.9929569 1754293797.5545478
1754293797.554577 1754293833.6067026
1754293833.6067328 1754293865.6081371
1754293865.608161 1754293897.699649
1754293897.6996756 1754293929.7218874
1754293929.7219198 1754293955.4854217
1754293955.4854443 1754293989.9851182
1754293989.9851499 1754294019.011966
1754294019.0119958 1754294049.1693177
1754294049.16934 1754294085.4193747
1754294085.4194148 1754294117.1740808
1754294117.1741042 1754294150.3731685
1754294150.3731954 1754294175.0675013
1754294175.0675263 1754294206.638346
1754294206.6383739 1754294238.9597971
1754294238.9598205 1754294266.7267468
1754294266.7267728 1754294296.8345542
1754294296.8345788 1754294324.977713
1754294324.9777334 1754294358.4262953
1754294358.4263194 1754294388.4474294
1754294388.4474552 1754294417.4290524
1754294417.4290745 1754294454.4135711
1754294454.4136033 1754294481.081637
1754294481.0816593 1754294502.5747728
1754294502.574794 1754294532.9717968
1754294532.9718306 1754294562.299852
1754294562.299873 1754294593.7791731
1754294593.7792013 1754294626.2200773
1754294626.2201004 1754294657.245627
1754294657.2456574 1754294682.8815618
1754294682.8815885 1754294715.0977747
1754294715.097803 1754294745.3381522
1754294745.3381853 1754294767.8732195
1754294767.8732514 1754294805.9686606
1754294805.9686904 1754294830.7432635
1754294830.7432883 1754294859.3311617
1754294859.3311825 1754294888.259958
1754294888.2599916 1754294916.2318552
1754294916.2318773 1754294950.4591422
1754294950.459173 1754294973.222907
1754294973.22293 1754295002.4562845
1754295002.4563193 1754295030.263027
1754295030.2630506 1754295067.844303
1754295067.8443315 1754295093.9644892
1754295093.9645162 1754295122.098109
1754295122.098137 1754295152.3667743
1754295152.366806 1754295179.2574508
1754295179.2574766 1754295206.8210485
1754295206.8210807 1754295240.0929787
1754295240.0930076 1754295271.3661716
1754295271.3661988 1754295296.433017
1754295296.4330487 1754295321.6058226
1754295321.6058567 1754295352.0490496
1754295352.0490823 1754295381.1753983
1754295381.1754227 1754295405.3111577
1754295405.311195 1754295433.6906307
1754295433.6906588 1754295468.1822267
1754295468.1822572 1754295498.9277024
1754295498.9277277 1754295534.5829248
1754295534.5829527 1754295562.1554928
1754295562.155541 1754295587.8439572
1754295587.8439915 1754295613.517609
1754295613.5176306 1754295645.1802552
1754295645.1802843 1754295675.7726932
1754295675.7727218 1754295706.4516354
1754295706.451662 1754295736.9407077
1754295736.9407396 1754295765.4105763
1754295765.4106188 1754295794.3468904
1754295794.3469129 1754295826.340875
1754295826.3409014 1754295849.1947758
1754295849.1948016 1754295882.3538966
1754295882.3539274 1754295920.0594249
1754295920.0594532 1754295953.9448252
1754295953.9448502 1754295984.5166936
1754295984.5167162 1754296009.0408804
1754296009.0409079 1754296043.0984607
1754296043.0984836 1754296067.1740537
1754296067.1740754 1754296099.365296
1754296099.3653216 1754296127.4272206
1754296127.4272492 1754296157.792573
1754296157.7926044 1754296189.6373308
1754296189.6373546 1754296214.3198404
1754296214.3198636 1754296245.6712234
1754296245.6712506 1754296282.4818084
1754296282.4818318 1754296319.6582484
1754296319.658279 1754296347.9991186
1754296347.9991462 1754296383.7572274
1754296383.7572544 1754296406.379622
1754296406.3796551 1754296432.9781094
1754296432.9781365 1754296464.164874
1754296464.1648996 1754296494.105851
1754296494.105877 1754296519.9475093
1754296519.9475317 1754296551.377713
1754296551.3777359 1754296588.87769
1754296588.877717 1754296619.4448118
1754296619.4448404 1754296652.403056
1754296652.403076 1754296682.3232985
1754296682.3233254 1754296711.361358
1754296711.3613849 1754296739.3477957
1754296739.347819 1754296769.7864344
1754296769.7864664 1754296805.6922808
1754296805.6923041 1754296828.2357717
1754296828.2358024 1754296866.6424103
1754296866.6424332 1754296899.9300127
1754296899.9300387 1754296931.3128452
1754296931.3128712 1754296961.521458
1754296961.5214849 1754296991.1173034
1754296991.1173275 1754297015.4330366
1754297015.433064 1754297042.0213723
1754297042.0214052 1754297067.673201
1754297067.6732242 1754297093.9101284
1754297093.9101605 1754297122.007316
1754297122.007338 1754297147.2263098
1754297147.2263315 1754297168.768342
1754297168.76837 1754297197.1488926
1754297197.148913 1754297229.296163
1754297229.2961946 1754297261.4238942
1754297261.4239168 1754297288.4760358
1754297288.4760678 1754297315.3133488
1754297315.3133936 1754297341.9366782
1754297341.9367092 1754297372.0385613
1754297372.0385811 1754297398.4613032
1754297398.461344 1754297432.9013894
1754297432.9014227 1754297462.8895187
1754297462.8895478 1754297489.3940818
1754297489.3941066 1754297523.5151293
1754297523.515166 1754297556.2743087
1754297556.2743368 1754297584.6905372
1754297584.6905725 1754297611.825078
1754297611.8251107 1754297642.305887
1754297642.3059106 1754297667.8398583
1754297667.8398833 1754297695.9590838
1754297695.9591143 1754297731.4211078
1754297731.4211314 1754297761.3611763
1754297761.361202 1754297788.854056
1754297788.8540843 1754297818.0832977
1754297818.0833364 1754297851.4730504
1754297851.4730735 1754297874.6600647
1754297874.6600947 1754297908.2315755
1754297908.2316184 1754297943.368334
1754297943.3683586 1754297966.9194582
1754297966.9194849 1754298002.0643992
1754298002.064428 1754298039.7520087
1754298039.7520387 1754298072.9853573
1754298072.985382 1754298102.735098
1754298102.735125 1754298132.6847174
1754298132.6847422 1754298164.7523968
1754298164.752433 1754298186.0436203
1754298186.0436435 1754298215.013537
1754298215.0135658 1754298250.1338916
1754298250.1339126 1754298281.1145172
1754298281.1145408 1754298307.1516757
1754298307.1517072 1754298335.6481142
1754298335.64814 1754298364.744961
1754298364.74499 1754298400.4016483
1754298400.401669 1754298432.2711127
1754298432.2711647 1754298466.7970247
1754298466.797052 1754298502.793833
1754298502.7938592 1754298526.75182
1754298526.7518442 1754298560.4748595
1754298560.4748871 1754298592.03856
1754298592.0385861 1754298621.527773
1754298621.5278065 1754298649.1977823
1754298649.1978025 1754298675.634691
1754298675.6347206 1754298703.461115
1754298703.4611363 1754298729.2219822
1754298729.2220104 1754298760.0988255
1754298760.0988498 1754298789.581716
1754298789.581742 1754298820.2875001
1754298820.2875257 1754298853.3106
1754298853.3106322 1754298889.9428365
1754298889.9428606 1754298926.1314454
1754298926.1314743 1754298956.732914
1754298956.732934 1754298988.750099
1754298988.7501192 1754299023.8329196
1754299023.83295 1754299052.7859368
1754299052.7859652 1754299085.772288
1754299085.7723076 1754299112.7605627
1754299112.7605948 1754299146.3377018
1754299146.337733 1754299177.1531386
1754299177.1531632 1754299207.8627434
1754299207.86278 1754299237.6024735
1754299237.6024997 1754299258.7909658
1754299258.7909858 1754299289.6656773
1754299289.6657047 1754299322.0840292
1754299322.0840516 1754299354.301753
1754299354.301794 1754299382.2653372
1754299382.2653599 1754299408.206596
1754299408.2066228 1754299434.793919
1754299434.7939436 1754299461.1408055
1754299461.1408474 1754299487.1888123
1754299487.1888423 1754299512.4404464
1754299512.4404883 1754299543.5467637
1754299543.5467842 1754299572.2356668
1754299572.2356882 1754299604.3933594
1754299604.3933868 1754299631.1030264
1754299631.1030517 1754299666.524721
1754299666.5247712 1754299694.748011
1754299694.7480423 1754299725.6256938
1754299725.625718 1754299760.8968306
1754299760.896855 1754299785.2105515
1754299785.2105758 1754299817.1330585
1754299817.1330962 1754299842.0841677
1754299842.0841944 1754299873.7472854
1754299873.7473187 1754299905.5204222
1754299905.5204444 1754299939.6938431
1754299939.6938753 1754299967.3122256
1754299967.3122482 1754299989.969255
1754299989.9692843 1754300019.8855782
1754300019.8856013 1754300054.8635683
1754300054.8636103 1754300079.3672056
1754300079.3672407 1754300115.441008
1754300115.4410355 1754300143.3115869
1754300143.311613 1754300179.5143473
1754300179.5143728 1754300209.6113098
1754300209.6113353 1754300235.3556921
1754300235.3557143 1754300268.0843453
1754300268.0843754 1754300303.266166
1754300303.266189 1754300332.7434397
1754300332.7434642 1754300361.2100785
1754300361.21011 1754300392.4196768
1754300392.4196994 1754300422.5975294
1754300422.5975537 1754300454.4382405
1754300454.4382637 1754300489.7637286
1754300489.7637534 1754300520.354348
1754300520.3543735 1754300544.1458418
1754300544.145882 1754300574.740431
1754300574.740455 1754300605.018695
1754300605.0187225 1754300634.988008
1754300634.9880345 1754300663.2280264
1754300663.22806 1754300693.5668132
1754300693.5668368 1754300726.9186862
1754300726.9187124 1754300754.9542124
1754300754.9542372 1754300784.3164709
1754300784.316501 1754300812.0254369
1754300812.0254614 1754300840.4099455
1754300840.409972 1754300863.7477145
1754300863.7477384 1754300899.1653507
1754300899.1653774 1754300928.287639
1754300928.287673 1754300956.1832845
1754300956.183306 1754300990.420714
1754300990.420743 1754301018.5125153
1754301018.5125415 1754301047.6857808
1754301047.6858163 1754301070.4452562
1754301070.4452825 1754301104.9930503
1754301104.9930706 1754301139.993876
1754301139.9939027 1754301172.4914594
1754301172.4914806 1754301198.6644113
1754301198.66444 1754301228.2067375
1754301228.2067645 1754301262.4511414
1754301262.4511614 1754301287.0134852
1754301287.0135133 1754301320.050647
1754301320.050669 1754301352.4505103
1754301352.4505343 1754301379.9778388
1754301379.977863 1754301406.3985302
1754301406.39856 1754301436.2482374
1754301436.2482622 1754301464.6423726
1754301464.6424024 1754301487.9837906
1754301487.9838195 1754301509.312924
1754301509.312953 1754301536.9529417
1754301536.9529638 1754301565.1391861
1754301565.1392138 1754301591.7286515
1754301591.728675 1754301621.9925148
1754301621.99254 1754301652.0785594
1754301652.078581 1754301681.4964485
1754301681.4964786 1754301713.763125
1754301713.7631483 1754301743.8217566
1754301743.821788 1754301773.256677
1754301773.2567098 1754301804.9492133
1754301804.949239 1754301831.8599021
1754301831.8599336 1754301868.3062503
1754301868.3062747 1754301896.8895056
1754301896.8895273 1754301934.5527327
1754301934.5527604 1754301958.057876
1754301958.0579014 1754301988.0052328
1754301988.0052686 1754302016.2467616
1754302016.2467885 1754302048.4401767
1754302048.4402027 1754302076.558243
1754302076.5582764 1754302101.5948517
1754302101.5948749 1754302132.658924
1754302132.6589553 1754302161.421069
1754302161.421092 1754302194.692725
1754302194.6927543 1754302223.4705417
1754302223.470568 1754302256.6989553
1754302256.6989899 1754302284.3941236
1754302284.3941479 1754302309.6666086
1754302309.6666355 1754302340.5939076
1754302340.5939527 1754302368.4554067
1754302368.4554367 1754302395.1231434
1754302395.1231668 1754302426.8632712
1754302426.8632953 1754302452.540806
1754302452.5408435 1754302485.7341669
1754302485.734196 1754302516.858598
1754302516.8586204 1754302543.390978
1754302543.3910036 1754302567.342001
1754302567.3420203 1754302601.2190645
1754302601.2190914 1754302634.6796985
1754302634.679728 1754302675.212012
1754302675.212043 1754302703.0029364
1754302703.0029616 1754302739.479236
1754302739.479262 1754302763.336091
1754302763.3361142 1754302797.133291
1754302797.1333158 1754302829.3607378
1754302829.3607712 1754302859.763077
1754302859.7631054 1754302895.9241803
1754302895.9242032 1754302923.9810693
1754302923.981098 1754302953.8790586
1754302953.879079 1754302983.3342187
1754302983.334246 1754303012.1934958
1754303012.193532 1754303041.4257743
1754303041.4258015 1754303075.0386937
1754303075.0387166 1754303097.3381488
1754303097.3381832 1754303127.3940277
1754303127.394054 1754303159.0188842
1754303159.0189083 1754303181.9774466
1754303181.977472 1754303215.7161722
1754303215.7162068 1754303243.9463465
1754303243.9463665 1754303271.1318212
1754303271.1318557 1754303303.9260337
1754303303.9260554 1754303345.7025878
1754303345.7026167 1754303373.4063685
1754303373.4063993 1754303404.617061
1754303404.6170845 1754303431.03434
1754303431.0343657 1754303461.587133
1754303461.587155 1754303501.508599
1754303501.5086262 1754303534.484498
1754303534.4845212 1754303564.720972
1754303564.7210026 1754303596.6698365
1754303596.669862 1754303625.9919624
1754303625.9919925 1754303653.6422803
1754303653.6423123 1754303682.2972062
1754303682.2972286 1754303724.3604302
1754303724.3604538 1754303760.2609348
1754303760.2609615 1754303781.8130393
1754303781.8130624 1754303808.2222817
1754303808.2223146 1754303842.476363
1754303842.4763858 1754303870.7167094
