1754273632.3458748 1754273666.7180953
1754273666.7181234 1754273693.778622
1754273693.778673 1754273726.0741966
1754273726.0742326 1754273759.2189207
1754273759.2189624 1754273791.8207939
1754273791.8208227 1754273819.994474
1754273819.9944968 1754273842.131004
1754273842.1310248 1754273863.182522
1754273863.1825428 1754273889.7720902
1754273889.7721066 1754273916.0251875
1754273916.025208 1754273948.3372467
1754273948.3372667 1754273978.8475418
1754273978.8475606 1754274013.3119087
1754274013.3119276 1754274049.5207226
1754274049.5207455 1754274081.2106524
1754274081.2106752 1754274112.1005013
1754274112.100525 1754274146.1744742
1754274146.1744962 1754274174.366144
1754274174.3661592 1754274203.5916786
1754274203.5917084 1754274231.7542999
1754274231.754321 1754274260.0195427
1754274260.019572 1754274295.0019846
1754274295.0020106 1754274321.324717
1754274321.32474 1754274350.334463
1754274350.3344817 1754274388.3464906
1754274388.3465145 1754274417.0997126
1754274417.099732 1754274453.3097587
1754274453.3097842 1754274482.198567
1754274482.1985867 1754274514.690033
1754274514.6900663 1754274540.7710817
1754274540.77111 1754274570.05457
1754274570.0545883 1754274599.596372
1754274599.5963912 1754274632.5233552
1754274632.52339 1754274661.4863317
1754274661.4863555 1754274696.0936902
1754274696.0937173 1754274726.6492639
1754274726.649281 1754274761.5609152
1754274761.5609407 1754274788.6351
1754274788.635123 1754274816.084591
1754274816.084613 1754274846.6204944
1754274846.620522 1754274883.8758256
1754274883.875844 1754274911.0983176
1754274911.098346 1754274944.4410126
1754274944.441034 1754274973.9838014
1754274973.983827 1754275001.0703118
1754275001.070334 1754275032.8024085
1754275032.8024313 1754275064.5320985
1754275064.532119 1754275095.9389634
1754275095.938981 1754275137.097751
1754275137.0977724 1754275167.9172926
1754275167.9173121 1754275204.892286
1754275204.8923118 1754275237.559161
1754275237.5591784 1754275263.6911745
1754275263.6911974 1754275298.0880108
1754275298.0880387 1754275326.8297088
1754275326.829734 1754275352.7308939
1754275352.7309206 1754275381.0885916
1754275381.0886116 1754275403.920575
1754275403.9205961 1754275438.726486
1754275438.726502 1754275464.8325036
1754275464.832528 1754275493.131092
1754275493.1311088 1754275530.692221
1754275530.6922455 1754275563.9788592
1754275563.978878 1754275590.1283038
1754275590.1283274 1754275622.391895
1754275622.3919184 1754275658.0356681
1754275658.0356867 1754275687.662785
1754275687.662816 1754275711.654964
1754275711.6549795 1754275739.235277
1754275739.2353 1754275770.0249124
1754275770.0249379 1754275802.4190285
1754275802.4190555 1754275822.908064
1754275822.9080887 1754275858.8664634
1754275858.8664796 1754275893.951475
1754275893.9515054 1754275919.4407675
1754275919.4407852 1754275959.225609
1754275959.2256353 1754275988.0034192
1754275988.0034397 1754276018.8520982
1754276018.8521247 1754276055.2348833
1754276055.2349093 1754276088.1363297
1754276088.1363595 1754276109.3968103
1754276109.3968365 1754276145.760942
1754276145.760963 1754276174.532916
1754276174.5329335 1754276202.7148256
1754276202.7148488 1754276234.2233198
1754276234.2233415 1754276262.5602796
1754276262.5602999 1754276297.2918854
1754276297.291911 1754276327.4145675
1754276327.4145918 1754276355.4004781
1754276355.4004984 1754276384.2934027
1754276384.2934272 1754276413.5517063
1754276413.5517297 1754276437.36423
1754276437.364254 1754276458.4729073
1754276458.4729257 1754276486.886808
1754276486.886836 1754276521.1584637
1754276521.1584804 1754276543.4934275
1754276543.4934487 1754276574.9461718
1754276574.946195 1754276607.358105
1754276607.3581233 1754276644.829035
1754276644.8290594 1754276676.432146
1754276676.4321628 1754276699.3221564
1754276699.3221796 1754276723.26315
1754276723.263169 1754276752.5003202
1754276752.5003395 1754276789.663489
1754276789.6635122 1754276820.8872313
1754276820.8872511 1754276862.6040661
1754276862.6040905 1754276889.2613518
1754276889.2613738 1754276917.43291
1754276917.4329364 1754276944.3687634
1754276944.368785 1754276971.4725292
1754276971.4725688 1754277003.6316996
1754277003.6317203 1754277037.1703818
1754277037.170403 1754277078.5707147
1754277078.5707355 1754277102.0049329
1754277102.0049543 1754277134.9600697
1754277134.9600878 1754277169.7591937
1754277169.759218 1754277201.7783926
1754277201.77842 1754277224.5600672
1754277224.5600975 1754277256.3105636
1754277256.3105896 1754277282.0263088
1754277282.026328 1754277310.4629543
1754277310.4629793 1754277337.5993834
1754277337.5994043 1754277361.520711
1754277361.5207403 1754277387.1802087
1754277387.1802273 1754277415.9663477
1754277415.9663708 1754277443.7000427
1754277443.7000601 1754277471.8089428
1754277471.8089666 1754277496.9717717
1754277496.9717999 1754277529.9703693
1754277529.9703948 1754277559.6631682
1754277559.6631896 1754277586.9369724
1754277586.937004 1754277621.2650323
1754277621.265067 1754277651.2729611
1754277651.2729857 1754277679.3713367
1754277679.3713586 1754277710.7170222
1754277710.7170472 1754277736.1036017
1754277736.1036265 1754277762.7521403
1754277762.7521894 1754277790.1675408
1754277790.1675768 1754277819.2912455
1754277819.2912679 1754277845.4633358
1754277845.4633589 1754277872.588471
1754277872.5884914 1754277905.619105
1754277905.6191268 1754277936.152717
1754277936.15274 1754277961.4109254
1754277961.4109511 1754277995.1144693
1754277995.1144905 1754278021.6768062
1754278021.676831 1754278056.7361872
1754278056.7362094 1754278082.662951
1754278082.6629753 1754278112.1652918
1754278112.1653128 1754278139.5755894
1754278139.5756104 1754278164.6807723
1754278164.680796 1754278189.1864839
1754278189.1865003 1754278219.336639
1754278219.336664 1754278241.2161872
1754278241.2162051 1754278272.5342379
1754278272.5342586 1754278312.6118302
1754278312.6118512 1754278339.5754826
1754278339.5755002 1754278367.0442493
1754278367.0442717 1754278399.728051
1754278399.7280855 1754278433.8031142
1754278433.80314 1754278465.3163068
1754278465.3163269 1754278494.6971273
1754278494.6971562 1754278528.2130263
1754278528.2130463 1754278556.7400835
1754278556.7401016 1754278588.3271816
1754278588.327203 1754278631.6107097
1754278631.610728 1754278657.7029696
1754278657.702996 1754278685.1700163
1754278685.1700382 1754278718.9105124
1754278718.9105384 1754278758.1452277
1754278758.1452491 1754278782.2536876
1754278782.2537086 1754278813.5406394
1754278813.5406694 1754278840.717448
1754278840.7174673 1754278869.5944028
1754278869.594426 1754278905.391495
1754278905.391519 1754278941.431896
1754278941.4319165 1754278975.4073582
1754278975.407386 1754279007.5961168
1754279007.5961344 1754279041.4524057
1754279041.4524462 1754279068.096061
1754279068.0960813 1754279104.344368
1754279104.3443925 1754279125.8817341
1754279125.8817503 1754279169.8519504
1754279169.8519707 1754279205.639792
1754279205.6398308 1754279236.0696492
1754279236.0696673 1754279265.4903054
1754279265.4903362 1754279293.5899103
1754279293.5899305 1754279324.7738078
1754279324.7738314 1754279351.0861053
1754279351.0861247 1754279386.563164
1754279386.5631824 1754279414.4333427
1754279414.433366 1754279441.8397112
1754279441.839734 1754279471.1634698
1754279471.1634977 1754279500.9082055
1754279500.9082248 1754279527.760286
1754279527.7603068 1754279559.327165
1754279559.3271906 1754279602.904328
1754279602.9043558 1754279635.8914402
1754279635.8914623 1754279666.6756628
1754279666.6757143 1754279695.236726
1754279695.236744 1754279715.811291
1754279715.8113222 1754279743.1534894
1754279743.1535058 1754279770.7054164
1754279770.7054377 1754279802.5982244
1754279802.5982485 1754279831.808398
1754279831.808418 1754279859.4887638
1754279859.4888043 1754279890.3349226
1754279890.33495 1754279915.793173
1754279915.7931976 1754279950.3582058
1754279950.3582277 1754279981.297548
1754279981.2975771 1754280014.5743537
1754280014.5743785 1754280049.2371874
1754280049.2372088 1754280077.471483
1754280077.4715111 1754280102.7926564
1754280102.7926793 1754280141.489665
1754280141.4896898 1754280173.5880113
1754280173.5880344 1754280206.10763
1754280206.1076486 1754280233.8365476
1754280233.8365748 1754280263.4478445
1754280263.4478648 1754280296.6645434
1754280296.6645634 1754280336.8100307
1754280336.810054 1754280372.1928082
1754280372.1928294 1754280399.0379605
1754280399.037986 1754280427.7910504
1754280427.7910697 1754280458.5097387
1754280458.5097618 1754280488.2801256
1754280488.2801557 1754280512.9160736
1754280512.9160929 1754280540.7188244
1754280540.7188554 1754280564.0578575
1754280564.057882 1754280593.0375118
1754280593.0375311 1754280620.824108
1754280620.8241334 1754280648.535242
1754280648.5352705 1754280673.08205
1754280673.0820673 1754280699.4733582
1754280699.473391 1754280743.7555904
1754280743.7556145 1754280772.921634
1754280772.921657 1754280798.404516
1754280798.4045384 1754280828.3912318
1754280828.391255 1754280855.1267579
1754280855.1268032 1754280888.9707355
1754280888.970757 1754280927.8914165
1754280927.8914402 1754280953.8508933
1754280953.8509247 1754280986.3624747
1754280986.3624985 1754281020.8679156
1754281020.8679347 1754281051.9085402
1754281051.908563 1754281080.107156
1754281080.1071744 1754281101.8227992
1754281101.822829 1754281132.6605988
1754281132.6606212 1754281159.388693
1754281159.3887143 1754281191.2471437
1754281191.2471778 1754281226.1858916
1754281226.1859093 1754281250.4180975
1754281250.418121 1754281276.554713
1754281276.5547397 1754281304.5006917
1754281304.500729 1754281324.9184926
1754281324.918514 1754281357.271059
1754281357.271078 1754281391.1425576
1754281391.1425798 1754281427.3787365
1754281427.3787608 1754281450.9686909
1754281450.9687166 1754281475.4228187
1754281475.4228423 1754281506.2249582
1754281506.2249765 1754281537.8116813
1754281537.8117006 1754281566.7217665
1754281566.721796 1754281596.3940096
1754281596.3940372 1754281618.4791224
1754281618.47915 1754281643.38125
1754281643.3812697 1754281678.5817528
1754281678.581779 1754281703.3199122
1754281703.3199284 1754281739.079528
1754281739.0795524 1754281764.2923405
1754281764.2923627 1754281796.694748
1754281796.694771 1754281821.801521
1754281821.8015387 1754281849.7182486
1754281849.7182682 1754281884.4266446
1754281884.42667 1754281909.6907048
1754281909.6907258 1754281931.8481696
1754281931.848196 1754281960.1545346
1754281960.1545615 1754281989.100319
1754281989.1003473 1754282021.4872653
1754282021.4872859 1754282052.2820868
1754282052.2821143 1754282084.568828
1754282084.5688503 1754282116.5858338
1754282116.585855 1754282142.7429926
1754282142.7430205 1754282173.2598977
1754282173.2599154 1754282202.826213
1754282202.8262384 1754282226.5787604
1754282226.5787797 1754282256.868614
1754282256.8686407 1754282287.6456609
1754282287.645681 1754282321.4819667
1754282321.4819922 1754282356.99579
1754282356.995811 1754282384.8401823
1754282384.8402183 1754282409.367243
1754282409.367264 1754282440.4517715
1754282440.451791 1754282472.566545
1754282472.5665839 1754282501.3865414
1754282501.3865588 1754282534.3435204
1754282534.3435457 1754282562.5527508
1754282562.5527694 1754282589.0376172
1754282589.0376344 1754282615.4429123
1754282615.4429433 1754282646.5631614
1754282646.5631826 1754282671.8568623
1754282671.8568878 1754282703.532039
1754282703.5320604 1754282737.7825518
1754282737.7825701 1754282769.739585
1754282769.739618 1754282802.9289107
1754282802.9289308 1754282831.972229
1754282831.9722543 1754282860.7302554
1754282860.7302785 1754282887.2310288
1754282887.2310562 1754282917.3563206
1754282917.356341 1754282944.614151
1754282944.6141832 1754282972.4271102
1754282972.427131 1754282995.4761636
1754282995.47619 1754283024.0139873
1754283024.0140076 1754283052.2573583
1754283052.257381 1754283083.3200374
1754283083.3200638 1754283118.5354211
1754283118.5354424 1754283146.4725437
1754283146.4725716 1754283176.1369815
1754283176.137 1754283204.8970387
1754283204.8970757 1754283235.0175424
1754283235.017564 1754283267.64897
1754283267.6489975 1754283296.2046044
1754283296.2046251 1754283323.7742898
1754283323.7743192 1754283354.0576293
1754283354.0576546 1754283384.5439215
1754283384.5439405 1754283410.644552
1754283410.644578 1754283445.316997
1754283445.3170197 1754283477.5416405
1754283477.5416665 1754283505.7530336
1754283505.7530599 1754283541.8638823
1754283541.8639047 1754283574.6168115
1754283574.6168396 1754283607.4687479
1754283607.46877 1754283639.7562728
1754283639.7563198 1754283666.7998943
1754283666.7999158 1754283697.3075583
1754283697.3076134 1754283727.014545
1754283727.0145648 1754283753.2490172
1754283753.2490435 1754283780.9508471
1754283780.950867 1754283802.8848753
1754283802.8848925 1754283832.1388357
1754283832.1388574 1754283861.041219
1754283861.0412362 1754283896.2586155
1754283896.2586365 1754283930.8656788
1754283930.8657022 1754283957.0808406
1754283957.080857 1754283996.2740374
1754283996.2740638 1754284027.1534414
1754284027.1534607 1754284059.9903655
1754284059.990387 1754284092.726753
1754284092.7267747 1754284117.9711328
1754284117.971157 1754284152.0224464
1754284152.0224757 1754284182.054446
1754284182.0544698 1754284216.272803
1754284216.27284 1754284244.2535741
1754284244.2535992 1754284277.0165436
1754284277.0165617 1754284319.8024533
1754284319.8024771 1754284342.3173413
1754284342.3173642 1754284366.8297794
1754284366.8298187 1754284390.9720836
1754284390.9721014 1754284427.68334
1754284427.683369 1754284464.5714548
1754284464.5714738 1754284499.5270653
1754284499.5270848 1754284531.2766387
1754284531.276665 1754284557.376818
1754284557.3768365 1754284588.085608
1754284588.0856335 1754284617.520689
1754284617.5207121 1754284646.1710029
1754284646.171021 1754284680.1699185
1754284680.169935 1754284720.395145
1754284720.3951666 1754284748.1307714
1754284748.1307983 1754284781.8492057
1754284781.8492255 1754284821.5856514
1754284821.5856757 1754284849.906678
1754284849.9067016 1754284879.9046886
1754284879.904716 1754284909.4590387
1754284909.4590576 1754284936.9270287
1754284936.9270532 1754284968.5989192
1754284968.5989475 1754285002.9400494
1754285002.9400718 1754285027.0216286
1754285027.0216498 1754285057.0897934
1754285057.0898173 1754285083.7379568
1754285083.7379792 1754285111.7859683
1754285111.7859912 1754285135.6942985
1754285135.6943254 1754285165.681151
1754285165.6811721 1754285194.5781791
1754285194.5782063 1754285223.929828
1754285223.929846 1754285251.1330733
1754285251.1330957 1754285294.094697
1754285294.0947134 1754285318.274038
1754285318.2740624 1754285345.7756755
1754285345.7756975 1754285378.2898717
1754285378.2898934 1754285415.611225
1754285415.611253 1754285444.3744147
1754285444.3744311 1754285474.2571065
1754285474.2571273 1754285505.893589
1754285505.8936136 1754285536.8561082
1754285536.8561287 1754285576.6571267
1754285576.6571574 1754285601.5116827
1754285601.5117135 1754285630.9394026
1754285630.9394283 1754285670.9091659
1754285670.9091897 1754285704.6689334
1754285704.6689537 1754285734.2135465
1754285734.2135787 1754285763.978541
1754285763.9785671 1754285794.0283394
1754285794.0283668 1754285817.164059
1754285817.1640806 1754285847.2346675
1754285847.234693 1754285881.0591474
1754285881.0591736 1754285904.4826791
1754285904.4826987 1754285934.1039956
1754285934.1040242 1754285965.8021736
1754285965.802197 1754286000.6565652
1754286000.6565886 1754286029.5858555
1754286029.5858798 1754286054.3784082
1754286054.3784456 1754286093.498998
1754286093.4990175 1754286131.4650912
1754286131.4651146 1754286160.3290641
1754286160.3290854 1754286190.9420528
1754286190.9420776 1754286229.018718
1754286229.0187397 1754286251.813842
1754286251.813866 1754286289.1464567
1754286289.14648 1754286315.3628268
1754286315.362854 1754286348.6553347
1754286348.6553564 1754286374.6707556
1754286374.6707814 1754286401.6664827
1754286401.6665032 1754286425.2431524
1754286425.2431781 1754286464.7250896
1754286464.7251139 1754286497.7502174
1754286497.750239 1754286531.2103994
1754286531.2104216 1754286559.8034456
1754286559.803468 1754286591.5781717
1754286591.5781994 1754286626.5895274
1754286626.589546 1754286658.6517985
1754286658.6518161 1754286688.2381856
1754286688.2382267 1754286714.4294615
1754286714.4294813 1754286744.9422817
1754286744.9423099 1754286772.4268215
1754286772.4268434 1754286809.7599003
1754286809.7599385 1754286847.810612
1754286847.8106313 1754286872.9745018
1754286872.9745483 1754286902.21069
1754286902.210718 1754286935.33916
1754286935.3391836 1754286966.1867898
1754286966.1868114 1754286988.1890848
1754286988.1891134 1754287018.6776576
1754287018.6776762 1754287049.861575
1754287049.8615954 1754287075.2923794
1754287075.2924013 1754287105.605551
1754287105.6055717 1754287137.5349264
1754287137.5349512 1754287165.105787
1754287165.105809 1754287203.217264
1754287203.2172856 1754287236.0818493
1754287236.0818722 1754287270.6798308
1754287270.6798506 1754287296.504389
1754287296.5044193 1754287323.1710956
1754287323.1711147 1754287354.23318
1754287354.2332082 1754287386.0756423
1754287386.0756617 1754287422.4977624
1754287422.4977815 1754287445.52455
1754287445.5245967 1754287481.2863374
1754287481.2863588 1754287512.9769454
1754287512.9769692 1754287541.495055
1754287541.495076 1754287567.4607003
1754287567.460727 1754287599.95709
1754287599.9571142 1754287629.5502348
1754287629.5502622 1754287662.992099
1754287662.9921231 1754287692.4942653
1754287692.494297 1754287721.130847
1754287721.1308773 1754287744.3735468
1754287744.3735669 1754287775.3978078
1754287775.3978395 1754287809.9843664
1754287809.9843874 1754287836.0381336
1754287836.0381567 1754287859.6532552
1754287859.6532743 1754287888.7922878
1754287888.7923064 1754287920.5779355
1754287920.5779626 1754287944.261021
1754287944.2610435 1754287970.8082292
1754287970.8082504 1754288002.762797
1754288002.7628143 1754288029.5384393
1754288029.5384626 1754288061.071318
1754288061.0713344 1754288100.86817
1754288100.8681948 1754288126.4277077
1754288126.4277253 1754288163.3477912
1754288163.3478098 1754288192.995707
1754288192.995735 1754288222.2445116
1754288222.2445395 1754288256.4273286
1754288256.427351 1754288288.4918308
1754288288.4918559 1754288317.0141997
1754288317.0142233 1754288344.6771853
1754288344.677204 1754288373.0296562
1754288373.029679 1754288409.1163743
1754288409.1163952 1754288445.5688565
1754288445.568873 1754288471.5888147
1754288471.5888379 1754288508.8871715
1754288508.8871906 1754288543.7170696
1754288543.7170906 1754288578.5413852
1754288578.5414076 1754288602.0803502
1754288602.0803678 1754288642.401043
1754288642.4010668 1754288672.625359
1754288672.6253839 1754288702.012894
1754288702.0129197 1754288730.0351324
1754288730.0351572 1754288755.075497
1754288755.0755184 1754288786.0040128
1754288786.0040348 1754288823.5900838
1754288823.5901058 1754288849.377663
1754288849.3776894 1754288877.423045
1754288877.4230676 1754288905.9333167
1754288905.9333396 1754288938.4616737
1754288938.4616945 1754288963.5411384
1754288963.5411584 1754288992.671507
1754288992.6715295 1754289022.461362
1754289022.4613836 1754289052.408358
1754289052.4083881 1754289082.3950753
1754289082.3950942 1754289108.1536944
1754289108.153717 1754289136.129449
1754289136.129468 1754289164.5870411
1754289164.5870624 1754289189.012834
1754289189.0128524 1754289229.016705
1754289229.0167298 1754289257.399983
1754289257.4000025 1754289289.6586883
1754289289.6587121 1754289313.4322836
1754289313.4323053 1754289343.8630629
1754289343.8631022 1754289375.3912232
1754289375.3912418 1754289409.8546119
1754289409.854637 1754289437.963872
1754289437.9638934 1754289465.761826
1754289465.7618444 1754289499.3323514
1754289499.3323767 1754289529.078334
1754289529.0783527 1754289552.5387418
1754289552.5387669 1754289581.6979477
1754289581.6979654 1754289605.732023
1754289605.7320411 1754289631.3271463
1754289631.3271694 1754289664.18327
1754289664.183305 1754289696.956258
1754289696.956282 1754289727.6358461
1754289727.6358736 1754289769.2659826
1754289769.2660055 1754289796.0190492
1754289796.0190666 1754289823.417178
1754289823.417203 1754289854.00601
1754289854.0060282 1754289887.2151582
1754289887.215184 1754289911.2761354
1754289911.2761579 1754289942.4209814
1754289942.420999 1754289970.6139162
1754289970.6139367 1754290002.932194
1754290002.9322202 1754290033.0270672
1754290033.0270886 1754290065.6229572
1754290065.6229846 1754290103.539851
1754290103.539871 1754290137.2523212
1754290137.252344 1754290167.7868972
1754290167.7869225 1754290195.792543
1754290195.792563 1754290236.809712
1754290236.8097355 1754290259.6909952
1754290259.6910167 1754290291.525348
1754290291.525367 1754290327.54461
1754290327.5446339 1754290358.0776165
1754290358.0776358 1754290395.342857
1754290395.3428955 1754290422.5502663
1754290422.5503016 1754290451.6734545
1754290451.6734805 1754290485.9212925
1754290485.921313 1754290514.3712115
1754290514.371231 1754290551.7858775
1754290551.7858999 1754290583.6033914
1754290583.603413 1754290610.7158194
1754290610.7158473 1754290639.4270387
1754290639.4270637 1754290669.266149
1754290669.2661722 1754290697.3893282
1754290697.389353 1754290736.37313
1754290736.373174 1754290763.5966778
1754290763.5966947 1754290789.6154268
1754290789.6154497 1754290820.892823
1754290820.8928418 1754290857.1154108
1754290857.1154346 1754290891.8222847
1754290891.822305 1754290922.0188289
1754290922.0188496 1754290957.378782
1754290957.378803 1754290988.6111228
1754290988.6111443 1754291018.5972729
1754291018.5972953 1754291053.611657
1754291053.6116831 1754291084.4210572
1754291084.421084 1754291114.7326276
1754291114.7326458 1754291141.9490163
1754291141.949033 1754291172.1359513
1754291172.1359806 1754291201.0612485
1754291201.0612657 1754291228.6829345
1754291228.6829515 1754291262.2916036
1754291262.29164 1754291289.2683141
1754291289.2683372 1754291319.9196794
1754291319.9197106 1754291343.1258104
1754291343.1258278 1754291377.2580943
1754291377.2581186 1754291412.269613
1754291412.2696347 1754291438.4365988
1754291438.4366279 1754291466.2569685
1754291466.2569907 1754291503.3889189
1754291503.3889441 1754291531.1290221
1754291531.129044 1754291566.1436143
1754291566.1436396 1754291597.2990515
1754291597.2990808 1754291629.9713652
1754291629.9713829 1754291661.0473764
1754291661.047402 1754291703.0781786
1754291703.0781975 1754291736.5789635
1754291736.5789878 1754291766.1559904
1754291766.1560092 1754291798.6591852
1754291798.659211 1754291830.1128473
1754291830.1128669 1754291864.4309402
1754291864.430961 1754291894.9110816
1754291894.9111042 1754291921.048608
1754291921.048629 1754291952.7345188
1754291952.7345436 1754291978.7068229
1754291978.7068462 1754292005.0505326
1754292005.0505521 1754292031.6597173
1754292031.6597505 1754292056.502682
1754292056.5027013 1754292091.8595471
1754292091.859582 1754292119.7875152
1754292119.7875328 1754292158.0520322
1754292158.0520532 1754292188.107817
1754292188.1078467 1754292223.2059925
1754292223.2060149 1754292248.8733592
1754292248.8733766 1754292274.779031
1754292274.7790635 1754292304.9730098
1754292304.973036 1754292337.4127183
1754292337.412745 1754292365.252047
1754292365.2520688 1754292397.0994277
1754292397.0994525 1754292425.8890681
1754292425.889086 1754292455.3715029
1754292455.3715305 1754292487.2601886
1754292487.26021 1754292517.6540608
1754292517.6540842 1754292546.4256217
1754292546.425639 1754292585.340253
1754292585.3402808 1754292618.5194874
1754292618.5195055 1754292646.9720685
1754292646.9720945 1754292677.499737
1754292677.499758 1754292702.4123065
1754292702.4123278 1754292728.4588645
1754292728.4588888 1754292761.0713065
1754292761.071328 1754292792.9632678
1754292792.9632878 1754292820.6055844
1754292820.6056113 1754292848.9172132
1754292848.9172373 1754292880.495288
1754292880.4953125 1754292908.1535642
1754292908.1535897 1754292943.0944538
1754292943.0944846 1754292974.5782487
1754292974.5782664 1754293011.4483747
1754293011.448404 1754293038.679957
1754293038.6799755 1754293068.0903878
1754293068.0904198 1754293095.9176974
1754293095.9177146 1754293142.9490693
1754293142.9490983 1754293180.5132189
1754293180.513237 1754293215.3061025
1754293215.3061254 1754293245.6457498
1754293245.645771 1754293273.8786223
1754293273.8786407 1754293305.1282957
1754293305.128322 1754293337.4177947
1754293337.4178145 1754293364.1277153
1754293364.1277444 1754293403.4876542
1754293403.487683 1754293427.8265102
1754293427.8265293 1754293457.1759539
1754293457.1759782 1754293485.9322758
1754293485.9322944 1754293514.1085155
1754293514.1085408 1754293552.9858391
1754293552.985859 1754293585.8278196
1754293585.8278556 1754293619.8382988
1754293619.8383164 1754293649.1216176
1754293649.1216433 1754293683.724504
1754293683.724523 1754293709.9018629
1754293709.9018931 1754293740.244038
1754293740.2440593 1754293771.5621033
1754293771.5621312 1754293804.2300823
1754293804.2301018 1754293836.2432
1754293836.2432184 1754293867.5936708
1754293867.5936964 1754293899.752221
1754293899.7522504 1754293928.9457488
1754293928.945779 1754293958.0213025
1754293958.0213249 1754293989.491584
1754293989.4916131 1754294020.793184
1754294020.7932026 1754294051.9511266
1754294051.9511564 1754294080.413187
1754294080.4132035 1754294114.7702122
1754294114.7702374 1754294151.1552598
1754294151.1552768 1754294178.630232
1754294178.6302583 1754294202.4409342
1754294202.4409666 1754294235.041214
1754294235.0412323 1754294265.7893937
1754294265.7894146 1754294296.4522
1754294296.4522254 1754294329.2657878
1754294329.2658067 1754294362.2245526
1754294362.2245786 1754294386.9818306
1754294386.9818556 1754294417.3938198
1754294417.3938386 1754294452.5158556
1754294452.5158856 1754294478.9317713
1754294478.9317951 1754294506.086511
1754294506.086529 1754294534.4604006
1754294534.4604282 1754294559.3599925
1754294559.3600156 1754294586.2067459
1754294586.2067628 1754294622.6327012
1754294622.6327486 1754294657.2981324
1754294657.2981584 1754294681.8434422
1754294681.8434737 1754294715.44933
1754294715.449354 1754294740.5565166
1754294740.5565376 1754294766.6042743
1754294766.6043022 1754294804.2278495
1754294804.2278726 1754294833.4513392
1754294833.4513638 1754294863.3460867
1754294863.3461094 1754294888.3497553
1754294888.3497758 1754294920.6807952
1754294920.6808183 1754294949.7796733
1754294949.7797022 1754294972.163427
1754294972.163451 1754295005.6223366
1754295005.6223578 1754295033.1547048
1754295033.15473 1754295066.3094893
1754295066.3095226 1754295095.3147304
1754295095.3147504 1754295124.7781081
1754295124.7781394 1754295149.7592123
1754295149.759231 1754295177.53398
1754295177.5340066 1754295204.6432858
1754295204.6433058 1754295231.2545078
1754295231.2545278 1754295272.6802382
1754295272.680262 1754295295.0489798
1754295295.048999 1754295321.9233441
1754295321.9233716 1754295353.7403462
1754295353.7403634 1754295375.177515
1754295375.1775398 1754295404.3165596
1754295404.316582 1754295428.707575
1754295428.7076147 1754295465.4384627
1754295465.4384918 1754295498.1901345
1754295498.1901636 1754295526.2586355
1754295526.2586555 1754295562.0951383
1754295562.0951667 1754295588.2764366
1754295588.2764585 1754295613.754001
1754295613.7540267 1754295646.7324595
1754295646.7324805 1754295677.0058386
1754295677.0058696 1754295702.3937745
1754295702.3937933 1754295740.7291236
1754295740.7291472 1754295765.814799
1754295765.8148215 1754295790.7593286
1754295790.75936 1754295827.41411
1754295827.4141273 1754295856.4034042
1754295856.4034274 1754295881.95595
1754295881.955971 1754295915.5812411
1754295915.5812688 1754295955.1029336
1754295955.1029527 1754295981.3778687
1754295981.3779116 1754296009.7518265
1754296009.7518513 1754296034.450999
1754296034.4510167 1754296069.562165
1754296069.5621896 1754296101.9540942
1754296101.9541125 1754296127.2115297
1754296127.2115562 1754296165.406817
1754296165.4068353 1754296194.7422576
1754296194.742283 1754296223.9215071
1754296223.9215255 1754296250.8547177
1754296250.8547432 1754296285.5364933
1754296285.5365155 1754296320.8017905
1754296320.8018112 1754296349.1762748
1754296349.1763003 1754296381.6298823
1754296381.629911 1754296407.234645
1754296407.2346666 1754296436.0836136
1754296436.0836334 1754296462.4278758
1754296462.4278946 1754296490.9869754
1754296490.9870064 1754296516.811481
1754296516.811498 1754296549.3910322
1754296549.391052 1754296582.3612583
1754296582.3612885 1754296610.7576873
1754296610.7577114 1754296646.557682
1754296646.557703 1754296680.7619293
1754296680.761959 1754296705.1953661
1754296705.1953835 1754296731.8443491
1754296731.8443742 1754296760.6245625
1754296760.6245837 1754296796.9291425
1754296796.9291599 1754296833.3056774
1754296833.3057 1754296861.3945706
1754296861.394601 1754296891.7456782
1754296891.7457008 1754296923.591144
1754296923.5911603 1754296962.1217155
1754296962.1217375 1754296992.459503
1754296992.4595222 1754297015.1099105
1754297015.1099408 1754297039.199109
1754297039.199134 1754297066.933096
1754297066.9331243 1754297091.1929038
1754297091.1929247 1754297118.759292
1754297118.7593164 1754297143.4766505
1754297143.4766686 1754297176.2485669
1754297176.2485895 1754297201.8110077
1754297201.8110282 1754297229.1987147
1754297229.198742 1754297258.9092066
1754297258.9092345 1754297290.5149496
1754297290.514968 1754297318.2992454
1754297318.2992709 1754297345.2198253
1754297345.219843 1754297370.4333808
1754297370.433404 1754297398.447955
1754297398.4479775 1754297430.5195801
1754297430.5196257 1754297465.0936344
1754297465.0936549 1754297492.3717234
1754297492.3717606 1754297526.1402328
1754297526.1402535 1754297556.967961
1754297556.9680064 1754297587.148926
1754297587.14896 1754297614.3194897
1754297614.3195202 1754297641.5817518
1754297641.5817745 1754297668.3224819
1754297668.3225229 1754297696.621933
1754297696.621953 1754297732.0911393
1754297732.0911667 1754297760.1220574
1754297760.1220784 1754297786.6341236
1754297786.6341443 1754297818.7504778
1754297818.7505064 1754297843.9521952
1754297843.9522133 1754297874.363785
1754297874.3638124 1754297906.793862
1754297906.7938936 1754297938.0328891
1754297938.0329316 1754297967.0415697
1754297967.041592 1754297999.2370737
1754297999.237095 1754298040.123682
1754298040.1237073 1754298072.7693932
1754298072.7694137 1754298104.3077414
1754298104.3077714 1754298133.383807
1754298133.3838289 1754298158.9096997
1754298158.9097197 1754298189.6012647
1754298189.601292 1754298220.0661473
1754298220.066172 1754298246.9168737
1754298246.9168956 1754298281.5016897
1754298281.501709 1754298307.2300022
1754298307.2300265 1754298334.9300408
1754298334.9300613 1754298366.7539086
1754298366.7539325 1754298403.6200998
1754298403.6201274 1754298433.363678
1754298433.3637068 1754298470.3791184
1754298470.3791382 1754298495.6362336
1754298495.6362557 1754298529.4040902
1754298529.4041185 1754298559.3756034
1754298559.375634 1754298587.8671255
1754298587.8671443 1754298622.8247933
1754298622.824815 1754298655.0377846
1754298655.0378103 1754298678.2667408
1754298678.2667594 1754298701.5418494
1754298701.5418756 1754298732.1734905
1754298732.173509 1754298758.849897
1754298758.849925 1754298792.8446314
1754298792.8446517 1754298823.4059267
1754298823.4059517 1754298855.9718287
1754298855.9718459 1754298892.5005145
1754298892.5005372 1754298930.860049
1754298930.8600736 1754298961.326505
1754298961.3265266 1754298987.0068104
1754298987.0068357 1754299020.1042988
1754299020.104318 1754299049.9056141
1754299049.9056323 1754299078.4983957
1754299078.49842 1754299111.5775309
1754299111.577552 1754299142.2007506
1754299142.2007673 1754299170.9068666
1754299170.906891 1754299199.8753316
1754299199.8753493 1754299235.1880279
1754299235.1880543 1754299259.6688426
1754299259.6688626 1754299293.7530024
1754299293.7530298 1754299328.8768137
1754299328.8768365 1754299355.102507
1754299355.1025333 1754299381.5172162
1754299381.5172412 1754299410.767902
1754299410.7679253 1754299436.1585898
1754299436.1586165 1754299460.4253862
1754299460.4254036 1754299485.7060554
1754299485.7060747 1754299511.9015574
1754299511.9015822 1754299542.1298714
1754299542.1298904 1754299577.8435018
1754299577.8435252 1754299604.9245293
1754299604.9245522 1754299624.40379
1754299624.4038084 1754299666.9898102
1754299666.9898384 1754299701.5494237
1754299701.5494494 1754299727.5998652
1754299727.5998874 1754299756.0177507
1754299756.0177755 1754299783.9952888
1754299783.9953065 1754299815.0010257
1754299815.0010555 1754299841.8520932
1754299841.852116 1754299874.3729217
1754299874.372949 1754299901.3183193
1754299901.3183393 1754299939.3923242
1754299939.3923514 1754299966.3277683
1754299966.3277957 1754299992.525189
1754299992.5252175 1754300026.1030984
1754300026.1031194 1754300053.3043318
1754300053.3043516 1754300080.5559032
1754300080.5559206 1754300112.2943053
1754300112.294342 1754300139.2381144
1754300139.2381313 1754300172.8429716
1754300172.8429933 1754300201.8131847
1754300201.8132114 1754300233.6350617
1754300233.6350815 1754300271.601171
1754300271.6011937 1754300304.066383
1754300304.0664048 1754300329.784027
1754300329.784053 1754300361.347656
1754300361.3476834 1754300393.5673268
1754300393.5673463 1754300424.5687807
1754300424.5688078 1754300445.8070407
1754300445.8070579 1754300480.7169187
1754300480.7169404 1754300511.3685253
1754300511.3685515 1754300541.4915583
1754300541.4916086 1754300574.2327328
1754300574.232759 1754300604.0392442
1754300604.0392635 1754300628.5726776
1754300628.5727062 1754300666.117724
1754300666.1177425 1754300695.4205983
1754300695.4206252 1754300724.3053331
1754300724.3053539 1754300751.640298
1754300751.6403272 1754300780.6962657
1754300780.696299 1754300807.7704556
1754300807.7704766 1754300834.5774868
1754300834.5775125 1754300869.4767802
1754300869.4767992 1754300900.684011
1754300900.6840363 1754300929.3542414
1754300929.3542626 1754300961.9427252
1754300961.9427524 1754300991.235028
1754300991.2350492 1754301020.8160186
1754301020.8160474 1754301049.194064
1754301049.1940885 1754301071.8340895
1754301071.8341146 1754301108.1069047
1754301108.1069238 1754301135.353709
1754301135.3537345 1754301165.7616205
1754301165.7616453 1754301200.7487087
1754301200.7487395 1754301230.227914
1754301230.2279384 1754301258.32958
1754301258.3296037 1754301290.7116494
1754301290.7116814 1754301321.6975784
1754301321.6976051 1754301350.0367262
1754301350.0367506 1754301375.5600243
1754301375.5600464 1754301403.9982421
1754301403.9982634 1754301432.8774698
1754301432.8774958 1754301464.034429
1754301464.0344522 1754301489.6020997
1754301489.6021237 1754301509.1311758
1754301509.1312053 1754301534.8538191
1754301534.8538465 1754301561.551422
1754301561.5514445 1754301593.7423067
1754301593.7423377 1754301624.8472807
1754301624.8473027 1754301657.313748
1754301657.3137698 1754301681.3061886
1754301681.3062131 1754301709.962647
1754301709.9626667 1754301739.542558
1754301739.5425756 1754301776.9166727
1754301776.916696 1754301805.599475
1754301805.599495 1754301831.4177759
1754301831.4178007 1754301868.2537887
1754301868.253808 1754301900.0384612
1754301900.0384824 1754301929.198946
1754301929.1989756 1754301957.1290927
1754301957.129111 1754301991.3877294
1754301991.3877559 1754302020.1761377
1754302020.1761599 1754302047.4797015
1754302047.4797273 1754302079.6905189
1754302079.6905377 1754302102.2155151
1754302102.215543 1754302132.2656894
1754302132.265713 1754302157.3605738
1754302157.3605995 1754302192.9895756
1754302192.9895964 1754302223.8149188
1754302223.8149476 1754302254.0667439
1754302254.0667634 1754302282.6302814
1754302282.6303067 1754302301.736593
1754302301.7366133 1754302334.7683601
1754302334.7683814 1754302364.9396472
1754302364.9396715 1754302392.8873942
1754302392.8874133 1754302423.4482758
1754302423.4482937 1754302457.4144676
1754302457.4144974 1754302486.6680706
1754302486.6681025 1754302511.9789581
1754302511.9789822 1754302537.1451583
1754302537.1451817 1754302574.2600417
1754302574.2600694 1754302603.3273451
1754302603.3273706 1754302640.9551756
1754302640.9551952 1754302671.4812698
1754302671.4812937 1754302702.7677736
1754302702.767803 1754302732.9308593
1754302732.9308815 1754302764.4109542
1754302764.4109817 1754302792.5521672
1754302792.5521884 1754302827.6527507
1754302827.652801 1754302866.75734
1754302866.7573593 1754302889.3475485
1754302889.3475966 1754302923.4978926
1754302923.4979148 1754302946.654151
1754302946.6541762 1754302980.6437292
1754302980.64375 1754303011.6774251
1754303011.6774495 1754303043.282615
1754303043.2826319 1754303071.036691
1754303071.036718 1754303100.8670523
1754303100.8670864 1754303129.978879
1754303129.9789002 1754303154.8252623
1754303154.8252833 1754303178.4445138
1754303178.4445505 1754303208.6675088
1754303208.6675284 1754303242.6736436
1754303242.6736639 1754303269.4470253
1754303269.447066 1754303301.3032374
1754303301.3032553 1754303347.8570638
1754303347.8570893 1754303374.8354394
1754303374.8354685 1754303402.2924776
1754303402.292497 1754303429.921222
1754303429.921251 1754303459.0813048
1754303459.0813239 1754303497.9179697
1754303497.918 1754303535.0120845
1754303535.0121067 1754303559.5122547
1754303559.512274 1754303588.6164067
1754303588.6164289 1754303620.3443968
1754303620.3444169 1754303650.6223724
1754303650.6223943 1754303679.4325132
1754303679.4325304 1754303720.338251
1754303720.3382745 1754303755.4366379
1754303755.4366765 1754303779.3069649
1754303779.3069847 1754303802.5816476
1754303802.581668 1754303841.0788677
1754303841.078896 1754303869.4219475
