1754916774.9952931 1754916806.0473895
1754916806.047426 1754916828.6021047
1754916828.6021652 1754916859.9202929
1754916859.9203167 1754916896.0261097
1754916896.0261405 1754916924.772419
1754916924.7724495 1754916961.6569464
1754916961.6569676 1754916986.3069797
1754916986.3070061 1754917024.1739826
1754917024.1740055 1754917050.1216617
1754917050.1216886 1754917097.6526377
1754917097.6526694 1754917126.0565994
1754917126.0566306 1754917150.2596571
1754917150.25969 1754917174.3864439
1754917174.386465 1754917205.3208237
1754917205.3208501 1754917235.072676
1754917235.0726976 1754917265.1968937
1754917265.1969218 1754917296.80562
1754917296.805644 1754917332.4710715
1754917332.471095 1754917363.9644334
1754917363.9644625 1754917393.191624
1754917393.191648 1754917424.6873376
1754917424.6873715 1754917460.830736
1754917460.8307571 1754917490.39278
1754917490.392826 1754917515.85841
1754917515.858434 1754917546.6077738
1754917546.607798 1754917570.7545605
1754917570.754595 1754917608.072958
1754917608.072979 1754917634.5951924
1754917634.5952177 1754917680.9364357
1754917680.9364648 1754917711.501632
1754917711.501655 1754917746.1497233
1754917746.1497521 1754917773.7683623
1754917773.7683883 1754917793.8041356
1754917793.8041663 1754917826.8942876
1754917826.8943114 1754917854.5171263
1754917854.5171516 1754917886.0644002
1754917886.0644262 1754917921.5095835
1754917921.5096066 1754917947.3693395
1754917947.3693666 1754917974.612588
1754917974.6126075 1754917999.831962
1754917999.8319907 1754918026.7462988
1754918026.746324 1754918053.312099
1754918053.3121233 1754918077.704403
1754918077.70443 1754918106.121999
1754918106.1220195 1754918134.8440044
1754918134.8440273 1754918172.1117632
1754918172.111794 1754918197.171877
1754918197.1719007 1754918217.1281295
1754918217.1281533 1754918249.6673222
1754918249.6673553 1754918283.2971594
1754918283.297183 1754918309.5192986
1754918309.519326 1754918337.931175
1754918337.9311957 1754918370.0855763
1754918370.0855992 1754918403.323761
1754918403.3237913 1754918436.8901758
1754918436.8901968 1754918460.3546734
1754918460.3546965 1754918491.563443
1754918491.5634785 1754918520.71218
1754918520.7122033 1754918554.0366158
1754918554.0366433 1754918581.469664
1754918581.4696875 1754918616.6819673
1754918616.6819897 1754918638.7116234
1754918638.7116556 1754918669.102991
1754918669.103015 1754918701.824673
1754918701.8247075 1754918729.1060293
1754918729.106055 1754918766.4096391
1754918766.4096637 1754918799.5035522
1754918799.5035899 1754918833.9623291
1754918833.9623659 1754918856.7582114
1754918856.758234 1754918881.3651772
1754918881.3651984 1754918914.4203343
1754918914.4203663 1754918941.9289188
1754918941.9289458 1754918976.3482304
1754918976.3482537 1754919002.3153465
1754919002.3153782 1754919039.2055304
1754919039.2055528 1754919068.6313894
1754919068.6314173 1754919091.0855632
1754919091.0855837 1754919120.351426
1754919120.351457 1754919157.17498
1754919157.1750016 1754919192.4793403
1754919192.479374 1754919219.88598
1754919219.8860064 1754919259.0670123
1754919259.067036 1754919280.8998337
1754919280.8998694 1754919304.6461663
1754919304.6461895 1754919331.3451848
1754919331.3452132 1754919358.1791227
1754919358.1791441 1754919396.249535
1754919396.2495575 1754919428.3213398
1754919428.3213735 1754919458.1839142
1754919458.1839378 1754919482.7484546
1754919482.748485 1754919510.6804793
1754919510.6805022 1754919541.8953116
1754919541.8953366 1754919573.2501485
1754919573.2501729 1754919610.4777217
1754919610.4777527 1754919641.707087
1754919641.7071106 1754919669.456018
1754919669.45605 1754919695.0742426
1754919695.0742664 1754919722.4265869
1754919722.4266095 1754919756.3959475
1754919756.3959749 1754919787.6987324
