1754916776.7918003 1754916808.2083235
1754916808.208354 1754916832.1985216
1754916832.198544 1754916869.695866
1754916869.69591 1754916905.6526031
1754916905.6526299 1754916933.071574
1754916933.0716162 1754916965.4705596
1754916965.4705875 1754916995.1349201
1754916995.1349554 1754917029.694005
1754917029.694029 1754917055.602649
1754917055.6026714 1754917095.8583903
1754917095.858417 1754917121.7567017
1754917121.756723 1754917156.8973289
1754917156.8973522 1754917180.6747253
1754917180.674764 1754917215.9582522
1754917215.9582763 1754917243.3976383
1754917243.3976717 1754917267.911639
1754917267.91166 1754917303.1964529
1754917303.1964757 1754917331.795923
1754917331.7959445 1754917362.3357718
1754917362.335798 1754917399.2441962
1754917399.2442262 1754917427.1767488
1754917427.1767766 1754917454.6011484
1754917454.6011684 1754917489.997564
1754917489.9975913 1754917512.260969
1754917512.2609916 1754917540.2773302
1754917540.2773557 1754917582.0827384
1754917582.082762 1754917605.6669366
1754917605.666962 1754917648.4882653
1754917648.4882894 1754917680.9960294
1754917680.9960556 1754917711.0011604
1754917711.0011854 1754917738.5024927
1754917738.502514 1754917769.2007186
1754917769.2007427 1754917804.8615327
1754917804.861553 1754917831.8008068
1754917831.8008502 1754917860.680486
1754917860.6805172 1754917885.9899442
1754917885.9899669 1754917923.4630024
1754917923.4630241 1754917948.5781841
1754917948.5782082 1754917987.411861
1754917987.411889 1754918012.3309767
1754918012.3309999 1754918037.3178666
1754918037.317888 1754918062.9277267
1754918062.927755 1754918087.2429454
1754918087.2429664 1754918115.2267766
1754918115.226804 1754918139.959001
1754918139.9590228 1754918172.9917543
1754918172.9917836 1754918198.1405056
1754918198.1405349 1754918224.5221894
1754918224.5222092 1754918256.0743685
1754918256.0743937 1754918287.360039
1754918287.3600664 1754918314.7132785
1754918314.7133121 1754918341.3507395
1754918341.3507707 1754918366.1054466
1754918366.1054704 1754918400.9285982
1754918400.9286265 1754918434.5774086
1754918434.5774307 1754918470.422756
1754918470.4227827 1754918497.0887544
1754918497.0887868 1754918523.791415
1754918523.7914503 1754918548.695975
1754918548.6959972 1754918584.6656873
1754918584.6657097 1754918610.4035084
1754918610.4035413 1754918642.51948
1754918642.5195076 1754918670.3390608
1754918670.3390858 1754918702.8946733
1754918702.8946924 1754918733.8631358
1754918733.863169 1754918763.721088
1754918763.7211118 1754918799.144833
1754918799.1448581 1754918829.9278433
1754918829.9278667 1754918861.873462
1754918861.8734877 1754918886.5469558
1754918886.5469782 1754918911.3581195
1754918911.35814 1754918942.47288
1754918942.4729075 1754918974.6418867
1754918974.6419082 1754919005.3924632
1754919005.3925028 1754919035.6115732
1754919035.6116142 1754919069.7167208
1754919069.7167466 1754919099.6421115
1754919099.6421347 1754919124.6200798
1754919124.62011 1754919159.3244855
1754919159.3245118 1754919196.9198878
1754919196.9199178 1754919225.9102669
1754919225.9102895 1754919247.9114053
1754919247.911427 1754919283.6922452
1754919283.6922755 1754919306.2285035
1754919306.2285278 1754919342.26116
1754919342.261186 1754919366.7384114
1754919366.7384386 1754919401.4924676
1754919401.4925 1754919426.9548867
1754919426.9549112 1754919454.9325469
1754919454.932578 1754919482.5594978
1754919482.5595257 1754919521.127221
1754919521.1272445 1754919547.696565
1754919547.6965923 1754919574.7940907
1754919574.7941184 1754919605.7192948
1754919605.7193158 1754919642.8863316
1754919642.8863583 1754919672.5277658
1754919672.5277958 1754919694.2711987
1754919694.271222 1754919721.2283628
1754919721.2284184 1754919753.250612
1754919753.2506359 1754919788.5093372
