1754916772.62316 1754916797.566214
1754916797.5662403 1754916840.474089
1754916840.4741118 1754916871.808279
1754916871.8083165 1754916909.1413991
1754916909.141425 1754916938.9953837
1754916938.995407 1754916963.5264854
1754916963.5265102 1754916992.064002
1754916992.0640268 1754917030.3855348
1754917030.3855612 1754917056.757629
1754917056.7576563 1754917094.3140779
1754917094.3141015 1754917126.0100198
1754917126.0100462 1754917151.341263
1754917151.3412974 1754917177.1021936
1754917177.1022143 1754917214.0362856
1754917214.0363152 1754917238.259319
1754917238.2593484 1754917272.821317
1754917272.8213377 1754917306.270155
1754917306.2701828 1754917334.888476
1754917334.8884995 1754917371.0203176
1754917371.020345 1754917397.5705082
1754917397.5705326 1754917428.0554864
1754917428.055512 1754917455.8328478
1754917455.8328707 1754917488.5962567
1754917488.596284 1754917517.461084
1754917517.4611173 1754917548.4204996
1754917548.4205258 1754917582.6029143
1754917582.6029418 1754917599.5595953
1754917599.5596216 1754917647.2453399
1754917647.2453704 1754917673.841409
1754917673.841434 1754917708.561415
1754917708.5614455 1754917744.3082666
1754917744.3082938 1754917772.232228
1754917772.2322578 1754917804.1264794
1754917804.1265068 1754917832.0200872
1754917832.0201275 1754917858.5755818
1754917858.5756123 1754917892.3122308
1754917892.3122714 1754917927.518155
1754917927.5181794 1754917954.1291552
1754917954.129177 1754917987.176452
1754917987.1764798 1754918010.6096663
1754918010.6096873 1754918034.0168855
1754918034.016916 1754918060.0046787
1754918060.004707 1754918090.4233618
1754918090.4233894 1754918115.364002
1754918115.364024 1754918141.765738
1754918141.7657661 1754918169.205035
1754918169.205057 1754918195.5604997
1754918195.5605292 1754918218.5822318
1754918218.582253 1754918243.9620528
1754918243.9620764 1754918282.3791704
1754918282.3791962 1754918310.8154786
1754918310.815503 1754918336.8564336
1754918336.856461 1754918361.8833168
1754918361.8833416 1754918394.383694
1754918394.3837175 1754918429.54186
1754918429.541883 1754918459.843046
1754918459.8430688 1754918494.2602274
1754918494.2602599 1754918533.1548245
1754918533.1548498 1754918546.5104065
1754918546.510427 1754918581.8588774
1754918581.8589072 1754918607.0437362
1754918607.043762 1754918640.710739
1754918640.7107654 1754918670.2974758
1754918670.2975042 1754918699.0445554
1754918699.0445824 1754918730.1080782
1754918730.108102 1754918756.3994794
1754918756.3995 1754918789.3039258
1754918789.3039513 1754918827.3351042
1754918827.335136 1754918848.9241982
1754918848.924225 1754918886.212824
1754918886.212849 1754918915.5946145
1754918915.594647 1754918933.4905365
1754918933.4905565 1754918965.4818099
1754918965.4818363 1754919017.4566019
1754919017.456631 1754919044.5746527
1754919044.5746782 1754919066.721524
1754919066.7215497 1754919093.9499917
1754919093.950022 1754919125.2382426
1754919125.2382686 1754919158.6772695
1754919158.677292 1754919183.5810158
1754919183.5810416 1754919223.8734949
1754919223.8735158 1754919244.793805
1754919244.79383 1754919279.3988945
1754919279.3989215 1754919307.2833714
1754919307.2834084 1754919333.8867304
1754919333.8867545 1754919363.0499966
1754919363.050018 1754919397.894317
1754919397.894351 1754919425.543894
1754919425.5439177 1754919452.5924037
1754919452.592431 1754919485.251714
1754919485.2517366 1754919516.4561079
1754919516.456136 1754919545.1859343
1754919545.18597 1754919575.669679
1754919575.6697001 1754919609.4333985
1754919609.433423 1754919643.0316074
1754919643.0316355 1754919668.595982
1754919668.5960073 1754919698.419768
1754919698.4197984 1754919717.9203608
1754919717.920384 1754919755.226904
1754919755.2269335 1754919784.1291366
