1761804736.4086654 1761804755.7677453
1761804757.769945 1761804781.57596
1761804782.577099 1761804803.9741755
1761804813.983755 1761804821.7106886
1761804831.7208738 1761804851.19639
1761804853.198456 1761804871.0931673
1761804874.095742 1761804890.8525078
1761804899.8601594 1761804912.2245836
1761804919.2316794 1761804934.5636208
1761804939.5688174 1761804956.976184
1761804962.9806314 1761804978.280723
1761804987.2877944 1761804998.2176962
1761804998.2177215 1761805019.5334108
1761805028.5426106 1761805038.8343656
1761805044.84057 1761805056.9795609
1761805065.9886687 1761805078.533098
1761805084.539256 1761805102.955084
1761805111.9641504 1761805133.8764071
1761805141.8836777 1761805152.535894
1761805156.5396583 1761805173.63031
1761805177.6344342 1761805196.1512764
1761805197.1516612 1761805225.3559065
1761805234.3650815 1761805249.266123
1761805257.2742417 1761805276.5660872
1761805283.5732517 1761805304.7520254
1761805306.754156 1761805328.0183086
1761805337.023734 1761805355.9681804
1761805365.9783163 1761805371.401367
1761805378.4077513 1761805396.3498862
1761805401.3550096 1761805416.809927
1761805423.8156238 1761805439.3353283
1761805442.3356686 1761805464.5891647
1761805467.5922823 1761805484.1731937
1761805491.1796432 1761805504.2683766
1761805513.2756214 1761805527.9318573
1761805530.9349692 1761805547.6823053
1761805553.688424 1761805572.1662717
1761805573.1673965 1761805592.5221937
1761805601.5276933 1761805617.180056
1761805620.1831834 1761805636.1842754
1761805641.1876879 1761805657.1469483
1761805660.1476781 1761805683.7830431
1761805688.788161 1761805705.7814677
1761805709.7855885 1761805728.2217224
1761805731.223679 1761805751.4397905
1761805761.449917 1761805774.0845807
1761805777.0876088 1761805797.4403355
1761805806.4494617 1761805821.713594
1761805825.7156854 1761805842.1852734
1761805846.1876798 1761805864.1941783
1761805871.1996877 1761805886.0593743
1761805891.0636756 1761805908.3827763
1761805909.3838952 1761805929.7190897
1761805935.7236273 1761805949.5618713
1761805957.5700612 1761805968.5865905
1761805978.5967166 1761805990.1800833
1761805994.1836839 1761806008.6833556
1761806017.6916666 1761806026.0489693
1761806032.0517614 1761806052.830723
1761806055.833858 1761806073.0596418
1761806083.0698488 1761806099.2540421
1761806104.256632 1761806121.9799988
1761806121.9800255 1761806148.6153464
1761806152.615674 1761806175.7182314
1761806175.7182562 1761806199.636076
1761806205.6422062 1761806218.2324014
1761806221.2355156 1761806238.2079608
1761806241.2110295 1761806260.8281927
1761806261.8292613 1761806278.3438869
1761806282.3480046 1761806295.9296033
1761806296.9307244 1761806317.521794
1761806318.5229185 1761806337.5772521
1761806337.5772743 1761806357.5109935
1761806359.5131125 1761806377.2784061
1761806384.2855284 1761806399.9040596
1761806409.9141562 1761806422.9662642
1761806429.9730191 1761806446.6642594
1761806453.671386 1761806466.9112148
1761806467.9123333 1761806487.218608
1761806492.223672 1761806506.4546933
1761806515.4636257 1761806526.7276237
1761806529.7307515 1761806547.0589778
1761806550.0596714 1761806569.9436727
1761806578.9516778 1761806593.16771
1761806594.1687822 1761806612.938635
1761806618.9437745 1761806628.0314546
1761806629.032536 1761806647.8259842
1761806653.8316705 1761806668.2709653
1761806669.272044 1761806686.7770028
1761806692.7830796 1761806707.2683759
1761806712.2734947 1761806737.0051632
1761806741.0054967 1761806761.687383
1761806769.6954975 1761806792.4252684
1761806792.425292 1761806819.4764895
1761806824.4816985 1761806841.662579
1761806845.6667056 1761806869.2967336
1761806876.3038626 1761806888.5267816
1761806888.526806 1761806908.7491798
1761806910.7512991 1761806927.6946633
1761806930.697794 1761806948.1894338
