1761804736.0517268 1761804754.4082384
1761804755.4094307 1761804774.5957713
1761804781.6029236 1761804805.552615
1761804805.552644 1761804826.4983659
1761804834.5037541 1761804848.657535
1761804855.6636777 1761804871.3646116
1761804880.373735 1761804891.7222211
1761804899.7277381 1761804914.100854
1761804923.1099374 1761804933.980284
1761804943.9876819 1761804959.176641
1761804967.1836736 1761804979.2964654
1761804986.3035433 1761805001.4460812
1761805005.4501972 1761805020.511086
1761805024.515213 1761805042.6992023
1761805047.703615 1761805060.8260567
1761805066.83168 1761805082.3604627
1761805092.3705523 1761805106.8103485
1761805113.8156602 1761805134.436325
1761805142.4435928 1761805154.2722957
1761805157.2730536 1761805169.2890334
1761805179.2991629 1761805194.8239644
1761805197.827051 1761805222.0475419
1761805224.0476658 1761805252.3263652
1761805252.326389 1761805276.2288687
1761805278.2309875 1761805304.3050826
1761805314.3152785 1761805328.1617286
1761805333.1636226 1761805355.553341
1761805358.5556176 1761805375.019202
1761805382.023675 1761805398.9123929
1761805398.91242 1761805416.9746044
1761805421.979733 1761805442.6672473
1761805450.6753533 1761805460.5816169
1761805465.583625 1761805487.8249764
1761805494.8320518 1761805510.075286
1761805517.0797384 1761805528.7045825
1761805532.7086642 1761805549.712609
1761805559.722727 1761805574.3792336
1761805578.3796132 1761805595.1002102
1761805605.107647 1761805619.2489433
1761805620.25001 1761805638.8637066
1761805647.8728404 1761805659.7043579
1761805662.7074568 1761805683.1207864
1761805693.130905 1761805710.5252128
1761805720.5277336 1761805734.6759484
1761805738.680055 1761805756.5662408
1761805758.568368 1761805776.2487593
1761805782.2516553 1761805800.7288349
1761805808.736906 1761805824.020317
1761805825.0214374 1761805844.021304
1761805852.0276647 1761805865.4319048
1761805874.439774 1761805886.755159
1761805886.7552066 1761805907.8705819
1761805908.8716912 1761805927.3009446
1761805928.3020732 1761805948.2806535
1761805952.283678 1761805969.4738414
1761805969.4738681 1761805989.551482
1761805998.5606115 1761806007.9093513
1761806013.915486 1761806024.9468386
1761806025.9479055 1761806049.4145215
1761806056.4216964 1761806074.9817498
1761806081.988836 1761806096.8859355
1761806104.8916805 1761806124.5690656
1761806127.5716867 1761806153.4783506
1761806161.485897 1761806178.8156755
1761806178.815709 1761806196.4581134
1761806204.4635992 1761806217.0467472
1761806224.0516877 1761806237.0096102
1761806241.0116103 1761806261.2124953
1761806264.215604 1761806276.2074893
1761806285.2156723 1761806299.4461915
1761806305.452275 1761806320.211613
1761806327.2157123 1761806339.9365764
1761806348.9456818 1761806356.6414227
1761806365.6476643 1761806376.3039103
1761806386.3116598 1761806399.3579333
1761806401.35962 1761806419.200636
1761806422.2036037 1761806447.248612
1761806455.2556841 1761806464.888341
1761806472.8964837 1761806482.8619711
1761806486.86369 1761806502.3204892
1761806503.3216097 1761806525.1873858
1761806534.1956265 1761806549.9646645
1761806555.970786 1761806569.9910603
1761806569.9910848 1761806594.7586813
1761806598.7628088 1761806614.488012
1761806619.4916794 1761806631.4420764
1761806636.444067 1761806649.1917787
1761806650.1928477 1761806669.6170454
1761806673.6211767 1761806688.3457785
1761806694.3516657 1761806709.0144844
1761806711.0159004 1761806739.696655
1761806742.699604 1761806763.2182026
1761806771.2236838 1761806790.0096927
1761806790.0097196 1761806816.0730708
1761806823.08016 1761806839.264772
1761806840.2658415 1761806867.8415678
1761806873.8478954 1761806889.0247686
1761806896.0316818 1761806910.705941
1761806913.7090693 1761806925.3323576
1761806935.3398871 1761806949.8238304
