1765977055.4413629 1765977443.133122
1765977449.1392627 1765977732.61905
1765977739.62613 1765978063.7705047
1765978063.770534 1765978346.1295798
1765978348.131653 1765978758.2120187
1765978765.2188883 1765978965.245918
1765978974.2549953 1765979399.3069856
1765979408.3109038 1765979755.8286517
1765979759.8308942 1765980074.0432494
1765980081.0468767 1765980404.187404
1765980410.1934917 1765980638.5733147
1765980644.579388 1765980981.8336189
1765980981.833649 1765981283.9545403
1765981289.957212 1765981624.212588
1765981634.2226653 1765981933.7477858
1765981943.7578595 1765982120.2094135
1765982128.214881 1765982607.2690535
1765982614.2761502 1765982812.9044135
1765982814.9064834 1765983212.8867447
1765983221.8955169 1765983451.9888942
1765983459.9948895 1765983777.938041
1765983777.9380713 1765984011.8149378
1765984019.822886 1765984369.9209607
1765984374.9260373 1765984646.7917497
1765984653.7988324 1765984933.1009157
1765984937.1028862 1765985177.1514642
1765985178.1525314 1765985403.9751139
1765985405.9771852 1765985782.9764667
1765985791.985538 1765985987.4266107
1765985996.434889 1765986393.3106112
1765986393.3106408 1765986584.550438
1765986587.55351 1765987021.742211
1765987026.747287 1765987325.7321556
1765987329.7362323 1765987694.972194
1765987700.9781497 1765987952.098985
1765987958.102883 1765988122.8293314
1765988132.8394027 1765988531.6605804
1765988538.6668794 1765988912.5330536
1765988917.5381312 1765989180.0970597
1765989190.1071317 1765989497.1181087
1765989507.128181 1765989710.7981982
1765989716.8042667 1765990120.0744023
1765990128.0823283 1765990417.3366046
1765990424.3436933 1765990703.6582263
1765990711.6663053 1765990981.9110558
1765990990.9188123 1765991306.5266025
1765991311.5316765 1765991622.6412165
1765991622.6412468 1765991833.3882647
1765991835.3889596 1765992251.0495691
1765992259.0576446 1765992598.481404
1765992605.4884882 1765992831.659189
1765992832.6602626 1765993156.2297585
1765993163.2368305 1765993516.3115585
1765993521.316632 1765993775.548837
1765993777.5509067 1765994149.2324862
1765994156.239564 1765994347.5024037
1765994355.5068808 1765994749.661838
1765994751.6639106 1765994978.7613344
1765994985.7675884 1765995241.1098585
1765995248.1148798 1765995456.285801
1765995461.2908838 1765995805.6413097
1765995808.6443825 1765996040.1731622
1765996048.1812475 1765996422.4264772
1765996422.426508 1765996683.8247583
1765996684.8255336 1765997101.69322
1765997107.6992984 1765997393.8153646
1765997402.8244398 1765997636.1739845
1765997645.1830635 1765998050.071104
1765998051.0721695 1765998259.751622
1765998267.7596936 1765998660.4936316
1765998666.4997108 1765998915.2877657
1765998916.288844 1765999183.2352233
1765999188.238886 1765999465.0502825
1765999469.0543587 1765999804.7413275
1765999805.7424028 1766000142.2854245
1766000147.286885 1766000458.9710243
1766000462.974882 1766000632.0798967
1766000635.0829735 1766000963.92843
1766000964.929505 1766001278.6998801
1766001288.7008846 1766001685.184042
1766001687.1861236 1766001867.6427345
1766001867.642765 1766002217.4830391
1766002223.4891362 1766002603.4238064
1766002604.424882 1766002874.9136405
1766002884.923717 1766003237.6493447
1766003241.6534235 1766003516.14889
1766003524.1569638 1766003767.9025085
1766003776.9115918 1766004165.4622374
1766004174.4713268 1766004404.3257627
1766004409.330829 1766004848.2453017
1766004852.2493768 1766005115.3331606
1766005119.3372347 1766005470.1878073
1766005479.196881 1766005733.9000165
1766005737.9040895 1766006136.542097
1766006145.5511756 1766006395.0806575
1766006397.08273 1766006687.247118
1766006692.2521908 1766007000.6271212
1766007004.6312025 1766007348.8614182
1766007349.862488 1766007706.6436281
1766007707.6447015 1766007962.0174615
