1776252412.5486386 1776252444.3627603
1776252444.3627799 1776252483.8036826
1776252483.8037024 1776252507.0159369
1776252507.0159645 1776252547.8259628
1776252547.8259866 1776252575.881835
1776252575.8818579 1776252611.9214807
1776252611.9215047 1776252644.7134438
1776252644.7134671 1776252680.4744554
1776252680.47448 1776252714.1474597
1776252714.147479 1776252746.2724981
1776252746.2725224 1776252775.514679
1776252775.5147028 1776252801.571833
1776252801.5718513 1776252843.6160517
1776252843.61608 1776252877.5687768
1776252877.5687997 1776252904.0531735
1776252904.0532193 1776252937.2039173
1776252937.2039442 1776252975.0313616
1776252975.0313873 1776252998.632766
1776252998.632792 1776253034.6093535
1776253034.6093767 1776253064.4016652
1776253064.401692 1776253097.6700146
1776253097.6700413 1776253124.3619843
1776253124.3620062 1776253163.420428
1776253163.4204557 1776253199.4151158
1776253199.4151435 1776253230.2296386
1776253230.229668 1776253268.339267
1776253268.3392935 1776253302.0948133
1776253302.094841 1776253337.3169343
1776253337.316956 1776253365.4627268
1776253365.4627533 1776253407.5824902
1776253407.5825129 1776253442.0294552
1776253442.0294836 1776253476.0138507
1776253476.013905 1776253508.209541
1776253508.2095668 1776253539.4286497
1776253539.4286716 1776253587.3160026
1776253587.316024 1776253611.9677672
1776253611.9677947 1776253641.9593308
1776253641.9593518 1776253673.285367
1776253673.2853942 1776253707.9574726
1776253707.95751 1776253743.2830477
1776253743.2830706 1776253766.5282836
1776253766.528315 1776253805.2753954
1776253805.2754238 1776253831.561423
1776253831.5614455 1776253873.657103
1776253873.6571305 1776253905.5717108
1776253905.5717442 1776253939.8756218
1776253939.8756485 1776253965.293374
1776253965.293401 1776254001.2049654
1776254001.2049963 1776254027.1246152
1776254027.1246412 1776254064.1490135
1776254064.1490357 1776254093.4533548
1776254093.4533863 1776254122.7033021
1776254122.703328 1776254154.989624
1776254154.9896472 1776254184.9147763
1776254184.9147975 1776254221.88424
1776254221.884266 1776254242.947361
1776254242.9473813 1776254279.3004596
1776254279.3004954 1776254319.4885392
1776254319.4885638 1776254349.4636235
1776254349.463649 1776254386.5324306
1776254386.5324569 1776254419.5159035
1776254419.5159261 1776254454.069352
1776254454.0693803 1776254492.576841
1776254492.576862 1776254521.2708411
1776254521.2708683 1776254557.0424693
1776254557.042491 1776254588.9581473
1776254588.9581745 1776254622.2883673
1776254622.2883897 1776254660.233981
1776254660.2340186 1776254688.0374196
1776254688.0374465 1776254720.5094128
1776254720.5094397 1776254758.09441
1776254758.0944357 1776254788.6184394
1776254788.6184618 1776254832.1498857
1776254832.149912 1776254866.3544643
1776254866.3545022 1776254892.485554
1776254892.4855754 1776254935.5780747
1776254935.5781205 1776254969.7340984
1776254969.7341266 1776255002.3616195
1776255002.361645 1776255032.5315175
1776255032.5315468 1776255051.4720743
1776255051.4720998 1776255096.928541
1776255096.928568 1776255132.6668491
1776255132.6668699 1776255170.5826364
1776255170.5826623 1776255193.3419347
1776255193.3419564 1776255222.3398988
1776255222.3399253 1776255270.367833
1776255270.3678544 1776255307.7226415
1776255307.7226694 1776255348.680209
1776255348.68023 1776255379.4639122
1776255379.4639382 1776255419.3322723
1776255419.3322933 1776255443.4206498
1776255443.420674 1776255494.8618002
1776255494.8618238 1776255530.6777418
1776255530.677776 1776255566.3689194
1776255566.3689392 1776255597.8045926
1776255597.8046138 1776255627.2198927
1776255627.21992 1776255652.9472756
1776255652.9472966 1776255680.964166
1776255680.9641862 1776255709.006554
1776255709.0065827 1776255738.710506
