1776252414.4354436 1776252446.125867
1776252446.1258862 1776252483.6231482
1776252483.623167 1776252515.762496
1776252515.7625206 1776252545.258401
1776252545.258424 1776252578.5542114
1776252578.5542338 1776252610.3019392
1776252610.3019679 1776252645.2630773
1776252645.2631035 1776252679.5956535
1776252679.595672 1776252712.9940686
1776252712.9940913 1776252741.3204231
1776252741.3204424 1776252777.8862028
1776252777.886228 1776252810.7573657
1776252810.7573898 1776252846.0840425
1776252846.0840645 1776252871.6285555
1776252871.6285772 1776252907.7127109
1776252907.7127345 1776252933.3202817
1776252933.320307 1776252961.3799188
1776252961.3799415 1776253005.3329804
1776253005.3330076 1776253034.972924
1776253034.9729528 1776253065.9643734
1776253065.964397 1776253094.9959776
1776253094.9959962 1776253130.0996757
1776253130.0996945 1776253163.0976236
1776253163.0976474 1776253197.1882744
1776253197.1882923 1776253225.043541
1776253225.0435643 1776253267.9292438
1776253267.9292665 1776253297.866509
1776253297.8665328 1776253336.2780395
1776253336.278056 1776253369.9111645
1776253369.911188 1776253403.1677375
1776253403.1677601 1776253439.2436526
1776253439.2436705 1776253479.1368957
1776253479.136913 1776253510.7216535
1776253510.7216766 1776253548.201668
1776253548.2016869 1776253586.552481
1776253586.5525036 1776253620.0719616
1776253620.0719838 1776253642.7447424
1776253642.7447622 1776253669.9251983
1776253669.92522 1776253708.421707
1776253708.4217412 1776253730.4337
1776253730.4337244 1776253772.9913359
1776253772.9913578 1776253807.0626073
1776253807.0626297 1776253827.9501967
1776253827.950216 1776253874.9500508
1776253874.9500747 1776253903.0468476
1776253903.0468657 1776253937.8869963
1776253937.8870351 1776253971.0588624
1776253971.0588799 1776253999.458208
1776253999.458237 1776254027.7492828
1776254027.7493153 1776254061.5176125
1776254061.5176299 1776254090.4391742
1776254090.4391968 1776254124.3325925
1776254124.33261 1776254152.6767912
1776254152.6768208 1776254186.2542863
1776254186.254345 1776254220.907999
1776254220.9080222 1776254247.537088
1776254247.5371048 1776254287.3525162
1776254287.352539 1776254310.351043
1776254310.3510602 1776254348.7636404
1776254348.7636642 1776254387.183129
1776254387.1831608 1776254419.0512996
1776254419.0513165 1776254454.8690624
1776254454.8690798 1776254487.7284746
1776254487.728498 1776254522.9847307
1776254522.9847498 1776254558.674127
1776254558.6741495 1776254591.999465
1776254591.9994829 1776254624.4114287
1776254624.4114513 1776254653.6756647
1776254653.6756852 1776254685.710208
1776254685.7102325 1776254726.577251
1776254726.5772698 1776254761.9339974
1776254761.934047 1776254788.55689
1776254788.5569124 1776254828.9276495
1776254828.9276733 1776254863.8757243
1776254863.875748 1776254894.6706023
1776254894.67062 1776254931.1104002
1776254931.110425 1776254965.375271
1776254965.3753068 1776254992.0614033
1776254992.061422 1776255030.8985958
1776255030.8986256 1776255062.1761065
1776255062.1761305 1776255094.0587854
1776255094.058811 1776255132.5165315
1776255132.5165558 1776255165.1453557
1776255165.1453733 1776255197.9548547
1776255197.9548793 1776255229.8180513
1776255229.8180885 1776255264.6706486
1776255264.67067 1776255298.7311857
1776255298.7312098 1776255345.9055846
1776255345.9056087 1776255371.862686
1776255371.8627102 1776255418.7696257
1776255418.7696493 1776255456.6756167
1776255456.6756358 1776255494.4894564
1776255494.48948 1776255528.418138
1776255528.4181578 1776255560.890079
1776255560.8901024 1776255597.992336
1776255597.992359 1776255626.0475318
1776255626.0475528 1776255655.8150868
1776255655.8151073 1776255674.4900327
1776255674.4900508 1776255710.6873195
1776255710.6873426 1776255740.7536845
