1753107873.2963724 1753107897.6320343
1753107897.6320722 1753107925.0678577
1753107925.0678854 1753107957.344072
1753107957.3441145 1753107989.3023355
1753107989.3023558 1753108015.3568928
1753108015.3569176 1753108043.790779
1753108043.7908103 1753108071.1499312
1753108071.1499686 1753108102.020755
1753108102.0207913 1753108128.45306
1753108128.453085 1753108163.1511195
1753108163.1511412 1753108195.7857811
1753108195.7858045 1753108217.0111098
1753108217.011134 1753108249.333274
1753108249.3332965 1753108276.6437244
1753108276.6437473 1753108306.7571
1753108306.757126 1753108339.4576254
1753108339.4576495 1753108370.8987806
1753108370.898806 1753108399.3844151
1753108399.384443 1753108432.0648906
1753108432.0649114 1753108466.2251222
1753108466.2251554 1753108496.1648526
1753108496.1648731 1753108526.3598456
1753108526.3598747 1753108563.5798888
1753108563.5799148 1753108593.448866
1753108593.4488883 1753108622.1785913
1753108622.1786215 1753108658.1438437
1753108658.1438763 1753108689.066334
1753108689.066356 1753108716.5793924
1753108716.5794182 1753108750.1844413
1753108750.1844616 1753108778.9909966
1753108778.9910219 1753108813.596776
1753108813.5968127 1753108844.4696052
1753108844.4696257 1753108879.5533967
1753108879.5534306 1753108914.4421122
1753108914.4421391 1753108941.1803515
1753108941.1803803 1753108976.2710955
1753108976.2711174 1753109011.5650904
1753109011.565113 1753109040.499605
1753109040.4996305 1753109073.0176098
1753109073.0176384 1753109106.084962
1753109106.084984 1753109131.5598269
1753109131.559856 1753109159.9619544
1753109159.9619873 1753109190.9502
1753109190.9502285 1753109217.124567
1753109217.12459 1753109252.8424742
1753109252.8424988 1753109276.5715387
1753109276.5715787 1753109307.3324797
1753109307.3325062 1753109341.51025
1753109341.5102792 1753109375.3493423
1753109375.34937 1753109408.8734891
1753109408.873512 1753109439.182771
1753109439.1827955 1753109467.9818103
1753109467.9818292 1753109498.234932
1753109498.2349575 1753109527.8778055
1753109527.8778293 1753109562.9426765
1753109562.942703 1753109592.912876
1753109592.9129045 1753109623.7735474
1753109623.773574 1753109648.5489511
1753109648.5489776 1753109672.513059
1753109672.513082 1753109705.0503688
1753109705.0503993 1753109737.7942407
1753109737.7942662 1753109775.795872
1753109775.7958975 1753109808.6926684
1753109808.6926925 1753109842.2685442
1753109842.268587 1753109867.6149874
1753109867.6150124 1753109897.121852
1753109897.1218772 1753109925.208061
1753109925.208082 1753109951.9237933
1753109951.9238195 1753109976.342633
1753109976.3426595 1753110002.8914223
1753110002.8914452 1753110030.8408387
1753110030.8408604 1753110061.5437162
1753110061.5437434 1753110095.3585083
1753110095.3585281 1753110133.4332292
1753110133.4332511 1753110170.571864
1753110170.5718873 1753110197.4512215
1753110197.4512439 1753110218.0107794
1753110218.0108128 1753110243.8764336
1753110243.8764606 1753110273.1031625
1753110273.103189 1753110306.9513445
1753110306.9513705 1753110342.391105
1753110342.3911302 1753110375.9581041
1753110375.95813 1753110403.176345
1753110403.1763704 1753110432.4985008
1753110432.498528 1753110469.1098852
1753110469.1099043 1753110494.9365473
1753110494.936576 1753110522.7437308
1753110522.7437603 1753110554.5568247
1753110554.5568514 1753110578.9729724
1753110578.9730077 1753110606.9263098
1753110606.9263353 1753110634.304145
1753110634.3041673 1753110666.00659
1753110666.0066123 1753110689.037042
1753110689.037071 1753110719.428899
1753110719.4289253 1753110748.4948618
1753110748.4948866 1753110780.5898159
1753110780.5898352 1753110808.7695258
1753110808.769568 1753110838.9302897
1753110838.9303126 1753110867.1313899
1753110867.1314247 1753110898.0385473
1753110898.0385678 1753110933.187101
1753110933.1871235 1753110967.431192
1753110967.4312153 1753111002.1742496
1753111002.1742773 1753111031.0880866
1753111031.0881052 1753111060.9747975
1753111060.9748213 1753111101.651042
1753111101.6510623 1753111136.5511672
1753111136.5511892 1753111158.367152
1753111158.3671787 1753111191.1842682
1753111191.1842873 1753111228.7708547
1753111228.7708921 1753111257.1532946
1753111257.153315 1753111289.1149693
1753111289.1150002 1753111325.842916
1753111325.842939 1753111361.1332374
1753111361.1332598 1753111395.2331626
1753111395.2331913 1753111432.866939
1753111432.866962 1753111462.7241561
1753111462.7241821 1753111489.3588495
1753111489.3588712 1753111517.7395046
1753111517.7395325 1753111543.1823995
1753111543.1824212 1753111571.4748652
1753111571.4748967 1753111601.8452265
1753111601.8452487 1753111636.1761339
1753111636.1761587 1753111660.732499
1753111660.7325263 1753111698.9512293
1753111698.9512546 1753111727.9079306
1753111727.9079533 1753111764.9214768
1753111764.9215076 1753111789.6117582
1753111789.6117854 1753111820.4041834
1753111820.4042115 1753111847.7492042
1753111847.7492268 1753111874.8924727
1753111874.8924944 1753111905.8766239
1753111905.8766491 1753111939.288786
1753111939.2888246 1753111960.607907
1753111960.607932 1753111989.2572207
1753111989.2572434 1753112017.1122165
1753112017.1122406 1753112057.6680853
1753112057.6681058 1753112079.4453635
1753112079.4453871 1753112109.6296852
1753112109.6297119 1753112137.2067153
1753112137.2067392 1753112165.809613
1753112165.8096392 1753112198.2991862
1753112198.299224 1753112229.9149988
1753112229.9150243 1753112254.944059
1753112254.944088 1753112282.3381033
1753112282.3381271 1753112316.6590984
1753112316.6591268 1753112346.991958
1753112346.9919815 1753112377.323955
1753112377.3239768 1753112408.196016
1753112408.1960444 1753112436.9326808
1753112436.932709 1753112467.3574033
1753112467.3574224 1753112503.8272932
1753112503.8273191 1753112530.3690035
1753112530.3690357 1753112560.6945837
1753112560.6946063 1753112594.5021548
1753112594.502183 1753112621.003282
1753112621.0033052 1753112644.3361766
1753112644.3361995 1753112677.6951618
1753112677.6951883 1753112711.609697
1753112711.609725 1753112750.660711
1753112750.6607347 1753112778.6767242
1753112778.676745 1753112807.7153351
1753112807.7153614 1753112832.701216
1753112832.7012365 1753112864.4067724
1753112864.4067984 1753112891.372512
1753112891.372535 1753112929.6116629
1753112929.6116848 1753112964.6040523
1753112964.6040869 1753112993.7418375
1753112993.7418616 1753113019.161429
1753113019.1614532 1753113047.1835558
1753113047.1836007 1753113081.4761333
1753113081.4761627 1753113106.7251494
1753113106.72517 1753113138.6499035
1753113138.6499343 1753113167.3233688
1753113167.3233962 1753113193.655711
1753113193.6557322 1753113226.1754684
1753113226.1754878 1753113261.0461402
1753113261.0461683 1753113294.3605978
1753113294.360619 1753113328.8899734
1753113328.8900027 1753113366.3281944
1753113366.3282213 1753113391.8880568
1753113391.88808 1753113420.612435
1753113420.6124647 1753113454.2811785
1753113454.2812002 1753113479.937189
1753113479.9372141 1753113507.9969068
1753113507.9969285 1753113537.937697
1753113537.9377246 1753113559.6756005
1753113559.6756253 1753113588.6839433
1753113588.6839728 1753113616.6755567
1753113616.675617 1753113649.659573
1753113649.6595955 1753113679.776537
1753113679.7765582 1753113713.1867867
1753113713.186819 1753113743.8363621
1753113743.8363826 1753113772.7980037
1753113772.798044 1753113805.0516703
1753113805.0516973 1753113832.5603588
1753113832.5603824 1753113856.515229
1753113856.515247 1753113892.0497844
1753113892.049814 1753113925.2444694
1753113925.244493 1753113952.7550073
1753113952.7550263 1753113980.7688916
1753113980.7689195 1753114009.4407701
1753114009.4408014 1753114034.7879689
1753114034.7879965 1753114063.1225863
1753114063.1226099 1753114088.374004
1753114088.3740318 1753114117.0969682
1753114117.096998 1753114150.9791007
1753114150.9791226 1753114179.3079784
1753114179.3079984 1753114215.9603891
1753114215.9604297 1753114247.7741165
1753114247.7741544 1753114279.77852
1753114279.7785444 1753114308.1765366
1753114308.1765597 1753114333.6898866
1753114333.689915 1753114356.7842066
1753114356.7842326 1753114386.369735
1753114386.369767 1753114420.9883108
1753114420.9883425 1753114450.4742558
1753114450.4742794 1753114484.4068975
1753114484.4069426 1753114518.267824
1753114518.2678585 1753114548.4467087
1753114548.4467387 1753114581.1753535
1753114581.1753795 1753114620.4302437
1753114620.4302695 1753114650.5068622
1753114650.5068917 1753114679.0549877
1753114679.0550098 1753114710.649192
1753114710.6492198 1753114739.9093192
1753114739.9093428 1753114766.0419602
1753114766.0419931 1753114794.6726997
1753114794.672725 1753114824.5617
1753114824.5617192 1753114854.084442
1753114854.0844707 1753114879.2089434
1753114879.2089636 1753114903.2076683
1753114903.2077048 1753114929.838969
1753114929.838995 1753114959.1472511
1753114959.1472769 1753114986.5609715
1753114986.5609965 1753115019.7886403
1753115019.7886705 1753115045.4740076
1753115045.4740264 1753115080.9176037
1753115080.9176345 1753115109.5103152
1753115109.5103402 1753115138.3650336
1753115138.3650606 1753115166.066663
1753115166.0666854 1753115200.5853012
1753115200.5853274 1753115232.4483693
1753115232.448399 1753115261.9401376
1753115261.940171 1753115293.2883537
1753115293.288377 1753115317.706298
1753115317.7063253 1753115341.67882
1753115341.6788447 1753115366.531685
1753115366.531717 1753115398.8208365
1753115398.8208659 1753115429.6510708
1753115429.6510928 1753115459.3754582
1753115459.3754878 1753115492.7622662
1753115492.7622888 1753115517.3704176
1753115517.3704479 1753115539.6745815
1753115539.6746042 1753115569.9008796
1753115569.9009042 1753115591.1828523
1753115591.1828828 1753115619.0228298
1753115619.022863 1753115643.3632693
1753115643.3632941 1753115664.050864
1753115664.0508933 1753115692.9069638
1753115692.9069858 1753115722.672125
1753115722.6721537 1753115748.464492
1753115748.4645133 1753115773.6552901
1753115773.6553202 1753115797.9001772
1753115797.900198 1753115827.2369113
1753115827.2369406 1753115856.2934556
1753115856.2934742 1753115887.6232502
1753115887.6232862 1753115913.0047362
1753115913.0047917 1753115943.8693185
1753115943.8693426 1753115971.0799387
1753115971.079965 1753116005.6864212
1753116005.686443 1753116037.5345452
1753116037.5345688 1753116067.8557582
1753116067.8557816 1753116103.8676536
1753116103.8676808 1753116136.4343238
1753116136.4343452 1753116176.5476217
1753116176.5476515 1753116202.5284748
1753116202.5285008 1753116235.3222775
1753116235.3223042 1753116263.1398182
1753116263.1398377 1753116287.6282053
1753116287.6282318 1753116311.3418221
1753116311.3418431 1753116338.49181
1753116338.4918444 1753116364.8469582
1753116364.8469849 1753116394.8492877
1753116394.8493152 1753116426.5815194
1753116426.5815425 1753116456.424822
1753116456.4248533 1753116484.34483
1753116484.3448613 1753116512.8971167
1753116512.8971443 1753116542.003039
1753116542.0030653 1753116574.4726949
1753116574.472718 1753116608.7432985
1753116608.7433262 1753116635.3061726
1753116635.3061974 1753116669.1275084
1753116669.1275349 1753116695.7003145
1753116695.7003431 1753116724.1169875
1753116724.1170099 1753116760.796247
1753116760.7962682 1753116791.4044578
1753116791.40449 1753116831.356402
1753116831.356425 1753116861.2923505
1753116861.2923815 1753116892.2925107
1753116892.2925353 1753116926.944671
1753116926.9446998 1753116955.2802215
1753116955.2802436 1753116990.4997673
1753116990.4997995 1753117019.611666
1753117019.6116886 1753117054.9318686
1753117054.931905 1753117087.646396
1753117087.6464226 1753117114.9030647
1753117114.9030938 1753117146.5953808
1753117146.5954015 1753117180.3925574
1753117180.392586 1753117211.925418
1753117211.9254413 1753117244.3302722
1753117244.330304 1753117277.030415
1753117277.0304418 1753117302.8853152
1753117302.8853362 1753117331.522633
1753117331.5226717 1753117362.918152
1753117362.9181755 1753117391.3361042
1753117391.336136 1753117418.9616566
1753117418.9616833 1753117444.9484117
1753117444.9484408 1753117478.5410936
1753117478.5411134 1753117514.4202595
1753117514.4202874 1753117557.7550576
1753117557.7550764 1753117584.3237717
1753117584.3237915 1753117625.3245192
1753117625.3245454 1753117660.7074301
1753117660.7074566 1753117689.5606086
1753117689.5606346 1753117724.5300846
1753117724.5301075 1753117760.31958
1753117760.3196058 1753117790.4133353
1753117790.4133668 1753117816.732782
1753117816.7328293 1753117844.1605644
1753117844.16061 1753117875.7395353
1753117875.7395742 1753117900.5930028
1753117900.5930262 1753117932.7681525
1753117932.7681792 1753117960.969064
1753117960.9690852 1753117993.3074207
1753117993.307448 1753118024.6527631
1753118024.6527922 1753118059.036049
1753118059.0360734 1753118095.0259283
1753118095.02595 1753118122.7434723
1753118122.7435148 1753118155.311514
1753118155.3115375 1753118187.624745
1753118187.624769 1753118209.8623369
1753118209.862365 1753118242.3922486
1753118242.3922708 1753118274.8702443
1753118274.870291 1753118302.9068792
1753118302.9068983 1753118331.6880841
1753118331.6881058 1753118357.1166437
1753118357.11667 1753118385.9561598
1753118385.9561815 1753118416.0300784
1753118416.0301108 1753118442.9386067
1753118442.9386322 1753118475.0752552
1753118475.075283 1753118510.2346184
1753118510.234639 1753118542.1221068
1753118542.1221337 1753118574.503683
1753118574.5037048 1753118598.0102253
1753118598.0102518 1753118623.4551332
1753118623.4551578 1753118653.0444362
1753118653.0444565 1753118688.0993745
1753118688.0993993 1753118715.0174708
1753118715.0174906 1753118740.3647063
1753118740.364735 1753118766.3565898
1753118766.3566127 1753118802.1897864
1753118802.1898105 1753118829.777826
1753118829.7778544 1753118856.8812668
1753118856.8812973 1753118884.9514434
1753118884.9514718 1753118909.3549252
1753118909.354944 1753118939.5822687
1753118939.5822942 1753118973.962531
1753118973.9625554 1753118998.0197282
1753118998.0197701 1753119023.3204427
1753119023.3204744 1753119059.8975182
1753119059.8975492 1753119092.9297588
1753119092.929787 1753119126.5521755
1753119126.5521963 1753119161.6011562
1753119161.6011815 1753119187.7142174
1753119187.7142382 1753119221.2802377
1753119221.2802567 1753119255.456704
1753119255.456734 1753119286.4421291
1753119286.4421496 1753119316.0269105
1753119316.0269353 1753119347.2223084
1753119347.222329 1753119369.2472353
1753119369.2472641 1753119403.3279
1753119403.327923 1753119434.4645066
1753119434.4645398 1753119467.978726
1753119467.9787471 1753119500.1247554
1753119500.124783 1753119531.6812935
1753119531.6813226 1753119567.9372325
1753119567.9372575 1753119593.5668268
1753119593.566853 1753119624.1104598
1753119624.1104817 1753119656.8835993
1753119656.883622 1753119689.8332784
1753119689.833305 1753119718.9600165
1753119718.96005 1753119755.3709888
1753119755.3710134 1753119792.0823338
1753119792.0823567 1753119823.0251968
1753119823.0252283 1753119860.1566281
1753119860.156652 1753119894.1482177
1753119894.1482508 1753119923.954122
1753119923.954149 1753119958.6777267
1753119958.6777484 1753119985.47982
1753119985.4798524 1753120009.0017297
1753120009.0017493 1753120038.3164558
1753120038.3164768 1753120064.5477436
1753120064.547778 1753120090.1926453
1753120090.192671 1753120113.3874898
1753120113.3875217 1753120135.7726946
1753120135.772721 1753120161.807411
1753120161.8074346 1753120183.5518556
1753120183.5518763 1753120211.5498836
1753120211.5499115 1753120243.4540784
1753120243.454099 1753120268.8361914
1753120268.8362226 1753120295.9421782
1753120295.9421973 1753120325.379158
1753120325.3791869 1753120354.2081685
1753120354.2081876 1753120386.3310826
1753120386.3311045 1753120413.7636764
1753120413.7637017 1753120453.8241498
1753120453.8241727 1753120476.9253783
1753120476.925403 1753120509.0165992
1753120509.016623 1753120537.5838
1753120537.5838277 1753120566.164969
1753120566.1649995 1753120598.95757
1753120598.9575918 1753120627.1685383
1753120627.1685646 1753120656.657407
1753120656.6574407 1753120688.3482013
1753120688.3482275 1753120716.5932817
1753120716.5933022 1753120743.8525934
1753120743.852625 1753120776.3395274
1753120776.3395538 1753120801.4875603
1753120801.4876032 1753120829.7350497
1753120829.7350714 1753120868.8392065
1753120868.8392322 1753120898.0731971
1753120898.0732222 1753120926.5823624
1753120926.5823872 1753120961.032674
1753120961.0326972 1753120982.1175063
1753120982.1175327 1753121012.5833757
1753121012.583399 1753121045.8255525
1753121045.8255773 1753121083.3581183
1753121083.358146 1753121118.217036
1753121118.2170541 1753121153.4709535
1753121153.4709744 1753121178.5288937
1753121178.528922 1753121207.9487238
1753121207.9487448 1753121239.0815442
1753121239.0815723 1753121270.920171
1753121270.9201949 1753121302.9602082
1753121302.9602337 1753121332.1791878
1753121332.1792123 1753121359.6776805
1753121359.677705 1753121390.493747
1753121390.4937754 1753121414.1472743
1753121414.147293 1753121449.7856443
1753121449.7856803 1753121481.7507427
1753121481.7507653 1753121512.0419884
1753121512.0420122 1753121544.0521853
1753121544.0522075 1753121581.7132802
1753121581.7133045 1753121600.5247567
1753121600.5247777 1753121626.741781
1753121626.741806 1753121649.866664
1753121649.8666904 1753121676.1385858
1753121676.1386085 1753121703.6941183
1753121703.6941457 1753121741.3216302
1753121741.3216522 1753121774.4211035
1753121774.4211292 1753121809.847782
1753121809.8478217 1753121840.0292907
1753121840.0293152 1753121863.4371886
1753121863.437226 1753121896.6083543
1753121896.6083767 1753121919.2041767
1753121919.204202 1753121948.9942412
1753121948.9942648 1753121976.5249617
1753121976.5249825 1753122002.5198512
1753122002.5198803 1753122030.9912298
1753122030.9912505 1753122060.2071247
1753122060.2071486 1753122093.410525
1753122093.4105492 1753122128.1035051
1753122128.1035268 1753122163.800529
1753122163.8005567 1753122188.8049521
1753122188.8049726 1753122221.2065399
1753122221.206566 1753122254.41081
1753122254.4108348 1753122287.668228
1753122287.6682627 1753122324.810605
1753122324.810636 1753122358.0147173
1753122358.0147407 1753122391.1280677
1753122391.1281056 1753122427.8211355
1753122427.8211586 1753122455.3382626
1753122455.3382897 1753122487.253919
1753122487.253939 1753122519.8766854
1753122519.8767083 1753122543.7759116
1753122543.7759397 1753122573.1514661
1753122573.1514864 1753122600.4186847
1753122600.41871 1753122640.956341
1753122640.956366 1753122670.1873765
1753122670.1874056 1753122702.3109028
1753122702.3109252 1753122734.8975346
1753122734.8975642 1753122762.2161763
1753122762.2161999 1753122789.4935555
1753122789.493582 1753122823.407816
1753122823.4078367 1753122858.0484502
1753122858.0484774 1753122881.740453
1753122881.7404766 1753122906.6790295
1753122906.6790528 1753122935.5141156
1753122935.5141535 1753122964.1862962
1753122964.1863256 1753122991.8753974
1753122991.8754187 1753123019.025221
1753123019.0252485 1753123049.2810953
1753123049.281116 1753123079.7967408
1753123079.7967706 1753123106.315774
1753123106.3157957 1753123136.9686368
1753123136.9686606 1753123174.17246
1753123174.1724854 1753123204.6798747
1753123204.6799026 1753123242.7738366
1753123242.7738588 1753123277.0624368
1753123277.0624669 1753123312.1865234
1753123312.1865547 1753123345.8138983
1753123345.8139296 1753123376.886672
1753123376.8867018 1753123406.1186037
1753123406.1186295 1753123441.9451778
1753123441.9452007 1753123473.0585053
1753123473.0585277 1753123494.0092974
1753123494.0093238 1753123525.9481874
1753123525.948224 1753123554.3566184
1753123554.356649 1753123585.4491243
1753123585.449147 1753123611.2297227
1753123611.2297466 1753123634.5417902
1753123634.5418339 1753123662.135748
1753123662.135767 1753123688.583307
1753123688.5833352 1753123717.1637266
1753123717.1637437 1753123754.5007799
1753123754.5008204 1753123790.584515
1753123790.5845413 1753123822.6575274
1753123822.6575515 1753123852.211543
1753123852.2115927 1753123877.2380733
1753123877.238104 1753123907.0793614
1753123907.0793912 1753123934.1142223
1753123934.1142454 1753123967.6149774
1753123967.6150038 1753124000.9642847
1753124000.9643073 1753124041.0119505
1753124041.011978 1753124071.4400122
1753124071.4400332 1753124100.8946042
1753124100.894637 1753124128.0217607
1753124128.02178 1753124157.8090458
1753124157.8090725 1753124187.1826353
1753124187.1826594 1753124224.657853
1753124224.6578763 1753124255.6331468
1753124255.6331737 1753124284.1783519
1753124284.1783767 1753124316.733099
1753124316.7331257 1753124344.9931138
1753124344.9931371 1753124377.3129103
1753124377.3129299 1753124414.3066163
1753124414.3066392 1753124445.0627112
1753124445.0627377 1753124467.337555
1753124467.3375754 1753124492.885819
1753124492.8858373 1753124523.5411713
1753124523.5411978 1753124559.2180822
1753124559.2181034 1753124580.8365996
1753124580.8366282 1753124615.805116
1753124615.805138 1753124645.780136
1753124645.7801583 1753124673.188414
1753124673.1884463 1753124700.8187582
1753124700.8187797 1753124735.7918682
1753124735.7918978 1753124765.9905682
1753124765.9905932 1753124793.1868272
1753124793.1868474 1753124824.0184946
1753124824.0185218 1753124854.3994286
1753124854.3994493 1753124879.1387398
1753124879.1387656 1753124908.1073937
1753124908.1074152 1753124932.0362523
1753124932.036274 1753124966.2291057
1753124966.2291334 1753124998.1560466
1753124998.1560676 1753125028.0562918
1753125028.05632 1753125063.103278
1753125063.1032977 1753125094.7757196
1753125094.7757468 1753125127.977781
1753125127.9778013 1753125157.5411317
1753125157.5411656 1753125193.4052935
1753125193.4053187 1753125217.4161859
1753125217.416211 1753125248.571261
1753125248.5712845 1753125277.3662527
1753125277.3662813 1753125305.3917804
1753125305.391801 1753125333.3385086
1753125333.3385546 1753125358.060928
1753125358.0609503 1753125382.3325107
1753125382.3325484 1753125407.6426907
1753125407.642716 1753125433.4588666
1753125433.4588883 1753125461.2528222
1753125461.2528465 1753125493.422445
1753125493.4224691 1753125516.165886
1753125516.1659129 1753125549.432232
1753125549.4322531 1753125571.2813702
1753125571.2813966 1753125597.1768773
1753125597.1769044 1753125624.5761685
1753125624.5761986 1753125656.8130996
1753125656.8131187 1753125679.4826186
1753125679.482648 1753125710.368121
1753125710.368149 1753125734.7852242
1753125734.785252 1753125762.317508
1753125762.3175304 1753125799.0437615
1753125799.0438 1753125835.4111793
1753125835.4112113 1753125870.0869856
1753125870.0870075 1753125902.3153718
1753125902.3153982 1753125936.1798174
1753125936.179839 1753125968.785034
1753125968.7850654 1753126004.0131626
1753126004.013189 1753126035.9680107
1753126035.9680386 1753126070.4837785
1753126070.4838037 1753126100.2329917
1753126100.2330127 1753126128.364594
1753126128.364623 1753126159.5203843
1753126159.5204065 1753126191.9687595
1753126191.9687881 1753126226.6199763
1753126226.6199996 1753126259.9650452
1753126259.9650724 1753126292.1512752
1753126292.1513002 1753126325.4369211
1753126325.4369414 1753126359.2773886
1753126359.2774155 1753126385.2282486
1753126385.2282727 1753126414.5498006
1753126414.5498216 1753126442.1919496
1753126442.1919777 1753126472.8945682
1753126472.8945923 1753126496.5966072
1753126496.5966344 1753126536.2133813
1753126536.213404 1753126560.3367336
1753126560.3367543 1753126595.0389946
1753126595.0390198 1753126631.3833592
1753126631.3833826 1753126653.8428411
1753126653.8428698 1753126686.4762862
1753126686.476318 1753126716.2958634
1753126716.295887 1753126745.3779778
1753126745.3780055 1753126782.1524067
1753126782.1524339 1753126807.1503594
1753126807.1503825 1753126843.878834
1753126843.8788576 1753126870.8743231
1753126870.8743453 1753126910.600113
1753126910.60014 1753126940.1702635
1753126940.1702874 1753126967.9971726
1753126967.9971964 1753126997.759155
1753126997.7591815 1753127031.9812682
1753127031.9812918 1753127059.9564495
1753127059.9564838 1753127092.9556053
1753127092.9556391 1753127117.210999
1753127117.2110279 1753127144.463716
1753127144.4637399 1753127175.6435776
1753127175.6436076 1753127204.9059832
1753127204.9060078 1753127233.9579842
1753127233.9580069 1753127261.4531965
1753127261.4532163 1753127294.8154233
1753127294.8154476 1753127321.843651
1753127321.843675 1753127352.0412748
1753127352.041297 1753127388.0567138
1753127388.0567403 1753127424.8110223
1753127424.811045 1753127449.0483217
1753127449.0483499 1753127476.7154403
1753127476.7154644 1753127506.8172417
1753127506.8172667 1753127538.6632202
1753127538.663246 1753127572.068478
1753127572.0685015 1753127607.5467536
1753127607.546773 1753127632.8438237
1753127632.8438494 1753127664.1322982
1753127664.1323185 1753127697.1953099
1753127697.1953354 1753127722.5837543
1753127722.583779 1753127748.4813724
1753127748.4813972 1753127787.0252826
1753127787.025302 1753127816.180966
1753127816.180992 1753127844.09235
1753127844.0923724 1753127872.1524787
1753127872.1525192 1753127895.1154053
1753127895.1154273 1753127918.254686
1753127918.2547133 1753127944.0949228
1753127944.0949504 1753127978.7891085
1753127978.7891335 1753128002.3228269
1753128002.3228533 1753128030.1198552
1753128030.1198766 1753128056.8813734
1753128056.8813992 1753128083.8094232
1753128083.8094418 1753128117.0577948
1753128117.0578282 1753128144.3210683
1753128144.3210888 1753128169.7285116
1753128169.7285376 1753128200.568567
1753128200.5685906 1753128233.2316117
1753128233.2316332 1753128268.7725575
1753128268.7725883 1753128303.531058
1753128303.53108 1753128338.6733036
1753128338.6733263 1753128371.1037927
1753128371.1038256 1753128398.2418606
1753128398.241882 1753128426.2012217
1753128426.2012436 1753128458.2751234
1753128458.2751553 1753128480.2738137
1753128480.273834 1753128509.4701602
1753128509.4701889 1753128543.4277105
1753128543.4277332 1753128572.8458974
1753128572.845924 1753128598.0792465
1753128598.0792701 1753128627.00811
1753128627.008142 1753128655.4077823
1753128655.4078078 1753128683.5962358
1753128683.5962617 1753128717.48706
1753128717.4870913 1753128751.1912196
1753128751.1912389 1753128784.1060977
1753128784.1061213 1753128819.6619148
1753128819.6619434 1753128848.7193077
1753128848.7193387 1753128877.0899532
1753128877.089979 1753128911.096092
1753128911.096122 1753128937.851097
1753128937.8511212 1753128968.8705199
1753128968.8705428 1753129003.170225
1753129003.1702542 1753129032.9989924
1753129032.9990177 1753129060.0930083
1753129060.0930367 1753129090.1281688
1753129090.1281905 1753129124.0654626
1753129124.0654893 1753129165.4130914
1753129165.4131167 1753129198.2561386
1753129198.2561622 1753129223.7117763
1753129223.7118056 1753129251.161187
1753129251.1612093 1753129279.2931626
1753129279.293201 1753129316.0097039
1753129316.0097337 1753129347.497432
1753129347.4974525 1753129372.2771628
1753129372.2771933 1753129393.6880646
1753129393.6880872 1753129418.6921287
1753129418.6921573 1753129449.8318722
1753129449.8318985 1753129488.7822459
1753129488.7822754 1753129521.8902552
1753129521.890277 1753129561.5926259
1753129561.5926502 1753129593.5820215
1753129593.582056 1753129618.220701
1753129618.2207265 1753129645.3320444
1753129645.3320737 1753129670.0756261
1753129670.0756469 1753129704.0813699
1753129704.08139 1753129732.7406168
1753129732.7406433 1753129754.526409
1753129754.5264297 1753129784.3899655
1753129784.3899925 1753129815.178091
1753129815.1781197 1753129846.9526904
1753129846.9527218 1753129876.7245934
1753129876.7246153 1753129910.95319
1753129910.9532204 1753129940.8818192
1753129940.881845 1753129979.3309042
1753129979.3309364 1753130009.7867692
1753130009.7867973 1753130036.6913497
1753130036.6913705 1753130072.5935886
1753130072.593612 1753130101.3166788
1753130101.31671 1753130139.9363258
1753130139.9363468 1753130170.6991012
1753130170.6991324 1753130202.8131666
1753130202.8131888 1753130233.4375746
1753130233.4376025 1753130265.1509428
1753130265.1509645 1753130293.5099561
1753130293.5099812 1753130328.1728318
1753130328.172852 1753130369.8622832
1753130369.862307 1753130402.1326308
1753130402.1326582 1753130442.5049803
1753130442.5050032 1753130473.5648592
1753130473.5648954 1753130500.3296046
1753130500.3296306 1753130525.7323718
1753130525.732396 1753130554.2900598
1753130554.2900937 1753130582.9214597
1753130582.9214816 1753130607.7200277
1753130607.7200625 1753130636.331132
1753130636.331154 1753130666.9237745
1753130666.923802 1753130694.8825486
1753130694.882571 1753130726.2149153
1753130726.214936 1753130750.864698
1753130750.8647227 1753130778.5747354
1753130778.5747576 1753130805.3411746
1753130805.341196 1753130835.8393953
1753130835.83942 1753130862.8327525
1753130862.8327746 1753130890.5288126
1753130890.5288382 1753130916.7395515
1753130916.739578 1753130946.4487832
1753130946.448809 1753130974.2409694
1753130974.2410095 1753131006.5897944
1753131006.5898194 1753131034.7708445
1753131034.770869 1753131061.6521199
1753131061.6521413 1753131094.3682837
1753131094.3683062 1753131129.5917094
1753131129.5917342 1753131156.2870016
1753131156.2870288 1753131184.1891332
1753131184.1891532 1753131209.8463469
1753131209.8463736 1753131241.02815
1753131241.0281663 1753131271.4870677
1753131271.4870882 1753131298.0020773
1753131298.0021207 1753131327.216566
1753131327.216588 1753131355.3759377
1753131355.3759642 1753131383.4206884
1753131383.4207149 1753131422.8912404
1753131422.891265 1753131452.028215
1753131452.0282354 1753131484.865253
1753131484.8652806 1753131515.896642
1753131515.896669 1753131545.749369
1753131545.749391 1753131578.6013372
1753131578.6013622 1753131607.7151265
1753131607.715146 1753131635.883097
1753131635.8831239 1753131663.0265965
1753131663.0266144 1753131686.3499198
1753131686.3499458 1753131716.4353807
1753131716.435404 1753131741.5149825
1753131741.515009 1753131770.5277216
1753131770.5277424 1753131799.2967324
1753131799.2967608 1753131829.0765102
1753131829.076541 1753131857.3991914
1753131857.3992157 1753131892.9636538
1753131892.9636796 1753131919.2253911
1753131919.225417 1753131944.7859128
1753131944.7859356 1753131972.333262
1753131972.3332922 1753131995.463267
1753131995.463301 1753132018.4863842
1753132018.4864204 1753132047.4373112
1753132047.4373293 1753132079.013303
1753132079.0133226 1753132109.7012663
1753132109.7012951 1753132143.5208635
1753132143.5208864 1753132172.4189007
1753132172.4189208 1753132202.098681
1753132202.0987072 1753132234.9290493
1753132234.929069 1753132269.0220397
1753132269.0220609 1753132304.961527
1753132304.9615583 1753132337.8190267
1753132337.8190472 1753132368.7611387
1753132368.7611806 1753132389.8326876
1753132389.8327074 1753132429.5721276
1753132429.572156 1753132459.326959
1753132459.32698 1753132490.4086082
1753132490.4086354 1753132518.2571127
1753132518.257133 1753132552.407652
1753132552.407682 1753132580.0437527
1753132580.0437949 1753132607.0539303
1753132607.0539565 1753132639.2320666
1753132639.2320879 1753132678.7028086
1753132678.7028372 1753132710.9350739
1753132710.9350953 1753132737.9727993
1753132737.9728274 1753132767.6457033
1753132767.6457255 1753132789.5526402
1753132789.552671 1753132816.911028
1753132816.9110544 1753132844.2872498
1753132844.2872734 1753132877.8826885
1753132877.8827143 1753132905.4201906
1753132905.4202113 1753132939.9852455
1753132939.9852664 1753132972.7833016
1753132972.7833292 1753133011.431844
1753133011.4318666 1753133047.724509
1753133047.724535 1753133076.869985
1753133076.8700109 1753133114.3891134
1753133114.3891435 1753133141.0638976
1753133141.0639222 1753133172.759498
1753133172.7595282 1753133202.51483
1753133202.5148597 1753133232.239269
1753133232.2392898 1753133259.193677
1753133259.1937027 1753133289.8721864
1753133289.872211 1753133320.2927554
1753133320.2927854 1753133351.3250203
1753133351.3250492 1753133385.1089005
1753133385.1089282 1753133420.2251968
1753133420.2252188 1753133447.2295291
1753133447.2295578 1753133478.8241718
1753133478.8241997 1753133517.8548746
1753133517.8549008 1753133549.676485
1753133549.6765084 1753133580.990803
1753133580.9908261 1753133606.835466
1753133606.835493 1753133638.6237793
1753133638.6238127 1753133668.0365138
1753133668.0365565 1753133693.111141
1753133693.11119 1753133724.7830274
1753133724.7830465 1753133756.8703103
1753133756.8703418 1753133783.6590445
1753133783.6590679 1753133818.3791776
1753133818.3791993 1753133842.9464028
1753133842.946437 1753133872.7482462
1753133872.7482715 1753133906.3986719
1753133906.3987076 1753133935.3246446
1753133935.324681 1753133967.7600827
1753133967.760108 1753133997.0063522
1753133997.0063736 1753134027.40921
1753134027.4092312 1753134060.6911104
1753134060.6911426 1753134085.7796676
1753134085.7796965 1753134113.1920297
1753134113.192053 1753134140.3077283
1753134140.30775 1753134173.9912972
1753134173.9913223 1753134200.7713957
1753134200.7714193 1753134228.0442405
1753134228.0442708 1753134258.0441666
1753134258.0442004 1753134286.9695098
1753134286.969533 1753134324.650049
1753134324.650069 1753134360.6905248
1753134360.6905477 1753134394.6307116
1753134394.630738 1753134432.6308343
1753134432.630861 1753134461.9278321
1753134461.9278612 1753134494.3000817
1753134494.3001058 1753134520.9537728
1753134520.9537957 1753134548.8828838
1753134548.8829138 1753134576.6047034
1753134576.6047292 1753134606.624472
1753134606.6244948 1753134642.422147
1753134642.4221768 1753134669.697388
1753134669.6974192 1753134699.8311124
1753134699.8311324 1753134737.1920154
1753134737.1920383 1753134766.5792606
1753134766.579288 1753134797.755272
1753134797.7552996 1753134828.379012
1753134828.3790386 1753134854.826697
1753134854.8267214 1753134881.909636
1753134881.9096649 1753134903.1265502
1753134903.1265786 1753134928.5779414
1753134928.5779645 1753134955.6746442
1753134955.6746733 1753134981.8918047
1753134981.8918297 1753135015.852193
1753135015.8522224 1753135048.758349
1753135048.7583718 1753135076.309771
1753135076.3097963 1753135107.455057
1753135107.455089 1753135139.0031273
1753135139.0031617 1753135171.6632824
1753135171.6633098 1753135200.4879892
1753135200.4880118 1753135230.6255121
1753135230.6255472 1753135268.629014
1753135268.629037 1753135301.6777728
1753135301.6778114 1753135330.6953082
1753135330.6953344 1753135360.1257632
1753135360.1257827 1753135394.1430655
1753135394.143092 1753135425.7827191
1753135425.7827518 1753135455.4642527
1753135455.4642744 1753135496.0590556
1753135496.0590835 1753135524.2259521
1753135524.2259755 1753135562.600355
1753135562.6003776 1753135593.6581016
1753135593.6581275 1753135627.0430348
1753135627.0430589 1753135659.2912848
1753135659.2913134 1753135689.838174
1753135689.838198 1753135722.7141426
1753135722.7141674 1753135752.0466025
1753135752.0466263 1753135779.9471247
1753135779.9471493 1753135809.9251902
1753135809.92521 1753135837.215227
1753135837.2152514 1753135874.941858
1753135874.9418805 1753135904.9203265
1753135904.9203553 1753135928.9898603
1753135928.9898834 1753135957.5200393
1753135957.5200694 1753135984.2002714
1753135984.200292 1753136010.2825146
1753136010.2825463 1753136036.993038
1753136036.993067 1753136068.564064
1753136068.5640826 1753136094.9123018
1753136094.9123313 1753136122.5764024
1753136122.5764298 1753136147.926399
1753136147.9264202 1753136171.5541291
1753136171.5541499 1753136200.7996767
1753136200.7997158 1753136230.7614868
1753136230.7615173 1753136259.8269308
1753136259.8269634 1753136290.1233199
1753136290.1233444 1753136320.3207552
1753136320.3207817 1753136352.8702977
1753136352.8703208 1753136378.1324449
1753136378.132468 1753136413.1355484
1753136413.1355972 1753136435.398664
1753136435.3986895 1753136467.3389814
1753136467.3390067 1753136493.9057522
1753136493.9057727 1753136521.6735654
1753136521.6735868 1753136545.6368477
1753136545.6368768 1753136576.0961876
1753136576.0962086 1753136600.7493494
1753136600.749376 1753136629.3114822
1753136629.3115044 1753136653.7159197
1753136653.7159429 1753136682.7558458
1753136682.7558765 1753136719.2558312
1753136719.2558596 1753136750.5033915
1753136750.5034118 1753136783.0767965
1753136783.0768197 1753136814.4099603
1753136814.4099786 1753136848.0319927
1753136848.032018 1753136876.370383
1753136876.370406 1753136908.3063104
1753136908.3063548 1753136940.195215
1753136940.1952343 1753136964.6529803
1753136964.653009 1753136992.2230127
1753136992.2230341 1753137029.0824487
1753137029.0824742 1753137054.852739
1753137054.8527627 1753137084.5273883
1753137084.527412 1753137118.022472
1753137118.0224926 1753137148.4105105
1753137148.410537 1753137179.4213333
1753137179.4213564 1753137209.535977
1753137209.5359976 1753137240.2143764
1753137240.2144012 1753137266.2834983
1753137266.2835193 1753137301.4098945
1753137301.4099197 1753137331.4560778
1753137331.4560993 1753137364.3508537
1753137364.3508773 1753137393.5423176
1753137393.5423412 1753137433.8669007
1753137433.866928 1753137467.7330213
1753137467.7330487 1753137495.1584864
1753137495.1585062 1753137531.6286495
1753137531.6286728 1753137567.7519524
1753137567.7519836 1753137612.9070654
1753137612.9070919 1753137642.127519
1753137642.127539 1753137680.1310782
1753137680.1311007 1753137717.0537472
1753137717.0537703 1753137739.1317134
1753137739.1317365 1753137773.7752123
1753137773.7752357 1753137802.6184578
1753137802.6184797 1753137825.4878125
1753137825.4878397 1753137860.1456816
1753137860.1457047 1753137889.7467606
1753137889.7467825 1753137919.0919402
1753137919.0919678 1753137950.333875
1753137950.3339026 1753137986.5145845
1753137986.5146077 1753138017.1928115
1753138017.1928382 1753138056.7207916
1753138056.7208264 1753138091.5099077
1753138091.509935 1753138119.747286
