1753107869.1750185 1753107897.7032118
1753107897.7032323 1753107923.790196
1753107923.790216 1753107955.8509226
1753107955.8509421 1753107988.8877678
1753107988.8877914 1753108016.6466258
1753108016.6466515 1753108045.6841054
1753108045.6841285 1753108071.1093411
1753108071.1093605 1753108102.5063074
1753108102.5063362 1753108126.9232206
1753108126.923237 1753108160.5445764
1753108160.5446103 1753108191.4436128
1753108191.4436376 1753108216.3484588
1753108216.3484778 1753108250.8404043
1753108250.840425 1753108280.1018782
1753108280.1018984 1753108307.6834238
1753108307.6834443 1753108340.4608076
1753108340.460834 1753108376.0234225
1753108376.0234387 1753108402.1894073
1753108402.1894326 1753108438.7074645
1753108438.707485 1753108465.0790167
1753108465.0790358 1753108493.979417
1753108493.9794354 1753108524.5312307
1753108524.5312557 1753108564.1312811
1753108564.1312995 1753108595.0113318
1753108595.0113566 1753108622.8811016
1753108622.8811243 1753108655.7706401
1753108655.770666 1753108685.298374
1753108685.2983932 1753108715.1730275
1753108715.1730604 1753108753.0249305
1753108753.0249512 1753108779.5309916
1753108779.5310092 1753108816.4221377
1753108816.4221592 1753108847.143447
1753108847.1434684 1753108879.4543328
1753108879.4543507 1753108910.3917446
1753108910.3917677 1753108943.3975272
1753108943.397547 1753108982.8537662
1753108982.8537884 1753109015.293293
1753109015.2933106 1753109044.151372
1753109044.151396 1753109070.7905335
1753109070.7905562 1753109103.5024703
1753109103.502506 1753109132.9342628
1753109132.934287 1753109158.711713
1753109158.7117321 1753109187.969267
1753109187.9692883 1753109219.0204659
1753109219.0204856 1753109251.6522532
1753109251.6522808 1753109279.904439
1753109279.9044633 1753109313.951889
1753109313.9519107 1753109339.328082
1753109339.328106 1753109376.8491871
1753109376.849209 1753109404.3008003
1753109404.3008385 1753109431.176011
1753109431.176037 1753109464.1886919
1753109464.1887112 1753109498.7581244
1753109498.758148 1753109530.9979513
1753109530.997967 1753109559.5083985
1753109559.508425 1753109590.0987735
1753109590.0987988 1753109618.1055927
1753109618.105611 1753109647.640841
1753109647.6408606 1753109674.1920383
1753109674.1920617 1753109708.9509943
1753109708.9510105 1753109740.839392
1753109740.8394158 1753109777.0286736
1753109777.0286937 1753109810.0570915
1753109810.0571163 1753109840.4583802
1753109840.4584024 1753109865.0577888
1753109865.0578089 1753109896.600907
1753109896.600925 1753109924.5094335
1753109924.5094624 1753109948.4822345
1753109948.4822552 1753109978.7685328
1753109978.768553 1753110006.6767628
1753110006.6767874 1753110031.1039705
1753110031.1039958 1753110067.750693
1753110067.7507155 1753110095.9388852
1753110095.9389076 1753110132.3786132
1753110132.378648 1753110164.1840465
1753110164.184073 1753110190.8631227
1753110190.8631423 1753110221.9542747
1753110221.9542959 1753110243.259437
1753110243.2594588 1753110269.3814092
1753110269.3814313 1753110311.9274085
1753110311.9274232 1753110340.6873136
1753110340.687336 1753110381.2035038
1753110381.2035246 1753110403.538376
1753110403.5384033 1753110435.211286
1753110435.2113042 1753110467.4750726
1753110467.475112 1753110489.9998755
1753110489.999896 1753110517.7864125
1753110517.78643 1753110551.4362333
1753110551.4362588 1753110583.2165325
1753110583.2165787 1753110609.85502
1753110609.8550467 1753110638.9536414
1753110638.9536695 1753110664.0289967
1753110664.0290198 1753110691.571206
1753110691.5712276 1753110722.7054398
1753110722.7054617 1753110752.9643476
1753110752.9643686 1753110779.8640182
1753110779.8640368 1753110809.5167806
1753110809.5168152 1753110838.8082871
1753110838.8083043 1753110867.8486178
1753110867.8486528 1753110898.485405
1753110898.4854288 1753110939.507756
1753110939.507775 1753110967.5628598
1753110967.5628848 1753110997.27713
1753110997.2771494 1753111034.5423503
1753111034.542371 1753111066.2637885
1753111066.2638128 1753111108.1209023
1753111108.120926 1753111131.486948
1753111131.4869652 1753111159.15297
1753111159.1529925 1753111185.9977484
1753111185.9977736 1753111221.832611
1753111221.832635 1753111262.1333368
1753111262.1333528 1753111289.2532406
1753111289.253264 1753111323.9205456
1753111323.9205692 1753111357.934917
1753111357.9349356 1753111397.4618697
1753111397.4618924 1753111428.2069337
1753111428.2069547 1753111462.209692
1753111462.2097123 1753111487.2429435
1753111487.2429683 1753111515.531353
1753111515.5313678 1753111541.0927668
1753111541.0927868 1753111567.131202
1753111567.1312218 1753111597.9040186
1753111597.9040391 1753111628.0456872
1753111628.045711 1753111659.7362998
1753111659.7363195 1753111693.963003
1753111693.9630256 1753111726.6020079
1753111726.6020246 1753111765.157295
1753111765.1573198 1753111792.34785
1753111792.3478718 1753111825.5273378
1753111825.5273616 1753111850.145756
1753111850.1457748 1753111875.8484592
1753111875.8484898 1753111906.6652532
1753111906.665271 1753111937.663278
1753111937.663303 1753111961.4792397
1753111961.4792633 1753111989.461902
1753111989.4619253 1753112018.1310704
1753112018.1310875 1753112047.4352593
1753112047.435286 1753112079.409244
1753112079.4092638 1753112110.2472796
1753112110.247308 1753112135.7844462
1753112135.7844653 1753112164.2602398
1753112164.2602699 1753112194.3142943
1753112194.3143182 1753112225.373677
1753112225.3736968 1753112255.7849884
1753112255.7850084 1753112282.3220325
1753112282.322055 1753112310.4051955
1753112310.4052138 1753112346.1514146
1753112346.1514413 1753112377.4082074
1753112377.4082294 1753112408.8016632
1753112408.8016858 1753112437.2496288
1753112437.2496483 1753112474.2906296
1753112474.2906544 1753112501.4383526
1753112501.4383726 1753112535.7794971
1753112535.7795184 1753112561.2586782
1753112561.2586954 1753112591.5308616
1753112591.5308874 1753112616.5738776
1753112616.5738978 1753112650.215912
1753112650.215936 1753112681.6524951
1753112681.6525152 1753112711.9293501
1753112711.9293773 1753112743.0288336
1753112743.0288522 1753112777.8641794
1753112777.8642092 1753112802.7767174
1753112802.7767377 1753112833.044889
1753112833.0449073 1753112864.8300493
1753112864.8300734 1753112890.8711393
1753112890.8711574 1753112922.9068596
1753112922.9068832 1753112955.1383052
1753112955.138324 1753112987.6065042
1753112987.606525 1753113018.6404526
1753113018.640478 1753113049.633931
1753113049.6339536 1753113081.401454
1753113081.4014807 1753113105.382911
1753113105.3829322 1753113140.4935489
1753113140.4935741 1753113168.2744007
1753113168.2744198 1753113196.6644564
1753113196.6644843 1753113232.187964
1753113232.187985 1753113257.2631345
1753113257.2631526 1753113287.7240162
1753113287.724036 1753113326.762827
1753113326.762851 1753113361.8681593
1753113361.8681798 1753113393.3242867
1753113393.3243077 1753113424.9790356
1753113424.9790568 1753113454.3066607
1753113454.3066833 1753113479.699314
1753113479.6993344 1753113508.3736138
1753113508.373642 1753113538.6345346
1753113538.6345582 1753113563.1869419
1753113563.186961 1753113587.4823866
1753113587.4824133 1753113623.4770346
1753113623.477058 1753113657.4780703
1753113657.4780877 1753113683.424395
1753113683.424421 1753113714.6701465
1753113714.6701853 1753113742.3329442
1753113742.3329701 1753113774.1675792
1753113774.1676314 1753113804.593902
1753113804.5939288 1753113829.5648155
1753113829.5648348 1753113859.528296
1753113859.5283203 1753113897.4569502
1753113897.4569745 1753113927.4420586
1753113927.442087 1753113956.5080004
1753113956.5080283 1753113983.949594
1753113983.949614 1753114007.6337643
1753114007.6337848 1753114035.3203418
1753114035.32037 1753114062.4391696
1753114062.4391928 1753114093.9713163
1753114093.9713392 1753114121.223302
1753114121.2233276 1753114154.978677
1753114154.9786952 1753114186.3316648
1753114186.3316948 1753114222.2376292
1753114222.2376528 1753114254.1691241
1753114254.1691418 1753114281.910573
1753114281.9105923 1753114307.94336
1753114307.9433951 1753114336.7462683
1753114336.7462957 1753114360.5634372
1753114360.5634573 1753114386.5634654
1753114386.5634935 1753114418.726204
1753114418.7262268 1753114455.5434015
1753114455.5434265 1753114489.1806085
1753114489.1806412 1753114518.5646987
1753114518.5647354 1753114548.89613
1753114548.8961487 1753114585.851384
1753114585.851416 1753114618.6605012
1753114618.6605422 1753114648.9037936
1753114648.9038217 1753114676.8572628
1753114676.8572876 1753114708.0015159
1753114708.0015426 1753114739.1072273
1753114739.107245 1753114767.9253573
1753114767.925387 1753114796.4871576
1753114796.4871788 1753114821.1692917
1753114821.1693225 1753114850.0719836
1753114850.072006 1753114878.3484137
1753114878.348434 1753114903.2011497
1753114903.2011802 1753114931.1507118
1753114931.15073 1753114958.5054317
1753114958.5054595 1753114987.674904
1753114987.6749322 1753115020.6129804
1753115020.6130073 1753115052.6800082
1753115052.6800253 1753115078.3393009
1753115078.3393269 1753115107.8817039
1753115107.8817277 1753115134.7216053
1753115134.7216299 1753115168.3875403
1753115168.3875685 1753115201.093859
1753115201.093886 1753115230.5691392
1753115230.5691645 1753115260.0373561
1753115260.037391 1753115287.115635
1753115287.115662 1753115313.7172613
1753115313.717285 1753115341.864863
1753115341.8648832 1753115367.2534182
1753115367.2534359 1753115396.4013932
1753115396.4014187 1753115428.3421757
1753115428.3421948 1753115463.0730686
1753115463.073094 1753115492.3914578
1753115492.391477 1753115513.4262722
1753115513.4262953 1753115539.8510041
1753115539.8510268 1753115565.627753
1753115565.6277783 1753115591.3290713
1753115591.3290915 1753115616.1924791
1753115616.1925337 1753115641.9303784
1753115641.9303973 1753115665.3491611
1753115665.3491907 1753115692.7354884
1753115692.7355225 1753115720.481884
1753115720.4819155 1753115745.340381
1753115745.3403986 1753115770.5520456
1753115770.552082 1753115796.5541787
1753115796.5542011 1753115825.590381
1753115825.5903971 1753115853.0760896
1753115853.0761094 1753115888.0782468
1753115888.0782773 1753115916.5542505
1753115916.5542738 1753115949.6391752
1753115949.6391976 1753115979.836403
1753115979.8364189 1753116009.2742357
1753116009.274258 1753116042.531197
1753116042.5312214 1753116069.5942943
1753116069.594315 1753116100.9769585
1753116100.9769776 1753116138.1292922
1753116138.129324 1753116173.7379124
1753116173.7379348 1753116200.2030873
1753116200.2031167 1753116228.4717836
1753116228.4718053 1753116259.5680776
1753116259.5681014 1753116284.9320397
1753116284.932064 1753116308.1142726
1753116308.1142957 1753116336.0813324
1753116336.0813534 1753116363.99224
1753116363.9922779 1753116395.6902301
1753116395.6902525 1753116427.8139281
1753116427.813946 1753116460.7817953
1753116460.781816 1753116482.2787716
1753116482.2787962 1753116517.5046914
1753116517.5047102 1753116549.8595119
1753116549.8595352 1753116574.3922613
1753116574.3922825 1753116598.8916967
1753116598.891722 1753116628.9136417
1753116628.9136665 1753116662.6371758
1753116662.6371932 1753116694.64727
1753116694.647296 1753116724.420633
1753116724.4206545 1753116754.99084
1753116754.990867 1753116791.9426458
1753116791.942665 1753116825.0864992
1753116825.0865161 1753116860.353274
1753116860.3532991 1753116891.5642736
1753116891.564291 1753116918.5975194
1753116918.5975413 1753116950.0976515
1753116950.0976684 1753116984.983207
1753116984.9832284 1753117016.0846162
1753117016.084633 1753117056.592862
1753117056.5928824 1753117083.378345
1753117083.3783681 1753117120.4433088
1753117120.443326 1753117149.1504464
1753117149.1504724 1753117178.8812904
1753117178.8813102 1753117214.0712426
1753117214.0712652 1753117240.4996254
1753117240.4996462 1753117277.4961386
1753117277.4961631 1753117301.3491952
1753117301.3492148 1753117328.3077285
1753117328.3077455 1753117356.3042223
1753117356.304245 1753117383.7154608
1753117383.7154796 1753117419.2729633
1753117419.272996 1753117444.7522132
1753117444.7522326 1753117480.5451684
1753117480.545194 1753117506.6097927
1753117506.6098106 1753117551.3331256
1753117551.3331435 1753117586.908067
1753117586.9080932 1753117622.8165233
1753117622.8165462 1753117657.6582453
1753117657.6582665 1753117695.7682078
1753117695.7682261 1753117727.751304
1753117727.7513354 1753117762.7765121
1753117762.7765381 1753117789.6521473
1753117789.6521807 1753117818.6077886
1753117818.6078181 1753117845.0037873
1753117845.0038111 1753117874.334928
1753117874.3349504 1753117895.1586666
1753117895.1586835 1753117925.3646283
1753117925.3646536 1753117958.8456025
1753117958.8456235 1753117995.9764712
1753117995.9764912 1753118022.1173432
1753118022.1173663 1753118054.8670173
1753118054.867038 1753118086.6613746
1753118086.6613922 1753118120.1128283
1753118120.1128511 1753118149.0414786
1753118149.0415013 1753118176.5240037
1753118176.5240235 1753118204.0281913
1753118204.028215 1753118236.2131236
1753118236.2131455 1753118270.6607018
1753118270.660721 1753118297.4566183
1753118297.4566362 1753118328.7005436
1753118328.70057 1753118352.1332672
1753118352.1332836 1753118378.7744281
1753118378.774452 1753118407.666964
1753118407.6670024 1753118434.223114
1753118434.223132 1753118466.2719324
1753118466.271958 1753118498.2159748
1753118498.2159913 1753118533.4005256
1753118533.40055 1753118566.3816895
1753118566.3817134 1753118592.510533
1753118592.5105546 1753118623.3061647
1753118623.3061898 1753118647.9104896
1753118647.9105074 1753118677.6987104
1753118677.698736 1753118714.9310203
1753118714.9310405 1753118737.0712397
1753118737.0712633 1753118766.945811
1753118766.9458356 1753118795.2160347
1753118795.21606 1753118825.7351968
1753118825.7352138 1753118858.7460988
1753118858.7461255 1753118887.9414978
1753118887.9415147 1753118917.932899
1753118917.9329243 1753118943.628945
1753118943.6289937 1753118974.7619982
1753118974.762021 1753118999.163651
1753118999.1636736 1753119025.9128523
1753119025.9128764 1753119063.2947917
1753119063.294813 1753119097.198476
1753119097.1985 1753119123.5550077
1753119123.5550327 1753119165.8250031
1753119165.8250368 1753119191.7552774
1753119191.7553053 1753119223.255408
1753119223.2554314 1753119252.2500658
1753119252.2500908 1753119284.2948208
1753119284.2948434 1753119317.6339011
1753119317.633922 1753119345.1570842
1753119345.1571105 1753119370.8481774
1753119370.8481975 1753119403.4802117
1753119403.480234 1753119436.3937602
1753119436.3937874 1753119464.734483
1753119464.734507 1753119493.3996835
1753119493.399702 1753119530.4881337
1753119530.4881527 1753119564.3031628
1753119564.3031912 1753119595.9645476
1753119595.9645808 1753119625.0190759
1753119625.0191007 1753119656.5675309
1753119656.5675504 1753119684.6026425
1753119684.6026678 1753119717.3596163
1753119717.3596363 1753119748.1793168
1753119748.1793368 1753119792.5671713
1753119792.567196 1753119826.7440152
1753119826.744043 1753119863.374091
1753119863.3741107 1753119894.3359132
1753119894.335941 1753119924.6784818
1753119924.6785033 1753119961.0249903
1753119961.0250158 1753119987.9043593
1753119987.9043798 1753120010.6664228
1753120010.666449 1753120034.5578916
1753120034.55792 1753120064.8095696
1753120064.8095953 1753120088.9799757
1753120088.9800026 1753120112.6227942
1753120112.6228142 1753120134.8756452
1753120134.875675 1753120155.5252023
1753120155.525221 1753120176.703279
1753120176.7033083 1753120207.9127748
1753120207.912794 1753120249.08588
1753120249.0859003 1753120273.1948905
1753120273.194911 1753120301.8471599
1753120301.8471847 1753120324.8921154
1753120324.8921337 1753120355.0643475
1753120355.064365 1753120390.7590835
1753120390.759107 1753120414.0942454
1753120414.094269 1753120449.8302672
1753120449.8302937 1753120477.7676291
1753120477.7676525 1753120509.4588196
1753120509.4588397 1753120537.728944
1753120537.7289696 1753120568.3926048
1753120568.392637 1753120592.8656402
1753120592.865661 1753120630.6793559
1753120630.6793785 1753120661.2762387
1753120661.2762594 1753120685.9465475
1753120685.94657 1753120714.7379777
1753120714.738005 1753120746.9824545
1753120746.9824731 1753120772.360566
1753120772.360591 1753120800.8664289
1753120800.866446 1753120836.7785
1753120836.7785246 1753120868.5600016
1753120868.5600312 1753120898.6577358
1753120898.6577635 1753120922.4871104
1753120922.487132 1753120956.669042
1753120956.6690629 1753120988.115282
1753120988.1153002 1753121013.1121
1753121013.1121254 1753121045.1999738
1753121045.1999931 1753121087.677703
1753121087.6777241 1753121120.5975661
1753121120.597585 1753121147.0191598
1753121147.0191832 1753121176.971115
1753121176.9711378 1753121205.9740674
1753121205.9740922 1753121234.848314
1753121234.8483315 1753121269.02907
1753121269.0290923 1753121301.8558092
1753121301.8558328 1753121330.1503525
1753121330.1503758 1753121356.8649328
1753121356.86495 1753121393.6099253
1753121393.6099496 1753121419.0485852
1753121419.0486054 1753121450.3074079
1753121450.307428 1753121480.26035
1753121480.2603815 1753121511.2898204
1753121511.2898378 1753121542.8958519
1753121542.8958724 1753121577.980341
1753121577.9803658 1753121607.5193174
1753121607.5193398 1753121630.489855
1753121630.4898849 1753121654.963053
1753121654.9630773 1753121678.9304442
1753121678.930468 1753121707.680853
1753121707.6808724 1753121739.4802701
1753121739.480295 1753121772.19494
1753121772.1949668 1753121806.736384
1753121806.7364042 1753121834.5105236
1753121834.5105445 1753121861.8776104
1753121861.8776386 1753121891.7296321
1753121891.7296536 1753121918.3483055
1753121918.3483348 1753121950.8697348
1753121950.8697603 1753121982.0923882
1753121982.0924098 1753122008.023013
1753122008.02304 1753122033.8845823
1753122033.8846097 1753122066.786383
1753122066.786401 1753122100.887558
1753122100.8875937 1753122132.4794269
1753122132.4794483 1753122162.7208364
1753122162.7208574 1753122195.622487
1753122195.6225154 1753122226.29212
1753122226.292144 1753122261.7223299
1753122261.7223547 1753122292.4700706
1753122292.470092 1753122323.9097412
1753122323.9097595 1753122361.223327
1753122361.2233474 1753122394.3258615
1753122394.3258939 1753122428.417374
1753122428.4173949 1753122462.5673773
1753122462.567401 1753122491.6381102
1753122491.6381457 1753122519.466948
1753122519.4669712 1753122552.3318856
1753122552.331907 1753122579.36111
1753122579.3611326 1753122607.7040305
1753122607.7040482 1753122639.5366187
1753122639.5366452 1753122669.4794269
1753122669.479446 1753122697.627748
1753122697.6277742 1753122729.532004
1753122729.5320246 1753122758.0896053
1753122758.0896223 1753122787.9737303
1753122787.9737515 1753122823.4065518
1753122823.4065728 1753122854.7602086
1753122854.7602425 1753122882.557184
1753122882.5572016 1753122912.3422832
1753122912.342304 1753122935.80742
1753122935.8074489 1753122971.1916032
1753122971.1916301 1753122995.3301852
1753122995.3302035 1753123018.6372697
1753123018.637293 1753123041.6506712
1753123041.6506867 1753123076.3103244
1753123076.3103495 1753123105.9276488
1753123105.9276664 1753123133.8218126
1753123133.8218343 1753123168.2590094
1753123168.2590516 1753123201.2689075
1753123201.2689545 1753123238.1621046
1753123238.1621404 1753123279.40491
1753123279.4049356 1753123313.0715437
1753123313.0715811 1753123344.809978
1753123344.8099983 1753123376.744215
1753123376.7442498 1753123407.3834739
1753123407.3834949 1753123436.1901357
1753123436.190159 1753123465.2403138
1753123465.240335 1753123492.1826923
1753123492.1827178 1753123525.633745
1753123525.6337779 1753123552.8202918
1753123552.8203185 1753123583.6262567
1753123583.6262918 1753123609.8529096
1753123609.852929 1753123639.685416
1753123639.6854339 1753123667.5519633
1753123667.5519867 1753123693.8421917
1753123693.84222 1753123723.8918383
1753123723.8918579 1753123755.4885345
1753123755.4885607 1753123793.471929
1753123793.4719486 1753123825.3171935
1753123825.3172162 1753123851.8750288
1753123851.8750482 1753123879.5523329
1753123879.5523596 1753123905.700343
1753123905.700361 1753123936.4932804
1753123936.4933028 1753123969.9753933
1753123969.9754255 1753124003.391136
1753124003.3911562 1753124042.9102757
1753124042.910298 1753124074.6500387
1753124074.6500564 1753124101.7555327
1753124101.755557 1753124131.15554
1753124131.1555607 1753124154.304376
1753124154.3044002 1753124192.2948833
1753124192.2949045 1753124224.6913738
1753124224.6914005 1753124256.9885416
1753124256.988578 1753124286.5506542
1753124286.5506778 1753124314.517381
1753124314.5174046 1753124342.5684845
1753124342.5685031 1753124376.6501806
1753124376.6502023 1753124411.719461
1753124411.7194788 1753124448.9827528
1753124448.98278 1753124465.8128784
1753124465.8128977 1753124490.9674447
1753124490.9674637 1753124521.395073
1753124521.3950942 1753124553.179594
1753124553.1796153 1753124574.7595391
1753124574.7595563 1753124606.3574662
1753124606.3574872 1753124634.9658253
1753124634.965841 1753124668.1176217
1753124668.1176434 1753124698.1894448
1753124698.1894624 1753124730.9387326
1753124730.9387543 1753124761.2426703
1753124761.2426863 1753124788.5268977
1753124788.5269198 1753124823.326655
1753124823.3266737 1753124853.9960792
1753124853.9961026 1753124884.7054224
1753124884.7054572 1753124910.9467242
1753124910.9467483 1753124937.6791983
1753124937.6792254 1753124963.0029554
1753124963.002973 1753124994.1861892
1753124994.1862125 1753125023.0956204
1753125023.0956476 1753125048.5752256
1753125048.5752442 1753125085.4033628
1753125085.403385 1753125123.816376
1753125123.8163955 1753125151.5750375
1753125151.5750597 1753125181.7741702
1753125181.7741902 1753125214.2255423
1753125214.2255645 1753125251.7138865
1753125251.7139084 1753125280.0324676
1753125280.0324876 1753125311.7746391
1753125311.7746668 1753125334.2724733
1753125334.2724934 1753125357.8024817
1753125357.8025062 1753125382.3204434
1753125382.320469 1753125409.4924715
1753125409.492495 1753125434.775254
1753125434.7752728 1753125469.1071775
1753125469.1071937 1753125491.6609385
1753125491.6609752 1753125524.7076614
1753125524.707682 1753125545.7652946
1753125545.7653134 1753125567.7355368
1753125567.7355542 1753125597.008604
1753125597.00864 1753125625.1136148
1753125625.1136363 1753125656.1803033
1753125656.180327 1753125680.2642362
1753125680.26428 1753125711.2162309
1753125711.2162583 1753125739.901688
1753125739.9017115 1753125769.525813
1753125769.525829 1753125799.738597
1753125799.7386212 1753125836.4777331
1753125836.4777555 1753125867.9096518
1753125867.9096706 1753125900.7755203
1753125900.7755413 1753125939.4036806
1753125939.403708 1753125965.9998288
1753125965.9998486 1753126002.0065806
1753126002.0066009 1753126034.8796883
1753126034.8797135 1753126069.0661242
1753126069.066141 1753126098.925648
1753126098.9256675 1753126126.1642992
1753126126.1643178 1753126155.614005
1753126155.6140208 1753126188.2007833
1753126188.200806 1753126225.2783897
1753126225.2784073 1753126260.5040925
1753126260.5041122 1753126293.071451
1753126293.0714772 1753126323.3707626
1753126323.3707945 1753126359.4648232
1753126359.464846 1753126383.444551
1753126383.4445693 1753126414.0414941
1753126414.0415196 1753126446.23271
1753126446.2327285 1753126472.4724693
1753126472.4724963 1753126504.511952
1753126504.5119772 1753126535.86622
1753126535.8662434 1753126560.5194952
1753126560.5195174 1753126596.7648032
1753126596.7648268 1753126627.8688793
1753126627.8688977 1753126652.833682
1753126652.8337064 1753126686.5918338
1753126686.5918553 1753126720.886677
1753126720.8867013 1753126746.3501897
1753126746.350206 1753126779.6237586
1753126779.6237855 1753126815.663107
1753126815.6631253 1753126839.8340151
1753126839.8340375 1753126871.9236073
1753126871.9236276 1753126908.0274582
1753126908.0274777 1753126935.877578
1753126935.8776023 1753126964.4376676
1753126964.4376864 1753126995.7006485
1753126995.7006707 1753127027.7850404
1753127027.7850623 1753127056.474719
1753127056.4747403 1753127092.431812
1753127092.4318397 1753127117.04534
1753127117.0453606 1753127146.070344
1753127146.0703769 1753127179.1126149
1753127179.1126459 1753127205.3385024
1753127205.3385296 1753127232.7671115
1753127232.7671318 1753127265.1143641
1753127265.1143997 1753127297.5832312
1753127297.5832498 1753127330.9176059
1753127330.9176245 1753127359.9344225
1753127359.9344444 1753127396.7054706
1753127396.70549 1753127421.6372583
1753127421.637284 1753127447.4003165
1753127447.400335 1753127474.6067038
1753127474.6067257 1753127503.6881285
1753127503.6881464 1753127540.0538788
1753127540.053901 1753127573.9671643
1753127573.9671867 1753127608.1947932
1753127608.194816 1753127634.9552073
1753127634.9552257 1753127667.346278
1753127667.3463032 1753127696.6103082
1753127696.6103263 1753127722.865832
1753127722.865858 1753127753.6348772
1753127753.634894 1753127779.6623344
1753127779.6623545 1753127812.4848993
1753127812.4849243 1753127842.2274218
1753127842.227442 1753127870.3723156
1753127870.3723426 1753127898.9543161
1753127898.954337 1753127923.5643592
1753127923.5643861 1753127944.3711936
1753127944.371218 1753127982.3514547
1753127982.3514795 1753128010.597019
1753128010.5970502 1753128040.3324723
1753128040.3325005 1753128060.506876
1753128060.5068927 1753128088.380874
1753128088.3808923 1753128118.3866951
1753128118.38672 1753128144.714294
1753128144.7143137 1753128177.9103105
1753128177.9103317 1753128210.3798273
1753128210.379854 1753128239.1736443
1753128239.1736689 1753128266.6866426
1753128266.6866622 1753128296.49267
1753128296.492686 1753128329.801018
1753128329.801041 1753128362.8457634
1753128362.84578 1753128394.6470325
1753128394.6470556 1753128425.0027382
1753128425.002757 1753128453.6637273
1753128453.6637464 1753128481.399629
1753128481.39965 1753128511.6046033
1753128511.6046295 1753128546.9448586
1753128546.9448824 1753128571.4604547
1753128571.460476 1753128600.635559
1753128600.635597 1753128627.1771028
1753128627.1771448 1753128650.085147
1753128650.0851824 1753128680.5452876
1753128680.5453067 1753128714.258328
1753128714.2583544 1753128748.1319964
1753128748.1320155 1753128788.2267513
1753128788.2267702 1753128819.034734
1753128819.0347607 1753128851.322631
1753128851.322656 1753128878.6676831
1753128878.6677046 1753128908.879627
1753128908.8796551 1753128941.216046
1753128941.216067 1753128970.0511491
1753128970.051169 1753129004.458995
1753129004.459021 1753129032.9610832
1753129032.9611182 1753129063.3109984
1753129063.3110201 1753129094.3287709
1753129094.3287985 1753129130.1329947
1753129130.133018 1753129171.8067474
1753129171.8067734 1753129202.7262418
1753129202.7262602 1753129228.523655
1753129228.5236807 1753129256.846756
1753129256.8467753 1753129286.955059
1753129286.9550815 1753129313.4913764
1753129313.491401 1753129341.9079802
1753129341.9080253 1753129368.408521
1753129368.4085417 1753129393.68551
1753129393.6855357 1753129422.0254774
1753129422.0254977 1753129451.5101495
1753129451.5101779 1753129489.2286913
1753129489.2287169 1753129522.748555
1753129522.7485745 1753129554.1311905
1753129554.1312146 1753129592.3441486
1753129592.344168 1753129617.9170933
1753129617.917114 1753129644.4905827
1753129644.490608 1753129673.1197765
1753129673.1197977 1753129706.1859987
1753129706.1860175 1753129736.6933575
1753129736.6933799 1753129761.4805481
1753129761.480565 1753129786.521813
1753129786.521837 1753129811.5446424
1753129811.5446656 1753129845.3488247
1753129845.3488517 1753129876.777803
1753129876.7778237 1753129908.040747
1753129908.040769 1753129942.6699605
1753129942.6699896 1753129979.4576313
1753129979.457674 1753130010.2993724
1753130010.2993925 1753130037.9564464
1753130037.956473 1753130071.456319
1753130071.4563384 1753130103.0729446
1753130103.0729647 1753130143.5341618
1753130143.5341835 1753130171.7493105
1753130171.7493305 1753130204.3860133
1753130204.3860333 1753130235.598871
1753130235.5989015 1753130264.902604
1753130264.9026344 1753130300.292719
1753130300.2927392 1753130336.8587134
1753130336.858738 1753130374.9978669
1753130374.9978843 1753130410.9559295
1753130410.9559498 1753130438.6935723
1753130438.6935942 1753130473.5038404
1753130473.5038633 1753130498.7062337
1753130498.7062614 1753130526.428304
1753130526.428326 1753130554.2552116
1753130554.2552297 1753130579.6998386
1753130579.6998644 1753130608.8266857
1753130608.8267062 1753130641.9685109
1753130641.9685338 1753130670.2750635
1753130670.2750885 1753130696.7630136
1753130696.763036 1753130727.4418178
1753130727.4418461 1753130752.003003
1753130752.0030272 1753130780.4622338
1753130780.4622521 1753130808.2447836
1753130808.244807 1753130844.465599
1753130844.465621 1753130870.723011
1753130870.7230392 1753130897.321075
1753130897.3210957 1753130919.6580331
1753130919.6580558 1753130951.849982
1753130951.8500104 1753130981.426972
1753130981.4269967 1753131010.889057
1753131010.8890877 1753131038.8114007
1753131038.8114307 1753131065.3998787
1753131065.3998995 1753131095.332818
1753131095.3328435 1753131128.9339893
1753131128.9340112 1753131155.9670541
1753131155.9670768 1753131188.7208204
1753131188.7208393 1753131218.6722353
1753131218.6722586 1753131249.8106687
1753131249.810687 1753131277.3052192
1753131277.3052416 1753131299.0827608
1753131299.082782 1753131323.3750942
1753131323.3751106 1753131351.1828847
1753131351.182906 1753131388.33837
1753131388.338389 1753131416.593955
1753131416.593987 1753131452.3514667
1753131452.3514886 1753131480.3081825
1753131480.30821 1753131519.0159981
1753131519.0160155 1753131550.788744
1753131550.7887673 1753131578.1554093
1753131578.1554272 1753131603.000387
1753131603.000417 1753131635.7745771
1753131635.7745965 1753131658.5365555
1753131658.5365813 1753131682.9101913
1753131682.9102094 1753131716.5421999
1753131716.5422287 1753131741.6021724
1753131741.6022007 1753131765.8797135
1753131765.8797433 1753131800.3275363
1753131800.3275616 1753131829.5645807
1753131829.5646071 1753131860.0814912
1753131860.0815084 1753131891.355167
1753131891.355192 1753131917.2138982
1753131917.2139225 1753131945.8006124
1753131945.8006344 1753131973.634087
1753131973.634117 1753131996.010508
1753131996.0105264 1753132018.9305477
1753132018.9305863 1753132051.441529
1753132051.4415562 1753132075.2768135
1753132075.2768316 1753132105.8887184
1753132105.8887358 1753132138.8461392
1753132138.8461611 1753132170.8576176
1753132170.857637 1753132203.8320696
1753132203.8320978 1753132236.581326
1753132236.581362 1753132271.7743456
1753132271.7743647 1753132306.1060789
1753132306.106104 1753132339.5732996
1753132339.5733173 1753132372.0313268
1753132372.03135 1753132395.7051322
1753132395.705152 1753132429.1594567
1753132429.1594799 1753132457.1058285
1753132457.1058474 1753132488.1484406
1753132488.1484926 1753132520.182593
1753132520.1826124 1753132552.5591483
1753132552.5591805 1753132578.2217684
1753132578.2217891 1753132605.2102947
1753132605.2103217 1753132642.3689246
1753132642.3689427 1753132675.0945368
1753132675.0945616 1753132709.1937613
1753132709.1937797 1753132736.2412925
1753132736.2413168 1753132766.7469187
1753132766.7469354 1753132789.7239974
1753132789.7240248 1753132815.97824
1753132815.9782567 1753132841.5913436
1753132841.5913608 1753132874.145746
1753132874.1457686 1753132904.0562897
1753132904.0563073 1753132938.5520458
1753132938.5520701 1753132970.62911
1753132970.6291282 1753133010.8358843
1753133010.835912 1753133045.0136933
1753133045.013719 1753133072.9799964
1753133072.9800227 1753133111.7824051
1753133111.782426 1753133144.8307736
1753133144.8307972 1753133171.544984
1753133171.5450058 1753133203.0605266
1753133203.0605483 1753133230.2469957
1753133230.2470174 1753133267.3314016
1753133267.33142 1753133296.3460646
1753133296.3460925 1753133320.8826025
1753133320.8826234 1753133346.4080179
1753133346.40805 1753133377.173369
1753133377.1733925 1753133412.6411762
1753133412.6412067 1753133446.4748704
1753133446.4749017 1753133477.7283123
1753133477.7283344 1753133511.2668152
1753133511.2668314 1753133544.4595482
1753133544.4595802 1753133582.1259985
1753133582.1260252 1753133614.098987
1753133614.0990105 1753133642.2347047
1753133642.2347305 1753133668.9677062
1753133668.967728 1753133695.7612662
1753133695.7612972 1753133725.1291444
1753133725.1291635 1753133752.422254
1753133752.4222794 1753133783.6378055
1753133783.6378353 1753133817.3120713
1753133817.312097 1753133842.5714905
1753133842.5715113 1753133868.6840525
1753133868.6840692 1753133898.4628284
1753133898.4628515 1753133931.0622041
1753133931.062222 1753133963.8427498
1753133963.8427718 1753133999.796965
1753133999.7969933 1753134029.3104286
1753134029.3104792 1753134059.0197484
1753134059.019777 1753134088.8845665
1753134088.8845925 1753134119.007895
1753134119.0079136 1753134144.8611002
1753134144.8611238 1753134172.5790644
1753134172.579084 1753134206.0846894
1753134206.0847175 1753134230.1454718
1753134230.1454902 1753134259.519481
1753134259.5195053 1753134292.2800338
1753134292.2800536 1753134325.4381645
1753134325.4381897 1753134363.2032273
1753134363.2032506 1753134397.1858335
1753134397.1858644 1753134433.86306
1753134433.863093 1753134462.6156833
1753134462.6157122 1753134491.4449737
1753134491.4449978 1753134523.123061
1753134523.123084 1753134553.7747705
1753134553.7748015 1753134579.9389744
1753134579.938995 1753134609.0176783
1753134609.0177054 1753134640.792986
1753134640.7930117 1753134669.4364107
1753134669.4364362 1753134699.5050755
1753134699.5050957 1753134731.804941
1753134731.8049634 1753134766.9618752
1753134766.9618962 1753134799.8828902
1753134799.8829088 1753134826.072465
1753134826.0724928 1753134856.1446652
1753134856.1446855 1753134880.4146986
1753134880.414724 1753134902.0070152
1753134902.0070465 1753134926.1362453
1753134926.1362731 1753134956.3210127
1753134956.321034 1753134983.874944
1753134983.8749611 1753135017.1892064
1753135017.1892312 1753135045.6305418
1753135045.6305609 1753135073.8917942
1753135073.8918219 1753135105.1198423
1753135105.119867 1753135138.6536982
1753135138.6537213 1753135175.4781265
1753135175.478151 1753135203.390656
1753135203.3906746 1753135229.6441326
1753135229.6441605 1753135267.1072156
1753135267.107234 1753135303.167883
1753135303.1679041 1753135331.8970923
1753135331.89711 1753135362.8397145
1753135362.839733 1753135399.1611083
1753135399.16113 1753135427.6858158
1753135427.6858351 1753135462.022754
1753135462.022772 1753135494.2636662
1753135494.263694 1753135528.709825
1753135528.70986 1753135565.2357223
1753135565.235749 1753135596.0549204
1753135596.0549474 1753135631.0525758
1753135631.0525973 1753135660.609296
1753135660.6093264 1753135693.23826
1753135693.238278 1753135726.8837705
1753135726.883794 1753135757.9849346
1753135757.9849558 1753135781.4060023
1753135781.406021 1753135813.4602833
1753135813.460307 1753135844.3833668
1753135844.3833842 1753135874.5046053
1753135874.5046256 1753135895.6806924
1753135895.6807177 1753135921.9923818
1753135921.9923987 1753135950.5427253
1753135950.5427456 1753135979.238211
1753135979.2382262 1753136005.2832396
1753136005.2832572 1753136031.9357824
1753136031.9358041 1753136060.6513896
1753136060.6514056 1753136087.0761168
1753136087.076142 1753136118.878794
1753136118.8788202 1753136148.0904827
1753136148.0904982 1753136173.3971095
1753136173.3971338 1753136200.9349055
1753136200.9349248 1753136224.846115
1753136224.8461397 1753136259.385642
1753136259.3856862 1753136285.0135818
1753136285.013603 1753136315.0609155
1753136315.0609345 1753136345.762378
1753136345.7624009 1753136373.944262
1753136373.94428 1753136404.1388316
1753136404.138852 1753136437.655816
1753136437.655848 1753136464.4932666
1753136464.493293 1753136494.3841145
1753136494.3841295 1753136519.5001833
1753136519.5002072 1753136547.649615
1753136547.6496544 1753136578.5003545
1753136578.5003817 1753136603.9379344
1753136603.9379535 1753136625.8459413
1753136625.8459625 1753136652.6805627
1753136652.680586 1753136679.427328
1753136679.4273446 1753136711.4430106
1753136711.443034 1753136746.0072289
1753136746.0072463 1753136775.411375
1753136775.4113963 1753136807.7716823
1753136807.7717037 1753136842.099052
1753136842.099072 1753136871.6810014
1753136871.681024 1753136906.4638171
1753136906.4638374 1753136938.208905
1753136938.2089286 1753136966.5123162
1753136966.5123334 1753136992.9293396
1753136992.929364 1753137022.964384
1753137022.964406 1753137049.3288507
1753137049.3288703 1753137085.104354
1753137085.1043825 1753137114.7680185
1753137114.7680469 1753137147.9670825
1753137147.9671087 1753137175.797848
1753137175.7978673 1753137204.2701426
1753137204.2701635 1753137233.452326
1753137233.4523501 1753137264.8565328
1753137264.8565533 1753137298.3763208
1753137298.376349 1753137328.122626
1753137328.1226432 1753137366.7480235
1753137366.7480445 1753137396.7647407
1753137396.7647653 1753137436.564977
1753137436.565001 1753137471.7254708
1753137471.7254944 1753137502.3089857
1753137502.3090134 1753137541.50454
1753137541.5045683 1753137577.4839368
1753137577.4839592 1753137609.9869876
1753137609.987009 1753137642.0011938
1753137642.0012267 1753137680.2228792
1753137680.222896 1753137712.368544
1753137712.3685682 1753137741.3822017
1753137741.3822212 1753137770.3465252
1753137770.3465455 1753137798.7670074
1753137798.767032 1753137825.5820804
1753137825.5821066 1753137861.2539856
1753137861.2540114 1753137886.8792067
1753137886.8792253 1753137916.6104827
1753137916.6105049 1753137952.752005
1753137952.7520328 1753137984.177732
1753137984.1777568 1753138019.5983253
1753138019.5983465 1753138056.4386768
1753138056.4386969 1753138092.0983162
1753138092.0983372 1753138115.415259
