1776421628.4541204 1776421671.6104996
1776421671.610521 1776421716.6219797
1776421716.6220047 1776421755.3415759
1776421755.341602 1776421808.0403678
1776421808.0403929 1776421848.3601358
1776421848.3601582 1776421892.4002175
1776421892.4002411 1776421934.9966836
1776421934.9967053 1776421980.4237783
1776421980.4238014 1776422012.8333492
1776422012.83337 1776422061.912103
1776422061.9121273 1776422114.1338947
1776422114.13392 1776422161.2805705
1776422161.2805946 1776422205.1030302
1776422205.1030471 1776422253.2183907
1776422253.2184145 1776422304.307364
1776422304.30739 1776422346.6084793
1776422346.6084962 1776422395.3852773
1776422395.3853004 1776422440.8557014
1776422440.8557222 1776422485.1491888
1776422485.1492136 1776422531.2150128
1776422531.215039 1776422583.5909848
1776422583.5910358 1776422636.0212138
1776422636.0212355 1776422683.9775455
1776422683.9775639 1776422736.1219344
1776422736.1219583 1776422772.430248
1776422772.4302707 1776422827.1762369
1776422827.1762578 1776422874.5605438
1776422874.5605686 1776422925.6774457
1776422925.677484 1776422983.3216538
1776422983.321673 1776423031.1079018
1776423031.1079257 1776423082.9634032
1776423082.963429 1776423136.7922049
1776423136.7922227 1776423183.4756916
1776423183.4757152 1776423218.7199607
1776423218.7199845 1776423271.492296
1776423271.4923196 1776423319.3999314
1776423319.3999493 1776423363.6371732
1776423363.6371999 1776423404.4966457
1776423404.4966633 1776423451.131711
1776423451.1317325 1776423489.244025
1776423489.2440457 1776423535.8561578
1776423535.8561826 1776423576.5473387
1776423576.5473602 1776423621.8332806
1776423621.833305 1776423653.7181609
1776423653.718186 1776423691.4986966
1776423691.498722 1776423739.6117616
1776423739.6117885 1776423769.6437397
1776423769.6437616 1776423812.6455152
1776423812.6455386 1776423851.665892
1776423851.6659229 1776423894.0428705
1776423894.0428975 1776423924.3051949
1776423924.3052123 1776423982.0772243
1776423982.0772507 1776424018.4078407
1776424018.4078624 1776424077.1300263
1776424077.130047 1776424137.8694212
1776424137.8694456 1776424183.6352496
1776424183.6352737 1776424235.3468378
1776424235.3468719 1776424278.5883415
1776424278.588366 1776424337.2864695
1776424337.2864938 1776424385.233406
1776424385.2334316 1776424429.935857
1776424429.9358745 1776424477.3888578
1776424477.3888826 1776424523.2816126
1776424523.2816362 1776424578.454784
1776424578.4548075 1776424614.5585809
1776424614.5586069 1776424658.5724542
1776424658.5724792 1776424698.1981666
1776424698.1981888 1776424743.5817647
1776424743.581786 1776424784.6207488
1776424784.6207738 1776424821.8959632
1776424821.8959877 1776424871.0121727
1776424871.0121913 1776424908.4417293
1776424908.4417546 1776424963.958845
1776424963.958864 1776425004.3273768
1776425004.3274 1776425052.7084732
1776425052.7084913 1776425098.0639508
1776425098.063976 1776425127.3770258
1776425127.3770494 1776425183.3814561
1776425183.3814802 1776425226.599926
1776425226.5999498 1776425265.9997256
1776425265.999751 1776425308.0919945
1776425308.0920172 1776425343.0597339
1776425343.0597534 1776425392.8324873
1776425392.8325126 1776425425.625716
1776425425.625734 1776425475.05736
1776425475.0573845 1776425527.5815878
1776425527.581613 1776425573.7088716
1776425573.7088964 1776425626.7763476
1776425626.7763731 1776425673.024165
1776425673.0241838 1776425718.5238943
1776425718.5239346 1776425777.24605
1776425777.246074 1776425818.2234654
1776425818.2234857 1776425874.8532636
1776425874.8532891 1776425924.723552
1776425924.723571 1776425967.089783
1776425967.0898087 1776426002.8665295
1776426002.8665528 1776426057.9298189
1776426057.9298403 1776426109.4534924
1776426109.4535182 1776426150.949623
1776426150.949648 1776426191.165985
