1721657789.3570318 1721657816.1636086
1721657823.0395472 1721657844.0599937
1721657848.730506 1721657873.8646464
1721657875.9258358 1721657899.9093268
1721657902.4713225 1721657941.6133735
1721657950.72379 1721657982.308499
1721657988.3337803 1721658020.3604152
1721658031.283013 1721658060.8581948
1721658065.9710526 1721658095.4593942
1721658102.4290173 1721658137.8589644
1721658140.13404 1721658179.0597525
1721658190.0262167 1721658199.1577134
1721658204.1728094 1721658230.8690984
1721658237.8757763 1721658258.409561
1721658264.325123 1721658284.165612
1721658285.176176 1721658308.6612015
1721658313.5794969 1721658334.7144835
1721658343.828095 1721658361.36104
1721658363.3592212 1721658386.8090386
1721658394.7799768 1721658406.6083856
1721658409.618749 1721658437.2589867
1721658444.979167 1721658462.4094288
1721658471.4720404 1721658490.2086046
1721658500.9677536 1721658521.6587372
1721658522.3780715 1721658550.707957
1721658555.4747381 1721658582.8088157
1721658586.7667353 1721658610.6586053
1721658611.7094584 1721658639.1574907
1721658649.1764324 1721658668.7092404
1721658672.6786025 1721658699.8610137
1721658710.8827653 1721658732.0089598
1721658733.065749 1721658758.7651277
1721658767.630938 1721658790.6597822
1721658801.6286595 1721658822.0567205
1721658831.985864 1721658858.4066017
1721658868.132343 1721658892.5605721
1721658896.2276988 1721658927.5607574
1721658932.681128 1721658963.0608554
1721658964.9231126 1721658999.4093606
1721659003.5241761 1721659036.260935
1721659039.3094728 1721659069.6614704
1721659076.5664852 1721659101.5615478
1721659105.0728235 1721659130.108282
1721659136.7830408 1721659161.0579576
1721659162.2702367 1721659192.158279
1721659199.4175243 1721659215.4568517
1721659222.2294064 1721659248.811631
1721659254.8159847 1721659269.5585635
1721659272.5112524 1721659302.6586564
1721659306.7752366 1721659334.158043
1721659336.3705328 1721659366.9102938
1721659377.989965 1721659397.2070076
1721659401.2277608 1721659426.1128638
1721659434.083661 1721659455.9090662
1721659462.48308 1721659484.810198
1721659485.7767224 1721659513.607649
1721659518.4741037 1721659546.3595414
1721659554.1858854 1721659585.2160847
1721659589.278067 1721659622.3567793
1721659625.3702734 1721659662.9630814
1721659666.7254765 1721659699.316459
1721659705.321895 1721659737.0088205
1721659744.9787705 1721659774.057903
1721659785.035115 1721659809.9106293
1721659815.6215782 1721659854.9566274
1721659866.0201333 1721659894.9132397
1721659902.9837656 1721659940.6087475
1721659948.2834413 1721659979.9078584
1721659988.8307214 1721660026.558674
1721660030.3665862 1721660067.759595
1721660075.4821115 1721660112.5600758
1721660122.1218894 1721660145.557953
1721660146.417423 1721660196.20709
1721660204.1627786 1721660228.0569975
1721660234.229741 1721660266.1573725
1721660273.9135444 1721660300.4583673
1721660307.275882 1721660333.9610636
1721660338.7787175 1721660361.410573
1721660364.217252 1721660401.2618153
1721660408.463448 1721660434.1117904
1721660442.8357284 1721660468.8095376
1721660475.8258128 1721660500.0125072
1721660501.0156996 1721660526.1680903
1721660532.1318164 1721660553.80878
1721660557.1717262 1721660580.5580904
1721660583.4764702 1721660608.5087955
1721660618.4838398 1721660636.2569413
1721660639.5162356 1721660662.2584896
1721660664.9784431 1721660689.2094276
1721660698.2801082 1721660710.006828
1721660718.824442 1721660744.8575068
1721660751.9660482 1721660777.207025
1721660785.1799836 1721660813.5080104
1721660817.2779992 1721660842.1076615
1721660848.9241405 1721660875.062421
1721660884.1787937 1721660909.8076427
1721660913.1248953 1721660937.0066676
1721660947.9330966 1721660973.5109162
1721660980.4669456 1721661005.4580193
1721661007.8773224 1721661034.0607932
1721661040.1216693 1721661058.661249
1721661065.6792595 1721661082.5076172
1721661085.9775705 1721661106.5112612
1721661112.1231446 1721661130.3598223
1721661139.0860326 1721661155.1591396
1721661163.0313683 1721661179.061219
1721661183.6827805 1721661203.959841
1721661211.6245742 1721661228.2586718
1721661232.0825953 1721661252.6093466
1721661260.8263507 1721661278.7576776
1721661280.77117 1721661302.760205
1721661310.6836603 1721661323.7583122
1721661333.0190136 1721661352.8077
1721661363.2909033 1721661374.1582768
1721661380.5718486 1721661405.357309
1721661412.9702492 1721661439.9065578
1721661449.7666554 1721661487.6654727
1721661498.8381057 1721661516.406826
1721661521.5702069 1721661562.5095932
1721661573.3205554 1721661598.9608593
1721661601.967394 1721661637.0127873
1721661642.9273129 1721661668.9565554
1721661670.8247368 1721661718.5611632
1721661726.5860054 1721661757.2578962
1721661761.8641465 1721661793.2089684
1721661797.322097 1721661824.156606
1721661826.8724093 1721661856.5585344
1721661862.2202969 1721661888.2579722
1721661899.2259362 1721661922.5607069
1721661923.7233548 1721661958.4071183
1721661962.3721392 1721661988.4580896
1721661993.1831183 1721662021.3607583
1721662023.4217389 1721662047.458212
1721662053.8801093 1721662076.4087574
1721662077.620605 1721662103.5625498
1721662106.2286167 1721662130.7575917
1721662139.090612 1721662159.560336
1721662163.513643 1721662185.7639546
1721662189.58507 1721662213.1600704
1721662222.1316137 1721662240.1079102
1721662240.8723629 1721662264.0659482
1721662273.276395 1721662290.5604513
1721662298.6757162 1721662311.7077942
1721662312.7751563 1721662339.564792
1721662350.2707813 1721662364.7642708
1721662372.8173783 1721662390.9102945
1721662397.0790722 1721662417.506835
1721662424.3273544 1721662443.3608851
1721662450.3747404 1721662471.0579274
1721662478.0813472 1721662495.5585556
1721662497.6244967 1721662519.261356
1721662529.2895339 1721662548.7580364
1721662556.8739493 1721662571.0586596
1721662575.87487 1721662611.8584034
1721662622.7868376 1721662640.9582841
1721662643.816303 1721662683.306915
1721662692.9811172 1721662711.907486
1721662720.62892 1721662753.3081012
1721662754.6707973 1721662784.9601796
1721662791.5276814 1721662820.056987
1721662824.6850874 1721662851.6581776
1721662861.4285045 1721662884.6611996
1721662885.1124854 1721662920.009621
1721662924.6174626 1721662955.8092241
1721662966.8303087 1721662982.758328
1721662990.0707796 1721663017.161524
1721663021.1627305 1721663044.1584902
1721663048.3238482 1721663068.5570798
1721663071.3755405 1721663094.2082193
1721663103.1753094 1721663118.2070322
1721663123.172259 1721663143.260551
1721663152.2808893 1721663166.657266
1721663176.9204893 1721663195.5087614
1721663205.4833012 1721663219.8125155
1721663230.672311 1721663248.3169103
1721663251.2801461 1721663274.1083689
1721663282.0804493 1721663303.0568094
1721663312.8178189 1721663326.5606353
1721663330.0797737 1721663356.0595868
1721663358.774623 1721663382.2068539
1721663392.932388 1721663409.4608557
1721663416.4652333 1721663435.4135017
1721663444.4788816 1721663462.0606608
1721663470.0749733 1721663487.6117013
1721663493.722816 1721663511.9100156
1721663522.8275874 1721663539.35888
1721663549.231581 1721663567.0595787
1721663568.2774308 1721663591.8653195
1721663600.033498 1721663619.6100397
1721663625.7227151 1721663640.2566347
1721663641.965118 1721663669.66077
1721663680.7862546 1721663698.4086163
1721663701.5285516 1721663723.0622523
1721663724.2717707 1721663748.4069755
1721663749.621339 1721663774.6630158
1721663778.2849536 1721663793.757901
1721663803.7827747 1721663821.959053
1721663828.9325154 1721663846.9579175
1721663856.1748257 1721663866.0065851
1721663871.8325865 1721663894.5095994
