1765555044.9404438 1765555094.8360178
1765555094.8360417 1765555138.0035954
1765555138.0036216 1765555174.8858447
1765555174.885864 1765555218.2529247
1765555218.2529478 1765555266.9148538
1765555266.914878 1765555302.0943513
1765555302.0943704 1765555343.513616
1765555343.51364 1765555389.1031497
1765555389.1031735 1765555424.3926427
1765555424.3926644 1765555468.0572124
1765555468.0572317 1765555515.9340413
1765555515.934065 1765555557.7248247
1765555557.7248487 1765555612.2620697
1765555612.2620945 1765555650.839346
1765555650.839365 1765555699.9968054
1765555699.9968283 1765555743.3386436
1765555743.3386695 1765555775.2645853
1765555775.2646031 1765555807.1910017
1765555807.1910317 1765555834.8527946
1765555834.8528147 1765555873.2095606
1765555873.2096143 1765555909.8045473
1765555909.8045735 1765555937.0541928
1765555937.0542169 1765555966.3683288
1765555966.3683543 1765555985.917363
1765555985.9173834 1765556011.7163455
1765556011.7163684 1765556038.4352803
1765556038.4353027 1765556072.0862157
1765556072.0862358 1765556099.3170848
1765556099.3171103 1765556126.6390545
1765556126.639082 1765556147.7823362
1765556147.7823555 1765556191.066223
1765556191.0662506 1765556220.745002
1765556220.7450225 1765556256.7998254
1765556256.799849 1765556299.753092
1765556299.7531135 1765556344.8047354
1765556344.8047595 1765556377.6407523
1765556377.6407692 1765556425.7084088
1765556425.7084284 1765556463.494872
1765556463.4948983 1765556508.3880806
1765556508.3881032 1765556550.0387502
1765556550.0387745 1765556600.383114
1765556600.3831396 1765556640.2920017
1765556640.2920213 1765556675.4795654
1765556675.4795887 1765556715.9751666
1765556715.9751966 1765556746.012906
1765556746.0129251 1765556790.3598104
1765556790.3598392 1765556837.0885606
1765556837.0885875 1765556867.9480398
1765556867.9480605 1765556897.7659993
1765556897.7660244 1765556931.6905441
1765556931.6905644 1765556971.4736364
1765556971.4736607 1765556994.0712283
1765556994.071259 1765557024.0427904
1765557024.0428169 1765557058.319662
1765557058.319693 1765557085.4993181
1765557085.499346 1765557117.191984
1765557117.1920037 1765557142.8809085
1765557142.880941 1765557173.0822215
1765557173.0822651 1765557200.8928401
1765557200.8928745 1765557225.984792
1765557225.984819 1765557255.1370876
1765557255.1371078 1765557298.0315933
1765557298.0316298 1765557342.4540598
1765557342.4540863 1765557387.6208444
1765557387.620873 1765557427.1084442
1765557427.1084716 1765557462.327248
1765557462.3272722 1765557485.0638278
1765557485.0638485 1765557512.396035
1765557512.3960617 1765557539.9210315
1765557539.921059 1765557567.1135578
1765557567.1135936 1765557600.2214718
1765557600.221497 1765557632.7179978
1765557632.7180207 1765557677.467156
1765557677.4671838 1765557717.7052798
1765557717.705303 1765557764.9412985
1765557764.941327 1765557807.14693
1765557807.1469514 1765557845.5293124
1765557845.5293403 1765557875.5473278
1765557875.5473492 1765557915.4057267
1765557915.4057543 1765557949.8156576
1765557949.8156843 1765557985.749347
1765557985.7493732 1765558020.540183
1765558020.5402033 1765558048.2924128
1765558048.292441 1765558084.1342828
1765558084.134311 1765558112.271203
1765558112.271241 1765558149.6783164
1765558149.6783547 1765558167.377198
1765558167.3772264 1765558186.9390695
1765558186.9390972 1765558232.6986463
1765558232.6986723 1765558259.5488036
1765558259.548825 1765558289.024693
1765558289.024717 1765558322.1142945
1765558322.1143248 1765558355.340377
1765558355.3404012 1765558384.4455245
1765558384.4455533 1765558411.2345538
1765558411.2345746 1765558445.3018823
1765558445.3019087 1765558486.5509741
1765558486.5509942 1765558516.5807893
1765558516.5808177 1765558557.2915869
1765558557.2916136 1765558572.3898737
