1765555047.628321 1765555099.68932
1765555099.6893408 1765555135.4902272
1765555135.4902537 1765555180.281027
1765555180.2810473 1765555225.2729897
1765555225.273015 1765555267.4209385
1765555267.4209578 1765555302.4243367
1765555302.4243603 1765555345.3699856
1765555345.3700078 1765555390.2330222
1765555390.2330582 1765555428.6990192
1765555428.699035 1765555472.8400033
1765555472.840029 1765555518.5152957
1765555518.5153208 1765555567.7097461
1765555567.709772 1765555614.0489795
1765555614.049007 1765555653.8952265
1765555653.895252 1765555698.22599
1765555698.2260094 1765555745.0318513
1765555745.0318868 1765555779.6288981
1765555779.628917 1765555812.5780985
1765555812.5781348 1765555845.0296788
1765555845.0297039 1765555874.2814016
1765555874.2814429 1765555912.33901
1765555912.339035 1765555935.342023
1765555935.3420517 1765555962.1658225
1765555962.1658533 1765555987.9344256
1765555987.9344456 1765556012.2503235
1765556012.250358 1765556040.0499463
1765556040.0499713 1765556068.1044118
1765556068.1044312 1765556100.1627917
1765556100.1628118 1765556125.9001887
1765556125.9002151 1765556156.9415164
1765556156.9415445 1765556197.9355543
1765556197.93558 1765556227.5505939
1765556227.550624 1765556260.517689
1765556260.517708 1765556301.5473583
1765556301.5473776 1765556342.3131316
1765556342.3131816 1765556383.716729
1765556383.7167726 1765556428.3061197
1765556428.306141 1765556466.974724
1765556466.9747443 1765556510.7768254
1765556510.7768643 1765556550.3965566
1765556550.3965874 1765556597.206282
1765556597.2063062 1765556635.817199
1765556635.8172193 1765556674.279364
1765556674.2793827 1765556710.4711607
1765556710.4711857 1765556742.0634232
1765556742.063442 1765556788.059671
1765556788.059696 1765556829.6517038
1765556829.6517243 1765556867.8223073
1765556867.8223429 1765556898.2341125
1765556898.2341416 1765556934.8859212
1765556934.8859482 1765556971.2246544
1765556971.2246804 1765557004.124104
1765557004.1241326 1765557029.8626301
1765557029.8626509 1765557067.158696
1765557067.1587377 1765557096.8296015
1765557096.8296268 1765557127.1430025
1765557127.1430252 1765557150.4417715
1765557150.4418075 1765557176.2497137
1765557176.249738 1765557197.9394224
1765557197.9394581 1765557228.2716959
1765557228.2717178 1765557257.1185133
1765557257.11854 1765557304.7597878
1765557304.75981 1765557338.6847138
1765557338.6847386 1765557387.7505884
1765557387.750609 1765557428.2521484
1765557428.25219 1765557459.8298516
1765557459.8298779 1765557487.1935515
1765557487.1935744 1765557517.1815124
1765557517.1815445 1765557543.1414638
1765557543.1414902 1765557575.556837
1765557575.556857 1765557604.379001
1765557604.3790283 1765557634.7331493
1765557634.7331696 1765557677.0342243
1765557677.0342495 1765557720.2307353
1765557720.23076 1765557762.933446
1765557762.9334679 1765557805.8321247
1765557805.8321507 1765557843.277232
1765557843.2772515 1765557870.00554
1765557870.0055556 1765557910.9829566
1765557910.9829845 1765557950.0832114
1765557950.083245 1765557987.0840335
1765557987.0840619 1765558025.8055182
1765558025.8055673 1765558051.9415863
1765558051.9416087 1765558081.9277918
1765558081.927817 1765558110.7592087
1765558110.759229 1765558141.7828145
1765558141.7828593 1765558171.7009032
1765558171.7009296 1765558188.9468246
1765558188.9468532 1765558221.3145597
1765558221.3145795 1765558257.3840356
1765558257.384064 1765558290.166636
1765558290.1666594 1765558324.6448152
1765558324.6448405 1765558356.909593
1765558356.909615 1765558387.465589
1765558387.4656138 1765558407.251282
1765558407.2513027 1765558443.8105607
1765558443.8105867 1765558486.8252356
1765558486.825256 1765558511.4569058
1765558511.4569297 1765558541.8915057
1765558541.891527 1765558570.395262
