1765555052.4072351 1765555094.8233554
1765555094.8233771 1765555137.9384222
1765555137.93844 1765555177.1471052
1765555177.147142 1765555221.6375062
1765555221.637523 1765555264.1027503
1765555264.1027753 1765555302.9426503
1765555302.9426677 1765555346.6889946
1765555346.689016 1765555391.2577884
1765555391.2578084 1765555431.388524
1765555431.388549 1765555471.6398673
1765555471.6398869 1765555519.4318342
1765555519.431858 1765555569.404402
1765555569.4044251 1765555612.0312629
1765555612.03128 1765555653.0567262
1765555653.056748 1765555703.1781342
1765555703.1781595 1765555744.2281828
1765555744.2282062 1765555779.5769265
1765555779.5769453 1765555807.697917
1765555807.6979444 1765555837.8517573
1765555837.8518188 1765555873.988569
1765555873.9885955 1765555909.9891577
1765555909.9891834 1765555931.4267395
1765555931.426761 1765555960.2590485
1765555960.2590725 1765555983.9831915
1765555983.9832096 1765556012.4775262
1765556012.4775515 1765556040.4023995
1765556040.4024215 1765556074.8657417
1765556074.865762 1765556099.1664226
1765556099.1664474 1765556123.59711
1765556123.597131 1765556155.4911017
1765556155.4911282 1765556194.8403687
1765556194.8403955 1765556224.3662186
1765556224.366238 1765556259.2876115
1765556259.2876372 1765556292.8611488
1765556292.8611703 1765556346.4835114
1765556346.4835358 1765556379.8544817
1765556379.8545074 1765556427.3823395
1765556427.3823674 1765556465.3113542
1765556465.311377 1765556509.6328073
1765556509.6328332 1765556541.7371159
1765556541.7371387 1765556599.1239223
1765556599.1239429 1765556641.6605325
1765556641.6605625 1765556679.6644979
1765556679.6645274 1765556717.8338256
1765556717.8338544 1765556747.7435162
1765556747.743539 1765556793.2795262
1765556793.2795532 1765556835.914118
1765556835.9141445 1765556867.9972785
1765556867.9973035 1765556899.663311
1765556899.6633363 1765556932.3683908
1765556932.3684146 1765556959.0521638
1765556959.052185 1765557001.103591
1765557001.1036205 1765557031.7383947
1765557031.7384202 1765557064.1502454
1765557064.1502743 1765557095.155919
1765557095.1559393 1765557123.195338
1765557123.1953626 1765557147.0805845
1765557147.0806253 1765557171.6456578
1765557171.6456795 1765557202.4277344
1765557202.427754 1765557229.5937924
1765557229.5938177 1765557259.6065404
1765557259.6065624 1765557306.097389
1765557306.0974143 1765557348.9764893
1765557348.9765134 1765557387.5738168
1765557387.573838 1765557430.265102
1765557430.2651272 1765557457.2142985
1765557457.2143178 1765557487.6364503
1765557487.6364763 1765557514.9142127
1765557514.9142528 1765557545.588226
1765557545.5882487 1765557573.904446
1765557573.9044728 1765557602.1185713
1765557602.118592 1765557636.8729358
1765557636.872961 1765557678.4517322
1765557678.4517531 1765557720.981995
1765557720.9820232 1765557766.2155664
1765557766.2155924 1765557808.2916
1765557808.2916293 1765557845.053196
1765557845.0532205 1765557877.735751
1765557877.7357743 1765557912.910851
1765557912.9108806 1765557950.010619
1765557950.010653 1765557981.1780355
1765557981.178061 1765558019.5114224
1765558019.5114424 1765558047.8081458
1765558047.8081715 1765558083.6699955
1765558083.6700237 1765558114.319364
1765558114.3193896 1765558138.2401621
1765558138.2401876 1765558169.5033507
1765558169.503371 1765558192.385145
1765558192.3851707 1765558224.8493087
1765558224.8493297 1765558256.8458533
1765558256.84588 1765558286.937198
1765558286.937221 1765558320.0837274
1765558320.0837557 1765558355.0003715
1765558355.000396 1765558382.9589233
1765558382.9589512 1765558416.1213593
1765558416.1213822 1765558452.2901752
1765558452.2902045 1765558490.4724991
1765558490.4725218 1765558515.2382133
1765558515.2382398 1765558547.1179085
1765558547.1179328 1765558576.6030877
