1753928545.778507 1753928571.6968498
1753928571.6968682 1753928609.6048806
1753928609.6049073 1753928638.7539732
1753928638.754027 1753928677.360523
1753928677.3605707 1753928710.5572762
1753928710.5573037 1753928738.1979876
1753928738.1980157 1753928762.7913144
1753928762.7913377 1753928785.6826491
1753928785.6826732 1753928812.143317
1753928812.1433399 1753928837.8818378
1753928837.8818586 1753928862.8700488
1753928862.8700721 1753928887.5892267
1753928887.5892515 1753928911.0552819
1753928911.0553124 1753928936.6561255
1753928936.656156 1753928964.9457111
1753928964.9457479 1753928996.8862326
1753928996.8862534 1753929032.1321995
1753929032.1322231 1753929063.168226
1753929063.1682475 1753929092.7958868
1753929092.7959125 1753929123.698509
1753929123.6985345 1753929147.584051
1753929147.5840733 1753929175.4720273
1753929175.472056 1753929207.2955291
1753929207.295572 1753929244.3385863
1753929244.3386202 1753929280.839114
1753929280.8391435 1753929305.6331835
1753929305.6332066 1753929334.885546
1753929334.8855655 1753929365.352891
1753929365.3529255 1753929411.9355755
1753929411.9355953 1753929434.0833983
1753929434.0834248 1753929464.6227856
1753929464.6228194 1753929498.23343
1753929498.2334595 1753929532.2798502
1753929532.2798786 1753929564.9001617
1753929564.900191 1753929591.3933125
1753929591.393344 1753929616.9070835
1753929616.9071085 1753929639.7371883
1753929639.7372131 1753929668.5107539
1753929668.5107863 1753929697.4683833
1753929697.4684117 1753929725.614188
1753929725.6142206 1753929758.4355147
1753929758.4355423 1753929788.480782
1753929788.4808125 1753929821.9833066
1753929821.9833317 1753929851.2600806
1753929851.2601082 1753929879.1085134
1753929879.108544 1753929906.4938333
1753929906.4938543 1753929929.7345207
1753929929.7345467 1753929963.4720097
1753929963.472038 1753929992.806738
1753929992.8067696 1753930021.801121
1753930021.8011436 1753930050.1041007
1753930050.104128 1753930076.8628528
1753930076.8628807 1753930104.4083674
1753930104.408394 1753930134.6624134
1753930134.662439 1753930173.5431418
1753930173.543163 1753930202.2606797
1753930202.26071 1753930230.0093207
1753930230.0093465 1753930262.4595041
1753930262.4595244 1753930287.364412
1753930287.364441 1753930321.1259196
1753930321.12594 1753930347.979978
1753930347.9800038 1753930380.0292373
1753930380.0292761 1753930408.0783591
1753930408.0783844 1753930436.0260775
1753930436.0261035 1753930467.3871424
1753930467.3871698 1753930492.5769112
1753930492.5769327 1753930522.409992
1753930522.4100194 1753930557.038996
1753930557.0390205 1753930584.8187523
1753930584.8187819 1753930612.6434183
1753930612.6434453 1753930645.2257323
1753930645.2257612 1753930676.2508848
1753930676.250905 1753930705.4218035
1753930705.4218326 1753930738.8646605
1753930738.8646858 1753930768.9297159
1753930768.929736 1753930799.0639513
1753930799.063981 1753930829.1266508
1753930829.1266778 1753930862.3836844
1753930862.3837068 1753930894.8538637
1753930894.8538928 1753930921.8634737
1753930921.8634949 1753930950.97148
1753930950.9715059 1753930980.6539695
1753930980.653994 1753931009.9235005
1753931009.9235504 1753931035.590435
1753931035.5904586 1753931063.9482517
1753931063.9482777 1753931092.5874724
1753931092.5874984 1753931123.6488607
1753931123.6488838 1753931153.4303703
1753931153.4303946 1753931181.5233512
1753931181.5233736 1753931204.9986477
1753931204.998667 1753931229.0016167
1753931229.001641 1753931252.6036477
1753931252.6036713 1753931283.6715453
1753931283.6715832 1753931314.3666296
1753931314.366657 1753931348.087735
1753931348.0877612 1753931382.460514
1753931382.4605484 1753931409.7590413
1753931409.7590687 1753931447.7490876
1753931447.7491136 1753931474.1147099
1753931474.1147308 1753931505.6020284
1753931505.6020553 1753931532.3466349
1753931532.3466585 1753931559.711464
1753931559.7114894 1753931581.7721894
1753931581.7722163 1753931608.574788
1753931608.5748112 1753931634.2105355
1753931634.2105591 1753931661.1491938
1753931661.1492248 1753931689.934107
1753931689.934129 1753931718.3841279
1753931718.3841538 1753931750.2390037
1753931750.239025 1753931782.478273
1753931782.478295 1753931816.4358602
1753931816.43589 1753931847.4889145
1753931847.4889357 1753931878.1040962
1753931878.1041186 1753931912.7754698
1753931912.7755024 1753931946.3412604
1753931946.3412833 1753931978.8841918
1753931978.8842185 1753932015.7186089
1753932015.7186291 1753932043.2906497
1753932043.2906919 1753932069.414336
1753932069.4143584 1753932093.0925639
1753932093.0925825 1753932119.9138434
1753932119.9138734 1753932149.124778
1753932149.1247983 1753932180.1823058
1753932180.1823256 1753932211.477167
1753932211.4771924 1753932236.3326626
1753932236.3326864 1753932258.693293
1753932258.6933203 1753932288.133144
1753932288.1331697 1753932315.3901641
1753932315.3901901 1753932339.7052026
1753932339.705231 1753932369.4727798
1753932369.4728153 1753932399.0674653
1753932399.06749 1753932428.7855449
1753932428.7855737 1753932462.522661
1753932462.5226846 1753932487.9243786
1753932487.9244032 1753932513.4698186
1753932513.46985 1753932540.6123579
1753932540.6123805 1753932567.4679873
1753932567.4680138 1753932601.0068974
1753932601.0069203 1753932635.0648162
1753932635.064839 1753932668.8493834
1753932668.8494136 1753932696.3825512
1753932696.3825767 1753932726.012143
1753932726.0121684 1753932761.3175159
1753932761.317537 1753932789.0593593
1753932789.059387 1753932817.0752673
1753932817.0752885 1753932846.9557943
1753932846.955815 1753932870.6268995
1753932870.6269267 1753932903.1641228
1753932903.164151 1753932930.346531
1753932930.346563 1753932959.4885437
1753932959.4885707 1753932986.166503
1753932986.1665277 1753933014.9364402
1753933014.9364629 1753933044.8514364
1753933044.851462 1753933071.7357216
1753933071.735747 1753933106.3896534
1753933106.3896804 1753933139.8197114
1753933139.8197331 1753933165.4463015
1753933165.4463341 1753933192.9313455
1753933192.9313655 1753933226.5046663
1753933226.5047016 1753933253.8658247
1753933253.8658476 1753933289.8920763
1753933289.8921015 1753933318.461768
1753933318.4617999 1753933349.9920151
1753933349.9920487 1753933377.0389864
1753933377.0390112 1753933403.371152
1753933403.3711858 1753933428.5871356
1753933428.5871572 1753933461.1734662
1753933461.1734946 1753933488.893785
1753933488.8938003 1753933523.2985897
1753933523.298615 1753933554.9745731
1753933554.9745994 1753933579.3017766
1753933579.3017995 1753933618.1779966
1753933618.1780217 1753933644.68721
1753933644.6872332 1753933676.874988
1753933676.8750176 1753933710.0860767
1753933710.0860975 1753933746.2603767
1753933746.2604034 1753933781.7120507
1753933781.7120712 1753933817.858558
1753933817.8586097 1753933852.7224362
1753933852.7224712 1753933885.5175273
1753933885.5175514 1753933921.6092727
1753933921.6092942 1753933956.6587572
1753933956.6587815 1753933991.5352058
1753933991.535226 1753934022.6441183
1753934022.6441462 1753934049.4807563
1753934049.480789 1753934077.3328645
1753934077.33289 1753934104.6112335
1753934104.6112647 1753934135.6706862
1753934135.6707118 1753934167.382254
1753934167.3822799 1753934193.1942317
1753934193.1942601 1753934221.0851352
1753934221.0851634 1753934254.3782666
1753934254.3783026 1753934277.7508636
1753934277.7508905 1753934321.0568788
1753934321.0569117 1753934351.8262527
1753934351.826272 1753934379.4425232
1753934379.44255 1753934402.2054644
1753934402.205486 1753934431.9181929
1753934431.9182248 1753934462.473093
1753934462.4731126 1753934487.075223
1753934487.0752494 1753934512.706596
1753934512.7066255 1753934539.4025102
1753934539.4025297 1753934567.6036077
1753934567.6036363 1753934595.669866
1753934595.669888 1753934628.080277
1753934628.0803032 1753934654.9008949
1753934654.9009202 1753934680.1337104
1753934680.1337376 1753934709.4216402
1753934709.421672 1753934737.3696706
1753934737.3696952 1753934763.7044532
1753934763.7044783 1753934791.5429204
1753934791.542945 1753934815.4125574
1753934815.4125905 1753934841.8040795
1753934841.8041005 1753934870.1405237
1753934870.1405523 1753934886.3112192
1753934886.3112488 1753934921.021028
1753934921.0210526 1753934951.3080287
1753934951.308056 1753934990.7520368
1753934990.7520661 1753935017.2857199
1753935017.2857382 1753935044.9125013
1753935044.9125254 1753935072.3355036
1753935072.3355384 1753935098.7767406
1753935098.776762 1753935130.2740228
1753935130.2740548 1753935167.64045
1753935167.6404736 1753935199.9951386
1753935199.995162 1753935224.7380211
1753935224.7380486 1753935248.8156476
1753935248.815679 1753935274.9970977
1753935274.9971228 1753935297.9631112
1753935297.9631417 1753935328.311864
1753935328.3118935 1753935351.688438
1753935351.6884618 1753935377.8404539
1753935377.8404822 1753935404.03921
1753935404.0392342 1753935435.2615266
1753935435.2615557 1753935466.4234912
1753935466.4235172 1753935497.5437763
1753935497.5438054 1753935529.3840501
1753935529.3840792 1753935552.7205133
1753935552.7205415 1753935576.9623585
1753935576.9623826 1753935603.5637448
1753935603.5637724 1753935632.088212
1753935632.0882344 1753935655.8248553
1753935655.824876 1753935680.6806402
1753935680.6806703 1753935705.0400486
1753935705.0400708 1753935729.2276404
1753935729.2276876 1753935753.1683338
1753935753.1683679 1753935780.8933644
1753935780.8933961 1753935805.0601552
1753935805.0601802 1753935837.2030556
1753935837.2030904 1753935867.243805
1753935867.24383 1753935897.6072757
1753935897.607303 1753935930.700353
1753935930.7003765 1753935964.3313909
1753935964.3314157 1753935992.4272437
1753935992.4272683 1753936013.4586208
1753936013.4586499 1753936043.9351087
1753936043.9351308 1753936074.1974185
1753936074.197447 1753936100.7011752
1753936100.7011971 1753936125.483268
1753936125.4833019 1753936153.610876
1753936153.6109002 1753936187.9169276
1753936187.916949 1753936215.7706122
1753936215.7706323 1753936245.6609545
1753936245.6609812 1753936267.797245
1753936267.797265 1753936287.0594778
1753936287.0595047 1753936312.9144425
1753936312.9144628 1753936334.317735
1753936334.317761 1753936356.8866467
1753936356.8866727 1753936386.2109666
1753936386.2109866 1753936414.1693916
1753936414.1694202 1753936437.9432166
1753936437.9432447 1753936462.9143646
1753936462.9143865 1753936491.301282
1753936491.3013263 1753936528.7970955
1753936528.7971268 1753936566.7060473
1753936566.7060761 1753936596.6626024
1753936596.6626284 1753936627.8777006
1753936627.877728 1753936657.690044
1753936657.6900742 1753936682.4089289
1753936682.4089684 1753936708.064766
1753936708.0648134 1753936736.2068698
1753936736.206906 1753936771.050855
1753936771.0508764 1753936801.3453004
1753936801.3453276 1753936830.7217274
1753936830.7217548 1753936858.3296692
1753936858.3296976 1753936889.5841022
1753936889.5841303 1753936919.0956607
1753936919.0956836 1753936942.241123
1753936942.2411435 1753936970.5520566
1753936970.5520868 1753936995.5922685
1753936995.5922887 1753937030.5317278
1753937030.5317724 1753937059.8753037
1753937059.8753269 1753937085.922578
1753937085.9226036 1753937116.7924428
1753937116.7924688 1753937151.9507973
1753937151.9508286 1753937186.565248
1753937186.565283 1753937218.9580224
1753937218.9580483 1753937248.1108408
1753937248.1108613 1753937272.8928149
1753937272.8928475 1753937305.5420437
1753937305.5420654 1753937339.1222055
1753937339.122231 1753937371.641787
1753937371.6418138 1753937401.0807765
1753937401.080811 1753937429.80003
1753937429.8000646 1753937455.2402494
1753937455.24027 1753937483.4293396
1753937483.4293654 1753937510.303285
1753937510.3033078 1753937545.180179
1753937545.1802056 1753937574.401855
1753937574.401877 1753937601.2471087
1753937601.2471292 1753937634.4217377
1753937634.4217637 1753937667.0357733
1753937667.0357962 1753937702.5189261
1753937702.5189514 1753937735.6360295
1753937735.6360607 1753937763.667753
1753937763.667776 1753937794.5402195
1753937794.5402465 1753937821.7274568
1753937821.7274857 1753937845.328824
1753937845.3288505 1753937870.7935355
1753937870.793559 1753937901.7615433
1753937901.7615652 1753937929.9418366
1753937929.9418643 1753937955.8718965
1753937955.8719227 1753937982.151557
1753937982.151625 1753938009.0268712
1753938009.0268958 1753938040.7824063
1753938040.7824345 1753938067.9904835
1753938067.9905047 1753938095.3249497
1753938095.3249729 1753938132.112183
1753938132.1122196 1753938161.966207
1753938161.9662275 1753938191.5651426
1753938191.5651689 1753938220.5691807
1753938220.56921 1753938254.6772277
1753938254.6772501 1753938281.4327528
1753938281.4327931 1753938309.8054838
1753938309.8055062 1753938332.3934665
1753938332.3934908 1753938358.6059465
1753938358.6059682 1753938384.3169668
1753938384.3169937 1753938415.689804
1753938415.6898286 1753938451.8946798
1753938451.8947082 1753938486.053017
1753938486.05304 1753938515.2974179
1753938515.297452 1753938550.0898309
1753938550.0898547 1753938581.9501276
1753938581.9501932 1753938609.0610378
1753938609.061061 1753938634.5826323
1753938634.5826666 1753938665.8831863
1753938665.8832097 1753938701.138541
1753938701.138572 1753938733.7011614
1753938733.7011836 1753938767.7687685
1753938767.768811 1753938797.8391664
1753938797.8391883 1753938834.0642347
1753938834.0642657 1753938862.466107
1753938862.4661293 1753938897.8884256
1753938897.8884518 1753938918.3518124
1753938918.3518384 1753938944.900238
1753938944.9002695 1753938976.7229285
1753938976.722949 1753939001.568604
1753939001.568625 1753939027.7968123
1753939027.7968402 1753939053.719201
1753939053.719231 1753939085.722607
1753939085.7226286 1753939112.9651656
1753939112.9651918 1753939139.8693645
1753939139.8693867 1753939169.0716643
1753939169.0716953 1753939197.5872378
1753939197.587259 1753939226.0724046
1753939226.0724351 1753939252.222041
1753939252.222063 1753939282.7264895
1753939282.7265165 1753939305.6921318
1753939305.6921754 1753939330.6768115
1753939330.6768346 1753939354.3038082
1753939354.3038316 1753939383.2221975
1753939383.2222333 1753939413.3310618
1753939413.331092 1753939435.1201138
1753939435.120141 1753939461.1534688
1753939461.1534963 1753939483.5390463
1753939483.5390732 1753939510.6422207
1753939510.6422472 1753939534.8495572
1753939534.8495796 1753939564.843951
1753939564.843975 1753939598.2178388
1753939598.2178676 1753939622.9566982
1753939622.9567266 1753939653.1354787
1753939653.135502 1753939679.0734184
1753939679.0734398 1753939706.0183806
1753939706.0184145 1753939738.9879508
1753939738.9879773 1753939770.44213
1753939770.4421625 1753939800.7053719
1753939800.705397 1753939830.5764225
1753939830.576449 1753939858.652537
1753939858.6525638 1753939884.1740196
1753939884.174051 1753939913.3480036
1753939913.348026 1753939943.0393944
1753939943.0394237 1753939977.026866
1753939977.0268874 1753940005.8133762
1753940005.8134036 1753940037.2460914
1753940037.246116 1753940060.9830918
1753940060.9831235 1753940088.5997767
1753940088.599801 1753940116.6531491
1753940116.6531727 1753940144.0131745
1753940144.013201 1753940163.3199923
1753940163.320015 1753940191.5447886
1753940191.5448096 1753940223.1489134
1753940223.14894 1753940253.396177
1753940253.3961987 1753940287.4158247
1753940287.4158547 1753940310.8978844
1753940310.897908 1753940341.459067
1753940341.4590952 1753940368.9205244
1753940368.9205484 1753940399.3542085
1753940399.3542364 1753940424.5348802
1753940424.5349045 1753940462.7819023
1753940462.781932 1753940485.7924814
1753940485.7925038 1753940518.1946177
1753940518.1946461 1753940547.330612
1753940547.3306327 1753940573.8427186
1753940573.8427453 1753940604.18356
1753940604.1835902 1753940640.1125066
1753940640.1125376 1753940671.2847178
1753940671.284746 1753940698.8386447
1753940698.8386703 1753940725.77462
1753940725.7746525 1753940752.1931388
1753940752.1931643 1753940776.6035848
1753940776.603624 1753940799.498615
1753940799.4986482 1753940828.605832
1753940828.6058593 1753940853.352053
1753940853.352076 1753940881.5896232
1753940881.5896482 1753940904.408527
1753940904.4085562 1753940931.7648578
1753940931.7648814 1753940959.940085
1753940959.9401083 1753940986.3502457
1753940986.3502743 1753941017.0432968
1753941017.0433185 1753941046.4865646
1753941046.486592 1753941076.9911566
1753941076.9911795 1753941106.1446028
1753941106.1446283 1753941125.3812592
1753941125.3812828 1753941161.7662964
1753941161.7663243 1753941192.9295633
1753941192.9296021 1753941223.937587
1753941223.9376068 1753941251.642166
1753941251.6421988 1753941280.5576189
1753941280.5576494 1753941309.2149894
1753941309.2150068 1753941337.4578588
1753941337.4578798 1753941372.470708
1753941372.4707327 1753941401.3218868
1753941401.321911 1753941429.7118168
1753941429.7118433 1753941457.6616848
1753941457.6617181 1753941478.9116797
1753941478.9117048 1753941504.6221025
1753941504.6221259 1753941539.844493
1753941539.8445294 1753941565.7765605
1753941565.7765822 1753941594.8788009
1753941594.8788226 1753941620.4384458
1753941620.4384701 1753941650.116724
1753941650.1167474 1753941674.7314694
1753941674.7314954 1753941703.406213
1753941703.4062448 1753941732.3818192
1753941732.3818438 1753941758.6389077
1753941758.6389325 1753941785.1550393
1753941785.1550603 1753941809.7118015
1753941809.7118282 1753941844.1729112
1753941844.1729321 1753941866.5024223
1753941866.5024462 1753941897.0351083
1753941897.0351317 1753941928.0033572
1753941928.0033827 1753941955.7281833
1753941955.7282043 1753941996.9625413
1753941996.962571 1753942018.7536376
1753942018.7536585 1753942051.2528274
1753942051.2528517 1753942085.3322778
1753942085.332305 1753942129.1576936
1753942129.1577148 1753942168.6271555
1753942168.6271815 1753942202.3308592
1753942202.3308861 1753942237.0948424
1753942237.094877 1753942264.162912
1753942264.1629336 1753942293.7596657
1753942293.7596955 1753942324.1533017
1753942324.153328 1753942351.200175
1753942351.2002041 1753942376.6302245
1753942376.6302485 1753942413.4300365
1753942413.4300616 1753942445.3471258
1753942445.3471491 1753942475.3676581
1753942475.367681 1753942507.3331687
1753942507.3331988 1753942538.0112493
1753942538.0112727 1753942564.668268
1753942564.668296 1753942590.214322
1753942590.2143478 1753942617.5365553
1753942617.5366027 1753942641.599833
1753942641.5998595 1753942669.6419373
1753942669.641967 1753942695.040486
1753942695.0405152 1753942724.133238
1753942724.1332655 1753942759.4129372
1753942759.4129674 1753942783.3683434
1753942783.3683689 1753942814.5719247
1753942814.5719552 1753942845.3698506
1753942845.3698757 1753942871.0611346
1753942871.0611627 1753942892.9702582
1753942892.9702835 1753942918.0620337
1753942918.06206 1753942948.249358
1753942948.2493815 1753942977.2910392
1753942977.291062 1753943012.0639296
1753943012.0639577 1753943040.904479
1753943040.904502 1753943076.5978026
1753943076.5978303 1753943107.7349546
1753943107.7349732 1753943143.7978494
1753943143.7978761 1753943171.2362425
1753943171.2362642 1753943196.7712064
1753943196.7712343 1753943221.598221
1753943221.5982413 1753943248.2695012
1753943248.2695262 1753943276.0114045
1753943276.0114264 1753943309.3367264
1753943309.3367524 1753943343.2281046
1753943343.2281268 1753943376.3407195
1753943376.340746 1753943404.9530153
1753943404.9530396 1753943435.8500755
1753943435.8501005 1753943463.7920516
1753943463.792076 1753943495.56798
1753943495.5680044 1753943522.860199
1753943522.8602235 1753943561.592845
1753943561.5928724 1753943596.8620133
1753943596.8620377 1753943633.8945422
1753943633.8945687 1753943665.545968
1753943665.5459917 1753943697.846244
1753943697.8462718 1753943727.976967
1753943727.9769907 1753943756.682163
1753943756.6821952 1753943783.6412137
1753943783.641237 1753943815.4524543
1753943815.45248 1753943844.5073748
1753943844.5073972 1753943873.7390633
1753943873.739088 1753943905.2982972
1753943905.2983167 1753943940.2726316
1753943940.272661 1753943972.3685517
1753943972.3685744 1753944000.7178679
1753944000.7178931 1753944038.4175377
1753944038.4175615 1753944065.5694754
1753944065.5694995 1753944096.8882134
1753944096.8882391 1753944124.1647575
1753944124.164785 1753944153.2990649
1753944153.2990928 1753944180.6093056
1753944180.6093283 1753944202.7528384
1753944202.7528658 1753944228.6013517
1753944228.6013734 1753944255.0070758
1753944255.0071015 1753944276.8465734
1753944276.8466225 1753944301.1335764
1753944301.1335964 1753944321.8033576
1753944321.8033786 1753944355.1827333
1753944355.1827667 1753944384.6576312
1753944384.6576533 1753944410.3178713
1753944410.3178978 1753944442.650521
1753944442.6505392 1753944472.5559337
1753944472.5559685 1753944496.7702634
1753944496.7702847 1753944528.9804122
1753944528.9804392 1753944567.4292555
1753944567.4292736 1753944595.7916698
1753944595.7916992 1753944621.8498695
1753944621.849896 1753944645.4190438
1753944645.4190683 1753944672.711384
1753944672.711411 1753944701.9083395
1753944701.9083655 1753944736.0221825
1753944736.0222085 1753944767.3541937
1753944767.3542173 1753944790.218607
1753944790.2186272 1753944819.974672
1753944819.9746978 1753944853.8824275
1753944853.882455 1753944885.140138
1753944885.1401706 1753944916.737361
1753944916.7373827 1753944949.9288998
1753944949.928929 1753944980.2019627
1753944980.2019894 1753945015.1468096
1753945015.1468377 1753945049.2350967
1753945049.2351215 1753945075.2081804
1753945075.2082076 1753945110.2443373
1753945110.2443597 1753945135.9567983
1753945135.9568233 1753945171.9123468
1753945171.912378 1753945205.1231983
1753945205.123221 1753945234.4775507
1753945234.4775786 1753945269.630079
1753945269.6301062 1753945293.9381351
1753945293.9381602 1753945327.5155833
1753945327.5156085 1753945356.2712176
1753945356.2712452 1753945389.6251857
1753945389.6252208 1753945416.33197
1753945416.3319955 1753945446.842981
1753945446.843007 1753945476.0444486
1753945476.0444784 1753945508.5509083
1753945508.5509307 1753945532.122718
1753945532.1227396 1753945561.5878198
1753945561.5878468 1753945589.3654008
1753945589.365421 1753945621.9551222
1753945621.9551535 1753945640.236686
1753945640.2367055 1753945667.081732
1753945667.081758 1753945696.968432
1753945696.9684515 1753945736.98494
1753945736.984985 1753945771.6151834
1753945771.615204 1753945805.2828555
1753945805.2828803 1753945833.096887
1753945833.0969126 1753945866.338524
1753945866.338547 1753945891.920656
1753945891.9206855 1753945923.3203669
1753945923.3203938 1753945952.8805487
1753945952.8805766 1753945975.7922688
1753945975.7922947 1753946003.4894886
1753946003.4895115 1753946028.5697703
1753946028.5698 1753946053.3763845
1753946053.376413 1753946080.0177877
1753946080.0178149 1753946115.4969091
1753946115.4969292 1753946150.4321666
1753946150.432197 1753946183.616017
1753946183.6160376 1753946214.3411798
1753946214.341208 1753946241.6403322
1753946241.640357 1753946271.1484272
1753946271.1484623 1753946297.8991206
1753946297.8991432 1753946319.236826
1753946319.2368534 1753946342.6993675
1753946342.6993954 1753946368.3590987
1753946368.3591201 1753946393.0137303
1753946393.0137594 1753946418.5299957
1753946418.5300226 1753946443.0160124
1753946443.0160348 1753946469.8222668
1753946469.8223002 1753946499.8258092
1753946499.825829 1753946522.3801181
1753946522.3801482 1753946550.7619326
1753946550.7619574 1753946575.813808
1753946575.8138335 1753946601.419843
1753946601.4198718 1753946631.2512097
1753946631.2512321 1753946653.5216067
1753946653.5216348 1753946681.5617418
1753946681.5617883 1753946703.668934
1753946703.668962 1753946730.177135
1753946730.1771593 1753946756.3882282
1753946756.388254 1753946796.0854185
1753946796.0854414 1753946827.2646742
1753946827.2647085 1753946859.7658744
1753946859.7659001 1753946891.9604805
1753946891.9605048 1753946926.4216628
1753946926.4216886 1753946956.2496698
1753946956.2496893 1753946986.718784
1753946986.7188113 1753947023.4433613
1753947023.4433832 1753947043.8518844
1753947043.851914 1753947073.8809183
1753947073.88094 1753947102.7634506
1753947102.763478 1753947135.3390963
1753947135.339116 1753947162.2403514
1753947162.2403743 1753947190.0806546
1753947190.0806806 1753947218.4731123
1753947218.47314 1753947243.1104264
1753947243.110453 1753947271.3248115
1753947271.3248312 1753947295.8872461
1753947295.8872762 1753947321.531426
1753947321.531446 1753947344.0414844
1753947344.0415118 1753947371.856616
1753947371.8566368 1753947399.7177613
1753947399.7177842 1753947433.158028
1753947433.1580498 1753947460.478641
1753947460.4786637 1753947501.4379935
1753947501.4380224 1753947528.6979213
1753947528.6979532 1753947560.4171922
1753947560.4172184 1753947592.471909
1753947592.471935 1753947623.767084
1753947623.7671068 1753947650.9838529
1753947650.9838836 1753947677.5187476
1753947677.5187676 1753947709.232852
1753947709.2328813 1753947741.0408604
1753947741.0408885 1753947776.6961012
1753947776.696129 1753947803.345263
1753947803.3452895 1753947819.3602786
1753947819.3603046 1753947844.9564514
1753947844.9564722 1753947882.4778109
1753947882.4778407 1753947913.332852
1753947913.3328753 1753947940.3845468
1753947940.384577 1753947965.667349
1753947965.6673715 1753947997.4648087
1753947997.4648647 1753948028.4851205
1753948028.48515 1753948055.8545628
1753948055.8545892 1753948080.8532586
1753948080.8532999 1753948106.2841635
1753948106.28419 1753948132.8767624
1753948132.8767836 1753948168.2253575
1753948168.2253838 1753948205.8014357
1753948205.8014634 1753948240.1842856
1753948240.1843116 1753948280.590793
1753948280.5908198 1753948314.1943536
1753948314.1943786 1753948350.61298
1753948350.6130052 1753948385.677133
1753948385.6771536 1753948415.489352
1753948415.48938 1753948446.1618593
1753948446.1618807 1753948471.1484714
1753948471.1484976 1753948502.059111
1753948502.059141 1753948531.9359758
1753948531.936007 1753948560.085296
1753948560.0853176 1753948588.8816078
1753948588.8816473 1753948615.0259564
1753948615.0259812 1753948639.70375
1753948639.703778 1753948667.3448358
1753948667.344864 1753948694.0870707
1753948694.087092 1753948714.2739744
1753948714.2740226 1753948741.8421812
1753948741.8422112 1753948769.7095346
1753948769.709555 1753948800.9213755
1753948800.9214084 1753948826.9989588
1753948826.9989867 1753948853.8619018
1753948853.8619263 1753948877.5563724
1753948877.5564282 1753948902.9398253
1753948902.93985 1753948931.972465
1753948931.9724967 1753948963.6591792
1753948963.6592 1753948998.4762487
1753948998.47628 1753949024.6474838
1753949024.6475108 1753949051.2383833
1753949051.2384098 1753949075.9675336
1753949075.9675698 1753949101.562641
1753949101.5626678 1753949130.396627
1753949130.3966515 1753949161.3220532
1753949161.3220823 1753949191.1461155
1753949191.1461368 1753949220.3182957
1753949220.3183239 1753949251.2442286
1753949251.2442536 1753949281.8015313
1753949281.8015587 1753949311.1844938
1753949311.1845176 1753949337.4115028
1753949337.411533 1753949367.7918794
1753949367.791901 1753949394.4755788
1753949394.4756277 1753949424.8651342
1753949424.8651605 1753949448.512307
1753949448.512335 1753949474.8147092
1753949474.814732 1753949507.07681
1753949507.076837 1753949540.444214
1753949540.4442475 1753949571.886444
1753949571.886464 1753949601.1997588
1753949601.1997874 1753949638.3910644
1753949638.3910909 1753949666.9664176
1753949666.9664378 1753949702.9462693
1753949702.9462948 1753949730.8739939
1753949730.8740168 1753949754.6791427
1753949754.67917 1753949782.5026448
1753949782.5026674 1753949812.6234107
1753949812.6234307 1753949837.648155
1753949837.6481814 1753949863.4385412
1753949863.4385624 1753949887.8226798
1753949887.8227057 1753949912.1178663
1753949912.1178849 1753949936.6527796
1753949936.6528075 1753949964.5285356
1753949964.5285559 1753949987.0688884
1753949987.0689077 1753950015.9390774
1753950015.9391048 1753950043.9546125
1753950043.9546347 1753950069.1624427
1753950069.162471 1753950092.1359153
1753950092.1359396 1753950121.8602831
1753950121.860306 1753950148.06639
1753950148.0664158 1753950177.8337672
1753950177.8337913 1753950200.2662845
1753950200.26631 1753950230.9671388
1753950230.9671588 1753950261.7054195
1753950261.7054503 1753950296.8918152
1753950296.891833 1753950322.469293
1753950322.4693155 1753950345.618794
1753950345.6188211 1753950374.2625096
1753950374.2625294 1753950406.2474263
1753950406.2474563 1753950430.3087308
1753950430.3087542 1753950460.3500826
1753950460.3501134 1753950489.7669666
1753950489.7669888 1753950519.9983897
1753950519.9984305 1753950550.9951758
1753950550.9951978 1753950590.963536
1753950590.96357 1753950628.3505013
1753950628.3505235 1753950657.1219125
1753950657.1219378 1753950685.5458512
1753950685.545881 1753950717.574069
1753950717.5740888 1753950751.4785855
1753950751.4786067 1753950784.0361035
1753950784.0361354 1753950826.0454488
1753950826.045469 1753950855.1680007
1753950855.1680398 1753950889.8673499
1753950889.867375 1753950922.8176723
1753950922.8176918 1753950959.9908102
1753950959.990836 1753950982.4943175
1753950982.4943404 1753951014.8600605
1753951014.860088 1753951042.624312
1753951042.6243353 1753951069.4032738
1753951069.4032965 1753951101.361241
1753951101.36127 1753951127.8498096
1753951127.8498292 1753951156.6784732
1753951156.678497 1753951184.4292579
1753951184.4292862 1753951213.839572
1753951213.8396072 1753951239.1864033
1753951239.186429 1753951269.487485
1753951269.4875066 1753951299.5783648
1753951299.578393 1753951318.9481082
1753951318.9481432 1753951347.7878544
1753951347.787879 1753951373.6549926
1753951373.6550262 1753951400.9403758
1753951400.9404008 1753951426.1761715
1753951426.1762009 1753951454.6109161
1753951454.6109545 1753951491.0006235
1753951491.0006459 1753951525.701427
1753951525.7014608 1753951555.806793
1753951555.8068142 1753951577.6432636
1753951577.6433003 1753951608.9338396
1753951608.933866 1753951638.8767138
1753951638.8767407 1753951670.480949
1753951670.4809735 1753951703.1231992
1753951703.123224 1753951730.5484364
1753951730.5484686 1753951755.824109
1753951755.8241305 1753951782.1057224
1753951782.105746 1753951816.4508886
1753951816.4509115 1753951840.734248
1753951840.7342725 1753951872.0293496
1753951872.0293765 1753951911.694451
1753951911.6944726 1753951937.4237976
1753951937.423828 1753951968.8877237
1753951968.8877695 1753951999.5404303
1753951999.5404618 1753952026.9705193
1753952026.9705415 1753952054.8833532
1753952054.8833787 1753952081.9416265
1753952081.9416528 1753952111.5728953
1753952111.572919 1753952136.408022
1753952136.4080453 1753952163.7060168
1753952163.7060456 1753952196.3760397
1753952196.3760645 1753952225.9433205
1753952225.9433432 1753952248.8494482
1753952248.8494775 1753952284.905454
1753952284.9054766 1753952314.0945082
1753952314.0945346 1753952339.5073066
1753952339.507339 1753952370.969318
1753952370.9693377 1753952397.5924847
1753952397.5925136 1753952429.9352226
1753952429.9352562 1753952458.872706
1753952458.8727298 1753952486.8449745
1753952486.8450022 1753952516.8160846
1753952516.8161082 1753952547.631546
1753952547.6315794 1753952580.0692275
1753952580.0692525 1753952609.4241765
1753952609.4241996 1753952637.4932501
1753952637.4932785 1753952666.0520046
1753952666.052028 1753952699.3379102
1753952699.3379357 1753952734.512907
1753952734.5129316 1753952765.961003
1753952765.9610262 1753952792.8720148
1753952792.8720374 1753952822.6016343
1753952822.6016607 1753952851.8046644
1753952851.8046887 1753952885.2637515
1753952885.2637758 1753952924.6150444
1753952924.6150749 1753952951.0394106
1753952951.0394328 1753952977.0039122
1753952977.003938 1753953004.7402024
1753953004.7402267 1753953032.6708004
1753953032.6708262 1753953058.2294962
1753953058.2295175 1753953080.8520613
1753953080.85209 1753953109.2416308
1753953109.241662 1753953139.9273818
1753953139.9274108 1753953166.864707
1753953166.8647306 1753953191.5441968
1753953191.5442286 1753953212.7993867
1753953212.7994146 1753953243.585345
1753953243.585367 1753953280.8013139
1753953280.8013403 1753953309.364862
1753953309.3648906 1753953340.75608
1753953340.7561066 1753953366.0737348
1753953366.0737612 1753953400.9269419
1753953400.9269712 1753953431.4175475
1753953431.4175754 1753953459.741583
1753953459.7416115 1753953495.2108192
1753953495.2108445 1753953529.0330255
1753953529.0330544 1753953557.597406
1753953557.5974364 1753953586.2766044
1753953586.2766254 1753953611.3791516
1753953611.3791769 1753953634.4515102
1753953634.4515326 1753953661.046037
1753953661.0460596 1753953691.8674781
1753953691.8675067 1753953733.5238588
1753953733.5238814 1753953767.531263
1753953767.5312922 1753953803.5472662
1753953803.547294 1753953835.9020364
1753953835.9020908 1753953876.0096054
1753953876.0096304 1753953902.6633296
1753953902.6633537 1753953933.9565265
1753953933.9565542 1753953961.0039554
1753953961.0039854 1753953993.2202096
1753953993.2202332 1753954018.5586336
1753954018.5586636 1753954050.545489
1753954050.5455124 1753954081.1138375
1753954081.1138735 1753954111.9973218
1753954111.9973474 1753954136.963902
1753954136.963923 1753954165.557637
1753954165.5576634 1753954190.906702
1753954190.9067261 1753954225.116228
1753954225.1162505 1753954257.3997488
1753954257.39978 1753954283.2476392
1753954283.2476604 1753954317.2134762
1753954317.2135043 1753954341.804081
1753954341.8041103 1753954372.02793
1753954372.027952 1753954405.4195762
1753954405.4196231 1753954428.5752544
1753954428.575277 1753954459.292432
1753954459.292461 1753954489.814617
1753954489.8146381 1753954516.2218552
1753954516.2218812 1753954539.0346806
1753954539.0346997 1753954563.0140858
1753954563.0141132 1753954587.3431008
1753954587.343125 1753954621.5579278
1753954621.5579515 1753954651.6154444
1753954651.615474 1753954670.27172
1753954670.2717407 1753954695.6447356
1753954695.6447642 1753954728.9441879
1753954728.9442153 1753954760.7420392
1753954760.7420664 1753954783.77679
1753954783.7768226 1753954811.062298
1753954811.0623317 1753954837.1677604
1753954837.1677816 1753954865.7582316
1753954865.758259 1753954891.4302359
1753954891.4302595 1753954921.3574944
1753954921.3575292 1753954961.5502114
1753954961.5502381 1753954993.6292825
1753954993.6293035 1753955030.7241848
1753955030.724211 1753955062.2375097
1753955062.2375307 1753955096.9095745
1753955096.9096 1753955129.0813076
1753955129.0813296 1753955161.3634896
1753955161.3635147 1753955189.202452
1753955189.202476 1753955214.7991908
1753955214.7992249 1753955248.7955327
1753955248.7955515 1753955276.5833375
1753955276.5833666 1753955311.564701
1753955311.5647306 1753955341.4133313
1753955341.41339 1753955370.8528247
1753955370.8528497 1753955397.298156
1753955397.2981844 1753955425.4398143
1753955425.4398363 1753955455.3379676
1753955455.3379936 1753955485.827717
1753955485.82774 1753955514.8779564
1753955514.8779793 1753955544.650941
1753955544.6509645 1753955567.8567972
1753955567.856823 1753955599.475273
1753955599.4752965 1753955624.942797
1753955624.9428256 1753955649.2096605
1753955649.2096808 1753955675.2160616
1753955675.2160912 1753955699.7441895
1753955699.7442105 1753955723.6493762
1753955723.649401 1753955743.9724817
1753955743.9725091 1753955770.9862168
1753955770.986238 1753955802.4903598
1753955802.490384 1753955838.0151577
1753955838.0151856 1753955865.7506716
1753955865.7507005 1753955893.7383213
1753955893.7383482 1753955921.7800834
1753955921.7801046 1753955954.0550654
1753955954.0550935 1753955979.2335608
1753955979.233587 1753956015.9397616
1753956015.9397845 1753956047.8640172
1753956047.864047 1753956073.9289927
1753956073.9290178 1753956098.9138498
1753956098.9138763 1753956127.7688773
1753956127.7689033 1753956151.0626016
1753956151.0626295 1753956177.0051937
1753956177.0052133 1753956204.4147348
1753956204.4147623 1753956232.9497175
1753956232.949736 1753956257.5412529
1753956257.5412793 1753956281.2924175
1753956281.292459 1753956312.401039
1753956312.4010592 1753956337.461542
1753956337.4615705 1753956369.628064
1753956369.6280847 1753956397.2081661
1753956397.2081897 1753956424.3745952
1753956424.3746252 1753956452.0416365
1753956452.0416634 1753956483.4033525
1753956483.4033773 1753956507.3159232
1753956507.3159661 1753956538.1198819
1753956538.1199076 1753956564.3926697
1753956564.3926952 1753956589.932844
1753956589.9328635 1753956623.897251
1753956623.8972833 1753956649.839492
1753956649.8395143 1753956682.3541675
1753956682.354196 1753956713.5003932
1753956713.5004175 1753956736.5108979
1753956736.510922 1753956773.8176723
1753956773.817698 1753956801.7505336
1753956801.7505612 1753956828.1639354
1753956828.1639614 1753956857.7409334
1753956857.740958 1753956884.7826526
1753956884.7826798 1753956910.7496753
1753956910.7496955 1753956942.879849
1753956942.8798757 1753956975.2055578
1753956975.20558 1753957006.9689467
1753957006.9689698 1753957036.7832844
1753957036.7833111 1753957066.685279
1753957066.6853027 1753957098.8728597
1753957098.8728821 1753957125.8228376
1753957125.8228638 1753957155.563232
1753957155.5632575 1753957189.548344
1753957189.5483668 1753957217.4658225
1753957217.4658475 1753957251.6371746
1753957251.6371999 1753957280.9790187
1753957280.9790432 1753957311.315838
1753957311.3158665 1753957339.0607884
1753957339.0608218 1753957369.2889624
1753957369.28899 1753957398.6466613
1753957398.6466837 1753957425.2051933
1753957425.2052217 1753957454.5829432
1753957454.5829616 1753957482.8252685
1753957482.82529 1753957517.0340354
1753957517.0340583 1753957543.9259355
1753957543.9259584 1753957568.4138567
1753957568.4138854 1753957590.9023838
1753957590.9024127 1753957617.768318
1753957617.768343 1753957639.8029923
1753957639.8030162 1753957666.2825367
1753957666.282563 1753957694.9312427
