1753928540.2256284 1753928576.9617653
1753928576.961786 1753928608.5142708
1753928608.514297 1753928643.914241
1753928643.914258 1753928676.730241
1753928676.7302668 1753928710.2505457
1753928710.250562 1753928737.1224265
1753928737.1224508 1753928763.0238419
1753928763.0238605 1753928789.2104645
1753928789.2104893 1753928810.6444755
1753928810.6444972 1753928833.727972
1753928833.7279942 1753928859.6423872
1753928859.6424131 1753928886.4988883
1753928886.498905 1753928913.5507512
1753928913.5507748 1753928938.7973237
1753928938.797341 1753928968.3038263
1753928968.303851 1753928993.2663155
1753928993.2663636 1753929028.8761227
1753929028.8761504 1753929059.6029034
1753929059.6029272 1753929088.1440375
1753929088.144064 1753929116.652385
1753929116.6524024 1753929145.0398066
1753929145.0398233 1753929178.2802024
1753929178.2802296 1753929210.6982572
1753929210.698273 1753929244.8836184
1753929244.8836386 1753929281.2770338
1753929281.2770581 1753929311.795284
1753929311.7953064 1753929339.740761
1753929339.7407897 1753929373.2654076
1753929373.2654333 1753929407.9200847
1753929407.920112 1753929443.6618624
1753929443.6618862 1753929471.963464
1753929471.96349 1753929502.6463573
1753929502.6463773 1753929538.6402676
1753929538.6402886 1753929565.1454403
1753929565.1454568 1753929589.1642482
1753929589.1642725 1753929620.002134
1753929620.0021534 1753929641.6856647
1753929641.6856914 1753929663.9998488
1753929663.999866 1753929695.5962577
1753929695.5962813 1753929723.1419146
1753929723.141935 1753929759.48417
1753929759.484187 1753929789.929837
1753929789.9298582 1753929821.4695263
1753929821.4695444 1753929849.3520334
1753929849.352055 1753929878.1263742
1753929878.126399 1753929906.5928955
1753929906.5929153 1753929931.2606945
1753929931.260722 1753929963.3104885
1753929963.3105078 1753929994.8460982
1753929994.846126 1753930020.8347526
1753930020.834782 1753930053.1927562
1753930053.1927855 1753930077.2252092
1753930077.2252293 1753930105.0042715
1753930105.0042992 1753930143.6651328
1753930143.6651585 1753930173.1174908
1753930173.1175165 1753930205.496386
1753930205.4964042 1753930232.065939
1753930232.0659568 1753930261.798805
1753930261.7988281 1753930289.8424766
1753930289.8424957 1753930319.592975
1753930319.5929952 1753930351.8618183
1753930351.8618355 1753930381.8695257
1753930381.869549 1753930406.433669
1753930406.4336855 1753930440.14989
1753930440.1499171 1753930467.1060157
1753930467.1060348 1753930492.394788
1753930492.3948114 1753930522.8545694
1753930522.854593 1753930554.0883877
1753930554.088412 1753930583.4610727
1753930583.4611022 1753930613.1433282
1753930613.1433492 1753930647.2652755
1753930647.265302 1753930672.3330328
1753930672.3330576 1753930707.1238377
1753930707.1238563 1753930735.6654842
1753930735.6655116 1753930768.098542
1753930768.09856 1753930796.8826568
1753930796.8826888 1753930831.0066962
1753930831.0067124 1753930860.7640457
1753930860.7640715 1753930895.5835106
1753930895.5835302 1753930920.7409759
1753930920.7410116 1753930943.8495014
1753930943.8495176 1753930977.3087726
1753930977.3088021 1753931008.419211
1753931008.419235 1753931035.7556834
1753931035.7557065 1753931062.127088
1753931062.1271117 1753931090.7990854
1753931090.7991037 1753931123.2162733
1753931123.2162974 1753931152.1489317
1753931152.1489491 1753931182.0478382
1753931182.0478675 1753931208.3053904
1753931208.3054152 1753931230.8939805
1753931230.8939998 1753931254.8819633
1753931254.88199 1753931283.8040748
1753931283.8041003 1753931306.955514
1753931306.9555295 1753931350.0432224
1753931350.0432627 1753931381.465771
1753931381.4657872 1753931415.9152105
1753931415.9152353 1753931447.4428532
1753931447.4428716 1753931476.3110173
1753931476.311035 1753931507.5824385
1753931507.5824618 1753931532.7216187
1753931532.7216356 1753931560.4513457
1753931560.4513733 1753931582.084297
1753931582.0843155 1753931609.8487737
1753931609.8488002 1753931634.196614
1753931634.1966324 1753931660.1152115
1753931660.1152377 1753931690.0234628
1753931690.0234795 1753931715.6690826
1753931715.6691082 1753931753.85793
1753931753.8579512 1753931778.4487638
1753931778.4487827 1753931814.383158
1753931814.3831754 1753931846.1364474
1753931846.1364763 1753931882.0462656
1753931882.0462964 1753931912.319892
1753931912.3199425 1753931946.883956
1753931946.883974 1753931978.797063
1753931978.7970827 1753932011.285422
1753932011.2854435 1753932046.4195051
1753932046.419524 1753932071.676466
1753932071.6764898 1753932096.7545378
1753932096.7545533 1753932123.5634007
1753932123.5634198 1753932153.7392154
1753932153.7392373 1753932185.9226367
1753932185.9226532 1753932211.8331048
1753932211.8331227 1753932239.6933498
1753932239.693372 1753932262.4987648
1753932262.4987915 1753932289.5714214
1753932289.57146 1753932314.1049314
1753932314.1049516 1753932339.2894685
1753932339.2894979 1753932365.5798588
1753932365.5798843 1753932398.790157
1753932398.7901788 1753932431.4932554
1753932431.4932778 1753932461.7922614
1753932461.792289 1753932485.9905984
1753932485.990622 1753932509.6604252
1753932509.6604476 1753932536.1828647
1753932536.1828933 1753932561.0313864
1753932561.0314076 1753932600.642595
1753932600.6426425 1753932632.028488
1753932632.0285118 1753932662.833515
1753932662.8335378 1753932699.897585
1753932699.8976083 1753932724.2548285
1753932724.2548451 1753932758.3268213
1753932758.32685 1753932788.3924985
1753932788.3925169 1753932815.9375699
1753932815.9376009 1753932842.657411
1753932842.6574292 1753932870.8531435
1753932870.8531678 1753932900.9907703
1753932900.990789 1753932931.8379965
1753932931.8380206 1753932959.315699
1753932959.3157206 1753932989.258703
1753932989.2587285 1753933017.6200473
1753933017.6200726 1753933044.5948532
1753933044.5948725 1753933070.0302737
1753933070.0302985 1753933106.6423378
1753933106.642358 1753933138.8140996
1753933138.8141184 1753933165.1305966
1753933165.1306212 1753933189.9690363
1753933189.9690523 1753933223.7939143
1753933223.7939394 1753933251.167004
1753933251.1670206 1753933284.4861007
1753933284.486123 1753933314.669356
1753933314.6693745 1753933350.5286355
1753933350.5286622 1753933379.5266848
1753933379.526719 1753933402.8596594
1753933402.8596818 1753933426.8087685
1753933426.8087955 1753933455.5540795
1753933455.554098 1753933490.4455602
1753933490.4455862 1753933522.0380843
1753933522.038103 1753933550.2422433
1753933550.2422624 1753933580.708545
1753933580.7085736 1753933613.2067516
1753933613.2067728 1753933639.936624
1753933639.9366434 1753933675.1943104
1753933675.1943328 1753933711.0990062
1753933711.099027 1753933745.9152734
1753933745.9152958 1753933781.5764906
1753933781.5765164 1753933818.2403429
1753933818.2403846 1753933847.3096602
1753933847.3096793 1753933885.067946
1753933885.0679715 1753933915.9841492
1753933915.9841754 1753933954.843325
1753933954.8433437 1753933987.081913
1753933987.0819354 1753934022.6645005
1753934022.6645243 1753934054.8540852
1753934054.854107 1753934078.6419868
1753934078.642012 1753934108.6467905
1753934108.6468084 1753934139.2429185
1753934139.2429464 1753934169.9685142
1753934169.968543 1753934196.6839292
1753934196.6839552 1753934220.1272154
1753934220.1272342 1753934252.9132555
1753934252.913281 1753934287.457883
1753934287.4579008 1753934321.6299157
1753934321.6299465 1753934348.4331017
1753934348.4331198 1753934371.7148685
1753934371.7148943 1753934398.1554604
1753934398.1554828 1753934424.8095438
1753934424.8095667 1753934456.0297577
1753934456.0297775 1753934481.627939
1753934481.627963 1753934505.2291691
1753934505.2291956 1753934531.2331016
1753934531.2331219 1753934558.8054006
1753934558.805425 1753934595.4579878
1753934595.4580312 1753934624.3155832
1753934624.3156002 1753934648.916701
1753934648.9167295 1753934676.9972749
1753934676.9973028 1753934706.0302682
1753934706.0302875 1753934734.0150716
1753934734.0150971 1753934762.0041373
1753934762.0041838 1753934789.1742544
1753934789.1742735 1753934808.985899
1753934808.9859228 1753934835.070239
1753934835.0702608 1753934868.9670587
1753934868.967088 1753934890.4141252
1753934890.4141507 1753934922.5073674
1753934922.5073874 1753934953.865597
1753934953.865626 1753934981.497904
1753934981.4979215 1753935017.2924871
1753935017.2925248 1753935044.627392
1753935044.6274078 1753935070.4096029
1753935070.409632 1753935099.948781
1753935099.9487984 1753935138.8271224
1753935138.8271468 1753935166.114537
1753935166.114557 1753935200.3668964
1753935200.3669217 1753935226.3935544
1753935226.3935783 1753935251.3714762
1753935251.371502 1753935277.5680757
1753935277.5680969 1753935299.9379053
1753935299.937933 1753935326.5445752
1753935326.544596 1753935356.2741594
1753935356.2741818 1753935378.2769659
1753935378.2769823 1753935404.815997
1753935404.8160408 1753935430.7796052
1753935430.7796223 1753935462.559763
1753935462.5597928 1753935492.3854609
1753935492.3854773 1753935529.1007545
1753935529.1007812 1753935552.8446584
1753935552.8446815 1753935577.7670972
1753935577.7671173 1753935604.1150818
1753935604.1151037 1753935631.6211426
1753935631.6211667 1753935655.4386153
1753935655.4386325 1753935682.2680562
1753935682.2680817 1753935705.980446
1753935705.9804633 1753935729.5941992
1753935729.594243 1753935753.1650271
1753935753.1650484 1753935778.3892722
1753935778.3893049 1753935804.6428647
1753935804.642893 1753935835.1282017
1753935835.1282268 1753935863.8506393
1753935863.8506572 1753935894.3931122
1753935894.3931355 1753935931.3125162
1753935931.312535 1753935959.5391133
1753935959.5391364 1753935991.9663095
1753935991.9663339 1753936014.752099
1753936014.752123 1753936042.22178
1753936042.221807 1753936074.0035367
1753936074.0035713 1753936101.0232735
1753936101.0232975 1753936126.3184137
1753936126.3184354 1753936157.5798714
1753936157.5799043 1753936188.563987
1753936188.564015 1753936219.8681667
1753936219.8681834 1753936247.389244
1753936247.3892682 1753936269.5066378
1753936269.50666 1753936292.6884382
1753936292.6884665 1753936319.633841
1753936319.633863 1753936341.137345
1753936341.13739 1753936363.2089462
1753936363.2089667 1753936392.4630373
1753936392.463065 1753936415.5596516
1753936415.5596805 1753936442.6414523
1753936442.6414902 1753936464.3475242
1753936464.3475447 1753936492.7528846
1753936492.7529135 1753936530.255529
1753936530.2555537 1753936569.053175
1753936569.0531924 1753936603.1067736
1753936603.1067991 1753936630.1888003
1753936630.188827 1753936653.199449
1753936653.1994715 1753936682.072609
1753936682.0726407 1753936711.1493986
1753936711.149429 1753936737.5265372
1753936737.526565 1753936768.56608
1753936768.566098 1753936794.548714
1753936794.5487401 1753936832.947725
1753936832.9477537 1753936862.861694
1753936862.8617115 1753936888.109345
1753936888.1093717 1753936916.9448287
1753936916.9448516 1753936940.9723065
1753936940.9723356 1753936969.1432953
1753936969.1433136 1753936995.02223
1753936995.0222538 1753937031.7182093
1753937031.718234 1753937061.909762
1753937061.9097865 1753937092.553217
1753937092.553236 1753937122.3455722
1753937122.345596 1753937156.421695
1753937156.4217138 1753937188.976083
1753937188.9761016 1753937219.2876098
1753937219.2876463 1753937244.826502
1753937244.8265214 1753937268.9208157
1753937268.9208503 1753937302.705861
1753937302.7058816 1753937340.7709436
1753937340.7709742 1753937370.8471577
1753937370.8471878 1753937398.7760305
1753937398.7760565 1753937425.6057286
1753937425.605746 1753937451.5160158
1753937451.5160418 1753937483.9255393
1753937483.9255729 1753937511.4856598
1753937511.4856842 1753937542.0075164
1753937542.0075428 1753937578.2856832
1753937578.2857003 1753937605.5231009
1753937605.5231304 1753937631.6599069
1753937631.6599255 1753937664.4480743
1753937664.4480996 1753937707.3885784
1753937707.3886049 1753937737.8551419
1753937737.8551605 1753937762.9798045
1753937762.9798312 1753937790.2771695
1753937790.2771873 1753937817.4951935
1753937817.4952164 1753937845.5629156
1753937845.5629404 1753937872.310674
1753937872.3106942 1753937895.666957
1753937895.6669798 1753937931.1764164
1753937931.176442 1753937955.9039717
1753937955.903993 1753937980.4500015
1753937980.4500237 1753938005.5246155
1753938005.5246472 1753938040.5080247
1753938040.5080504 1753938065.6141613
1753938065.61418 1753938096.133288
1753938096.133313 1753938131.3727002
1753938131.3727365 1753938157.0805573
1753938157.0805748 1753938187.4972153
1753938187.4972413 1753938220.457017
1753938220.4570394 1753938250.5100024
1753938250.5100243 1753938281.386052
1753938281.3860698 1753938307.2370443
1753938307.2370682 1753938336.0654967
1753938336.065521 1753938361.6990473
1753938361.6990707 1753938386.3408015
1753938386.3408196 1753938417.1718345
1753938417.1718574 1753938453.1192126
1753938453.1192317 1753938486.805303
1753938486.8053262 1753938514.6094654
1753938514.609482 1753938546.730329
1753938546.730355 1753938579.0809014
1753938579.0809224 1753938604.5976686
1753938604.5977035 1753938635.65687
1753938635.6568944 1753938668.1345367
1753938668.1345577 1753938702.4335225
1753938702.4335504 1753938734.2417693
1753938734.241795 1753938764.784665
1753938764.7846816 1753938796.3710594
1753938796.371082 1753938827.173587
1753938827.1736066 1753938860.3339825
1753938860.3340054 1753938888.1376526
1753938888.1376753 1753938912.6543906
1753938912.654409 1753938944.478514
1753938944.4785376 1753938976.4287324
1753938976.4287708 1753939003.0716162
1753939003.0716372 1753939030.302739
1753939030.3027635 1753939052.958969
1753939052.9589872 1753939084.4583166
1753939084.4583397 1753939115.1152256
1753939115.1152446 1753939141.321211
1753939141.3212311 1753939170.5550325
1753939170.5550537 1753939198.598476
1753939198.598497 1753939228.754481
1753939228.7545044 1753939254.0330079
1753939254.033025 1753939276.6303368
1753939276.6303601 1753939307.032505
1753939307.0325236 1753939331.971635
1753939331.9716616 1753939355.554623
1753939355.5546381 1753939385.5039773
1753939385.504005 1753939412.3268669
1753939412.3268845 1753939436.175331
1753939436.1753483 1753939458.9663742
1753939458.966399 1753939485.986074
1753939485.986091 1753939510.568867
1753939510.5688922 1753939536.1123304
1753939536.11235 1753939563.8003037
1753939563.8003294 1753939593.2590268
1753939593.2590427 1753939620.8441439
1753939620.8441703 1753939653.7946534
1753939653.7946765 1753939679.930281
1753939679.9302971 1753939707.6152573
1753939707.6152842 1753939741.3269644
1753939741.3269837 1753939772.1938815
1753939772.1939116 1753939802.5976086
1753939802.597632 1753939829.429531
1753939829.42955 1753939858.848845
1753939858.8488696 1753939884.273792
1753939884.27381 1753939913.6744921
1753939913.6745152 1753939945.3522651
1753939945.3522956 1753939975.0024905
1753939975.0025103 1753940004.967433
1753940004.9674578 1753940030.0038114
1753940030.0038302 1753940059.9874752
1753940059.9875014 1753940086.6669416
1753940086.6669593 1753940113.0181732
1753940113.018195 1753940139.7616556
1753940139.761679 1753940166.7357657
1753940166.7357879 1753940197.6845233
1753940197.6845517 1753940229.176724
1753940229.176757 1753940256.133063
1753940256.133088 1753940281.4836671
1753940281.4836855 1753940315.1850045
1753940315.1850307 1753940340.0627584
1753940340.0627766 1753940368.9617362
1753940368.9617622 1753940396.9731202
1753940396.973139 1753940428.9005275
1753940428.9005604 1753940459.8810482
1753940459.8810651 1753940492.3341243
1753940492.3341496 1753940523.2527568
1753940523.2527761 1753940554.644707
1753940554.6447241 1753940580.8387847
1753940580.838808 1753940616.657285
1753940616.657304 1753940643.849838
1753940643.8498623 1753940672.9973857
1753940672.9974053 1753940703.5757883
1753940703.5758107 1753940730.859178
1753940730.8592088 1753940754.7409267
1753940754.740954 1753940777.2385323
1753940777.238553 1753940798.452651
1753940798.4526777 1753940827.078247
1753940827.0782664 1753940852.6228385
1753940852.6228595 1753940874.7868657
1753940874.786887 1753940900.9258506
1753940900.925872 1753940925.4005692
1753940925.4005911 1753940959.2167816
1753940959.2168093 1753940988.0021207
1753940988.0021384 1753941017.8518667
1753941017.8518915 1753941048.6847754
1753941048.6848035 1753941078.137443
1753941078.1374652 1753941102.6582685
1753941102.6582923 1753941125.5648994
1753941125.56492 1753941157.561904
1753941157.5619226 1753941189.441007
1753941189.4410324 1753941218.046873
1753941218.04689 1753941252.1733341
1753941252.1733584 1753941273.4110157
1753941273.4110413 1753941300.7748203
1753941300.7748435 1753941331.9035063
1753941331.9035301 1753941365.1218035
1753941365.1218204 1753941395.6817234
1753941395.6817465 1753941424.80714
1753941424.8071587 1753941450.7420516
1753941450.7420719 1753941473.4928553
1753941473.492877 1753941504.2052226
1753941504.205243 1753941534.3478339
1753941534.3478613 1753941565.3766615
1753941565.3766806 1753941594.650193
1753941594.6502168 1753941619.8304455
1753941619.8304646 1753941647.2976685
1753941647.2976992 1753941676.2337701
1753941676.2337933 1753941704.782148
1753941704.7821698 1753941733.0004578
1753941733.0004833 1753941758.0705373
1753941758.070557 1753941785.609235
1753941785.6092684 1753941816.5185828
1753941816.518617 1753941842.384241
1753941842.3842602 1753941874.1207778
1753941874.1208162 1753941901.0322
1753941901.0322192 1753941929.3946912
1753941929.3947146 1753941960.6438425
1753941960.6438663 1753941998.285338
1753941998.2853549 1753942027.268346
1753942027.268381 1753942058.8873212
1753942058.8873434 1753942093.7835872
1753942093.7836058 1753942133.625751
1753942133.625775 1753942165.1585672
1753942165.1585844 1753942202.288955
1753942202.288984 1753942238.5500824
1753942238.5501068 1753942265.2236524
1753942265.223683 1753942295.2900152
1753942295.2900383 1753942325.9144394
1753942325.914463 1753942352.6990128
1753942352.699036 1753942379.8417366
1753942379.8417575 1753942412.4079733
1753942412.4079983 1753942444.79347
1753942444.793487 1753942474.1561859
1753942474.1562057 1753942509.0445254
1753942509.0445487 1753942537.9116483
1753942537.911668 1753942567.571577
1753942567.5716147 1753942589.2057085
1753942589.2057405 1753942615.0446894
1753942615.0447097 1753942640.6717002
1753942640.6717234 1753942668.130326
1753942668.1303544 1753942700.0889592
1753942700.0889783 1753942722.1787386
1753942722.178762 1753942760.0080369
1753942760.0080588 1753942787.9426246
1753942787.942646 1753942816.634377
1753942816.634399 1753942844.1883419
1753942844.1883717 1753942870.3893173
1753942870.3893414 1753942894.4754817
1753942894.4754987 1753942922.3860567
1753942922.3860788 1753942946.4112349
1753942946.4112601 1753942977.9448354
1753942977.9448516 1753943012.3852782
1753943012.3853018 1753943044.4447515
1753943044.44477 1753943077.7263596
1753943077.7263894 1753943110.8027132
1753943110.8027353 1753943141.6292226
1753943141.6292446 1753943174.814206
1753943174.8142266 1753943198.4806433
1753943198.4806697 1753943223.7044115
1753943223.704436 1753943252.6188817
1753943252.6188977 1753943284.9306712
1753943284.9306943 1753943310.1294942
1753943310.1295118 1753943341.8727975
1753943341.8728187 1753943372.6801279
1753943372.680154 1753943404.323291
1753943404.3233218 1753943432.9431987
1753943432.9432163 1753943462.6071076
1753943462.6071312 1753943487.4533234
1753943487.4533596 1753943527.1346703
1753943527.1346972 1753943562.4515436
1753943562.4515707 1753943600.3342571
1753943600.3342795 1753943636.3038988
1753943636.303926 1753943668.6140351
1753943668.6140542 1753943697.014049
1753943697.0140808 1753943726.2462509
1753943726.2462714 1753943757.738397
1753943757.7384238 1753943786.2354944
1753943786.2355447 1753943818.4713852
1753943818.471405 1753943847.1344502
1753943847.1344762 1753943877.7850869
1753943877.785107 1753943909.2784312
1753943909.278457 1753943944.5018194
1753943944.5018492 1753943963.394567
1753943963.3945844 1753944000.2842777
1753944000.2843025 1753944038.9667583
1753944038.966786 1753944071.001188
1753944071.0012114 1753944095.6460493
1753944095.6460721 1753944121.6291273
1753944121.6291463 1753944151.315374
1753944151.315402 1753944175.6370876
1753944175.6371043 1753944201.2283182
1753944201.2283404 1753944231.1857243
1753944231.1857486 1753944248.390733
1753944248.3907502 1753944272.8179119
1753944272.817935 1753944300.6442049
1753944300.644233 1753944324.896269
1753944324.8962965 1753944358.844305
1753944358.8443353 1753944383.25362
1753944383.2536385 1753944408.339498
1753944408.3395212 1753944438.8466322
1753944438.846658 1753944471.917759
1753944471.9177804 1753944501.1704886
1753944501.170516 1753944532.1908534
1753944532.190877 1753944561.5110888
1753944561.511108 1753944593.048584
1753944593.0486093 1753944621.6575968
1753944621.6576219 1753944643.7272847
1753944643.7273104 1753944673.7935116
1753944673.793538 1753944704.4988513
1753944704.4988797 1753944735.7908258
1753944735.7908554 1753944767.9375129
1753944767.9375453 1753944795.663954
1753944795.6639762 1753944823.2421
1753944823.2421231 1753944854.4605367
1753944854.4605565 1753944888.855774
1753944888.8558216 1753944916.4644148
1753944916.464449 1753944952.6665862
1753944952.666603 1753944979.7717083
1753944979.7717352 1753945010.8739855
1753945010.874005 1753945047.1530643
1753945047.1530993 1753945073.0983262
1753945073.0983434 1753945108.928665
1753945108.928685 1753945134.732558
1753945134.7325792 1753945169.3078704
1753945169.3078904 1753945206.2143774
1753945206.2143977 1753945236.2921944
1753945236.2922204 1753945267.9820385
1753945267.9820566 1753945302.4566243
1753945302.4566495 1753945335.1623604
1753945335.1623886 1753945361.4832737
1753945361.4833019 1753945389.8198867
1753945389.819903 1753945415.8257225
1753945415.825748 1753945443.4934378
1753945443.4934566 1753945471.3050745
1753945471.3050992 1753945503.1581821
1753945503.158202 1753945535.454891
1753945535.4549146 1753945566.0370362
1753945566.0370576 1753945594.596014
1753945594.5960386 1753945621.1627173
1753945621.1627464 1753945649.1292572
1753945649.1292744 1753945674.8604777
1753945674.8605072 1753945710.0122826
1753945710.012299 1753945736.2775633
1753945736.277591 1753945772.3750205
1753945772.3750372 1753945804.929584
1753945804.9296005 1753945830.4985287
1753945830.4985518 1753945861.1190681
1753945861.119086 1753945888.5113025
1753945888.51132 1753945920.537464
1753945920.537492 1753945948.9386394
1753945948.9386559 1753945973.7779303
1753945973.7779486 1753946000.3200474
1753946000.3200724 1753946025.3284209
1753946025.328445 1753946050.6683118
1753946050.6683338 1753946078.0585942
1753946078.0586183 1753946110.7029305
1753946110.702953 1753946147.3369534
1753946147.3369746 1753946179.0528724
1753946179.052893 1753946214.371528
1753946214.3715577 1753946239.757007
1753946239.7570271 1753946269.2995265
1753946269.2995527 1753946292.9507577
1753946292.9507747 1753946317.581799
1753946317.5818226 1753946341.0070362
1753946341.0070581 1753946367.8232858
1753946367.8233383 1753946391.6784205
1753946391.6784456 1753946417.0769444
1753946417.0769694 1753946442.407422
1753946442.4074464 1753946468.3270352
1753946468.3270624 1753946495.3114343
1753946495.3114567 1753946519.3112278
1753946519.3112497 1753946547.4947588
1753946547.4947848 1753946572.912926
1753946572.9129477 1753946598.5286
1753946598.528622 1753946631.140803
1753946631.1408293 1753946656.6372871
1753946656.6373115 1753946683.5155072
1753946683.5155308 1753946706.6218834
1753946706.6219041 1753946734.4732945
1753946734.473319 1753946762.8052332
1753946762.8052607 1753946795.5015593
1753946795.5015874 1753946824.3593354
1753946824.3593528 1753946858.1016862
1753946858.1017184 1753946894.4588568
1753946894.458877 1753946922.054796
1753946922.054829 1753946954.6567187
1753946954.6567402 1753946987.3964207
1753946987.3964503 1753947025.6942968
1753947025.6943154 1753947041.7111876
1753947041.7112079 1753947074.7615511
1753947074.7615755 1753947103.7647083
1753947103.7647288 1753947132.4681106
1753947132.4681342 1753947166.4515347
1753947166.451554 1753947194.7556734
1753947194.7556956 1753947221.03846
1753947221.0384827 1753947247.1104531
1753947247.1104772 1753947271.4677584
1753947271.4677782 1753947294.6260636
1753947294.6261039 1753947320.387634
1753947320.3876545 1753947343.6777189
1753947343.677754 1753947370.3026521
1753947370.3026774 1753947396.8910286
1753947396.891054 1753947430.77858
1753947430.778601 1753947463.7214503
1753947463.721475 1753947496.8422997
1753947496.8423193 1753947527.3198185
1753947527.3198435 1753947557.3688846
1753947557.368907 1753947588.3067493
1753947588.3067827 1753947626.541758
1753947626.5417833 1753947652.7987893
1753947652.7988262 1753947680.6302266
1753947680.6302464 1753947710.7713504
1753947710.7713754 1753947742.859701
1753947742.8597279 1753947775.5207531
1753947775.5207753 1753947804.0595737
1753947804.0595984 1753947825.7461183
1753947825.7461388 1753947852.9060404
1753947852.9060583 1753947881.8229527
1753947881.8229735 1753947913.9176583
1753947913.9176877 1753947942.994655
1753947942.9946892 1753947970.5942955
1753947970.594321 1753947996.5822833
1753947996.582307 1753948026.6725073
1753948026.6725414 1753948050.83557
1753948050.8355908 1753948081.3590608
1753948081.3590894 1753948109.9005508
1753948109.9005728 1753948146.1809154
1753948146.180938 1753948174.1435554
1753948174.1435921 1753948207.0219805
1753948207.0219991 1753948241.2555907
1753948241.2556129 1753948278.8934379
1753948278.8934643 1753948312.2664685
1753948312.2664943 1753948348.1563888
1753948348.156416 1753948384.1379943
1753948384.1380181 1753948412.0243385
1753948412.0243614 1753948446.9963548
1753948446.9963856 1753948469.4033413
1753948469.4033597 1753948500.4535255
1753948500.4535532 1753948532.3510208
1753948532.351048 1753948559.2459667
1753948559.2459877 1753948585.9392908
1753948585.939324 1753948610.822062
1753948610.8220813 1753948638.9313169
1753948638.9313402 1753948664.180647
1753948664.1806784 1753948693.2633665
1753948693.2633858 1753948713.2683206
1753948713.2683504 1753948742.490319
1753948742.4903376 1753948774.4188519
1753948774.4188714 1753948799.5644221
1753948799.5644498 1753948828.857498
1753948828.8575165 1753948854.3688715
1753948854.368892 1753948879.2523143
1753948879.2523444 1753948903.2230184
1753948903.22304 1753948933.4742756
1753948933.4743 1753948965.356793
1753948965.3568182 1753948995.8061469
1753948995.8061643 1753949024.556049
1753949024.556075 1753949053.085589
1753949053.0856166 1753949076.2968686
1753949076.2968879 1753949103.7174175
1753949103.717442 1753949133.1090963
1753949133.1091156 1753949160.8523023
1753949160.8523293 1753949186.8241634
1753949186.824191 1753949210.1366918
1753949210.1367078 1753949247.1302488
1753949247.130272 1753949282.65158
1753949282.651621 1753949310.617684
1753949310.617707 1753949335.5475295
1753949335.547553 1753949368.3517416
1753949368.3517654 1753949396.5734468
1753949396.5734828 1753949423.1392815
1753949423.1393068 1753949450.1476934
1753949450.1477144 1753949480.0620217
1753949480.0620458 1753949511.3757002
1753949511.3757315 1753949540.6416895
1753949540.6417072 1753949575.2799017
1753949575.2799222 1753949604.3410132
1753949604.341035 1753949631.8127446
1753949631.8127658 1753949666.5954165
1753949666.5954466 1753949695.6860986
1753949695.6861193 1753949723.988919
1753949723.9889386 1753949750.5014362
1753949750.5014582 1753949779.6007078
1753949779.600737 1753949809.3454864
1753949809.3455076 1753949835.1558423
1753949835.1558692 1753949859.3332636
1753949859.3332863 1753949880.214841
1753949880.214859 1753949904.9131413
1753949904.9131622 1753949928.0393922
1753949928.0394125 1753949952.2265909
1753949952.226615 1753949979.245343
1753949979.245366 1753950015.5902483
1753950015.590272 1753950042.842319
1753950042.8423538 1753950066.7350929
1753950066.7351198 1753950089.6505284
1753950089.6505456 1753950118.3992274
1753950118.399256 1753950144.5719783
1753950144.5720067 1753950174.8754184
1753950174.8754387 1753950206.1683843
1753950206.1684127 1753950228.6740818
1753950228.6741023 1753950262.3783977
1753950262.3784328 1753950291.5119894
1753950291.51201 1753950321.5417688
1753950321.541794 1753950348.3989854
1753950348.3990283 1753950379.314395
1753950379.314411 1753950409.0523639
1753950409.0523818 1753950436.5162437
1753950436.5162704 1753950459.428034
1753950459.4280515 1753950489.2957535
1753950489.2957757 1753950519.5106153
1753950519.5106418 1753950559.438366
1753950559.4383829 1753950591.571185
1753950591.5712113 1753950629.653585
1753950629.6536005 1753950653.877992
1753950653.8780138 1753950683.870359
1753950683.8703818 1753950711.5900166
1753950711.5900373 1753950751.246093
1753950751.2461145 1753950785.564569
1753950785.5645983 1753950817.3317573
1753950817.3317773 1753950847.665355
1753950847.6653864 1753950885.6561637
1753950885.6561906 1753950927.1981192
1753950927.1981425 1753950950.7272356
1753950950.7272544 1753950976.7179859
1753950976.7180133 1753951007.2501593
1753951007.2501767 1753951035.562071
1753951035.5620918 1753951063.44589
1753951063.4459093 1753951094.4372275
1753951094.4372516 1753951122.7551937
1753951122.7552168 1753951156.4013476
1753951156.401376 1753951185.8411686
1753951185.841185 1753951215.401084
1753951215.4011037 1753951241.2915258
1753951241.2915535 1753951269.3352406
1753951269.3352602 1753951296.9792585
1753951296.9792838 1753951317.4216452
1753951317.4216652 1753951348.1141841
1753951348.1142085 1753951374.3600426
1753951374.3600612 1753951401.57058
1753951401.5705965 1753951429.6349578
1753951429.6349792 1753951457.6806674
1753951457.6806874 1753951492.7460694
1753951492.7460966 1753951524.7862685
1753951524.7862854 1753951549.4402206
1753951549.4402432 1753951575.418272
1753951575.4183054 1753951606.6025627
1753951606.6025848 1753951640.4731433
1753951640.4731622 1753951668.221416
1753951668.221439 1753951698.5199358
1753951698.519959 1753951726.0045965
1753951726.0046222 1753951761.051973
1753951761.051998 1753951784.4192507
1753951784.4192748 1753951818.6514385
1753951818.651457 1753951846.0189836
1753951846.0190158 1753951875.2378585
1753951875.2378895 1753951907.6658974
1753951907.665924 1753951938.030131
1753951938.0301585 1753951972.4531035
1753951972.453129 1753951999.7350917
1753951999.7351198 1753952027.5174034
1753952027.5174196 1753952053.7710338
1753952053.7710557 1753952077.8810468
1753952077.881069 1753952109.752698
1753952109.752715 1753952138.145025
1753952138.145041 1753952162.4157062
1753952162.415729 1753952190.5745175
1753952190.574537 1753952226.7991335
1753952226.7991648 1753952250.3672519
1753952250.3672705 1753952284.9589992
1753952284.959026 1753952313.3766053
1753952313.3766282 1753952341.2528768
1753952341.2529085 1753952369.394298
1753952369.3943176 1753952397.2910125
1753952397.2910378 1753952430.5472646
1753952430.54729 1753952459.963768
1753952459.963799 1753952485.9063761
1753952485.9063964 1753952517.0974336
1753952517.097457 1753952551.75315
1753952551.7531703 1753952579.6062484
1753952579.6062746 1753952608.0297434
1753952608.0297806 1753952638.010918
1753952638.0109408 1753952669.9377437
1753952669.937766 1753952701.0254505
1753952701.0254672 1753952731.4350183
1753952731.4350476 1753952768.482607
1753952768.4826255 1753952798.5841851
1753952798.5842137 1753952829.7845752
1753952829.7845914 1753952861.275334
1753952861.275359 1753952892.6387718
1753952892.6387901 1753952926.2753506
1753952926.2753701 1753952953.1974885
1753952953.1975129 1753952982.4795444
1753952982.4795737 1753953011.727054
1753953011.72708 1753953039.8944535
1753953039.89447 1753953065.960738
1753953065.9607549 1753953083.380212
1753953083.3802392 1753953111.2081974
1753953111.2082167 1753953141.926579
1753953141.9266026 1753953170.2699673
1753953170.269984 1753953196.0249777
1753953196.0249972 1753953221.386446
1753953221.386487 1753953248.074905
1753953248.0749297 1753953278.8485487
1753953278.8485737 1753953308.6768067
1753953308.6768327 1753953341.300417
1753953341.3004382 1753953365.4504697
1753953365.450512 1753953394.4187915
1753953394.4188077 1753953425.209647
1753953425.2096698 1753953456.8608437
1753953456.860865 1753953495.8292615
1753953495.8292882 1753953526.8553653
1753953526.8553882 1753953554.6218407
1753953554.6218646 1753953582.2756746
1753953582.275701 1753953607.7100601
1753953607.7100759 1753953631.8986008
1753953631.89863 1753953658.5869558
1753953658.5869746 1753953693.2846975
1753953693.284725 1753953734.7940419
1753953734.7940664 1753953765.6970952
1753953765.6971145 1753953802.338523
1753953802.338559 1753953833.8638208
1753953833.8638425 1753953865.0750268
1753953865.075068 1753953900.0516598
1753953900.051695 1753953929.3923965
1753953929.3924131 1753953960.9544883
1753953960.9545143 1753953990.412465
1753953990.4124844 1753954019.4030561
1753954019.4030848 1753954046.7055821
1753954046.7056072 1753954076.7958486
1753954076.7958736 1753954110.3852603
1753954110.385281 1753954134.85037
1753954134.8503997 1753954164.6534271
1753954164.6534529 1753954194.7531693
1753954194.7531848 1753954230.007929
1753954230.0079648 1753954257.752432
1753954257.75246 1753954288.804701
1753954288.8047285 1753954315.7250013
1753954315.7250187 1753954341.8651488
1753954341.865176 1753954371.906891
1753954371.906911 1753954400.8551052
1753954400.8551285 1753954431.704457
1753954431.7044826 1753954460.6962633
1753954460.6962898 1753954491.0372484
1753954491.037268 1753954517.566265
1753954517.566294 1753954540.451293
1753954540.4513185 1753954564.3255992
1753954564.325623 1753954591.563543
1753954591.5635774 1753954621.125115
1753954621.1251378 1753954651.2547276
1753954651.2547467 1753954677.9044738
1753954677.9044998 1753954701.0972745
1753954701.0972943 1753954728.6123428
1753954728.6123722 1753954754.8351834
1753954754.8352015 1753954783.1932366
1753954783.1932595 1753954810.6076047
1753954810.60763 1753954836.9039342
1753954836.903956 1753954860.2374914
1753954860.2375166 1753954890.2994428
1753954890.299481 1753954922.4891436
1753954922.4891632 1753954959.2895176
1753954959.2895415 1753954995.5207255
1753954995.5207539 1753955030.4167387
1753955030.416761 1753955062.6199145
1753955062.6199496 1753955099.041585
1753955099.0416112 1753955129.4586058
1753955129.4586322 1753955159.956116
1753955159.9561415 1753955184.513428
1753955184.5134447 1753955214.9790788
1753955214.9791038 1753955248.498758
1753955248.498777 1753955277.8525915
1753955277.85262 1753955311.8811338
1753955311.8811507 1753955340.768695
1753955340.7687275 1753955366.0630302
1753955366.0630472 1753955394.413339
1753955394.4133635 1753955419.965096
1753955419.965113 1753955453.6939065
1753955453.6939363 1753955484.9320955
1753955484.9321215 1753955515.9083934
1753955515.9084122 1753955546.6297266
1753955546.629743 1753955572.1901631
1753955572.190184 1753955598.8467455
1753955598.846767 1753955622.9604928
1753955622.960521 1753955644.700664
1753955644.7006822 1753955674.2060163
1753955674.2060418 1753955699.5443776
1753955699.5443969 1753955723.707708
1753955723.707731 1753955744.9777944
1753955744.9778187 1753955773.7119818
1753955773.712006 1753955806.72105
1753955806.7210774 1753955837.045061
1753955837.045086 1753955866.872201
1753955866.872227 1753955885.138915
1753955885.1389303 1753955912.9734266
1753955912.9734497 1753955947.4254699
1753955947.4254928 1753955986.175226
1753955986.175253 1753956018.6869931
1753956018.6870148 1753956043.4608982
1753956043.4609182 1753956070.4044366
1753956070.4044585 1753956097.2355397
1753956097.2355716 1753956123.761274
1753956123.7612958 1753956151.5175521
1753956151.517574 1753956177.9019394
1753956177.9019687 1753956204.0501223
1753956204.0501456 1753956230.7057858
1753956230.705808 1753956256.5456436
1753956256.5456748 1753956280.996092
1753956280.996114 1753956310.6610765
1753956310.6611006 1753956339.616806
1753956339.6168232 1753956369.1716692
1753956369.171694 1753956393.8313732
1753956393.8313897 1753956424.1089926
1753956424.1090245 1753956453.8772838
1753956453.8773017 1753956483.7188544
1753956483.7188785 1753956511.2194555
1753956511.2194765 1753956538.3942468
1753956538.394277 1753956567.0993533
1753956567.0993743 1753956595.1013584
1753956595.101383 1753956619.3639383
1753956619.363955 1753956650.2590516
1753956650.2590876 1753956675.1070805
1753956675.107098 1753956716.2060802
1753956716.2061045 1753956745.2532053
1753956745.2532253 1753956771.412266
1753956771.4122877 1753956799.6403406
1753956799.6403615 1753956827.3726737
1753956827.3726966 1753956857.609035
1753956857.6090553 1753956886.4471831
1753956886.447203 1753956910.3582191
1753956910.3582377 1753956937.6518133
1753956937.6518369 1753956973.6568441
1753956973.6568685 1753957007.9039862
1753957007.9040036 1753957036.9353266
1753957036.935353 1753957066.9106174
1753957066.9106407 1753957101.2291465
1753957101.2291718 1753957128.3453171
1753957128.3453395 1753957157.5112853
1753957157.5113084 1753957189.3671753
1753957189.3671978 1753957221.2641041
1753957221.26413 1753957250.6003249
1753957250.6003425 1753957278.4638364
1753957278.463865 1753957311.5590694
1753957311.559094 1753957338.7466931
1753957338.7467139 1753957371.0529742
1753957371.0530074 1753957392.018281
1753957392.018299 1753957417.5615864
1753957417.5616105 1753957452.4290407
1753957452.4290683 1753957477.0322297
1753957477.0322545 1753957514.2423518
1753957514.242389 1753957539.8223212
1753957539.8223457 1753957568.8563268
1753957568.856364 1753957594.513288
1753957594.5133066 1753957616.518595
1753957616.5186226 1753957640.3913057
1753957640.3913257 1753957664.6148057
1753957664.6148286 1753957689.7580457
