1776609511.4687154 1776609554.52111
1776609564.5312228 1776609588.4173033
1776609593.4223623 1776609626.4884913
1776609630.4903374 1776609666.8447967
1776609670.8489249 1776609710.6927009
1776609718.7007713 1776609748.757491
1776609752.7583306 1776609799.2986953
1776609809.3063335 1776609848.3587518
1776609849.3598158 1776609886.3418229
1776609887.3421068 1776609932.980509
1776609939.9875786 1776609992.8641977
1776610002.8743203 1776610042.6233635
1776610043.6244252 1776610083.5162132
1776610086.5183353 1776610113.882629
1776610121.8828201 1776610153.4501157
1776610159.4554617 1776610191.4026709
1776610200.4117367 1776610227.052742
1776610233.058807 1776610267.2898424
1776610267.2898662 1776610309.5836277
1776610318.592713 1776610353.6703687
1776610353.6703928 1776610393.7843623
1776610403.7943447 1776610440.2906575
1776610448.2987256 1776610483.8598
1776610489.8658621 1776610529.82352
1776610536.823749 1776610575.803545
1776610583.8089082 1776610620.17737
1776610622.1794457 1776610663.7722864
1776610666.7753553 1776610707.231553
1776610709.2336204 1776610752.5606296
1776610759.5677004 1776610802.388282
1776610807.3924377 1776610839.3251643
1776610845.3303344 1776610877.7830713
1776610880.7861767 1776610918.2266793
1776610925.2337484 1776610959.190483
1776610966.1943514 1776610993.7988935
1776610997.8029613 1776611033.2661858
1776611035.2663398 1776611066.3852875
1776611073.3903341 1776611096.101115
1776611104.1091785 1776611130.738327
1776611130.738367 1776611156.4001539
1776611157.4012387 1776611185.7569993
1776611194.7660832 1776611215.4980175
1776611217.5000842 1776611250.5063267
1776611252.5084138 1776611282.5408711
1776611291.5499806 1776611319.347248
1776611323.3513188 1776611350.2852166
1776611360.2953305 1776611387.5605822
1776611392.5636802 1776611418.185636
1776611418.1856709 1776611454.92557
1776611457.9264143 1776611504.4245636
1776611505.4256353 1776611548.8646169
1776611557.864986 1776611588.396571
1776611590.3986228 1776611615.2844186
1776611621.2903378 1776611656.9262443
1776611660.93033 1776611692.478507
1776611702.488575 1776611725.1678486
1776611735.1779227 1776611754.1841319
1776611761.1903343 1776611790.5773282
1776611790.577356 1776611829.9728305
1776611832.9758966 1776611867.508439
1776611870.511499 1776611903.9969192
1776611909.0019915 1776611939.8209608
1776611939.8209834 1776611988.8503644
1776611995.8574445 1776612037.9727058
1776612040.9757638 1776612092.6409073
1776612098.6423638 1776612152.1134994
1776612157.1183243 1776612200.7809732
1776612209.7900455 1776612231.2129707
1776612236.2143302 1776612259.6634178
1776612259.6634514 1776612291.9661431
1776612293.9682157 1776612324.9876037
1776612325.9886708 1776612358.614016
1776612359.6150894 1776612398.0707648
1776612406.0754726 1776612429.127899
1776612430.1289635 1776612466.638198
1776612474.6462815 1776612493.8965847
1776612503.9067001 1776612525.4073265
1776612528.410398 1776612558.0665605
1776612566.0746403 1776612592.1279624
1776612593.1290338 1776612623.4741406
1776612625.4743536 1776612653.9247506
1776612656.9278188 1776612685.0581717
1776612686.0592308 1776612718.548747
1776612727.5578225 1776612749.9321947
1776612751.9342682 1776612784.2560275
1776612787.256194 1776612819.1511514
1776612826.1582234 1776612859.760581
1776612864.7623343 1776612901.7437913
1776612906.748849 1776612933.7466054
1776612937.7506764 1776612971.7704678
1776612979.7785795 1776613008.8054698
1776613017.8143303 1776613049.6248107
1776613055.6303356 1776613086.5725071
1776613089.5746837 1776613128.9108229
1776613136.9189293 1776613162.5933115
1776613170.5945349 1776613196.0922365
1776613203.0993073 1776613232.9554667
1776613242.9623518 1776613263.9840858
1776613264.9851599 1776613297.76524
1776613298.7663226 1776613332.401827
