1776609511.4234514 1776609553.8325253
1776609557.8343415 1776609586.8542788
1776609586.854314 1776609625.956727
1776609630.9584136 1776609666.6377554
1776609674.6458294 1776609705.895385
1776609706.8958552 1776609740.2688744
1776609750.278343 1776609796.8677328
1776609798.8698187 1776609848.291361
1776609854.2974308 1776609892.5491757
1776609895.5522485 1776609939.9383783
1776609943.9423332 1776609995.385337
1776610003.3903494 1776610039.4298766
1776610042.4301205 1776610082.847229
1776610086.8513043 1776610115.9576244
1776610125.9677 1776610152.2597532
1776610154.2604525 1776610191.521754
1776610191.5217829 1776610224.50227
1776610231.509355 1776610265.6962848
1776610265.696318 1776610309.4158134
1776610316.422888 1776610345.8671882
1776610349.8689814 1776610393.166968
1776610397.1710758 1776610436.6721928
1776610440.673028 1776610482.9274313
1776610482.927492 1776610524.805919
1776610529.8103454 1776610568.528292
1776610574.5343666 1776610614.5130506
1776610621.5183644 1776610657.7709825
1776610660.77406 1776610702.246995
1776610709.254107 1776610751.2830238
1776610760.292104 1776610797.259732
1776610801.2637904 1776610834.3492746
1776610841.3563507 1776610876.3551583
1776610879.3552742 1776610917.2587924
1776610921.262871 1776610957.2863495
1776610965.2944593 1776610991.505347
1776610996.5103452 1776611030.0860016
1776611031.0870636 1776611064.5155573
1776611067.5186281 1776611096.127013
1776611101.13033 1776611126.4903784
1776611132.4945605 1776611159.1040297
1776611167.112106 1776611185.2245018
1776611186.2255688 1776611221.3447864
1776611227.3508537 1776611255.3955657
1776611259.3996344 1776611289.1409285
1776611292.1439893 1776611321.914137
1776611328.9212132 1776611354.1532571
1776611362.16132 1776611390.2677698
1776611399.2743373 1776611424.3038855
1776611424.303909 1776611458.2527137
1776611465.2597804 1776611501.6747346
1776611508.6818085 1776611548.0102408
1776611551.0133095 1776611587.6973567
1776611597.7055655 1776611619.2588751
1776611621.261017 1776611655.0890107
1776611656.0900772 1776611691.8845599
1776611694.8876364 1776611720.8864202
1776611725.8888507 1776611757.895641
1776611759.8977075 1776611788.53496
1776611797.5423298 1776611834.0761325
1776611834.0761638 1776611870.5407145
1776611878.540915 1776611906.7859643
1776611916.796033 1776611941.1740856
1776611945.1781626 1776611988.8528173
1776611993.8578885 1776612039.3292775
1776612045.335347 1776612090.2911751
1776612092.2932436 1776612140.972074
1776612144.9761403 1776612204.5417826
1776612211.5463357 1776612236.02334
1776612245.0297153 1776612265.616491
1776612273.622341 1776612296.2205381
1776612304.2286017 1776612328.6145558
1776612336.6223438 1776612360.3048344
1776612360.3048584 1776612396.2717693
1776612399.2721796 1776612433.9288917
1776612443.9389582 1776612465.7458596
1776612470.750932 1776612493.5821676
1776612500.5863402 1776612522.0716348
1776612532.0817037 1776612552.9725037
1776612554.9745727 1776612591.6614873
1776612598.6685636 1776612621.6406512
1776612626.6457183 1776612654.8673828
1776612663.8764527 1776612687.3097053
1776612695.3178544 1776612721.499228
1776612731.5000412 1776612754.9016645
1776612758.905408 1776612787.9053488
1776612792.9055972 1776612823.2580392
1776612827.2621121 1776612860.2640212
1776612868.264142 1776612899.9861927
1776612906.993245 1776612940.809971
1776612950.8200383 1776612979.431872
1776612980.4329474 1776613015.6343708
1776613020.639478 1776613056.2493768
1776613066.249781 1776613095.4426804
1776613096.4437523 1776613129.890209
1776613135.8943267 1776613157.8082204
1776613159.8102863 1776613195.021848
1776613196.0229137 1776613226.5900552
1776613236.600128 1776613256.515039
1776613262.515316 1776613292.5382493
1776613298.54432 1776613330.9165697
