1761909795.4606268 1761909867.289356
1761909867.2893834 1761909938.9492095
1761909938.9492342 1761910026.0169792
1761910026.0170126 1761910090.4471235
1761910090.4471498 1761910156.4765632
1761910156.4765902 1761910221.4565985
1761910221.4566197 1761910312.492811
1761910312.4928346 1761910365.2789543
1761910365.278976 1761910426.455028
1761910426.4550524 1761910478.8803232
1761910478.880349 1761910532.230247
1761910532.2302687 1761910598.5763776
1761910598.5764046 1761910644.1101117
1761910644.1101298 1761910689.138301
1761910689.138325 1761910754.5749116
1761910754.5749307 1761910805.557317
1761910805.5573387 1761910890.2058108
1761910890.2058384 1761910990.9063048
1761910990.9063265 1761911082.679969
1761911082.6799905 1761911174.442062
1761911174.4420881 1761911261.1603863
1761911261.16041 1761911311.734998
1761911311.735021 1761911358.7930515
1761911358.7930758 1761911400.1882312
1761911400.188253 1761911445.230023
1761911445.2300446 1761911503.2137358
1761911503.2137601 1761911559.8508477
1761911559.8508685 1761911620.030232
1761911620.0302522 1761911681.1215813
1761911681.121608 1761911734.7710147
1761911734.7710407 1761911795.1439176
1761911795.1439402 1761911856.925947
1761911856.925968 1761911912.5728936
1761911912.5729196 1761911983.361764
1761911983.3617864 1761912048.630091
1761912048.6301165 1761912103.0315838
1761912103.0316079 1761912153.4263403
1761912153.4263625 1761912210.5783317
1761912210.578354 1761912292.9598675
1761912292.9598932 1761912363.5074081
1761912363.5074282 1761912438.8202283
1761912438.8202543 1761912510.985836
1761912510.9858587 1761912561.9541845
1761912561.9542089 1761912610.999022
1761912610.9990418 1761912701.9405677
1761912701.9405942 1761912767.827921
1761912767.827942 1761912828.1812346
1761912828.1812541 1761912908.927957
1761912908.9279828 1761912974.7723064
1761912974.772331 1761913031.1057537
1761913031.1057758 1761913084.664043
1761913084.664066 1761913124.6103828
1761913124.610402 1761913153.584057
1761913153.5840828 1761913200.3219736
1761913200.322 1761913237.3131828
1761913237.3132088 1761913288.8336053
1761913288.8336265 1761913339.444797
1761913339.4448228 1761913395.8991032
1761913395.8991253 1761913447.9160879
1761913447.916111 1761913520.6690826
1761913520.6691117 1761913588.3761091
1761913588.376138 1761913659.1905785
1761913659.1905992 1761913715.4406326
1761913715.4406543 1761913789.327115
1761913789.3271406 1761913883.1071773
1761913883.1072023 1761913967.9272323
1761913967.927253 1761914048.3781815
1761914048.3782005 1761914119.9935534
1761914119.9935808 1761914194.2878876
1761914194.2879193 1761914263.3566566
1761914263.356687 1761914334.257017
1761914334.2570362 1761914403.7081835
1761914403.708215 1761914442.3052945
1761914442.3053172 1761914486.9998739
1761914486.999896 1761914572.4506629
1761914572.4506855 1761914650.6749117
1761914650.6749337 1761914731.9974914
1761914731.9975166 1761914770.3103561
1761914770.310378 1761914843.1836681
1761914843.183698 1761914913.6819777
1761914913.6820054 1761914989.0298038
1761914989.0298269 1761915070.816976
1761915070.8170016 1761915146.8328094
1761915146.8328586 1761915187.3403227
1761915187.340353 1761915238.4602828
1761915238.460304 1761915305.949462
1761915305.949483 1761915339.3089747
1761915339.3090017 1761915446.4050603
1761915446.4050922 1761915541.2387044
1761915541.23873 1761915595.245819
1761915595.2458408 1761915638.6274998
1761915638.6275249 1761915681.2005594
1761915681.20058 1761915725.541544
1761915725.541568 1761915770.3231893
1761915770.3232179 1761915839.2449346
1761915839.244967 1761915890.7512648
1761915890.751292 1761915955.2330194
1761915955.23304 1761916034.4306216
1761916034.4306426 1761916101.4745224
1761916101.4745436 1761916186.4770365
