1754882648.68865 1754882678.3717716
1754882678.371795 1754882703.7518258
1754882703.7518477 1754882725.0976937
1754882725.0977378 1754882745.7319996
1754882745.73203 1754882765.8644044
1754882765.8644319 1754882793.0020533
1754882793.0020797 1754882810.407829
1754882810.4078517 1754882832.8223774
1754882832.822404 1754882863.4659555
1754882863.4659781 1754882891.4763627
1754882891.476395 1754882916.1840003
1754882916.1840274 1754882945.094369
1754882945.0943906 1754882968.9491618
1754882968.949183 1754882993.5970573
1754882993.5970871 1754883014.7626889
1754883014.762709 1754883046.1180499
1754883046.1180742 1754883069.1541815
1754883069.1542037 1754883099.4596596
1754883099.4596915 1754883128.2273436
1754883128.2273672 1754883152.9255738
1754883152.925632 1754883179.815248
1754883179.8152692 1754883195.1146572
1754883195.1146739 1754883222.4921136
1754883222.4921348 1754883255.435418
1754883255.4354463 1754883280.47806
1754883280.4780805 1754883306.1057417
1754883306.105766 1754883327.275665
1754883327.275687 1754883351.8557415
1754883351.855764 1754883368.7876723
1754883368.7876906 1754883395.3827503
1754883395.3827713 1754883429.4161935
1754883429.4162185 1754883451.5415325
1754883451.5415528 1754883478.2885158
1754883478.2885377 1754883504.7846947
1754883504.7847137 1754883535.6906445
1754883535.6906774 1754883552.5677884
1754883552.5678055 1754883583.2623699
1754883583.262393 1754883604.5014558
1754883604.5014732 1754883637.7364447
1754883637.7364688 1754883666.9857075
1754883666.9857256 1754883697.2467723
1754883697.2468 1754883721.7229762
1754883721.7230065 1754883753.5255682
1754883753.5255878 1754883778.1143382
1754883778.1143599 1754883809.1818573
1754883809.1818795 1754883835.3507667
1754883835.3507965 1754883861.096688
1754883861.0967143 1754883889.4340196
1754883889.4340448 1754883915.9792671
1754883915.9792926 1754883941.1222622
1754883941.1222818 1754883963.5930202
1754883963.5930521 1754883992.3250253
1754883992.3250482 1754884012.271623
1754884012.271641 1754884039.9394064
1754884039.9394312 1754884062.3380203
1754884062.3380408 1754884093.2509904
1754884093.2510164 1754884117.464624
1754884117.4646502 1754884136.472829
1754884136.4728491 1754884160.0029378
1754884160.0029593 1754884183.54877
1754884183.5488238 1754884203.4803395
1754884203.4803846 1754884225.7773879
1754884225.7774105 1754884261.2363734
1754884261.236397 1754884289.705718
1754884289.7057354 1754884308.9102325
1754884308.9102557 1754884332.8603423
1754884332.8603628 1754884363.8982956
1754884363.8983202 1754884393.2535746
1754884393.2536223 1754884418.864639
1754884418.8646605 1754884444.2157214
1754884444.2157521 1754884469.9993067
1754884469.9993322 1754884488.4057815
1754884488.4058003 1754884521.8333113
1754884521.8333368 1754884544.979808
1754884544.9798295 1754884575.7980213
1754884575.798055 1754884604.654816
1754884604.654835 1754884628.3981638
1754884628.3981826 1754884658.6719563
1754884658.6719842 1754884688.830497
1754884688.8305244 1754884710.1528628
1754884710.1528838 1754884733.169888
1754884733.1699102 1754884756.7544577
1754884756.7544768 1754884779.7421374
1754884779.7421608 1754884804.509719
1754884804.5097418 1754884831.5513074
1754884831.551332 1754884857.0155044
1754884857.0155313 1754884877.9254055
1754884877.9254344 1754884909.1446116
1754884909.1446357 1754884923.0070214
1754884923.0070395 1754884946.5114565
1754884946.5114772 1754884970.0725257
1754884970.0725427 1754884994.7000146
1754884994.7000377 1754885026.6152158
1754885026.615236 1754885050.6294644
1754885050.629487 1754885077.0079074
1754885077.0079272 1754885101.7790692
1754885101.7790937 1754885117.6850638
1754885117.6850812 1754885147.531174
1754885147.5312035 1754885169.367077
1754885169.3671055 1754885191.287528
