1754882655.0603945 1754882675.9904218
1754882675.9904404 1754882700.3552923
1754882700.355319 1754882720.746978
1754882720.7470028 1754882745.5347514
1754882745.534778 1754882766.4604285
1754882766.4604526 1754882788.0229614
1754882788.0229826 1754882811.8853455
1754882811.8853629 1754882834.125114
1754882834.125136 1754882855.0766954
1754882855.0767136 1754882888.814104
1754882888.8141296 1754882916.5007777
1754882916.5007966 1754882944.6007006
1754882944.600723 1754882967.3718755
1754882967.371899 1754882994.9202378
1754882994.9202585 1754883017.8739243
1754883017.8739412 1754883040.1278172
1754883040.1278405 1754883071.7026098
1754883071.7026348 1754883097.0863721
1754883097.08639 1754883126.5170488
1754883126.5170722 1754883155.0335581
1754883155.0335793 1754883178.5357363
1754883178.5357616 1754883200.6827507
1754883200.6827683 1754883221.1182063
1754883221.1182306 1754883256.8535435
1754883256.8535638 1754883280.8533137
1754883280.8533392 1754883301.8956778
1754883301.8956988 1754883326.1557233
1754883326.1557548 1754883350.103689
1754883350.103707 1754883375.7701886
1754883375.7702122 1754883403.1655602
1754883403.1655848 1754883431.4671333
1754883431.4671514 1754883456.763334
1754883456.7633548 1754883481.425681
1754883481.4257054 1754883508.7840018
1754883508.7840295 1754883530.522603
1754883530.5226254 1754883562.4727728
1754883562.4727933 1754883583.6058075
1754883583.6058266 1754883605.8343167
1754883605.8343356 1754883641.3640747
1754883641.364101 1754883671.1889231
1754883671.1889462 1754883698.7647593
1754883698.7647834 1754883725.7984662
1754883725.7984893 1754883752.8866093
1754883752.8866358 1754883782.2526813
1754883782.2527058 1754883805.6496878
1754883805.6497052 1754883830.3161485
1754883830.3161728 1754883860.673079
1754883860.673112 1754883890.1680954
1754883890.1681197 1754883915.178526
1754883915.1785526 1754883943.093466
1754883943.0934846 1754883963.6681967
1754883963.6682205 1754883993.1692
1754883993.169224 1754884015.7481434
1754884015.7481625 1754884039.828803
1754884039.8288312 1754884067.5413558
1754884067.5413754 1754884085.3057265
1754884085.3057437 1754884110.3975594
1754884110.3975813 1754884136.5593789
1754884136.5594044 1754884157.8777876
1754884157.877805 1754884183.7695909
1754884183.7696092 1754884202.7132993
1754884202.7133226 1754884233.0847585
1754884233.0847867 1754884256.5834312
1754884256.5834522 1754884289.0538266
1754884289.05385 1754884310.5231123
1754884310.5231316 1754884329.2261841
1754884329.2262046 1754884365.9375854
1754884365.937605 1754884393.4614203
1754884393.4614484 1754884413.0197287
1754884413.0197468 1754884440.6822493
1754884440.6822689 1754884469.7118528
1754884469.7118976 1754884494.917388
1754884494.917418 1754884516.6040366
1754884516.6040633 1754884544.1158566
1754884544.1158788 1754884577.1445243
1754884577.1445506 1754884602.5804179
1754884602.580436 1754884631.7454672
1754884631.7454922 1754884656.8691
1754884656.8691206 1754884687.4494607
1754884687.4494867 1754884712.0369167
1754884712.0369384 1754884737.8942745
1754884737.8942933 1754884754.02717
1754884754.0271904 1754884778.7756565
1754884778.7756796 1754884805.0726979
1754884805.0727513 1754884830.7046804
1754884830.7047067 1754884854.363617
1754884854.3636382 1754884884.5426207
1754884884.5426447 1754884906.5410595
1754884906.5410802 1754884930.2339487
1754884930.2339835 1754884948.7084773
1754884948.708495 1754884977.4507272
1754884977.450755 1754885001.6145203
1754885001.6145504 1754885022.4250176
1754885022.4250345 1754885048.477176
1754885048.4772003 1754885078.4732962
1754885078.4733174 1754885094.1202338
1754885094.1202555 1754885121.1539307
1754885121.1539483 1754885148.6218264
1754885148.6218474 1754885171.7231073
1754885171.7231257 1754885196.2527163
