1756825664.4200635 1756825694.5584512
1756825694.558473 1756825727.506416
1756825727.506435 1756825747.9229527
1756825747.9229705 1756825769.6614904
1756825769.661517 1756825801.6569622
1756825801.6569798 1756825828.4786773
1756825828.4787009 1756825856.8466444
1756825856.846668 1756825886.9300373
1756825886.930064 1756825912.0839384
1756825912.0839684 1756825932.4842398
1756825932.484261 1756825963.894104
1756825963.8941276 1756825992.4630003
1756825992.4630258 1756826014.6720698
1756826014.6720984 1756826048.1500857
1756826048.1501045 1756826077.1946201
1756826077.1946437 1756826105.4130223
1756826105.4130418 1756826129.3870347
1756826129.3870618 1756826153.5917046
1756826153.5917263 1756826181.0670068
1756826181.0670264 1756826208.25775
1756826208.2577732 1756826240.8425882
1756826240.8426092 1756826259.2783985
1756826259.2784197 1756826283.2873597
1756826283.2873757 1756826311.4500437
1756826311.4500685 1756826337.517181
1756826337.5172024 1756826359.6382518
1756826359.6382713 1756826390.164837
1756826390.164857 1756826412.1741352
1756826412.1741593 1756826439.9576058
1756826439.957624 1756826469.808964
1756826469.8089876 1756826500.0308177
1756826500.0308402 1756826523.7138567
1756826523.7138798 1756826556.643858
1756826556.6438766 1756826583.6537185
1756826583.6537414 1756826605.8803637
1756826605.8803837 1756826633.693218
1756826633.6932404 1756826661.9790087
1756826661.9790263 1756826688.961864
1756826688.9618912 1756826716.4230852
1756826716.423104 1756826741.2476149
1756826741.247645 1756826768.4550037
1756826768.4550266 1756826801.4057422
1756826801.4057686 1756826828.0627687
1756826828.062788 1756826862.2058582
1756826862.2058864 1756826882.1088958
1756826882.1089163 1756826910.1345198
1756826910.134544 1756826931.1704483
1756826931.170466 1756826959.367224
1756826959.3672497 1756826984.9208376
1756826984.9208574 1756827014.7418408
1756827014.7418633 1756827035.6454833
1756827035.6455076 1756827067.3018413
1756827067.3018622 1756827087.380346
1756827087.3803685 1756827118.7358432
1756827118.735864 1756827152.9300222
1756827152.9300413 1756827179.6007566
1756827179.6007817 1756827206.1211452
1756827206.121184 1756827228.287685
1756827228.2877107 1756827259.8286753
1756827259.828698 1756827287.2407916
1756827287.2408264 1756827314.8800108
1756827314.880039 1756827347.617507
1756827347.6175332 1756827369.2779608
1756827369.2779868 1756827393.943712
1756827393.9437358 1756827418.2740436
1756827418.2740774 1756827455.2458665
1756827455.245891 1756827483.1345065
1756827483.1345267 1756827505.768068
1756827505.768094 1756827533.9936357
1756827533.9936597 1756827554.6293223
1756827554.629343 1756827588.0609164
1756827588.060937 1756827611.5792916
1756827611.5793118 1756827644.6725767
1756827644.6725981 1756827670.996858
1756827670.9968798 1756827699.0335484
1756827699.0335698 1756827723.3996444
1756827723.3996665 1756827751.667826
1756827751.6678526 1756827782.2173338
1756827782.2173524 1756827812.4449553
1756827812.4449785 1756827835.678166
1756827835.6781886 1756827865.9701545
1756827865.970179 1756827892.3835182
1756827892.3835473 1756827920.2646146
1756827920.2646384 1756827947.0545666
1756827947.054592 1756827975.3045979
1756827975.3046312 1756827992.528903
1756827992.528921 1756828020.1712582
1756828020.1712825 1756828040.306259
1756828040.3062773 1756828078.0672472
1756828078.0672781 1756828107.7385955
1756828107.7386138 1756828124.9529183
1756828124.9529424 1756828150.5899572
1756828150.589977 1756828174.1895533
1756828174.1895897 1756828201.2435153
1756828201.2435398 1756828223.240219
1756828223.2402442 1756828256.7362087
1756828256.7362292 1756828276.2980723
1756828276.2981043 1756828306.45873
1756828306.4587474 1756828335.3735576
1756828335.3735847 1756828361.8559623
