1763526232.0614939 1763526354.2849486
1763526355.2861927 1763526454.1369717
1763526454.137045 1763526653.0529382
1763526660.058892 1763526843.203649
1763526849.2097843 1763527064.2971537
1763527072.3053384 1763527257.780059
1763527262.7852564 1763527378.4442248
1763527380.4463415 1763527592.5979295
1763527592.5980668 1763527669.3599963
1763527679.3668907 1763527773.6723046
1763527775.6744194 1763527879.6534688
1763527883.6576676 1763527970.7792926
1763527979.7884898 1763528118.9932137
1763528119.9943283 1763528219.248134
1763528223.250892 1763528339.7184258
1763528347.7265449 1763528463.7782192
1763528465.7803993 1763528687.3318253
1763528695.3399417 1763528818.287744
1763528824.2939272 1763528923.1311111
1763528923.1311836 1763529036.3740325
1763529041.3792121 1763529136.7220492
1763529145.7311718 1763529279.0784078
1763529279.0785422 1763529389.7277176
1763529398.7368917 1763529534.1454647
1763529541.1526198 1763529661.409885
1763529670.410523 1763529804.8538883
1763529805.854995 1763529937.0151513
1763529946.0243456 1763530014.4780889
1763530017.481219 1763530208.0483756
1763530214.0508928 1763530407.687855
1763530413.693971 1763530533.5710933
1763530539.57728 1763530674.2360244
1763530682.2441344 1763530820.4457989
1763530829.454988 1763530935.137892
1763530935.1379678 1763531031.8139477
1763531039.8221269 1763531185.084098
1763531185.0842392 1763531332.1870773
1763531336.191193 1763531463.406644
1763531469.4128368 1763531645.923696
1763531646.9248183 1763531785.6424155
1763531789.6466093 1763531975.1717634
1763531983.1799538 1763532116.8835037
1763532120.887629 1763532211.4513278
1763532218.4585245 1763532326.6741476
1763532331.6792715 1763532468.3272927
1763532471.330489 1763532667.1674325
1763532671.1715512 1763532779.4093037
1763532782.4124823 1763532891.6630049
1763532891.6630797 1763532992.317054
1763532998.3232427 1763533107.365227
1763533113.371346 1763533310.4198215
1763533311.4209938 1763533494.3924367
1763533500.398632 1763533634.9980216
1763533634.998092 1763533787.106516
1763533787.1066582 1763533885.7591226
1763533886.7602565 1763533998.0452168
1763534003.046892 1763534129.4292035
1763534130.4303179 1763534238.3405619
1763534242.344737 1763534384.2625656
1763534389.2676804 1763534502.2365992
1763534506.240781 1763534605.5174658
1763534609.5215943 1763534718.9442887
1763534725.9509454 1763534928.6594994
1763534937.668662 1763535047.583625
1763535056.5927713 1763535185.631132
1763535187.6333168 1763535319.4923604
1763535329.5024767 1763535376.3315847
1763535377.3327606 1763535574.6354964
1763535578.6396444 1763535846.5778847
1763535855.5821745 1763536027.2184913
1763536034.2256694 1763536166.8141174
1763536167.8152218 1763536325.1748452
1763536334.1750882 1763536506.6770012
1763536509.6801429 1763536634.5048041
1763536642.5129874 1763536704.5331752
1763536706.5352976 1763536839.486274
1763536849.4925458 1763536968.4921353
1763536971.4952695 1763537132.8694656
1763537133.87065 1763537263.2904336
1763537267.2945528 1763537361.3777812
1763537364.380968 1763537502.2861948
1763537509.2864258 1763537703.1643305
1763537710.1715126 1763537842.2570074
1763537844.2591205 1763538006.5531414
1763538010.5548773 1763538164.8199697
1763538169.825157 1763538285.558917
1763538289.5630422 1763538431.6819692
1763538434.6851447 1763538534.2857103
1763538542.2938333 1763538671.0592256
1763538679.0674078 1763538873.3446407
1763538873.3447776 1763539097.7746925
1763539100.7778075 1763539213.6666968
1763539223.676898 1763539350.2445085
1763539351.244742 1763539482.4900587
1763539483.491193 1763539601.8730319
1763539609.8812199 1763539756.5431988
1763539756.5432694 1763539872.6120546
1763539877.6172106 1763539992.5400507
1763540001.5491903 1763540051.0800643
1763540058.086886 1763540221.8016984
