1760586708.7603648 1760586727.5243604
1760586728.5246058 1760586751.3135166
1760586757.3195992 1760586783.6046884
1760586784.6051292 1760586813.4481936
1760586814.4493332 1760586843.8865345
1760586852.8956952 1760586869.5138967
1760586873.5180523 1760586897.255033
1760586906.263751 1760586925.0761952
1760586925.0762203 1760586950.361571
1760586957.367797 1760586979.122459
1760586986.1276717 1760586999.7743888
1760587001.7756793 1760587034.6754851
1760587044.685656 1760587070.255196
1760587074.259261 1760587090.2872145
1760587100.2956877 1760587126.906636
1760587128.9087715 1760587155.4403298
1760587161.4436858 1760587183.633502
1760587184.6345985 1760587210.9210577
1760587218.9292622 1760587243.0275586
1760587253.0356832 1760587273.350289
1760587279.35572 1760587300.1749475
1760587301.1756847 1760587327.7778382
1760587337.787671 1760587355.1876214
1760587356.1886983 1760587382.7639947
1760587384.766151 1760587406.6879184
1760587410.6920118 1760587432.2685733
1760587440.275709 1760587455.8784533
1760587464.8876128 1760587484.3555214
1760587492.3612711 1760587509.5161612
1760587514.5196955 1760587534.8054085
1760587537.80852 1760587560.0902917
1760587568.098436 1760587584.2589471
1760587593.2681088 1760587612.7441654
1760587614.7463074 1760587638.0083954
1760587648.018574 1760587673.7602434
1760587678.763686 1760587706.713385
1760587713.7196083 1760587746.2917705
1760587747.292849 1760587781.29677
1760587790.3036354 1760587822.8605337
1760587824.8618975 1760587862.5469918
1760587867.552095 1760587899.48659
1760587900.4877048 1760587935.3217266
1760587936.3219786 1760587975.589678
1760587980.591689 1760588011.78107
1760588014.7836835 1760588054.2801857
1760588056.2822819 1760588089.0990143
1760588098.1077104 1760588122.177278
1760588128.1798124 1760588152.7690954
1760588156.7720737 1760588187.2752864
1760588192.279992 1760588220.867152
1760588223.8676264 1760588252.091517
1760588257.0964227 1760588288.9609003
1760588290.9630473 1760588321.7649715
1760588325.7676384 1760588354.5624895
1760588360.5678742 1760588381.435451
1760588391.4436653 1760588412.582607
1760588412.5826402 1760588445.0424578
1760588454.047653 1760588474.480727
1760588480.4851928 1760588503.0078108
1760588511.0156374 1760588535.921102
1760588540.9236374 1760588566.1697958
1760588570.171635 1760588594.9091873
1760588597.9116173 1760588625.7472095
1760588626.7476578 1760588656.7948844
1760588656.794925 1760588692.913301
1760588698.915713 1760588720.6972084
1760588722.699312 1760588748.6721408
1760588757.67965 1760588776.3524902
1760588778.3545747 1760588802.091696
1760588805.094826 1760588832.236858
1760588834.2389357 1760588861.1447232
1760588867.1482732 1760588887.7652695
1760588893.7676811 1760588916.1445906
1760588924.151686 1760588944.393109
1760588954.4033217 1760588972.9166837
1760588977.9196324 1760589002.4946835
1760589007.4998503 1760589029.7523775
1760589035.755779 1760589056.4145129
1760589061.41568 1760589087.966595
1760589088.9676332 1760589116.9518805
1760589126.9619987 1760589141.7213812
1760589147.7236814 1760589167.5757265
1760589176.5849714 1760589191.0707252
1760589193.0716262 1760589216.0140343
1760589221.0156744 1760589242.8298235
1760589244.8319283 1760589264.4174023
1760589270.4196248 1760589290.3540723
1760589292.3561602 1760589318.9206388
1760589323.9236248 1760589342.6058486
1760589345.607619 1760589366.3982632
1760589368.4003956 1760589391.9400945
1760589399.9481874 1760589419.2248406
1760589419.2248676 1760589443.7996542
1760589444.800352 1760589469.6419148
1760589477.64767 1760589498.8410838
1760589501.8436654 1760589532.3974686
1760589538.4036944 1760589567.3783689
1760589567.3783998 1760589601.745636
1760589605.7476401 1760589631.0075214
1760589636.0077913 1760589660.3674147
