1754988593.6698937 1754988638.6986408
1754988638.6986706 1754988675.048662
1754988675.0486827 1754988696.5575695
1754988696.5576138 1754988728.2658722
1754988728.265899 1754988759.9368138
1754988759.9368522 1754988789.1656642
1754988789.1656885 1754988811.914409
1754988811.914431 1754988841.6453333
1754988841.6453538 1754988875.5056787
1754988875.5057046 1754988903.7813842
1754988903.7814097 1754988931.3164573
1754988931.3164833 1754988965.7596486
1754988965.7596745 1754988991.7637706
1754988991.7637973 1754989019.9987354
1754989019.9987552 1754989047.866538
1754989047.8665593 1754989078.8954697
1754989078.8954904 1754989113.1483853
1754989113.1484158 1754989138.1354003
1754989138.1354284 1754989172.6847744
1754989172.684803 1754989200.8787582
1754989200.8787832 1754989227.7256792
1754989227.7257013 1754989266.3427267
1754989266.3427482 1754989290.2985647
1754989290.298586 1754989317.5839314
1754989317.5839524 1754989357.1769545
1754989357.1769788 1754989371.8460903
1754989371.8461132 1754989418.1076126
1754989418.1076386 1754989442.136478
1754989442.1365125 1754989471.5129476
1754989471.5129771 1754989506.8003078
1754989506.8003337 1754989529.7055967
1754989529.7056184 1754989562.0574808
1754989562.0575075 1754989590.0021224
1754989590.0021422 1754989627.6817925
1754989627.6818166 1754989642.2842448
1754989642.284265 1754989679.1624136
1754989679.1624453 1754989707.495548
1754989707.495577 1754989749.151666
1754989749.1516888 1754989767.6772008
1754989767.6772206 1754989800.836258
1754989800.8363369 1754989829.615811
1754989829.615835 1754989865.732355
1754989865.7323859 1754989898.1332629
1754989898.1332886 1754989924.209147
1754989924.2091684 1754989955.486151
1754989955.4861722 1754989985.3621767
1754989985.362204 1754990024.2663722
1754990024.2663918 1754990047.7791336
1754990047.7791617 1754990077.9520204
1754990077.9520493 1754990103.4304805
1754990103.4305003 1754990137.6988897
1754990137.698915 1754990172.8473864
1754990172.847426 1754990203.2919953
1754990203.2920253 1754990239.7485797
1754990239.7486005 1754990267.7080896
1754990267.7081137 1754990297.3648949
1754990297.3649201 1754990319.5916245
1754990319.5916517 1754990351.6380007
1754990351.6380231 1754990384.2901344
1754990384.2901597 1754990410.5796614
1754990410.579685 1754990445.9177942
1754990445.9178152 1754990478.1408103
1754990478.1408348 1754990509.3552535
1754990509.3552794 1754990539.1562905
1754990539.1563182 1754990573.9758067
1754990573.975835 1754990601.3534534
1754990601.3534722 1754990628.8853388
1754990628.8853638 1754990660.6278791
1754990660.6279008 1754990692.2037234
1754990692.2037477 1754990719.61953
1754990719.6195512 1754990757.5524573
1754990757.552479 1754990792.226368
1754990792.226394 1754990822.3401005
1754990822.3401215 1754990851.5099516
1754990851.5099788 1754990887.9234452
1754990887.9234645 1754990901.9060843
1754990901.90611 1754990943.096072
1754990943.0960927 1754990971.9300346
1754990971.9300616 1754991007.8404667
1754991007.8404903 1754991034.940371
1754991034.9404051 1754991054.580868
1754991054.5808861 1754991099.2532961
1754991099.253337 1754991122.4105406
1754991122.4105613 1754991155.1458766
1754991155.1458983 1754991183.3180842
1754991183.3181105 1754991215.220567
1754991215.2205884 1754991248.1801784
1754991248.1802044 1754991281.4859953
1754991281.4860334 1754991309.419291
1754991309.4193122 1754991335.401285
1754991335.4013083 1754991371.4417324
1754991371.4417598 1754991401.962483
1754991401.962503 1754991418.5423217
1754991418.5423472 1754991452.139812
1754991452.139835 1754991485.0495336
1754991485.0495663 1754991503.9078197
1754991503.90784 1754991540.7900698
1754991540.790094 1754991569.471276
1754991569.471299 1754991599.8398912
1754991599.8399117 1754991634.5205672
