1756966291.6463053 1756966320.4271197
1756966320.4271407 1756966342.2839801
1756966342.2839994 1756966367.3076422
1756966367.3076632 1756966392.4477139
1756966392.447739 1756966409.4190469
1756966409.4190679 1756966434.6834254
1756966434.6834457 1756966456.985579
1756966456.9855974 1756966485.5076344
1756966485.507657 1756966509.6330805
1756966509.6331115 1756966530.8670065
1756966530.86705 1756966557.2446358
1756966557.244666 1756966583.2468798
1756966583.2469149 1756966604.18102
1756966604.1810439 1756966627.731092
1756966627.7311168 1756966655.8613079
1756966655.8613348 1756966682.4358273
1756966682.4358592 1756966707.552198
1756966707.5522285 1756966733.8392425
1756966733.8392668 1756966762.1100705
1756966762.1101437 1756966786.9222357
1756966786.922258 1756966809.8208349
1756966809.8208632 1756966837.1490684
1756966837.149093 1756966863.6260424
1756966863.626066 1756966884.8227518
1756966884.8227742 1756966911.9337068
1756966911.9337378 1756966938.0840929
1756966938.0841208 1756966964.993257
1756966964.9932806 1756966988.614622
1756966988.6146514 1756967010.6159933
1756967010.616018 1756967029.5742164
1756967029.574241 1756967058.4507723
1756967058.4508011 1756967084.51184
1756967084.511868 1756967107.9580667
1756967107.9580925 1756967134.1673932
1756967134.1674206 1756967158.4290125
1756967158.429035 1756967187.5608475
1756967187.5608752 1756967213.6313896
1756967213.6314125 1756967238.516417
1756967238.5164433 1756967271.3008633
1756967271.3008904 1756967296.925738
1756967296.9257634 1756967315.43439
1756967315.4344158 1756967344.2312372
1756967344.2312582 1756967370.6087162
1756967370.6087422 1756967392.6079493
1756967392.6079762 1756967411.1351736
1756967411.135197 1756967445.422406
1756967445.4224348 1756967468.6790226
1756967468.679046 1756967490.1858149
1756967490.185851 1756967519.2920527
1756967519.2920856 1756967539.7778983
1756967539.777926 1756967560.1802871
1756967560.1803133 1756967583.929358
1756967583.9293814 1756967611.6088014
1756967611.6088333 1756967637.824635
1756967637.8246624 1756967666.453122
1756967666.4531562 1756967692.9303756
1756967692.9304035 1756967718.7546806
1756967718.7547038 1756967743.3706748
1756967743.3707004 1756967762.4272325
1756967762.4272566 1756967782.0494978
1756967782.0495224 1756967816.4702327
1756967816.4702628 1756967841.4229984
1756967841.4230285 1756967863.8614593
1756967863.8614902 1756967886.2582717
1756967886.258301 1756967909.6848783
1756967909.684912 1756967933.7708404
1756967933.7708707 1756967960.7688065
1756967960.768837 1756967986.9228914
1756967986.9229157 1756968012.3498926
1756968012.349917 1756968028.0242858
1756968028.0243123 1756968053.655733
1756968053.6557622 1756968076.0811281
1756968076.081159 1756968098.7211313
1756968098.7211576 1756968122.6880808
1756968122.688108 1756968148.3314545
1756968148.3314855 1756968172.8559878
1756968172.856015 1756968197.833403
1756968197.8334272 1756968231.1159604
1756968231.1159985 1756968255.3255458
1756968255.325574 1756968283.0674193
1756968283.067447 1756968306.5405812
1756968306.5406165 1756968326.9971707
1756968326.9971952 1756968351.3511856
1756968351.3512118 1756968373.0822597
1756968373.0822835 1756968402.1013148
1756968402.1013424 1756968430.5714312
1756968430.5714662 1756968448.7446818
1756968448.7447057 1756968471.9440074
1756968471.9440382 1756968503.6578844
1756968503.6579146 1756968526.4431968
1756968526.4432213 1756968545.210167
1756968545.2101905 1756968581.1150885
1756968581.1151147 1756968600.5679216
1756968600.5679529 1756968624.4946716
1756968624.4946964 1756968652.5248394
1756968652.5248709 1756968676.2363508
1756968676.2363758 1756968693.9801936
1756968693.9802153 1756968726.489962
1756968726.4899957 1756968754.1938658
1756968754.1938977 1756968782.3322098
