1776181865.2890751 1776181909.1905057
1776181909.1905317 1776181941.094023
1776181941.0940464 1776181999.4334612
1776181999.4334846 1776182039.057133
1776182039.0571573 1776182081.231518
1776182081.2315369 1776182130.1551058
1776182130.1551301 1776182179.294791
1776182179.294817 1776182225.1917894
1776182225.1918077 1776182278.856768
1776182278.8567915 1776182321.8715525
1776182321.8715768 1776182358.4530168
1776182358.45304 1776182416.8431647
1776182416.8431885 1776182456.2656722
1776182456.2656918 1776182511.1469738
1776182511.1469975 1776182540.4668784
1776182540.4669018 1776182577.3939168
1776182577.3939402 1776182629.2465558
1776182629.24658 1776182670.6395795
1776182670.6396048 1776182698.6164794
1776182698.6164978 1776182740.5447264
1776182740.5447514 1776182786.6567996
1776182786.6568236 1776182830.5975785
1776182830.5976028 1776182872.4143834
1776182872.4144027 1776182913.943354
1776182913.9433916 1776182946.5352526
1776182946.535271 1776182985.3320556
1776182985.3320782 1776183029.0882354
1776183029.0882583 1776183074.077223
1776183074.0772424 1776183111.2889397
1776183111.2889628 1776183150.358323
1776183150.35835 1776183199.8063045
1776183199.806338 1776183242.8236866
1776183242.8237033 1776183288.8761632
1776183288.8761883 1776183339.8276129
1776183339.8276322 1776183382.5290477
1776183382.529085 1776183438.090585
1776183438.0906143 1776183479.3447793
1776183479.3447988 1776183511.4796815
1776183511.4797046 1776183561.500487
1776183561.500511 1776183596.329639
1776183596.3296573 1776183639.026279
1776183639.0263145 1776183685.9684613
1776183685.9684856 1776183727.894325
1776183727.8943448 1776183759.6745675
1776183759.6745923 1776183801.8788016
1776183801.8788285 1776183841.4643366
1776183841.4643548 1776183874.6337168
1776183874.63374 1776183918.5680673
1776183918.5680866 1776183959.5627487
1776183959.5627728 1776184001.829321
1776184001.8293524 1776184044.547908
1776184044.5479264 1776184084.5035174
1776184084.503541 1776184118.3799777
1776184118.3800032 1776184155.3462143
1776184155.3462386 1776184200.745024
1776184200.745042 1776184242.788925
1776184242.788948 1776184288.3453724
1776184288.3453906 1776184328.7858691
1776184328.7858937 1776184374.7357028
1776184374.7357323 1776184419.041683
1776184419.0417085 1776184461.211473
1776184461.2114909 1776184497.1250134
1776184497.1250453 1776184534.4179053
1776184534.417929 1776184587.1049066
1776184587.1049297 1776184626.9000342
1776184626.9000516 1776184670.475942
1776184670.475966 1776184716.0958648
1776184716.095885 1776184757.069444
1776184757.0694695 1776184799.1806037
1776184799.180629 1776184841.2095966
1776184841.2096148 1776184882.7636309
1776184882.7636569 1776184922.3526256
1776184922.3526428 1776184969.9680822
1776184969.968107 1776185015.6528614
1776185015.6528845 1776185057.2686014
1776185057.2686267 1776185098.0468967
1776185098.0469203 1776185146.5316548
1776185146.5316806 1776185180.831497
1776185180.8315206 1776185233.0097444
1776185233.0097625 1776185272.0968988
1776185272.096922 1776185318.5377443
1776185318.5377636 1776185358.186875
1776185358.186901 1776185405.45862
1776185405.458656 1776185450.295885
1776185450.2959065 1776185496.5636437
1776185496.5636697 1776185540.74016
1776185540.74018 1776185580.5693772
1776185580.5693953 1776185625.5510306
1776185625.5510566 1776185667.7668338
1776185667.7668514 1776185712.78593
1776185712.7859542 1776185754.067613
1776185754.0676377 1776185788.9995658
1776185788.9995842 1776185837.7819178
1776185837.7819428 1776185888.0310822
1776185888.0311027 1776185930.546363
1776185930.546389 1776185963.8483508
1776185963.8483737 1776186007.5059807
1776186007.5060034 1776186054.3925722
1776186054.392596 1776186103.78897
1776186103.7889938 1776186158.770206
