1776181859.318849 1776181905.9664674
1776181905.966495 1776181955.595981
1776181955.5960302 1776181995.8293645
1776181995.8293893 1776182036.245311
1776182036.2453358 1776182086.1796618
1776182086.1796877 1776182132.7189374
1776182132.7189639 1776182178.9544342
1776182178.9544594 1776182216.9711273
1776182216.9711452 1776182275.7100308
1776182275.7100785 1776182318.9145167
1776182318.914546 1776182360.8920898
1776182360.892116 1776182416.034097
1776182416.0341206 1776182460.3621836
1776182460.362218 1776182513.0355918
1776182513.035615 1776182545.9393623
1776182545.9393868 1776182585.523715
1776182585.5237422 1776182631.808885
1776182631.8089116 1776182669.4670618
1776182669.467091 1776182715.6237545
1776182715.623821 1776182747.1000528
1776182747.100078 1776182793.2391279
1776182793.2391536 1776182827.97236
1776182827.9723797 1776182856.8789186
1776182856.878966 1776182905.7386384
1776182905.738664 1776182947.2843413
1776182947.2843628 1776182989.4304428
1776182989.430469 1776183032.0247705
1776183032.0247927 1776183076.2039592
1776183076.2039852 1776183117.5087602
1776183117.508781 1776183157.9568524
1776183157.9568772 1776183204.6704886
1776183204.6705093 1776183247.894318
1776183247.8943422 1776183285.9320774
1776183285.9320974 1776183332.4969316
1776183332.496956 1776183379.7606463
1776183379.7606657 1776183431.91035
1776183431.9103754 1776183477.2635431
1776183477.263563 1776183516.1819973
1776183516.182022 1776183564.458354
1776183564.458384 1776183604.8724468
1776183604.8724668 1776183641.6841333
1776183641.6841588 1776183676.1399994
1776183676.1400237 1776183724.7121923
1776183724.7122178 1776183762.910395
1776183762.9104202 1776183803.1531596
1776183803.15318 1776183842.9742546
1776183842.9743102 1776183879.8771224
1776183879.8771431 1776183910.3734076
1776183910.3734274 1776183957.6666214
1776183957.6666536 1776184003.44239
1776184003.4424145 1776184039.5071726
1776184039.5071926 1776184078.805765
1776184078.8057926 1776184118.5188496
1776184118.5188708 1776184163.9989097
1776184163.9989345 1776184204.6278577
1776184204.6278794 1776184245.1469803
1776184245.1469975 1776184279.5903184
1776184279.5903432 1776184333.0991611
1776184333.0991874 1776184371.012526
1776184371.0125456 1776184400.558409
1776184400.5584354 1776184455.7683916
1776184455.7684126 1776184498.3272514
1776184498.3272786 1776184539.9358807
1776184539.935901 1776184584.4590478
1776184584.4590747 1776184627.8676414
1776184627.8676605 1776184666.0153792
1776184666.0154047 1776184713.0724995
1776184713.072519 1776184749.3506844
1776184749.350709 1776184802.7729335
1776184802.7729542 1776184841.154034
1776184841.1540723 1776184881.4994106
1776184881.4994311 1776184930.1504626
1776184930.1504886 1776184973.6794267
1776184973.679447 1776185017.125343
1776185017.1253686 1776185050.636685
1776185050.636704 1776185104.786239
1776185104.7862668 1776185142.8351903
1776185142.835216 1776185184.816095
1776185184.8161147 1776185230.9016283
1776185230.901653 1776185267.2732365
1776185267.2732575 1776185306.5515432
1776185306.551569 1776185354.8963304
1776185354.8963563 1776185405.263817
1776185405.2638402 1776185452.1587
1776185452.1587267 1776185491.9349282
1776185491.934949 1776185540.7532918
1776185540.753319 1776185580.8950474
1776185580.895073 1776185621.1907487
1776185621.1907768 1776185656.1526418
1776185656.152668 1776185709.2159433
1776185709.2159631 1776185747.487079
1776185747.4871058 1776185797.1959696
1776185797.1959972 1776185841.878091
1776185841.8781106 1776185882.2108881
1776185882.2109244 1776185926.8326523
1776185926.83268 1776185972.022239
1776185972.0222611 1776186023.942335
1776186023.9423645 1776186061.3568866
1776186061.3569148 1776186112.8763769
1776186112.8763995 1776186160.1796975
