1776181862.7358015 1776181902.763113
1776181902.7631328 1776181954.4581845
1776181954.458207 1776181995.261499
1776181995.261526 1776182045.5833156
1776182045.5833411 1776182087.9928617
1776182087.9928827 1776182134.1269176
1776182134.1269448 1776182182.9842205
1776182182.9842496 1776182226.2600365
1776182226.2600627 1776182273.8469443
1776182273.8469703 1776182317.7912676
1776182317.7912881 1776182362.61675
1776182362.616776 1776182408.7770772
1776182408.7771032 1776182460.0312195
1776182460.03126 1776182509.1630492
1776182509.1630754 1776182548.3355062
1776182548.3355267 1776182582.9629693
1776182582.962996 1776182627.720438
1776182627.7204592 1776182663.2829194
1776182663.2829459 1776182716.2510412
1776182716.251067 1776182748.8749344
1776182748.874957 1776182793.4530966
1776182793.4531229 1776182825.1473103
1776182825.1473312 1776182867.5097785
1776182867.5098038 1776182915.7458112
1776182915.7458372 1776182944.2264764
1776182944.2265027 1776182990.0588906
1776182990.0589163 1776183031.0711172
1776183031.0711367 1776183066.5067875
1776183066.5068142 1776183115.5464098
1776183115.5464382 1776183155.8890243
1776183155.8890498 1776183203.076672
1776183203.076693 1776183239.5347545
1776183239.534781 1776183293.1029751
1776183293.1030157 1776183341.4107342
1776183341.4107559 1776183389.7258859
1776183389.72592 1776183435.0384228
1776183435.0384445 1776183478.181343
1776183478.1814044 1776183519.445076
1776183519.4450943 1776183559.1922326
1776183559.1922572 1776183603.9218335
1776183603.9218576 1776183633.9202504
1776183633.9202707 1776183679.5397327
1776183679.5397646 1776183724.4163775
1776183724.4164033 1776183766.432505
1776183766.432523 1776183801.7092621
1776183801.7092876 1776183845.8682714
1776183845.8682935 1776183877.5028434
1776183877.5028632 1776183918.069511
1776183918.0695305 1776183962.5071044
1776183962.5071292 1776184001.9836464
1776184001.983664 1776184041.409298
1776184041.4093237 1776184081.0871542
1776184081.087181 1776184121.5498006
1776184121.54982 1776184152.4970841
1776184152.4971087 1776184205.9276114
1776184205.9276376 1776184244.1390777
1776184244.1390977 1776184288.1746998
1776184288.174734 1776184331.8957
1776184331.895719 1776184370.386078
1776184370.3861027 1776184403.1416614
1776184403.1416857 1776184454.8601832
1776184454.8602083 1776184494.9644535
1776184494.9644928 1776184540.8749785
1776184540.874998 1776184582.6531982
1776184582.6532235 1776184627.1353803
1776184627.1353998 1776184672.4287944
1776184672.4288197 1776184705.4497986
1776184705.4498227 1776184759.2302403
1776184759.2302628 1776184802.7943106
1776184802.7943368 1776184835.0894833
1776184835.089507 1776184880.2784824
1776184880.2785017 1776184932.0439527
1776184932.0439775 1776184960.538374
1776184960.538398 1776185019.4462667
1776185019.446287 1776185051.895582
1776185051.8956068 1776185099.2345235
1776185099.2345433 1776185145.0525312
1776185145.0525632 1776185188.8493662
1776185188.8493934 1776185221.3017788
1776185221.301802 1776185261.5927494
1776185261.5927737 1776185317.1731873
1776185317.1732235 1776185347.9608352
1776185347.9608555 1776185404.9071414
1776185404.9071598 1776185448.720768
1776185448.720805 1776185497.3102663
1776185497.3102987 1776185539.2061872
1776185539.2062137 1776185584.834437
1776185584.8344693 1776185629.218361
1776185629.218388 1776185663.6108763
1776185663.6108952 1776185705.6972594
1776185705.6972845 1776185752.7353067
1776185752.735328 1776185797.7955647
1776185797.7955914 1776185838.0110466
1776185838.0110736 1776185887.8610249
1776185887.8610492 1776185926.0478382
1776185926.0478578 1776185973.5048842
1776185973.504928 1776186018.1011226
1776186018.1011443 1776186059.5655088
1776186059.5655332 1776186104.3273454
1776186104.3273704 1776186159.192138
