1757141274.117783 1757141298.790252
1757141299.7914548 1757141323.8090725
1757141332.8181775 1757141359.4422736
1757141367.4504626 1757141385.9833808
1757141391.987624 1757141423.3859847
1757141431.3941207 1757141454.2859373
1757141457.287666 1757141482.351011
1757141489.355675 1757141515.553086
1757141517.5550554 1757141544.6021876
1757141549.6073327 1757141572.3082016
1757141580.3105674 1757141601.9676905
1757141605.971664 1757141629.5532088
1757141635.5593777 1757141656.7198312
1757141666.7299793 1757141689.4717505
1757141690.4728851 1757141715.4811523
1757141719.4836607 1757141746.7439315
1757141748.7460117 1757141774.3233395
1757141775.3237088 1757141808.5942316
1757141817.599666 1757141835.7337723
1757141838.735625 1757141868.811678
1757141871.8148007 1757141902.559472
1757141903.5605466 1757141931.6491385
1757141939.657275 1757141958.7175176
1757141959.7187002 1757141995.9765856
1757141999.9807181 1757142026.5387864
1757142032.5437024 1757142057.5522661
1757142060.5553892 1757142088.426508
1757142096.4316115 1757142107.7528095
1757142112.7556121 1757142145.0232615
1757142151.0294237 1757142171.3920538
1757142180.4011874 1757142195.90024
1757142198.9023366 1757142228.4984334
1757142235.5054991 1757142258.2762907
1757142258.2763164 1757142288.8778045
1757142296.8841114 1757142309.2580216
1757142315.2636147 1757142352.1046665
1757142354.106805 1757142388.2761216
1757142396.2836726 1757142419.530923
1757142420.532042 1757142448.2755039
1757142453.279631 1757142479.765915
1757142488.7750688 1757142506.1001623
1757142509.1032803 1757142530.1875257
1757142535.1926398 1757142561.0954077
1757142568.102475 1757142588.6220803
1757142588.6221087 1757142621.4159076
1757142628.419646 1757142658.0607953
1757142667.0699165 1757142689.6796136
1757142689.6796424 1757142722.297639
1757142725.2996767 1757142754.2770917
1757142756.2791607 1757142779.705736
1757142788.7116303 1757142803.693909
1757142803.6939325 1757142836.3717418
1757142836.3717754 1757142858.958561
1757142866.96667 1757142896.0407526
1757142903.0476665 1757142927.2869027
1757142928.2876632 1757142956.7619772
1757142962.7681088 1757142987.9277894
1757142992.932864 1757143010.5400605
1757143015.5451343 1757143047.639397
1757143057.6476238 1757143081.4309976
1757143090.4400737 1757143103.291307
1757143105.2916098 1757143136.5497487
1757143137.5505419 1757143164.832243
1757143164.8322759 1757143198.6994424
1757143199.7001092 1757143228.133483
1757143233.135663 1757143253.9953864
1757143260.9995542 1757143285.9720094
1757143293.9796805 1757143316.349152
1757143326.359281 1757143346.920872
1757143347.9219706 1757143373.7338104
1757143375.7359335 1757143408.9992723
1757143419.0076735 1757143437.6926298
1757143438.6937451 1757143468.5601747
1757143478.5702713 1757143490.723155
1757143499.7317193 1757143524.8886805
1757143527.8918097 1757143551.3331404
1757143552.3335211 1757143583.057214
1757143590.0643384 1757143612.8847568
1757143613.8851862 1757143641.5664258
1757143643.5684967 1757143667.830715
1757143669.831616 1757143698.8639262
1757143698.8639495 1757143729.0783627
1757143737.083955 1757143761.062846
1757143761.06288 1757143794.1641486
1757143802.1722238 1757143821.5687323
1757143830.5756192 1757143854.29444
1757143856.2956767 1757143878.5728586
1757143878.5728924 1757143902.800098
1757143903.8012915 1757143933.6692743
1757143939.6753983 1757143963.7469685
1757143969.7516947 1757143989.9250536
1757143996.9321764 1757144025.1709197
1757144029.17161 1757144053.6866522
1757144053.6866822 1757144084.6777036
1757144084.6777349 1757144113.282943
1757144119.287687 1757144145.7131968
1757144148.715609 1757144174.2105396
1757144176.2116659 1757144196.9480453
1757144198.9487555 1757144230.6010618
1757144233.6041508 1757144252.4891205
