1757141272.3457644 1757141298.538135
1757141305.5437639 1757141329.9503958
1757141333.954513 1757141357.9191928
1757141363.9253228 1757141390.4884064
1757141396.4944744 1757141422.8963842
1757141430.9040213 1757141452.5773568
1757141462.578779 1757141482.6128175
1757141486.6169455 1757141512.3429089
1757141516.3436432 1757141545.647814
1757141548.6509566 1757141574.428898
1757141580.4350076 1757141603.9620838
1757141610.9692008 1757141625.666909
1757141634.6760502 1757141655.5137014
1757141662.5209143 1757141687.2803907
1757141691.2838752 1757141716.972554
1757141716.9725878 1757141738.072583
1757141748.0827239 1757141777.8379498
1757141777.8379858 1757141808.192922
1757141808.1929536 1757141835.7334805
1757141837.7339356 1757141865.2748613
1757141865.2748933 1757141900.8913252
1757141908.895665 1757141931.6022136
1757141933.6043484 1757141958.4953086
1757141960.4963768 1757141997.339348
1757142000.3424907 1757142024.4917593
1757142033.5008893 1757142055.5237145
1757142065.5317314 1757142083.0677109
1757142089.0717094 1757142109.7747066
1757142112.77561 1757142147.154568
1757142150.155671 1757142173.6145577
1757142182.623665 1757142199.225564
1757142208.234702 1757142223.8928924
1757142224.893968 1757142254.902068
1757142256.9036334 1757142282.3138325
1757142284.3156145 1757142318.5510576
1757142325.5556195 1757142349.6744704
1757142350.6748588 1757142382.1831286
1757142383.1840045 1757142418.790695
1757142427.799794 1757142451.2087538
1757142454.2118652 1757142477.5372443
1757142486.5464354 1757142505.296949
1757142506.298026 1757142532.3128173
1757142542.3229077 1757142563.022913
1757142573.0316744 1757142593.9358935
1757142593.9359212 1757142619.050349
1757142622.0534723 1757142660.3625283
1757142669.3713846 1757142689.9713123
1757142698.9796662 1757142722.2384052
1757142724.2405567 1757142752.5638912
1757142754.5646155 1757142780.9655592
1757142790.9756696 1757142805.5187316
1757142807.52089 1757142832.3401852
1757142834.3423095 1757142861.4737916
1757142869.481932 1757142889.282082
1757142893.2836182 1757142919.7272081
1757142919.7272325 1757142955.0258207
1757142961.03196 1757142986.3033917
1757142989.3036764 1757143016.1989334
1757143021.2036705 1757143044.2544475
1757143045.2554996 1757143079.8387916
1757143083.8428767 1757143107.274645
1757143115.282783 1757143135.5446885
1757143137.54679 1757143162.465592
1757143162.4656215 1757143192.5958455
1757143198.6019344 1757143231.3620014
1757143237.368097 1757143256.209849
1757143262.2159412 1757143285.4761224
1757143295.4862642 1757143316.5994382
1757143316.5994635 1757143344.2559211
1757143351.2630577 1757143369.613082
1757143371.6151576 1757143408.992122
1757143413.9956706 1757143437.8899896
1757143438.8911397 1757143470.9506617
1757143478.9587917 1757143498.0742748
1757143499.0754056 1757143522.6663296
1757143522.6663537 1757143552.0453887
1757143556.0476124 1757143573.5606484
1757143581.5678027 1757143612.7192433
1757143614.721382 1757143644.040006
1757143653.0476658 1757143665.0790958
1757143674.087673 1757143698.757817
1757143706.7636144 1757143730.3878496
1757143731.388981 1757143758.7942092
1757143765.8013544 1757143791.4324014
1757143798.4356413 1757143822.6013215
1757143823.6024823 1757143850.668898
1757143853.6719875 1757143877.4115727
1757143885.4197295 1757143907.986863
1757143911.9910133 1757143936.8939064
1757143942.899989 1757143963.248374
1757143965.2505052 1757143994.3493304
1757144002.3556726 1757144025.7312412
1757144027.733371 1757144051.9492936
1757144060.958423 1757144083.7583966
1757144091.763609 1757144116.9968934
1757144126.0036147 1757144145.2838004
1757144155.2924082 1757144174.1534975
1757144181.1605902 1757144201.7453096
1757144206.747633 1757144230.1145632
1757144238.122707 1757144256.1324227
