1755344335.1139123 1755344369.5913432
1755344369.5913746 1755344390.7566166
1755344390.7566433 1755344411.207682
1755344411.207726 1755344428.4159071
1755344428.4159315 1755344461.9308667
1755344461.930909 1755344490.2780182
1755344490.278046 1755344521.5322495
1755344521.5322728 1755344554.4179049
1755344554.417934 1755344586.8758674
1755344586.8758984 1755344609.0633388
1755344609.0633686 1755344634.4584656
1755344634.4584942 1755344658.7634335
1755344658.763467 1755344686.149279
1755344686.149325 1755344710.7836194
1755344710.783646 1755344743.690405
1755344743.690449 1755344774.2005303
1755344774.2005515 1755344799.0177667
1755344799.0178125 1755344826.7021124
1755344826.7021415 1755344850.6989546
1755344850.6989806 1755344875.5065017
1755344875.50652 1755344900.854511
1755344900.8545382 1755344924.6913283
1755344924.6913538 1755344947.8297338
1755344947.8297546 1755344976.0846014
1755344976.0846305 1755344999.2099142
1755344999.2099316 1755345027.369174
1755345027.369199 1755345054.443601
1755345054.4436216 1755345081.0528386
1755345081.052865 1755345110.5773318
1755345110.5773535 1755345131.4832046
1755345131.4832292 1755345157.662619
1755345157.662673 1755345180.0443153
1755345180.0443385 1755345201.2588503
1755345201.2588716 1755345225.9154432
1755345225.9154677 1755345256.9808068
1755345256.9808438 1755345277.5328767
1755345277.5329032 1755345311.8918593
1755345311.8918962 1755345341.9421873
1755345341.9422112 1755345380.84563
1755345380.84566 1755345406.825174
1755345406.8251948 1755345439.7537587
1755345439.7537818 1755345470.7118886
1755345470.7119122 1755345502.5261889
1755345502.5262077 1755345537.5619302
1755345537.5619545 1755345565.9820263
1755345565.982051 1755345596.6682265
1755345596.66825 1755345626.2594337
1755345626.2594676 1755345652.2947574
1755345652.2947822 1755345670.6242406
1755345670.6242642 1755345700.029461
1755345700.0294933 1755345718.124853
1755345718.1248746 1755345745.5204058
1755345745.5204322 1755345774.4379213
1755345774.437943 1755345804.5929208
1755345804.5929396 1755345835.8211892
1755345835.8212152 1755345864.9284534
1755345864.9284866 1755345895.5470982
1755345895.5471308 1755345933.053403
1755345933.053421 1755345961.4739604
1755345961.474 1755345991.527708
1755345991.5277333 1755346021.3392756
1755346021.3393018 1755346044.6204975
1755346044.6205165 1755346078.900234
1755346078.9002657 1755346109.673412
1755346109.6734328 1755346136.2294502
1755346136.229492 1755346162.579376
1755346162.5794086 1755346197.586406
1755346197.5864344 1755346220.1731546
1755346220.1731803 1755346249.9887776
1755346249.9888017 1755346277.9871829
1755346277.9872086 1755346307.436284
1755346307.4363105 1755346329.8808832
1755346329.8809068 1755346356.6589904
1755346356.6590114 1755346386.1171772
1755346386.1172018 1755346409.077217
1755346409.077241 1755346435.5600088
1755346435.5600479 1755346464.077195
1755346464.077222 1755346492.7440064
1755346492.7440345 1755346519.6373606
1755346519.6373804 1755346545.4694054
1755346545.4694295 1755346572.4205468
1755346572.4205694 1755346606.6137903
1755346606.61381 1755346629.4163225
1755346629.4163482 1755346658.3178504
1755346658.31787 1755346677.268418
1755346677.2684467 1755346701.174977
1755346701.1750054 1755346720.9816928
1755346720.9817123 1755346747.995963
1755346747.9959903 1755346768.3773677
1755346768.3773856 1755346790.5135198
1755346790.5135498 1755346810.6553297
1755346810.65535 1755346835.5368023
1755346835.536826 1755346857.7051806
1755346857.705207 1755346882.900705
1755346882.9007285 1755346899.8848276
1755346899.8848553 1755346929.7105935
1755346929.7106147 1755346961.3736913
1755346961.373714 1755346982.0305502
1755346982.0305686 1755347014.1827967
1755347014.182823 1755347043.9537027
