1755344338.273141 1755344365.781361
1755344365.781384 1755344385.6486733
1755344385.64869 1755344409.4037817
1755344409.403799 1755344431.5436096
1755344431.5436487 1755344460.6931212
1755344460.6931388 1755344491.9983075
1755344491.99834 1755344523.2097256
1755344523.2097466 1755344555.562244
1755344555.5622618 1755344584.5917642
1755344584.591788 1755344606.5313058
1755344606.5313234 1755344629.990265
1755344629.9902887 1755344655.076696
1755344655.076714 1755344684.3834121
1755344684.3834352 1755344712.486929
1755344712.4869583 1755344741.140088
1755344741.1401055 1755344772.054287
1755344772.0543103 1755344798.8812623
1755344798.8812869 1755344824.7295413
1755344824.7295647 1755344848.9233742
1755344848.9233983 1755344874.0220332
1755344874.0220606 1755344899.592242
1755344899.592267 1755344924.6271787
1755344924.6271977 1755344950.0452123
1755344950.0452323 1755344974.5277164
1755344974.5277355 1755345003.436181
1755345003.4362066 1755345031.5077848
1755345031.5078025 1755345057.929911
1755345057.929933 1755345085.3035948
1755345085.3036168 1755345110.0604393
1755345110.060464 1755345133.6591234
1755345133.6591477 1755345159.716867
1755345159.7168863 1755345183.0291042
1755345183.029127 1755345207.3310926
1755345207.331112 1755345228.3862085
1755345228.386233 1755345247.0802963
1755345247.0803146 1755345278.1093488
1755345278.1093695 1755345307.1216254
1755345307.1216471 1755345336.6960108
1755345336.696047 1755345366.8698575
1755345366.8698788 1755345396.451363
1755345396.4513793 1755345426.8702006
1755345426.8702207 1755345457.686554
1755345457.6865747 1755345490.6066506
1755345490.6066694 1755345522.4942303
1755345522.494252 1755345555.5957654
1755345555.5957842 1755345588.5859783
1755345588.5860004 1755345618.064785
1755345618.0648158 1755345648.6723547
1755345648.6723802 1755345673.3804522
1755345673.3804734 1755345698.8086693
1755345698.8086982 1755345719.2613156
1755345719.2613397 1755345744.0650017
1755345744.065024 1755345769.9046998
1755345769.9047241 1755345800.7437103
1755345800.7437365 1755345836.8318357
1755345836.8318624 1755345861.9802806
1755345861.9803069 1755345891.4018142
1755345891.401844 1755345923.7501307
1755345923.7501535 1755345960.3826518
1755345960.382669 1755345985.416766
1755345985.4168007 1755346015.4835067
1755346015.483537 1755346045.4746013
1755346045.4746242 1755346078.07864
1755346078.0786724 1755346110.9580874
1755346110.9581094 1755346133.0152109
1755346133.0152411 1755346160.1828551
1755346160.1828728 1755346199.975373
1755346199.9753954 1755346219.905217
1755346219.9052372 1755346241.5805392
1755346241.5805593 1755346270.1973252
1755346270.197348 1755346308.9426768
1755346308.9427152 1755346332.0167332
1755346332.0167687 1755346357.3375547
1755346357.3375816 1755346383.1775882
1755346383.1776087 1755346408.0484772
1755346408.04852 1755346432.554309
1755346432.5543272 1755346462.899604
1755346462.899631 1755346494.255504
1755346494.2555327 1755346526.132594
1755346526.1326168 1755346547.782198
1755346547.782219 1755346575.1462097
1755346575.1462302 1755346609.235767
1755346609.2357905 1755346633.4467814
1755346633.4467998 1755346653.5614424
1755346653.56147 1755346674.2218168
1755346674.2218347 1755346698.6684566
1755346698.6684792 1755346724.602291
1755346724.6023135 1755346751.6896007
1755346751.6896274 1755346771.7074423
1755346771.7074685 1755346792.3372512
1755346792.3372726 1755346816.3162339
1755346816.31626 1755346836.6271539
1755346836.627173 1755346858.0606585
1755346858.0606847 1755346880.2129397
1755346880.2129724 1755346904.2315292
1755346904.231554 1755346928.5059168
1755346928.5059397 1755346956.9435415
1755346956.9435718 1755346989.186949
1755346989.1869724 1755347012.7896976
1755347012.7897198 1755347040.8870547
