1753200785.9140415 1753200818.8792999
1753200818.879328 1753200855.9940655
1753200855.9940886 1753200884.153756
1753200884.15378 1753200913.2357392
1753200913.2357988 1753200948.9441135
1753200948.9441395 1753200974.0735524
1753200974.0735753 1753201007.7231727
1753201007.7231972 1753201033.2604883
1753201033.260513 1753201054.560165
1753201054.560202 1753201091.3804176
1753201091.3804405 1753201120.3841503
1753201120.3841772 1753201140.6436365
1753201140.6436555 1753201172.7169147
1753201172.7169433 1753201200.5082712
1753201200.5082965 1753201219.7258742
1753201219.7258947 1753201245.877923
1753201245.8779473 1753201277.459332
1753201277.459356 1753201315.185212
1753201315.1852403 1753201344.4280999
1753201344.4281216 1753201370.8990545
1753201370.8990803 1753201401.5700772
1753201401.5700972 1753201434.653663
1753201434.653689 1753201462.748617
1753201462.7486393 1753201490.4239092
1753201490.4239438 1753201521.9064054
1753201521.9064386 1753201553.2516627
1753201553.2516851 1753201576.1589923
1753201576.1590126 1753201601.2920454
1753201601.2920666 1753201627.334907
1753201627.3349366 1753201657.912684
1753201657.9127147 1753201682.1650279
1753201682.1650503 1753201717.2003686
1753201717.2003903 1753201752.6830983
1753201752.6831217 1753201787.808255
1753201787.808279 1753201824.3072693
1753201824.307292 1753201855.7869446
1753201855.7869675 1753201892.878642
1753201892.8786645 1753201922.0016706
1753201922.001694 1753201954.2240632
1753201954.2240896 1753201981.7418742
1753201981.741903 1753202019.3907764
1753202019.3907962 1753202046.9588554
1753202046.958878 1753202085.644694
1753202085.6447191 1753202116.385054
1753202116.3850756 1753202147.2644958
1753202147.2645178 1753202179.5009499
1753202179.5009747 1753202208.7620897
1753202208.762112 1753202242.6447515
1753202242.644802 1753202271.5715516
1753202271.5715818 1753202293.6248
1753202293.6248329 1753202319.9538393
1753202319.9538627 1753202344.7268686
1753202344.726896 1753202376.2593043
1753202376.2593243 1753202402.0655117
1753202402.065537 1753202436.1883485
1753202436.1883752 1753202476.7779603
1753202476.777982 1753202503.4043865
1753202503.4044175 1753202532.3582106
1753202532.3582344 1753202566.6624205
1753202566.6624415 1753202596.5919693
1753202596.591997 1753202626.6187022
1753202626.6187208 1753202653.8697147
1753202653.8697386 1753202681.8426902
1753202681.8427088 1753202708.2663245
1753202708.2663455 1753202735.2715588
1753202735.2716126 1753202762.917697
1753202762.917718 1753202792.7786322
1753202792.7786586 1753202818.8747916
1753202818.8748262 1753202857.1370044
1753202857.1370242 1753202879.8315191
1753202879.8315396 1753202909.690144
1753202909.6901703 1753202938.42927
1753202938.42929 1753202971.8227713
1753202971.8227963 1753202997.2022414
1753202997.2022617 1753203027.4832857
1753203027.4833179 1753203058.034608
1753203058.0346296 1753203089.5015032
1753203089.5015283 1753203124.5942466
1753203124.59427 1753203154.3233593
1753203154.3233833 1753203190.2471442
1753203190.2471666 1753203220.1479406
1753203220.1479633 1753203249.136559
1753203249.136578 1753203278.3403926
1753203278.3404155 1753203309.322138
1753203309.3221602 1753203345.5853186
1753203345.5853424 1753203377.1005313
1753203377.1005564 1753203405.8891368
1753203405.8891616 1753203436.9318404
1753203436.9318666 1753203468.9338973
1753203468.9339182 1753203493.2850766
1753203493.2850966 1753203526.9745808
1753203526.974607 1753203558.4971955
1753203558.4972165 1753203583.9943175
1753203583.9943438 1753203611.6310513
1753203611.6310766 1753203637.7610438
1753203637.76107 1753203660.4496148
1753203660.449636 1753203692.3485956
1753203692.3486187 1753203723.3749225
1753203723.3749452 1753203753.1863365
1753203753.1863632 1753203781.9844134
1753203781.9844368 1753203811.8117213
1753203811.8117507 1753203839.416639
1753203839.4166646 1753203865.4740522
1753203865.4740803 1753203896.652012
1753203896.6520882 1753203922.6787858
1753203922.6788056 1753203960.1078835
1753203960.1079195 1753203994.5438309
1753203994.5438528 1753204018.9571068
1753204018.9571283 1753204048.239476
1753204048.239503 1753204075.5764003
1753204075.5764306 1753204108.1087189
1753204108.1087403 1753204130.8160636
1753204130.8160903 1753204156.7594995
1753204156.7595215 1753204181.4035034
1753204181.4035256 1753204209.9714396
1753204209.9714644 1753204240.8248284
1753204240.8248503 1753204274.0133924
1753204274.0134165 1753204315.9717965
1753204315.9718227 1753204347.2965736
1753204347.2966018 1753204377.734229
1753204377.734249 1753204403.8199337
1753204403.819962 1753204436.3353302
1753204436.3353505 1753204468.1267402
1753204468.1267693 1753204499.0733864
1753204499.073416 1753204531.8575943
1753204531.8576155 1753204564.1349819
1753204564.1350079 1753204592.745023
1753204592.7450418 1753204626.2076533
1753204626.207676 1753204653.882563
1753204653.8825903 1753204690.85291
1753204690.8529332 1753204719.136074
1753204719.1360948 1753204749.3047764
1753204749.304804 1753204780.800896
1753204780.800916 1753204802.6726758
1753204802.6727052 1753204827.926526
1753204827.926547 1753204858.2670343
1753204858.2670543 1753204888.0164096
1753204888.0164387 1753204914.2653737
1753204914.2653933 1753204940.8115249
1753204940.8115463 1753204961.1717234
1753204961.171751 1753204992.834737
1753204992.8347602 1753205014.5486722
1753205014.548703 1753205038.190182
1753205038.1902003 1753205071.7425568
1753205071.7425869 1753205100.8597915
1753205100.8598151 1753205126.2123475
1753205126.2123742 1753205146.5746284
1753205146.5746503 1753205174.3802483
1753205174.3802688 1753205205.7946172
1753205205.7946427 1753205235.6412745
1753205235.6412945 1753205265.2006562
1753205265.2006865 1753205293.6947732
1753205293.6947954 1753205318.99567
1753205318.9956932 1753205346.418133
1753205346.4181535 1753205375.847309
1753205375.8473356 1753205403.854724
1753205403.8547435 1753205429.589904
1753205429.5899286 1753205455.9332378
1753205455.9332638 1753205494.3465168
1753205494.346545 1753205529.1544285
1753205529.1544516 1753205560.3414195
1753205560.341441 1753205586.018746
1753205586.0187712 1753205619.2048397
1753205619.204865 1753205654.7879903
1753205654.7880113 1753205689.3051844
1753205689.3052075 1753205725.9645996
1753205725.9646242 1753205750.9634333
1753205750.9634542 1753205779.0160117
1753205779.016035 1753205806.0108976
1753205806.0109246 1753205838.934738
1753205838.9347591 1753205869.9175167
1753205869.9175422 1753205900.5511332
1753205900.5511603 1753205928.9520984
1753205928.9521189 1753205958.0338764
1753205958.033904 1753205988.448556
1753205988.448584 1753206017.5070498
1753206017.507071 1753206049.9035592
1753206049.9036014 1753206080.5455477
1753206080.545572 1753206114.0938647
1753206114.0938854 1753206147.4088566
1753206147.4088778 1753206174.1542037
1753206174.15423 1753206201.6806126
1753206201.6806343 1753206230.8774128
1753206230.8774343 1753206262.9387777
1753206262.9388046 1753206290.3714838
1753206290.3715096 1753206321.798054
1753206321.7980835 1753206352.2667425
1753206352.2667627 1753206381.838187
1753206381.8382068 1753206403.7418628
1753206403.7418895 1753206429.491695
1753206429.491716 1753206460.942649
1753206460.9426684 1753206490.5875084
1753206490.5875342 1753206521.12042
1753206521.1204438 1753206554.3714244
1753206554.3714461 1753206580.179401
1753206580.1794326 1753206605.48209
1753206605.4821117 1753206632.9277368
1753206632.927763 1753206665.4738188
1753206665.4738467 1753206692.2756379
1753206692.27566 1753206716.1419237
1753206716.1419585 1753206743.6931489
1753206743.6931965 1753206774.296477
1753206774.2965004 1753206810.1010337
1753206810.101056 1753206841.4001276
1753206841.4001598 1753206875.4763207
1753206875.4763443 1753206900.3738797
1753206900.3739014 1753206928.1766648
1753206928.1766925 1753206960.7156713
1753206960.7156956 1753206989.181035
1753206989.181055 1753207017.3102322
1753207017.3102605 1753207049.8835502
1753207049.8835835 1753207075.7973392
1753207075.7973602 1753207107.2359617
1753207107.235994 1753207134.6072633
1753207134.6072865 1753207163.3454351
1753207163.3454638 1753207185.5971513
1753207185.5971725 1753207213.4498343
1753207213.449865 1753207237.207149
1753207237.207182 1753207262.1829736
1753207262.1830049 1753207295.0018368
1753207295.001856 1753207327.0345037
1753207327.0345304 1753207360.2970724
1753207360.2970948 1753207390.518878
1753207390.5189002 1753207422.7810261
1753207422.781055 1753207456.2529414
1753207456.252964 1753207486.680147
1753207486.6801686 1753207517.0292904
1753207517.0293145 1753207551.806894
1753207551.80692 1753207591.0783665
1753207591.0783908 1753207622.6434596
1753207622.643479 1753207651.996778
1753207651.9968185 1753207682.9849024
1753207682.9849262 1753207707.4493794
1753207707.4494023 1753207736.835017
1753207736.8350472 1753207764.7403798
1753207764.740404 1753207801.081245
1753207801.0812728 1753207832.580028
1753207832.580054 1753207861.8551443
1753207861.8551655 1753207889.0289862
1753207889.0290165 1753207914.1852982
1753207914.1853218 1753207940.0062838
1753207940.0063107 1753207970.3681536
1753207970.3681755 1753208005.875033
1753208005.8750532 1753208035.0018976
1753208035.0019252 1753208062.2853744
1753208062.2853956 1753208087.8441215
1753208087.8441513 1753208123.3169942
1753208123.3170207 1753208148.4631875
1753208148.4632256 1753208188.9402199
1753208188.9402497 1753208212.461463
1753208212.4614854 1753208239.3995602
1753208239.3996086 1753208266.9343185
1753208266.934339 1753208294.4497945
1753208294.4498205 1753208323.1890457
1753208323.1890678 1753208355.104553
1753208355.1045806 1753208381.5078418
1753208381.507863 1753208410.6645792
1753208410.664608 1753208440.6112182
1753208440.6112432 1753208467.275625
1753208467.2756457 1753208500.8645647
1753208500.8645942 1753208538.8412337
1753208538.8412557 1753208569.1274717
1753208569.1274984 1753208602.920559
1753208602.9205818 1753208637.6652946
1753208637.6653237 1753208669.3576598
1753208669.3576818 1753208701.8306162
1753208701.8306434 1753208738.4555595
1753208738.4556065 1753208765.7280357
1753208765.7280588 1753208792.7425027
1753208792.7425294 1753208822.740624
1753208822.7406573 1753208847.9159107
1753208847.9159324 1753208873.0958884
1753208873.0959187 1753208911.76876
1753208911.7687924 1753208944.388312
1753208944.3883405 1753208971.6728578
1753208971.6728811 1753209002.9724345
1753209002.9724846 1753209030.8586133
1753209030.8586345 1753209057.2535362
1753209057.2535634 1753209083.3095293
1753209083.3095517 1753209107.394363
1753209107.3943894 1753209127.915929
1753209127.9159572 1753209155.4533722
1753209155.4533906 1753209180.2825856
1753209180.2826126 1753209205.684079
1753209205.6841056 1753209240.8324149
1753209240.8324456 1753209277.510124
1753209277.5101461 1753209304.4724085
1753209304.4724324 1753209331.6872134
1753209331.6872404 1753209361.7040396
1753209361.704062 1753209391.0497034
1753209391.049724 1753209423.6292994
1753209423.6293259 1753209453.7302167
1753209453.7302365 1753209482.204956
1753209482.2049809 1753209507.3173714
1753209507.3173966 1753209533.9046903
1753209533.904709 1753209561.4574358
1753209561.457457 1753209586.6991987
1753209586.6992254 1753209615.5764709
1753209615.5764995 1753209645.5651376
1753209645.5651796 1753209683.1407597
1753209683.1407816 1753209709.3255572
1753209709.3255968 1753209740.2640572
1753209740.2640824 1753209764.9600847
1753209764.9601092 1753209798.1994326
1753209798.199455 1753209822.9650269
1753209822.965055 1753209855.1227643
1753209855.1227856 1753209878.2028246
1753209878.202848 1753209910.11175
1753209910.111782 1753209945.2002995
1753209945.2003198 1753209968.3721726
1753209968.3722038 1753209995.037566
1753209995.0375915 1753210021.3044047
1753210021.304432 1753210052.6711411
1753210052.6711764 1753210080.041121
1753210080.0411406 1753210104.837212
1753210104.8372328 1753210135.5187051
1753210135.518734 1753210164.611921
1753210164.611945 1753210197.782799
1753210197.782827 1753210226.2759056
1753210226.2759302 1753210253.4771059
1753210253.4771297 1753210277.3190536
1753210277.319077 1753210305.3086221
1753210305.3086455 1753210339.0161777
1753210339.0162086 1753210366.6736588
1753210366.67368 1753210398.2914624
1753210398.2914898 1753210428.5584445
1753210428.558467 1753210458.9751754
1753210458.9751945 1753210484.2367911
1753210484.2368407 1753210528.546589
1753210528.5466104 1753210555.745379
1753210555.7454026 1753210596.6330848
1753210596.6331072 1753210624.619939
1753210624.6199656 1753210652.5950851
1753210652.5951078 1753210678.1992638
1753210678.1992855 1753210708.8732536
1753210708.873281 1753210737.3877583
1753210737.3877826 1753210765.423439
1753210765.423462 1753210799.1955175
1753210799.1955411 1753210826.3842034
1753210826.3842254 1753210852.85264
1753210852.852661 1753210882.5506146
1753210882.550642 1753210915.2879903
1753210915.288012 1753210943.9968984
1753210943.9969182 1753210977.4862382
1753210977.48627 1753211008.429211
1753211008.4292312 1753211043.8473656
1753211043.847386 1753211075.8812425
1753211075.881269 1753211103.3515499
1753211103.3515828 1753211131.398379
1753211131.3984017 1753211167.8826764
1753211167.8827026 1753211190.9973016
1753211190.9973242 1753211212.8697944
1753211212.8698182 1753211244.3982818
1753211244.3983088 1753211280.0903609
1753211280.0903816 1753211311.2521935
1753211311.2522173 1753211335.2268205
1753211335.2268486 1753211364.795022
1753211364.7950442 1753211388.2728505
1753211388.2728784 1753211412.5115457
1753211412.5116022 1753211433.9874535
1753211433.9874737 1753211455.061856
1753211455.0618787 1753211482.574112
1753211482.5741386 1753211515.8173547
1753211515.817385 1753211542.4292147
1753211542.4292364 1753211566.378622
1753211566.378648 1753211595.8951945
1753211595.895216 1753211625.1072447
1753211625.1072655 1753211649.3511405
1753211649.351167 1753211693.353259
1753211693.353282 1753211718.8543775
1753211718.8544068 1753211741.2575817
1753211741.257603 1753211765.5996835
1753211765.599711 1753211794.3212907
1753211794.3213115 1753211827.6020074
1753211827.6020324 1753211854.7272406
1753211854.727266 1753211887.0550287
1753211887.0550578 1753211911.291583
1753211911.2916222 1753211943.9063504
1753211943.906382 1753211978.2997017
1753211978.2997253 1753212003.9429655
1753212003.942988 1753212032.1388142
1753212032.138845 1753212058.7828522
1753212058.7828774 1753212087.9047148
1753212087.9047427 1753212111.126354
1753212111.1263783 1753212139.3822448
1753212139.3822734 1753212172.1463091
1753212172.1463335 1753212200.3539186
1753212200.3539402 1753212225.4521646
1753212225.4521935 1753212248.158714
1753212248.1587372 1753212283.481489
1753212283.4815137 1753212312.4006553
1753212312.4006777 1753212335.8888369
1753212335.88886 1753212357.3399467
1753212357.3399754 1753212389.232007
1753212389.2320309 1753212411.910202
1753212411.910234 1753212442.9781718
1753212442.9781997 1753212473.3001316
1753212473.3001552 1753212510.104432
1753212510.104455 1753212541.771343
1753212541.7713737 1753212572.9779556
1753212572.9779882 1753212599.6036954
1753212599.603731 1753212623.6935542
1753212623.6935787 1753212648.900816
1753212648.9008422 1753212671.1620202
1753212671.162044 1753212701.5989113
1753212701.5989344 1753212732.9574423
1753212732.9574773 1753212764.709066
1753212764.7090917 1753212793.312304
1753212793.312336 1753212821.460541
1753212821.4605615 1753212847.2129526
1753212847.212982 1753212873.1284652
1753212873.1285155 1753212899.1514323
1753212899.151454 1753212925.4727838
1753212925.472813 1753212944.868277
1753212944.868299 1753212973.8897264
1753212973.8897502 1753213005.9490852
1753213005.9491117 1753213034.968442
1753213034.9684658 1753213063.8114333
1753213063.8114533 1753213088.515027
1753213088.5150526 1753213116.658274
1753213116.6582963 1753213147.2178893
1753213147.2179105 1753213180.6398246
1753213180.639853 1753213208.6244898
1753213208.6245148 1753213233.786831
1753213233.786852 1753213264.041696
1753213264.0417204 1753213295.8641906
1753213295.8642116 1753213326.9258835
1753213326.9259076 1753213353.1848702
1753213353.184893 1753213398.3966112
1753213398.3966324 1753213426.6254687
1753213426.6254945 1753213456.7521653
1753213456.7521892 1753213483.4081845
1753213483.4082081 1753213515.157262
1753213515.157283 1753213542.608948
1753213542.608969 1753213572.5851436
1753213572.5851736 1753213601.5744617
1753213601.5744863 1753213630.9872348
1753213630.9872568 1753213668.1392088
1753213668.139232 1753213697.364823
1753213697.3648472 1753213728.4137583
1753213728.4137812 1753213761.064183
1753213761.0642116 1753213783.5341241
1753213783.5341442 1753213818.2598262
1753213818.259851 1753213856.304967
1753213856.3049872 1753213885.8231049
1753213885.823135 1753213913.7415109
1753213913.741534 1753213940.5549092
1753213940.5549333 1753213966.1950562
1753213966.1950767 1753213996.1680665
1753213996.1680899 1753214019.7250545
1753214019.7250862 1753214058.28554
1753214058.285563 1753214090.9278314
1753214090.9278605 1753214121.5321457
1753214121.5321686 1753214145.3364122
1753214145.3364398 1753214170.7094882
1753214170.7095084 1753214206.1930368
1753214206.193072 1753214232.6124234
1753214232.6124449 1753214259.940077
1753214259.9401054 1753214292.205191
1753214292.2052126 1753214323.6473951
1753214323.64742 1753214351.2420828
1753214351.2421062 1753214373.0758982
1753214373.0759244 1753214405.1226041
1753214405.1226313 1753214434.073353
1753214434.073374 1753214465.415951
1753214465.4159722 1753214500.7745602
1753214500.7745855 1753214528.583188
1753214528.5832107 1753214555.8471754
1753214555.847202 1753214587.804164
1753214587.8041866 1753214617.8602626
1753214617.8602927 1753214650.4002142
1753214650.4002402 1753214686.1936665
1753214686.1936917 1753214716.1604123
1753214716.1604464 1753214742.0886123
1753214742.0886338 1753214780.042903
1753214780.0429409 1753214815.114165
1753214815.1141903 1753214849.3238704
1753214849.3238926 1753214873.630323
1753214873.630345 1753214903.167383
1753214903.16741 1753214935.2065535
1753214935.2065809 1753214968.0617943
1753214968.061822 1753214998.1231182
1753214998.1231484 1753215024.351996
1753215024.3520162 1753215051.1662912
1753215051.166316 1753215086.9749286
1753215086.9749553 1753215113.16909
1753215113.1691182 1753215140.03888
1753215140.038908 1753215168.0483568
1753215168.0483778 1753215195.8901143
1753215195.8901393 1753215223.5036755
1753215223.5037043 1753215256.574367
1753215256.5743883 1753215290.846046
1753215290.846071 1753215326.0126476
1753215326.01267 1753215352.7142723
1753215352.7142975 1753215380.4143505
1753215380.4143717 1753215407.7119722
1753215407.7119997 1753215432.886005
1753215432.886029 1753215469.7624938
1753215469.7625284 1753215501.939938
1753215501.9399624 1753215530.439535
1753215530.4395604 1753215562.7058148
1753215562.705844 1753215591.870399
1753215591.870425 1753215629.7881165
1753215629.7881434 1753215657.3749459
1753215657.374971 1753215692.252831
1753215692.2528608 1753215724.0596457
1753215724.0596733 1753215759.2363007
1753215759.236326 1753215782.7344072
1753215782.7344322 1753215817.8293362
1753215817.8293562 1753215846.508034
1753215846.508059 1753215873.068421
1753215873.068451 1753215903.688448
1753215903.6884723 1753215933.573482
1753215933.573502 1753215963.8164787
1753215963.8165061 1753215990.8187966
1753215990.8188152 1753216025.5567627
1753216025.5567882 1753216046.645632
1753216046.6456523 1753216074.4354622
1753216074.4354877 1753216104.966969
1753216104.9670005 1753216132.706141
1753216132.7061641 1753216158.747861
1753216158.7478852 1753216189.0538692
1753216189.053896 1753216220.4117048
1753216220.4117284 1753216242.8450556
1753216242.8450878 1753216273.736535
1753216273.7365553 1753216308.6595433
1753216308.6597397 1753216343.358588
1753216343.3586128 1753216368.4372525
1753216368.4372811 1753216400.851136
1753216400.8511617 1753216427.7748334
1753216427.774861 1753216454.5589912
1753216454.5590143 1753216485.9578876
1753216485.957917 1753216517.546169
1753216517.5461886 1753216546.7503984
1753216546.750425 1753216567.5979114
1753216567.5979335 1753216603.7200212
1753216603.720052 1753216630.7673595
1753216630.7673862 1753216656.823662
1753216656.8236837 1753216682.7705894
1753216682.770617 1753216716.00555
1753216716.0055723 1753216757.0146801
1753216757.0147033 1753216791.583775
1753216791.5837996 1753216823.6809068
1753216823.6809275 1753216850.347239
1753216850.3472655 1753216871.212287
1753216871.2123263 1753216908.8289015
1753216908.828922 1753216940.4907308
1753216940.4907563 1753216970.8338714
1753216970.833895 1753216995.7519171
1753216995.751938 1753217024.2952425
1753217024.2952704 1753217056.1255498
1753217056.1255748 1753217088.636578
1753217088.6366043 1753217119.7259548
1753217119.7259831 1753217154.6686563
1753217154.6686795 1753217189.0444367
1753217189.044462 1753217218.3221838
1753217218.3222167 1753217255.4519186
1753217255.4519403 1753217281.4316096
1753217281.4316378 1753217307.0866897
1753217307.0867133 1753217341.8054655
1753217341.8054883 1753217372.718355
1753217372.7184 1753217407.1218777
1753217407.121899 1753217435.760134
1753217435.7601588 1753217464.5372355
1753217464.5372627 1753217500.6252716
1753217500.625293 1753217534.2606134
1753217534.2606409 1753217560.1493804
1753217560.1494021 1753217590.2065716
1753217590.2065952 1753217618.4725251
1753217618.4725544 1753217646.9581795
1753217646.958213 1753217678.0885274
1753217678.0885613 1753217704.5141644
1753217704.514189 1753217731.432162
1753217731.4321873 1753217762.7110002
1753217762.7110229 1753217788.2427013
1753217788.2427258 1753217816.8564382
1753217816.8564665 1753217850.1192274
1753217850.119249 1753217889.4237683
1753217889.4237957 1753217923.4295053
1753217923.4295263 1753217951.7054882
1753217951.7055163 1753217979.8039231
1753217979.8039484 1753218018.9170125
1753218018.9170377 1753218055.6660633
1753218055.6660826 1753218088.0104263
1753218088.010452 1753218121.0439
1753218121.0439246 1753218152.9520376
1753218152.95206 1753218187.6995242
1753218187.6995518 1753218217.3715765
1753218217.371601 1753218240.636541
1753218240.6365638 1753218282.9473772
1753218282.947401 1753218312.5666957
1753218312.5667205 1753218343.064411
1753218343.0644379 1753218370.5171356
1753218370.5171604 1753218403.9633105
1753218403.9633377 1753218427.827223
1753218427.827248 1753218462.5713313
1753218462.5713546 1753218499.0163848
1753218499.0164082 1753218524.6615639
1753218524.6615891 1753218553.0371618
1753218553.0371885 1753218584.7654812
1753218584.765502 1753218608.603694
1753218608.6037233 1753218635.3481712
1753218635.3481965 1753218665.8789008
1753218665.878925 1753218690.6672084
1753218690.667235 1753218719.2521427
1753218719.2521758 1753218749.2811306
1753218749.2811544 1753218777.1739426
1753218777.1739693 1753218802.4912198
1753218802.4912431 1753218826.5277662
1753218826.5277913 1753218855.980703
1753218855.9807262 1753218877.9379148
1753218877.9379413 1753218907.709891
1753218907.7099144 1753218931.401626
1753218931.4016526 1753218960.7914214
1753218960.7914426 1753218987.6014717
1753218987.6014936 1753219014.7752316
1753219014.7752597 1753219044.972112
1753219044.9721391 1753219076.6097186
1753219076.6097412 1753219107.7486987
1753219107.7487276 1753219143.376531
1753219143.3765578 1753219177.5694656
1753219177.5694892 1753219201.190658
1753219201.1906788 1753219239.913758
1753219239.9137876 1753219275.2278843
1753219275.227906 1753219312.4352753
1753219312.4352958 1753219342.1675718
1753219342.1676104 1753219363.145937
1753219363.1459658 1753219396.3157494
1753219396.3157737 1753219425.7524333
1753219425.7524629 1753219460.6325595
1753219460.6325886 1753219487.1784077
1753219487.1784334 1753219510.2730331
1753219510.2730532 1753219543.2724621
1753219543.272493 1753219577.6528914
1753219577.6529114 1753219616.7642941
1753219616.7643235 1753219652.2744567
1753219652.2744808 1753219681.47437
1753219681.4743912 1753219713.226016
1753219713.2260396 1753219742.3603601
1753219742.3603828 1753219778.996666
1753219778.9966927 1753219811.8464122
1753219811.8464363 1753219841.6595025
1753219841.6595266 1753219882.9061482
1753219882.9061763 1753219915.7383196
1753219915.7383413 1753219945.1937554
1753219945.1937802 1753219987.0730658
1753219987.0730865 1753220012.0545068
1753220012.054531 1753220041.0827956
1753220041.0828154 1753220065.1764538
1753220065.1764827 1753220094.6153727
1753220094.615394 1753220121.2606006
1753220121.2606242 1753220149.4704525
1753220149.4704828 1753220179.5917377
1753220179.591765 1753220208.8998253
1753220208.8998551 1753220235.1680264
1753220235.1680534 1753220265.6145482
1753220265.614575 1753220294.0549138
1753220294.0549362 1753220321.3891597
1753220321.3891873 1753220350.7014484
1753220350.70147 1753220381.9813952
1753220381.9814188 1753220411.1718035
1753220411.171833 1753220439.596123
1753220439.596145 1753220468.2854831
1753220468.2855127 1753220496.5773335
1753220496.5773535 1753220527.896009
1753220527.8960338 1753220560.616246
1753220560.6162698 1753220600.88563
1753220600.8856564 1753220626.5521572
1753220626.5521858 1753220654.05287
1753220654.0528922 1753220676.8095312
1753220676.8095527 1753220712.8485913
1753220712.8486278 1753220741.228297
1753220741.2283192 1753220780.5586274
1753220780.558657 1753220808.9705145
1753220808.9705355 1753220830.133667
1753220830.133707 1753220858.1346498
1753220858.1346707 1753220882.8232718
1753220882.823299 1753220920.3985748
1753220920.3985963 1753220961.9120483
1753220961.9120789 1753220994.901519
1753220994.9015388 1753221022.7016213
1753221022.7016447 1753221053.1561735
1753221053.1562026 1753221091.9269648
1753221091.9269862 1753221121.3413734
1753221121.341401 1753221151.0566726
1753221151.0567057 1753221176.924597
1753221176.9246283 1753221205.9843912
1753221205.9844272 1753221226.2354999
1753221226.23552 1753221257.2307026
1753221257.2307281 1753221297.9403954
1753221297.9404206 1753221321.6262436
1753221321.6262703 1753221353.143203
1753221353.1432238 1753221398.81509
1753221398.8151207 1753221430.871782
1753221430.871805 1753221456.406944
1753221456.4069788 1753221486.1153057
1753221486.1153324 1753221514.955057
1753221514.9550834 1753221544.4129195
1753221544.4129398 1753221567.6199296
1753221567.6199508 1753221599.4364433
1753221599.4364707 1753221634.372347
1753221634.3723679 1753221662.8831158
1753221662.88314 1753221684.4353492
1753221684.4353797 1753221715.6099412
1753221715.6099653 1753221746.6304622
1753221746.6304855 1753221771.9101267
1753221771.9101543 1753221798.2887797
1753221798.2887995 1753221824.8365383
1753221824.8365629 1753221848.037277
1753221848.037303 1753221882.8435712
1753221882.8436003 1753221915.2622766
1753221915.2623014 1753221946.7850924
1753221946.785114 1753221983.5289764
1753221983.5290027 1753222017.1790183
1753222017.1790392 1753222046.6839924
1753222046.684014 1753222072.1585705
1753222072.158596 1753222099.6206357
1753222099.620656 1753222127.7865725
1753222127.7865968 1753222150.7602599
1753222150.7602842 1753222175.654183
1753222175.6542044 1753222209.8872976
1753222209.8873382 1753222239.6580756
1753222239.6581018 1753222269.1982162
1753222269.1982365 1753222302.1954656
1753222302.1954913 1753222333.5434387
1753222333.5434625 1753222363.5526857
1753222363.552709 1753222393.595024
1753222393.5950544 1753222415.3499835
1753222415.350007 1753222437.619285
1753222437.6193116 1753222466.5974603
1753222466.5974855 1753222501.2709074
1753222501.270932 1753222532.286059
1753222532.2860923 1753222561.2393332
1753222561.2393622 1753222595.0577233
1753222595.0577507 1753222624.6624045
1753222624.6624284 1753222657.740528
1753222657.740551 1753222683.3729267
1753222683.3729548 1753222706.316408
1753222706.3164322 1753222734.4677992
1753222734.467822 1753222757.260775
1753222757.260801 1753222803.9818933
1753222803.9819138 1753222833.7137375
1753222833.7137635 1753222857.0945642
1753222857.0945923 1753222896.547786
1753222896.5478075 1753222919.9840155
1753222919.9840434 1753222955.6751523
1753222955.6751752 1753222987.2468069
1753222987.246829 1753223013.3622
1753223013.362219 1753223053.022032
1753223053.022062 1753223082.8182907
1753223082.8183138 1753223112.3099394
1753223112.3099635 1753223144.672248
1753223144.6722763 1753223172.100863
1753223172.1008902 1753223195.79461
1753223195.7946362 1753223222.0799932
1753223222.080014 1753223249.5782075
1753223249.5782297 1753223283.7307549
1753223283.730777 1753223317.8641217
1753223317.8641546 1753223345.6035326
1753223345.6035562 1753223373.4687698
1753223373.4687974 1753223401.6612818
1753223401.6613214 1753223427.6868026
1753223427.6868298 1753223459.6935856
1753223459.693614 1753223491.9545023
1753223491.9545221 1753223529.8377626
1753223529.837787 1753223554.4903326
1753223554.490365 1753223584.8531651
1753223584.8531861 1753223611.5038815
1753223611.5039132 1753223638.7797992
1753223638.7798235 1753223672.3699038
1753223672.3699236 1753223702.3057582
1753223702.3057837 1753223726.464488
1753223726.4645112 1753223756.1548798
1753223756.1549015 1753223773.553955
1753223773.5539823 1753223804.5206392
1753223804.5206628 1753223835.3263373
1753223835.3263648 1753223866.5742636
1753223866.574286 1753223895.174673
1753223895.1746953 1753223920.9384556
1753223920.9384863 1753223944.8609006
1753223944.860919 1753223971.307549
1753223971.3075817 1753224004.2223618
1753224004.222386 1753224030.5952923
1753224030.59531 1753224060.168202
1753224060.1682317 1753224090.978445
1753224090.9784658 1753224113.785973
1753224113.7859957 1753224151.3251083
1753224151.3251338 1753224172.5734577
1753224172.5734813 1753224196.011967
1753224196.0119915 1753224227.1583002
1753224227.158332 1753224254.8607264
1753224254.8607538 1753224286.972556
1753224286.9725807 1753224314.0689514
1753224314.0689723 1753224340.7989354
1753224340.7989557 1753224364.7639906
1753224364.7640197 1753224393.9540834
1753224393.9541054 1753224425.6647754
1753224425.6648004 1753224448.7866066
1753224448.78663 1753224472.6868117
1753224472.6868322 1753224506.13373
1753224506.1337574 1753224542.1191895
1753224542.119211 1753224568.6570916
1753224568.6571176 1753224598.4491084
1753224598.44913 1753224630.7287138
1753224630.7287347 1753224661.7392066
1753224661.7392323 1753224690.5189867
1753224690.519008 1753224724.7153368
1753224724.7153616 1753224763.4776292
1753224763.4776492 1753224801.9824622
1753224801.9824824 1753224830.0200527
1753224830.020082 1753224861.5530086
1753224861.5530288 1753224896.6768115
1753224896.6768315 1753224924.5541484
1753224924.5541837 1753224952.9004087
1753224952.9004307 1753224984.0435798
1753224984.0436258 1753225005.3661757
1753225005.366198 1753225033.9272656
1753225033.9272876 1753225075.4218597
1753225075.42189 1753225109.5578897
1753225109.5579095 1753225139.2516718
1753225139.2517066 1753225168.7793686
1753225168.7793899 1753225197.28758
1753225197.2876172 1753225228.0470514
1753225228.0470736 1753225260.779879
1753225260.7799063 1753225286.4101872
1753225286.410207 1753225312.6696532
1753225312.6696746 1753225343.7332594
1753225343.7332847 1753225367.2541823
1753225367.2542064 1753225395.9716244
1753225395.9716463 1753225419.9308853
1753225419.9309087 1753225445.3069556
1753225445.3069832 1753225473.3991761
1753225473.399199 1753225507.8986454
1753225507.8986897 1753225540.6736882
1753225540.673714 1753225574.8817942
1753225574.881816 1753225605.430423
1753225605.4304533 1753225643.0981824
1753225643.0982096 1753225676.4039245
1753225676.4039493 1753225716.5284188
1753225716.5284462 1753225747.6508257
1753225747.650846 1753225781.2594147
1753225781.259439 1753225811.6592405
1753225811.659262 1753225840.8527865
1753225840.852818 1753225872.8820088
1753225872.8820333 1753225896.0003047
1753225896.0003264 1753225918.86531
1753225918.865334 1753225942.0782764
1753225942.0782998 1753225980.1118665
1753225980.1118917 1753226014.3670623
1753226014.3670833 1753226038.373086
1753226038.373115 1753226065.8901737
1753226065.8901985 1753226094.7308824
1753226094.73091 1753226117.1785157
1753226117.1785374 1753226148.8042674
1753226148.8042932 1753226182.5455506
1753226182.5455747 1753226209.320167
1753226209.320199 1753226238.046277
1753226238.0462968 1753226261.9558682
1753226261.9558985 1753226288.001016
1753226288.0010371 1753226317.5206602
1753226317.520691 1753226339.1236234
1753226339.1236448 1753226368.9814107
1753226368.981436 1753226399.8949316
1753226399.8949528 1753226428.4218795
1753226428.4219105 1753226457.3950236
1753226457.3950472 1753226485.9071243
1753226485.9071527 1753226517.071892
1753226517.071908 1753226545.924851
1753226545.9248762 1753226570.5099852
1753226570.5100052 1753226602.4857974
1753226602.4858258 1753226634.7943304
1753226634.7943573 1753226661.809146
1753226661.8091757 1753226690.07378
1753226690.0738027 1753226720.0577986
1753226720.0578196 1753226757.873588
1753226757.8736174 1753226789.2043538
1753226789.2043774 1753226811.172737
1753226811.1727586 1753226837.5201273
1753226837.5201597 1753226862.7664263
1753226862.7664464 1753226900.9366777
1753226900.936709 1753226924.5391014
1753226924.53914 1753226951.7998474
1753226951.7998729 1753226983.9342296
1753226983.9342582 1753227013.4351122
1753227013.4351318 1753227040.293896
1753227040.2939205 1753227064.2559593
1753227064.255984 1753227083.4693437
1753227083.4693632 1753227115.2665172
1753227115.2665427 1753227149.678433
1753227149.678454 1753227176.6590018
1753227176.6590304 1753227205.104276
1753227205.1042998 1753227232.1118343
1753227232.1118612 1753227262.302851
1753227262.302874 1753227289.2468476
1753227289.2468746 1753227315.551363
1753227315.5513942 1753227344.940116
1753227344.940138 1753227371.5121858
1753227371.512213 1753227399.9154735
1753227399.9154937 1753227429.6950474
1753227429.6950774 1753227459.740693
1753227459.740733 1753227483.1325648
1753227483.1325917 1753227511.5784123
1753227511.5784318 1753227543.098083
1753227543.0981097 1753227573.996989
1753227573.9970078 1753227604.4918592
1753227604.491885 1753227640.9951973
1753227640.9952197 1753227665.1631315
1753227665.1631541 1753227692.888501
1753227692.8885245 1753227721.1939275
1753227721.19395 1753227750.21976
1753227750.2197852 1753227777.6590004
1753227777.6590245 1753227808.588621
1753227808.5886443 1753227832.3547318
1753227832.3547504 1753227864.8650622
1753227864.8650866 1753227894.3583558
1753227894.3583765 1753227927.756528
1753227927.7565498 1753227958.8755538
1753227958.8756034 1753227986.5333946
1753227986.5334196 1753228009.607389
1753228009.6074154 1753228033.880231
1753228033.880256 1753228068.6139455
1753228068.613971 1753228102.3587592
1753228102.3587828 1753228132.0394397
1753228132.039462 1753228155.0194116
1753228155.0194337 1753228189.9201083
1753228189.9201355 1753228223.746743
1753228223.7467732 1753228248.2743552
1753228248.2743762 1753228291.1185513
1753228291.1185787 1753228318.463819
1753228318.463845 1753228350.1405559
1753228350.1405783 1753228377.9658628
1753228377.9658942 1753228406.859268
1753228406.8592906 1753228442.2347488
1753228442.2347682 1753228473.4109952
1753228473.4110188 1753228499.1753645
1753228499.175388 1753228528.918798
1753228528.9188259 1753228548.9904113
1753228548.9904377 1753228581.7787106
1753228581.7787344 1753228619.0840447
1753228619.0840743 1753228639.406145
1753228639.4061656 1753228677.9534683
1753228677.9534943 1753228704.5177488
1753228704.5177722 1753228730.8560104
1753228730.85604 1753228759.570016
1753228759.5700352 1753228787.3989873
1753228787.399009 1753228817.5782135
1753228817.5782385 1753228849.1953907
1753228849.195412 1753228889.3738291
1753228889.373857 1753228929.1017876
1753228929.1018095 1753228964.0312288
1753228964.0312548 1753228998.105498
1753228998.1055207 1753229028.4955757
1753229028.4956164 1753229056.4036179
1753229056.403641 1753229087.5966308
1753229087.5966578 1753229119.4731975
1753229119.4732213 1753229150.1294787
1753229150.129503 1753229188.105878
1753229188.1059017 1753229217.2672844
1753229217.2673056 1753229242.3866289
1753229242.3866544 1753229275.0009856
1753229275.0010076 1753229304.7848818
1753229304.7849092 1753229342.7044709
1753229342.7044954 1753229378.4821866
1753229378.4822106 1753229406.1257198
1753229406.1257503 1753229427.7041056
1753229427.704135 1753229460.4369676
1753229460.43699 1753229487.525643
1753229487.525671 1753229511.2197723
1753229511.2197967 1753229541.061137
1753229541.0611656 1753229571.393454
1753229571.3934758 1753229598.4437652
1753229598.443787 1753229631.997316
1753229631.997352 1753229660.956957
1753229660.9569774 1753229693.490396
1753229693.4904199 1753229718.1032739
1753229718.1032972 1753229753.5670524
1753229753.567075 1753229783.9046233
1753229783.90465 1753229819.2545712
1753229819.25459 1753229844.0188193
1753229844.0188394 1753229876.7515283
1753229876.751554 1753229903.6787994
1753229903.6788228 1753229929.8550344
1753229929.8550615 1753229960.0978215
1753229960.0978458 1753229991.768152
1753229991.768173 1753230015.8375573
1753230015.8375933 1753230051.5041633
1753230051.5041869 1753230075.5745828
1753230075.5746028 1753230100.6174583
1753230100.6174834 1753230131.6009023
1753230131.6009252 1753230164.8723145
1753230164.8723378 1753230201.4564416
1753230201.456465 1753230230.9232183
1753230230.9232426 1753230258.1301148
1753230258.1301372 1753230304.463277
1753230304.463301 1753230330.3373754
1753230330.3374012 1753230362.7072396
1753230362.7072647 1753230386.2007897
1753230386.2008133 1753230413.325462
1753230413.325484 1753230450.7111733
1753230450.7111979 1753230479.3910441
