1756822184.5804753 1756822211.4136503
1756822211.4136908 1756822237.7468534
1756822237.7468774 1756822255.976819
1756822255.97684 1756822283.696869
1756822283.6969159 1756822308.4279761
1756822308.428006 1756822332.82226
1756822332.8222847 1756822351.9995408
1756822351.9995723 1756822374.7911425
1756822374.7911673 1756822406.0076027
1756822406.0076265 1756822430.199836
1756822430.199863 1756822450.4053867
1756822450.405415 1756822484.0137696
1756822484.0137925 1756822505.8574142
1756822505.8574398 1756822532.5952442
1756822532.5952792 1756822558.0769565
1756822558.0769782 1756822582.3997035
1756822582.3997312 1756822611.922584
1756822611.9226043 1756822636.1379733
1756822636.138003 1756822667.2316477
1756822667.2316794 1756822694.7695048
1756822694.7695286 1756822725.9632747
1756822725.9633024 1756822754.8102677
1756822754.810343 1756822784.434827
1756822784.4348538 1756822812.719434
1756822812.7194624 1756822836.8519824
1756822836.8520045 1756822860.290274
1756822860.2902975 1756822887.905895
1756822887.9059262 1756822912.3822458
1756822912.3822694 1756822930.0669
1756822930.066923 1756822954.8303463
1756822954.8303778 1756822980.4933658
1756822980.493397 1756823011.0615106
1756823011.061534 1756823034.7976074
1756823034.7976289 1756823065.9902894
1756823065.990312 1756823099.8052602
1756823099.8052843 1756823118.9709196
1756823118.9709444 1756823151.4584007
1756823151.4584236 1756823175.7087872
1756823175.708816 1756823201.9991052
1756823201.9991286 1756823231.936569
1756823231.9365923 1756823259.0809274
1756823259.080962 1756823283.3333747
1756823283.3333983 1756823312.6232014
1756823312.623232 1756823342.2981613
1756823342.2981808 1756823369.2341988
1756823369.2342296 1756823388.9794178
1756823388.9794402 1756823428.786777
1756823428.7868102 1756823454.1114593
1756823454.1114829 1756823483.8398294
1756823483.8398526 1756823512.452803
1756823512.452835 1756823537.4003532
1756823537.4004006 1756823567.1020923
1756823567.1021156 1756823597.3220065
1756823597.3220286 1756823632.8941011
1756823632.894125 1756823655.5091417
1756823655.5091686 1756823681.6623669
1756823681.662391 1756823711.4874105
1756823711.4874399 1756823742.489125
1756823742.4891503 1756823771.4769745
1756823771.4769948 1756823794.0115337
1756823794.011557 1756823820.2400548
1756823820.240078 1756823850.1694934
1756823850.169517 1756823872.2032144
1756823872.2032397 1756823896.487492
1756823896.4875202 1756823924.4176536
1756823924.417679 1756823955.534333
1756823955.5343578 1756823983.293168
1756823983.2931879 1756824015.0968819
1756824015.096909 1756824037.8046231
1756824037.8046517 1756824075.2857256
1756824075.2857497 1756824100.4547558
1756824100.4547787 1756824123.0623868
1756824123.0624142 1756824154.858232
1756824154.8582604 1756824185.159638
1756824185.1596668 1756824217.8741841
1756824217.874204 1756824243.8889759
1756824243.8890023 1756824266.4387836
1756824266.4388127 1756824298.6942227
1756824298.6942523 1756824315.9967346
1756824315.996769 1756824352.3363528
1756824352.3363771 1756824371.3849998
1756824371.385024 1756824406.693154
1756824406.6931827 1756824434.0262387
1756824434.026261 1756824460.4477406
1756824460.4477692 1756824486.383469
1756824486.3834894 1756824511.599701
1756824511.5997267 1756824538.012145
1756824538.0121717 1756824560.2310064
1756824560.2310352 1756824585.1052413
1756824585.1052637 1756824616.9353309
1756824616.9353554 1756824642.1051571
1756824642.1051831 1756824667.7819405
1756824667.7819674 1756824697.832371
1756824697.8323987 1756824727.816206
1756824727.8162274 1756824760.3703215
1756824760.3703458 1756824780.6493654
1756824780.6493857 1756824808.1574845
1756824808.1575072 1756824825.8977034
1756824825.8977273 1756824861.6323094
1756824861.6323304 1756824890.7728276
