1756822179.5339506 1756822212.897072
1756822212.8970997 1756822240.719644
1756822240.71967 1756822260.5507712
1756822260.5508382 1756822283.5167787
1756822283.516808 1756822308.5746655
1756822308.574699 1756822337.8507128
1756822337.8507373 1756822360.2949197
1756822360.2949436 1756822378.882107
1756822378.882133 1756822401.0316257
1756822401.0316453 1756822424.6086204
1756822424.6086473 1756822454.7601852
1756822454.760213 1756822485.7856157
1756822485.785641 1756822505.6976042
1756822505.6976323 1756822533.9127588
1756822533.9127884 1756822562.1234245
1756822562.1234498 1756822587.4184601
1756822587.4184902 1756822612.3973215
1756822612.3973448 1756822636.8838217
1756822636.8838565 1756822668.7216258
1756822668.721652 1756822696.7343955
1756822696.734441 1756822724.161757
1756822724.1617823 1756822751.9710639
1756822751.9710941 1756822782.335788
1756822782.335825 1756822814.7963307
1756822814.7963536 1756822837.8045337
1756822837.8045611 1756822863.2306468
1756822863.2306783 1756822891.4900842
1756822891.4901104 1756822916.4927227
1756822916.4927478 1756822938.9204593
1756822938.9204853 1756822962.038417
1756822962.038442 1756822984.4034061
1756822984.4034276 1756823014.6365042
1756823014.6365337 1756823040.070248
1756823040.0702705 1756823069.5765758
1756823069.5766034 1756823100.2723346
1756823100.2723622 1756823121.770094
1756823121.7701156 1756823149.645852
1756823149.645882 1756823179.1061046
1756823179.1061358 1756823206.0249286
1756823206.0249596 1756823233.529629
1756823233.5296574 1756823259.37936
1756823259.3793883 1756823284.820717
1756823284.820746 1756823312.5619528
1756823312.5619953 1756823340.6817782
1756823340.6818054 1756823364.6741476
1756823364.6741693 1756823394.0230339
1756823394.0230613 1756823428.9671648
1756823428.9671993 1756823458.1584456
1756823458.1584725 1756823484.4972374
1756823484.4972594 1756823509.7456582
1756823509.7457132 1756823536.6492848
1756823536.6493332 1756823563.2710326
1756823563.27106 1756823596.9548876
1756823596.9549134 1756823624.2442327
1756823624.2442586 1756823647.756375
1756823647.756399 1756823685.4180026
1756823685.4180303 1756823708.8649092
1756823708.864933 1756823739.689662
1756823739.6896896 1756823773.2642822
1756823773.2643135 1756823797.8335385
1756823797.8335583 1756823824.6589506
1756823824.65898 1756823840.5061407
1756823840.506165 1756823871.8535185
1756823871.853545 1756823895.3666403
1756823895.36667 1756823918.6510115
1756823918.6510358 1756823950.3240619
1756823950.3240888 1756823984.0718246
1756823984.071847 1756824012.162527
1756824012.1625528 1756824042.7557929
1756824042.7558172 1756824075.7524347
1756824075.7524645 1756824100.2467892
1756824100.2468114 1756824122.4866302
1756824122.4866543 1756824148.002928
1756824148.0029624 1756824182.094387
1756824182.0944166 1756824216.6603112
1756824216.6603546 1756824240.912165
1756824240.912192 1756824268.4568598
1756824268.4568887 1756824300.086526
1756824300.0865479 1756824323.6415098
1756824323.6415434 1756824352.1091156
1756824352.1091425 1756824377.2604442
1756824377.260469 1756824401.0561154
1756824401.0561385 1756824436.9294841
1756824436.9295099 1756824459.7658758
1756824459.7659028 1756824484.0605927
1756824484.060614 1756824514.8769987
1756824514.877028 1756824543.8887389
1756824543.888762 1756824558.5937674
1756824558.5937927 1756824593.0221598
1756824593.0221837 1756824614.4270334
1756824614.427053 1756824636.3913484
1756824636.3913736 1756824665.879679
1756824665.8797004 1756824689.4894364
1756824689.4894614 1756824730.3372555
1756824730.3372772 1756824761.0651824
1756824761.0652149 1756824782.2280028
1756824782.2280252 1756824808.4401886
1756824808.4402175 1756824830.086736
1756824830.0867596 1756824861.6931622
1756824861.6931863 1756824891.803197
