1754905003.191256 1754905029.4987037
1754905029.4987304 1754905056.7283158
1754905056.7283385 1754905081.5782351
1754905081.5782866 1754905104.5815609
1754905104.5815816 1754905128.9805632
1754905128.9805918 1754905158.3833876
1754905158.3834114 1754905181.5901604
1754905181.5901825 1754905205.001502
1754905205.0015264 1754905234.2423532
1754905234.2423735 1754905263.99991
1754905263.9999375 1754905291.581842
1754905291.581867 1754905314.6470773
1754905314.6471004 1754905342.3092883
1754905342.309314 1754905373.325452
1754905373.325478 1754905395.1300998
1754905395.130119 1754905417.5991297
1754905417.599154 1754905451.4401536
1754905451.4401731 1754905477.677641
1754905477.6776683 1754905502.5334773
1754905502.5335007 1754905524.2444413
1754905524.2444613 1754905550.2867131
1754905550.2867436 1754905572.605071
1754905572.60509 1754905603.790483
1754905603.7905118 1754905629.7308462
1754905629.7308662 1754905652.9315786
1754905652.9316201 1754905683.5669076
1754905683.5669322 1754905710.3508775
1754905710.3509014 1754905741.3337142
1754905741.3337352 1754905768.7181547
1754905768.7181823 1754905790.7995098
1754905790.7995298 1754905818.790415
1754905818.7904391 1754905849.6585252
1754905849.6585517 1754905872.8911605
1754905872.891181 1754905896.3502946
1754905896.3503242 1754905918.6364734
1754905918.6365 1754905939.3665578
1754905939.366581 1754905958.6184154
1754905958.6184373 1754905989.711176
1754905989.711203 1754906015.1902351
1754906015.1902604 1754906035.8846695
1754906035.8846958 1754906064.439755
1754906064.4397795 1754906093.8675988
1754906093.8676372 1754906117.193043
1754906117.193069 1754906142.6019266
1754906142.6019518 1754906162.0782635
1754906162.078293 1754906187.539406
1754906187.539439 1754906212.1005695
1754906212.1005902 1754906235.2815495
1754906235.281584 1754906257.3578944
1754906257.3579166 1754906279.9994729
1754906279.9995017 1754906307.4379487
1754906307.4379714 1754906338.457863
1754906338.4578934 1754906363.949298
1754906363.94932 1754906389.1224403
1754906389.1224597 1754906417.368743
1754906417.3687654 1754906436.103879
1754906436.1039047 1754906464.027402
1754906464.0274227 1754906485.8600209
1754906485.8600473 1754906512.2351806
1754906512.2352064 1754906539.6913626
1754906539.6913826 1754906562.1189306
1754906562.1189535 1754906580.9307387
1754906580.9307609 1754906606.3355138
1754906606.3355353 1754906633.3246577
1754906633.3246841 1754906655.220112
1754906655.2201314 1754906683.9271622
1754906683.9271932 1754906710.705046
1754906710.7050722 1754906732.5668876
1754906732.566914 1754906756.0705016
1754906756.0705214 1754906784.6278305
1754906784.627855 1754906808.3990357
1754906808.3990626 1754906834.6084378
1754906834.6084616 1754906856.847685
1754906856.8477068 1754906883.228828
1754906883.2288544 1754906910.2074118
1754906910.2074387 1754906924.4255576
1754906924.425582 1754906956.8931522
1754906956.8932116 1754906979.8875704
1754906979.8875935 1754907001.3349519
1754907001.3349767 1754907025.0401506
1754907025.0401723 1754907045.1168325
1754907045.116856 1754907075.6966765
1754907075.6966996 1754907098.25046
1754907098.250484 1754907121.3597713
1754907121.3597896 1754907160.5489907
1754907160.549016 1754907189.810555
1754907189.810576 1754907218.071123
1754907218.0711632 1754907244.3399196
1754907244.3399427 1754907263.4656289
1754907263.4656513 1754907287.5357487
1754907287.535785 1754907305.9058836
1754907305.905902 1754907327.890528
1754907327.8905518 1754907349.9352036
1754907349.935223 1754907373.2144225
1754907373.2144558 1754907398.2601583
1754907398.2601812 1754907419.6448197
1754907419.6448467 1754907444.5491788
1754907444.5492098 1754907469.3354912
1754907469.3355157 1754907495.7236729
1754907495.723695 1754907520.4279654
