1754904994.296457 1754905025.0018003
1754905025.001828 1754905052.8689215
1754905052.8689435 1754905081.820785
1754905081.820835 1754905104.8824933
1754905104.8825119 1754905131.493625
1754905131.4936566 1754905157.5447557
1754905157.5447872 1754905182.6198359
1754905182.6198618 1754905202.420945
1754905202.420966 1754905235.771854
1754905235.7718759 1754905265.1215887
1754905265.1216097 1754905290.7898643
1754905290.7898874 1754905318.6217642
1754905318.6217957 1754905344.01493
1754905344.0149498 1754905373.3541484
1754905373.3541718 1754905389.6649668
1754905389.6649861 1754905421.8737295
1754905421.8737504 1754905446.544437
1754905446.544462 1754905477.6233962
1754905477.6234179 1754905499.8735027
1754905499.873528 1754905527.0420794
1754905527.0420985 1754905546.9946322
1754905546.9946573 1754905570.97794
1754905570.977957 1754905600.5342493
1754905600.5342708 1754905623.269633
1754905623.269654 1754905656.732173
1754905656.7321992 1754905677.0999045
1754905677.099927 1754905707.8201954
1754905707.8202162 1754905741.500339
1754905741.50036 1754905766.2020357
1754905766.2020652 1754905792.9969404
1754905792.9969609 1754905824.13504
1754905824.1350589 1754905846.5503333
1754905846.5503497 1754905873.5080156
1754905873.5080414 1754905894.2547135
1754905894.254731 1754905919.6573982
1754905919.6574233 1754905937.6261406
1754905937.6261635 1754905959.0632458
1754905959.0632675 1754905986.816174
1754905986.8161983 1754906010.3873715
1754906010.387389 1754906036.273936
1754906036.273959 1754906063.7597187
1754906063.7597444 1754906091.7949703
1754906091.7950027 1754906118.3169293
1754906118.3169482 1754906142.4592292
1754906142.4592555 1754906160.045411
1754906160.0454288 1754906188.4240718
1754906188.4240973 1754906213.5982182
1754906213.5982387 1754906233.6812484
1754906233.6812751 1754906253.6544318
1754906253.65445 1754906283.153235
1754906283.15327 1754906312.6683679
1754906312.6683896 1754906335.563939
1754906335.5639732 1754906361.4078302
1754906361.4078512 1754906390.8543384
1754906390.854364 1754906411.8148806
1754906411.8148997 1754906441.027458
1754906441.0274878 1754906459.0958757
1754906459.0958967 1754906486.5192556
1754906486.519289 1754906506.9990315
1754906506.9990482 1754906537.1734617
1754906537.1734862 1754906558.3181171
1754906558.3181357 1754906586.5068731
1754906586.5068965 1754906608.8594215
1754906608.8594453 1754906634.3566034
1754906634.3566256 1754906657.965829
1754906657.9658506 1754906677.5020416
1754906677.502064 1754906705.9001799
1754906705.9002109 1754906732.6832874
1754906732.683306 1754906760.114662
1754906760.1146867 1754906781.1204903
1754906781.120509 1754906807.2584782
1754906807.2585037 1754906836.284698
1754906836.2847233 1754906862.5757205
1754906862.5757394 1754906883.9672084
1754906883.967233 1754906911.6068666
1754906911.6068854 1754906927.0821297
1754906927.082155 1754906959.755947
1754906959.7559645 1754906980.5376973
1754906980.5377142 1754907001.990053
1754907001.9900796 1754907024.3914244
1754907024.3914454 1754907048.8354156
1754907048.8354363 1754907076.2906084
1754907076.290628 1754907099.5686362
1754907099.5686593 1754907124.6284487
1754907124.6284664 1754907147.0974886
1754907147.0975115 1754907189.6882594
1754907189.6882813 1754907213.1297648
1754907213.129782 1754907238.5418694
1754907238.5418918 1754907267.2791207
1754907267.2791455 1754907290.7780004
1754907290.7780187 1754907309.1922371
1754907309.1922586 1754907333.228236
1754907333.2282622 1754907346.9448535
1754907346.9448779 1754907375.5701423
1754907375.5701637 1754907398.95325
1754907398.9532773 1754907419.0473065
1754907419.0473268 1754907445.8800108
1754907445.880037 1754907470.72929
1754907470.7293148 1754907495.2559252
1754907495.2559521 1754907511.4556162
