1754905003.4563475 1754905025.2004118
1754905025.2004375 1754905056.9699714
1754905056.9700081 1754905083.1126235
1754905083.1126428 1754905110.8944132
1754905110.8944364 1754905126.8543143
1754905126.8543353 1754905159.6790683
1754905159.6790893 1754905178.5981169
1754905178.5981483 1754905209.3342433
1754905209.3342698 1754905235.8451989
1754905235.8452206 1754905259.6575441
1754905259.6575665 1754905286.1203651
1754905286.1203887 1754905318.9024804
1754905318.9025054 1754905342.803079
1754905342.803103 1754905365.9952009
1754905365.9952188 1754905398.1577458
1754905398.1577716 1754905424.0699894
1754905424.0700097 1754905449.8278875
1754905449.82791 1754905476.4413362
1754905476.441365 1754905499.1082437
1754905499.1082745 1754905525.1594152
1754905525.159439 1754905546.2177045
1754905546.217727 1754905573.867181
1754905573.867203 1754905602.2906358
1754905602.29066 1754905631.5846314
1754905631.58465 1754905653.5347037
1754905653.5347276 1754905682.4053888
1754905682.4054112 1754905713.9040394
1754905713.9040642 1754905741.165626
1754905741.1656482 1754905769.5397105
1754905769.5397384 1754905795.8265116
1754905795.826532 1754905824.5863295
1754905824.5863574 1754905852.1349528
1754905852.1349726 1754905872.1915443
1754905872.1915758 1754905893.8349884
1754905893.835007 1754905920.0927336
1754905920.0927584 1754905937.6586163
1754905937.658639 1754905961.1580257
1754905961.1580522 1754905983.7712417
1754905983.7712595 1754906012.4187195
1754906012.418747 1754906037.5267625
1754906037.5267875 1754906066.0318532
1754906066.0318735 1754906093.5999758
1754906093.6000361 1754906112.84174
1754906112.84176 1754906142.6703975
1754906142.6704216 1754906160.8326747
1754906160.8327012 1754906188.4509661
1754906188.4509919 1754906213.018847
1754906213.0188687 1754906231.3759232
1754906231.3759491 1754906254.018226
1754906254.0182428 1754906278.1085055
1754906278.1085322 1754906313.3038738
1754906313.3038933 1754906339.1954396
1754906339.1954587 1754906365.9803712
1754906365.980399 1754906392.1722481
1754906392.1722686 1754906413.1882937
1754906413.1883175 1754906442.5850575
1754906442.5850768 1754906455.5556805
1754906455.5556977 1754906483.2447636
1754906483.2447886 1754906511.8527417
1754906511.8527708 1754906530.1895978
1754906530.1896148 1754906562.464181
1754906562.464208 1754906585.0609026
1754906585.060924 1754906608.4877822
1754906608.4878051 1754906630.4502852
1754906630.4503095 1754906653.4322243
1754906653.4322457 1754906685.0817761
1754906685.0817983 1754906708.1088688
1754906708.108888 1754906731.774944
1754906731.774967 1754906759.9057245
1754906759.9057474 1754906785.2459629
1754906785.2459862 1754906809.5560212
1754906809.5560496 1754906831.9524627
1754906831.952496 1754906856.0945563
1754906856.0945756 1754906877.4180124
1754906877.41803 1754906910.7163367
1754906910.7163641 1754906929.9280674
1754906929.9280872 1754906955.0991538
1754906955.099181 1754906980.9624798
1754906980.9624991 1754907000.6031184
1754907000.6031382 1754907029.5171082
1754907029.5171325 1754907048.3834198
1754907048.383442 1754907072.423403
1754907072.4234238 1754907096.054358
1754907096.0543764 1754907128.9329476
1754907128.9329803 1754907152.663017
1754907152.6630347 1754907189.6907601
1754907189.6907861 1754907217.293975
1754907217.2939963 1754907243.8004622
1754907243.8004863 1754907267.5318632
1754907267.531891 1754907285.8200142
1754907285.8200376 1754907303.2305582
1754907303.2305768 1754907326.1288764
1754907326.1289008 1754907356.3158405
1754907356.31586 1754907375.309575
1754907375.309601 1754907398.4750044
1754907398.4750366 1754907420.6042697
1754907420.6042917 1754907445.3674133
1754907445.3674388 1754907468.5579891
1754907468.5580122 1754907497.3638546
1754907497.3638759 1754907518.8366978
