1776080030.427847 1776080078.2422717
1776080078.242304 1776080139.866885
1776080139.866904 1776080194.0172384
1776080194.0172627 1776080224.5607305
1776080224.560755 1776080283.2359936
1776080283.2360168 1776080341.3220067
1776080341.322031 1776080394.0078886
1776080394.0079076 1776080434.114318
1776080434.1143537 1776080488.1262577
1776080488.1263058 1776080522.9922519
1776080522.992271 1776080580.6611185
1776080580.6611447 1776080626.3919377
1776080626.3919563 1776080674.062862
1776080674.0628839 1776080709.745668
1776080709.7456934 1776080758.3603206
1776080758.36034 1776080806.0911162
1776080806.0911427 1776080857.8581836
1776080857.8582094 1776080905.3927212
1776080905.392752 1776080944.806571
1776080944.8065946 1776080994.995708
1776080994.9957345 1776081026.4921725
1776081026.4921956 1776081079.3415864
1776081079.3416092 1776081138.7803802
1776081138.7804048 1776081187.41143
1776081187.4114509 1776081225.127713
1776081225.127736 1776081260.6583977
1776081260.6584225 1776081315.193868
1776081315.1938865 1776081367.7532642
1776081367.7532897 1776081415.1223812
1776081415.1224074 1776081461.5858393
1776081461.5858586 1776081508.0576787
1776081508.0577037 1776081552.105466
1776081552.105488 1776081605.1080308
1776081605.1080549 1776081653.2474601
1776081653.247484 1776081696.8842208
1776081696.884246 1776081749.5341609
1776081749.5341847 1776081790.4302504
1776081790.4302762 1776081839.0078514
1776081839.0078769 1776081884.869324
1776081884.869343 1776081926.2957425
1776081926.295766 1776081971.5672066
1776081971.56723 1776082010.9301827
1776082010.930206 1776082058.7173095
1776082058.7173357 1776082100.5303514
1776082100.5303795 1776082147.5916986
1776082147.5917249 1776082196.4489465
1776082196.44897 1776082236.3398044
1776082236.339824 1776082282.565468
1776082282.565489 1776082336.7214606
1776082336.7214868 1776082391.7932708
1776082391.7932947 1776082428.0715976
1776082428.0716171 1776082470.9857357
1776082470.9857593 1776082529.1565363
1776082529.1565614 1776082578.1422768
1776082578.1423173 1776082624.9686127
1776082624.968631 1776082674.5386026
1776082674.5386322 1776082729.7357855
1776082729.7358103 1776082775.681281
1776082775.6813042 1776082829.46461
1776082829.4646351 1776082877.3761868
1776082877.3762064 1776082914.798895
1776082914.798919 1776082969.9440758
1776082969.944101 1776083016.797157
1776083016.7971778 1776083064.8652372
1776083064.8652623 1776083101.8001654
1776083101.8001878 1776083165.7456098
1776083165.7456353 1776083209.5447655
1776083209.5447845 1776083266.8188713
1776083266.8188944 1776083314.442835
1776083314.442859 1776083368.274755
1776083368.2747755 1776083408.0971553
1776083408.0971792 1776083466.9752526
1776083466.975277 1776083514.4747362
1776083514.4747593 1776083556.0852134
1776083556.0852382 1776083603.8644066
1776083603.8644254 1776083655.9319448
1776083655.9319835 1776083701.8895528
1776083701.889577 1776083749.30494
1776083749.3049574 1776083793.3126886
1776083793.312714 1776083839.471581
1776083839.4716017 1776083884.4642687
1776083884.464295 1776083928.4147236
1776083928.4147437 1776083975.811949
1776083975.8119736 1776084015.6552835
1776084015.6553023 1776084063.7861762
1776084063.7862 1776084115.3086643
1776084115.308689 1776084161.2297175
1776084161.2297359 1776084206.8035398
1776084206.8035626 1776084245.8533838
1776084245.85341 1776084286.358656
1776084286.3586864 1776084350.3804836
1776084350.3805177 1776084393.2704835
1776084393.2705078 1776084443.7522085
1776084443.7522335 1776084496.8535938
1776084496.8536158 1776084552.0691462
1776084552.0691705 1776084601.6034374
1776084601.6034627 1776084645.5654912
1776084645.565516 1776084697.757915
1776084697.7579436 1776084736.4129202
1776084736.4129446 1776084797.5815344
