1776080032.7644496 1776080083.4760087
1776080083.4760702 1776080138.526183
1776080138.5262082 1776080187.5792458
1776080187.5792713 1776080239.430962
1776080239.4309824 1776080281.7311676
1776080281.7311902 1776080340.4868736
1776080340.4869046 1776080386.2917771
1776080386.2918 1776080437.0513642
1776080437.0513892 1776080489.9458761
1776080489.9459016 1776080533.2183855
1776080533.2184107 1776080583.4341776
1776080583.4342003 1776080613.9309373
1776080613.930956 1776080673.4958265
1776080673.4958544 1776080712.5311027
1776080712.5311255 1776080756.689658
1776080756.6897259 1776080797.775724
1776080797.7757506 1776080852.3997047
1776080852.3997593 1776080905.9301913
1776080905.9302323 1776080950.1498687
1776080950.149895 1776080990.717497
1776080990.717523 1776081040.5118608
1776081040.5118968 1776081088.3422377
1776081088.3422632 1776081138.388513
1776081138.3885362 1776081184.9700682
1776081184.9701035 1776081229.7776194
1776081229.777649 1776081272.3770382
1776081272.3770661 1776081308.860044
1776081308.8600652 1776081365.9692557
1776081365.969283 1776081410.5485141
1776081410.5485442 1776081455.199694
1776081455.19972 1776081505.1832929
1776081505.1833148 1776081546.9952476
1776081546.9952724 1776081598.3830588
1776081598.3830855 1776081650.7744431
1776081650.774473 1776081701.4107854
1776081701.410813 1776081744.7497294
1776081744.7497609 1776081793.917638
1776081793.9176655 1776081836.5799012
1776081836.5799232 1776081883.0680552
1776081883.0680778 1776081931.9582717
1776081931.9583054 1776081964.072546
1776081964.0725675 1776082015.9603612
1776082015.9603891 1776082058.280374
1776082058.2803984 1776082103.9942732
1776082103.9943063 1776082142.7094698
1776082142.7095068 1776082195.8119087
1776082195.811937 1776082234.3162162
1776082234.3162503 1776082287.5360527
1776082287.5360801 1776082337.963242
1776082337.9632642 1776082383.9036095
1776082383.9036374 1776082435.4497323
1776082435.4497678 1776082485.6956356
1776082485.6956625 1776082528.2648025
1776082528.2648242 1776082563.0174572
1776082563.0174825 1776082624.4710848
1776082624.4711118 1776082674.7556229
1776082674.755649 1776082728.3844676
1776082728.3844945 1776082771.58502
1776082771.58504 1776082819.4032576
1776082819.403285 1776082875.7414594
1776082875.7414875 1776082918.5769274
1776082918.5769532 1776082969.4258928
1776082969.4259198 1776083014.4896317
1776083014.4896588 1776083064.0454242
1776083064.0454528 1776083099.650889
1776083099.6509092 1776083158.0857728
1776083158.085799 1776083215.8080902
1776083215.8081145 1776083257.3065543
1776083257.30658 1776083322.4581106
1776083322.4581363 1776083369.2646067
1776083369.2646313 1776083415.5717897
1776083415.5718179 1776083464.548009
1776083464.548037 1776083507.772406
1776083507.7724311 1776083559.3105853
1776083559.310617 1776083597.9893188
1776083597.989346 1776083657.4592512
1776083657.4592788 1776083697.7746406
1776083697.7746654 1776083749.092811
1776083749.0928383 1776083789.349144
1776083789.349166 1776083832.7430613
1776083832.7430878 1776083880.7628493
1776083880.7628775 1776083930.8679323
1776083930.8679717 1776083969.415134
1776083969.415157 1776084024.5381296
1776084024.5381572 1776084067.1355524
1776084067.1355758 1776084113.618241
1776084113.6182666 1776084161.5170045
1776084161.5170326 1776084201.3269546
1776084201.3269875 1776084252.5110211
1776084252.511042 1776084301.7579772
1776084301.7580066 1776084351.2380657
1776084351.2380939 1776084399.7545295
1776084399.7545614 1776084443.6087403
1776084443.608769 1776084496.6646423
1776084496.6646707 1776084533.3302417
1776084533.3302631 1776084596.9482133
1776084596.9482434 1776084645.2679958
1776084645.2680376 1776084687.4697907
1776084687.469819 1776084744.7658474
1776084744.765876 1776084796.2325318
