1755585641.6313066 1755585665.2598448
1755585665.2598703 1755585692.3325825
1755585692.3326035 1755585728.122688
1755585728.1227257 1755585754.3633616
1755585754.3633842 1755585783.7848434
1755585783.784864 1755585814.3430135
1755585814.343071 1755585849.555124
1755585849.5551455 1755585885.5067453
1755585885.506771 1755585916.7266517
1755585916.7267008 1755585946.5686655
1755585946.5686948 1755585976.6451807
1755585976.6452086 1755586008.6056201
1755586008.60565 1755586033.0741916
1755586033.0742142 1755586064.4962099
1755586064.496244 1755586098.396853
1755586098.3968794 1755586125.4153535
1755586125.4153783 1755586152.857326
1755586152.8573477 1755586182.5513806
1755586182.5514045 1755586212.485197
1755586212.4852207 1755586249.4653587
1755586249.4653773 1755586292.823315
1755586292.823341 1755586314.7413902
1755586314.741413 1755586357.9711134
1755586357.9711394 1755586386.889495
1755586386.889523 1755586409.0614023
1755586409.0614233 1755586448.9870846
1755586448.9871087 1755586495.572384
1755586495.572411 1755586520.1318984
1755586520.1319208 1755586554.3532085
1755586554.353237 1755586583.0345104
1755586583.0345397 1755586620.3534138
1755586620.3534343 1755586648.2351954
1755586648.2352252 1755586676.0420616
1755586676.0420873 1755586713.1270797
1755586713.1271002 1755586741.4252334
1755586741.4252532 1755586771.332132
1755586771.3321588 1755586807.2935762
1755586807.2936153 1755586841.825264
1755586841.8252935 1755586871.597702
1755586871.5977292 1755586898.9588974
1755586898.9589293 1755586929.2109706
1755586929.211004 1755586960.8655744
1755586960.865602 1755586986.9138336
1755586986.9138587 1755587020.613273
1755587020.6132982 1755587061.5829823
1755587061.583008 1755587095.9523897
1755587095.9524179 1755587133.9760234
1755587133.9760501 1755587175.7157905
1755587175.7158191 1755587202.6731858
1755587202.67321 1755587236.8679497
1755587236.8679821 1755587260.8965917
1755587260.8966203 1755587306.9923353
1755587306.9923635 1755587338.030474
1755587338.0305088 1755587372.4381316
1755587372.4381669 1755587401.9959013
1755587401.9959445 1755587433.159608
1755587433.1596363 1755587460.8130546
1755587460.813073 1755587489.3789258
1755587489.3789508 1755587522.6379437
1755587522.6379693 1755587552.2067301
1755587552.206752 1755587580.96055
1755587580.9605722 1755587615.2907386
1755587615.2907734 1755587646.2686176
1755587646.268652 1755587676.9411452
1755587676.9411697 1755587714.869692
1755587714.8697498 1755587745.4513223
1755587745.4513497 1755587779.5196106
1755587779.519645 1755587813.58196
1755587813.5819955 1755587851.691638
1755587851.6916666 1755587877.9009364
1755587877.9009688 1755587914.2700884
1755587914.2701077 1755587948.6604137
1755587948.660434 1755587980.8763223
1755587980.8763497 1755588012.3231127
1755588012.3231416 1755588049.975953
1755588049.9759777 1755588082.948794
1755588082.9488192 1755588118.917966
1755588118.9179876 1755588146.3649335
1755588146.3649552 1755588180.2379413
1755588180.2379787 1755588210.786267
1755588210.7862964 1755588239.221969
1755588239.2219906 1755588267.8430436
1755588267.8430626 1755588303.291849
1755588303.2918768 1755588327.975167
1755588327.9751902 1755588367.0832975
1755588367.0833247 1755588398.7019315
1755588398.7019575 1755588437.80035
1755588437.8003771 1755588474.9623919
1755588474.9624135 1755588499.9765162
1755588499.9765391 1755588533.1369905
1755588533.137015 1755588563.216345
1755588563.2163737 1755588593.3913972
1755588593.3914206 1755588624.3965359
1755588624.3965633 1755588652.16636
1755588652.1663833 1755588687.4672852
1755588687.467313 1755588716.878488
1755588716.8785129 1755588743.436491
1755588743.4365199 1755588772.072104
1755588772.0721316 1755588804.39063
1755588804.3906572 1755588833.5530634
