1764741310.1313915 1764741511.08379
1764741512.0849829 1764741635.829817
1764741638.8330908 1764741942.6216292
1764741944.623806 1764742109.5207798
1764742118.5299265 1764742308.988579
1764742313.993775 1764742514.7753377
1764742516.777496 1764742662.0564358
1764742663.057569 1764743000.5707688
1764743001.571966 1764743220.5592563
1764743220.559351 1764743512.0455909
1764743519.0508792 1764743743.7740934
1764743749.7802699 1764743905.881338
1764743908.88289 1764744077.2191403
1764744086.2268875 1764744298.5212245
1764744299.5223963 1764744452.3522487
1764744454.3543813 1764744616.558621
1764744625.5677397 1764744735.5422966
1764744740.5454278 1764745016.9554987
1764745024.9628894 1764745326.0126128
1764745332.0187943 1764745581.8617923
1764745587.8679695 1764745697.1428893
1764745699.1450055 1764745912.9624617
1764745915.9657488 1764746156.6270595
1764746166.6286917 1764746315.1931262
1764746321.1992986 1764746485.133651
1764746491.13978 1764746674.0952973
1764746680.1014867 1764746828.313522
1764746829.3146913 1764747004.584262
1764747008.5884416 1764747195.3338823
1764747199.3341432 1764747415.3819773
1764747418.3851564 1764747585.771384
1764747588.7745018 1764747756.1374075
1764747756.1375391 1764747951.444749
1764747960.453873 1764748202.9961534
1764748213.0063233 1764748376.7430425
1764748383.7501936 1764748549.2216058
1764748553.225745 1764748795.290137
1764748799.294326 1764748949.9566958
1764748955.9628236 1764749122.8443022
1764749132.854467 1764749409.0812519
1764749416.0883956 1764749716.0227442
1764749718.0249295 1764749977.0166836
1764749986.0258803 1764750227.198076
1764750236.207266 1764750509.1757889
1764750514.1809084 1764750650.944033
1764750653.9472108 1764750824.776926
1764750830.7830398 1764750982.5459144
1764750986.550094 1764751099.4037366
1764751100.4048574 1764751305.6816456
1764751314.6908596 1764751514.9972966
1764751516.999438 1764751729.627503
1764751730.6286936 1764751974.662382
1764751978.6665611 1764752301.569461
1764752301.5695982 1764752469.974597
1764752475.9807377 1764752667.5870566
1764752672.592235 1764752991.436804
1764752997.4428844 1764753312.0596273
1764753320.0650187 1764753494.0032387
1764753498.0068908 1764753745.5897753
1764753750.5949497 1764753996.832049
1764753998.8342268 1764754170.6006668
1764754174.6048274 1764754476.5576606
1764754485.5668054 1764754597.71982
1764754597.719937 1764754948.0731466
1764754949.074319 1764755138.3179605
1764755139.3191054 1764755360.622779
1764755366.6289682 1764755598.3518891
1764755604.3548923 1764755869.6932902
1764755879.7034726 1764756084.864215
1764756091.87135 1764756373.6538382
1764756382.662887 1764756515.9934812
1764756524.0016468 1764756683.1587029
1764756689.1648638 1764756884.5000935
1764756889.5015452 1764757024.3308265
1764757033.3388953 1764757321.2410088
1764757325.2451801 1764757510.661303
1764757516.6674554 1764757701.226894
1764757703.2290704 1764757963.5769124
1764757965.5790923 1764758155.0316029
1764758159.0357149 1764758416.3201978
1764758421.325375 1764758650.0647762
1764758650.064896 1764758995.2483103
1764759003.2564945 1764759172.260488
1764759173.2616296 1764759406.896395
1764759407.897576 1764759582.7052429
1764759588.7114282 1764759755.36786
1764759763.3686917 1764760041.0235813
1764760050.0327668 1764760319.4610596
1764760326.4636805 1764760578.085346
1764760578.0854783 1764760803.545225
1764760808.5504105 1764760913.6701062
1764760921.6782362 1764761143.9199514
1764761146.9231327 1764761216.5916774
1764761216.5917535 1764761581.2304354
1764761585.2346203 1764761827.8089013
1764761834.81609 1764762061.4439044
1764762062.444774 1764762479.6102064
1764762485.6163938 1764762577.4219894
1764762585.430127 1764762740.9176776
1764762740.9178166 1764762983.9622238
