1764741313.0698895 1764741481.1474137
1764741484.1505606 1764741645.5864506
1764741648.5879383 1764741936.166387
1764741944.1745665 1764742146.4645414
1764742155.4737198 1764742323.6886773
1764742326.6918664 1764742491.3860116
1764742495.3901272 1764742687.0193636
1764742691.0223768 1764742954.4395595
1764742962.4477403 1764743275.5319045
1764743283.5400815 1764743492.2762256
1764743499.2834005 1764743746.0132728
1764743751.0148933 1764743959.4061491
1764743964.410873 1764744106.754087
1764744108.7562544 1764744308.5197372
1764744318.5201156 1764744486.6764102
1764744487.6775522 1764744593.2132018
1764744602.22234 1764744737.5279632
1764744738.5291092 1764744944.0734954
1764744947.0762684 1764745215.3739448
1764745220.379121 1764745557.4873822
1764745566.4914951 1764745745.494596
1764745755.5047827 1764745940.866054
1764745949.8752136 1764746083.1312299
1764746083.131331 1764746236.8484044
1764746245.8575127 1764746433.590451
1764746437.5946143 1764746647.5160222
1764746650.5191784 1764746791.6832669
1764746799.691403 1764746919.9782815
1764746927.9864411 1764747185.8729398
1764747185.873037 1764747405.6644483
1764747406.665622 1764747559.6668549
1764747563.6709101 1764747822.6306164
1764747823.6308806 1764747997.641385
1764748000.6445513 1764748155.09156
1764748161.0948768 1764748407.3506658
1764748415.3588715 1764748612.3731432
1764748620.3813343 1764748754.5061624
1764748763.5108929 1764748973.6780858
1764748981.686267 1764749271.3301444
1764749276.3353224 1764749542.1141472
1764749547.1193273 1764749728.8143153
1764749737.8230796 1764749862.137244
1764749864.1388803 1764750124.254914
1764750133.2640994 1764750452.1837423
1764750455.1853428 1764750655.657143
1764750658.6603072 1764750839.2532833
1764750843.257466 1764750964.1906981
1764750968.1948214 1764751081.5782206
1764751082.5788858 1764751242.56242
1764751251.5705657 1764751538.9025977
1764751538.902737 1764751697.7767887
1764751702.781971 1764751856.8523326
1764751864.8531318 1764752280.088519
1764752283.0917027 1764752512.6310234
1764752513.632143 1764752684.6470468
1764752694.6523643 1764753028.0530362
1764753037.0622487 1764753310.1124914
1764753317.1196744 1764753533.929708
1764753541.9379094 1764753734.624685
1764753735.625845 1764754009.2022858
1764754011.2044652 1764754140.673356
1764754140.6734533 1764754456.0542247
1764754458.0564106 1764754637.2879071
1764754642.2930937 1764754871.005669
1764754878.010896 1764755165.852208
1764755167.854383 1764755354.0739853
1764755356.076112 1764755631.7589922
1764755633.7611759 1764755875.0155199
1764755883.0236962 1764755956.5880108
1764755956.5880842 1764756222.0610406
1764756231.0702324 1764756530.220982
1764756534.2251391 1764756716.716283
1764756725.7169766 1764756896.5649798
1764756906.574738 1764756996.1563656
1764757001.1588826 1764757310.2330096
1764757316.2391849 1764757514.388399
1764757524.3985732 1764757708.176659
1764757717.1858428 1764757947.5053227
1764757955.513504 1764758172.3164523
1764758179.3235638 1764758333.9367511
1764758338.941878 1764758733.105462
1764758734.106629 1764758863.6474001
1764758868.6525917 1764759113.190084
1764759113.1901593 1764759322.0470731
1764759332.0548823 1764759562.5524793
1764759563.5536332 1764759779.2017198
1764759784.2068946 1764760091.3121057
1764760097.3182871 1764760232.161332
1764760236.1654751 1764760577.1129267
1764760586.1221106 1764760708.7645226
1764760715.7683196 1764760919.3133926
1764760927.3215754 1764761110.1394782
1764761119.1469107 1764761325.0324676
1764761325.0325973 1764761586.397805
1764761596.4079828 1764761790.0380948
1764761797.0452144 1764762015.2147264
1764762019.2190034 1764762474.397162
1764762483.406352 1764762607.3006618
1764762612.3057735 1764762743.8796184
1764762748.882885 1764762933.3722887
