1764052704.2589645 1764052745.450639
1764052748.453844 1764052783.5670292
1764052787.5688796 1764052821.988009
1764052821.9880614 1764052864.8678744
1764052867.8709571 1764052898.281356
1764052906.2861192 1764052940.5038805
1764052945.5089948 1764052987.4663582
1764052992.4714277 1764053029.2414203
1764053030.2424896 1764053064.1609433
1764053064.1609693 1764053101.1228583
1764053102.1239285 1764053144.308959
1764053147.312036 1764053182.506897
1764053189.5139706 1764053212.9626698
1764053220.9707355 1764053242.788095
1764053246.79217 1764053281.0883405
1764053291.0984864 1764053322.3205502
1764053327.3256207 1764053352.2998505
1764053361.3068762 1764053373.0810876
1764053383.0911682 1764053413.1682706
1764053415.1703444 1764053447.1411958
1764053457.1512659 1764053474.946612
1764053481.9536934 1764053508.877078
1764053513.8822005 1764053539.1079664
1764053544.110886 1764053578.4737923
1764053587.4756794 1764053624.5251555
1764053630.53123 1764053655.4855204
1764053665.4930995 1764053690.2935104
1764053695.2985804 1764053735.3998578
1764053736.400926 1764053773.2550516
1764053779.2593591 1764053820.3751488
1764053820.3751705 1764053862.6201673
1764053868.6228898 1764053909.2769525
1764053919.2870364 1764053954.390285
1764053961.397371 1764053996.970027
1764053996.970053 1764054035.0938542
1764054038.093966 1764054078.4507327
1764054087.4588826 1764054111.0970986
1764054119.1051733 1764054156.0632956
1764054157.0639796 1764054196.5743027
1764054202.578879 1764054242.9748783
1764054249.9819992 1764054278.4637027
1764054284.46978 1764054307.859066
1764054307.8590963 1764054341.6073177
1764054345.6083097 1764054366.2291615
1764054370.2315073 1764054399.2647498
1764054409.2654083 1764054426.8789043
1764054432.8795414 1764054466.745534
1764054466.7455657 1764054501.4406025
1764054510.4496775 1764054532.1872585
1764054537.1923327 1764054564.2157722
1764054574.2228959 1764054603.793652
1764054611.7988827 1764054641.4434435
1764054646.4485087 1764054679.4887376
1764054680.489809 1764054716.3626308
1764054724.370764 1764054755.4015043
1764054764.4106083 1764054793.3365142
1764054800.3429055 1764054824.1397407
1764054831.146816 1764054863.796774
1764054868.7985795 1764054896.6431603
1764054898.6452377 1764054928.0655334
1764054932.069621 1764054961.5607626
1764054963.5628252 1764054996.5097358
1764054996.5097616 1764055032.4247348
1764055035.4278457 1764055070.2829087
1764055078.2909794 1764055107.3087978
1764055109.3109372 1764055143.1489213
1764055152.158033 1764055179.994426
1764055190.004502 1764055210.670674
1764055219.6788828 1764055254.9126542
1764055255.9137232 1764055287.5143862
1764055295.5224688 1764055324.0469644
1764055327.0500407 1764055361.4823682
1764055365.4864364 1764055402.6520298
1764055404.652287 1764055439.8088508
1764055449.8189232 1764055471.5922458
1764055480.601397 1764055499.6181164
1764055507.6261992 1764055530.643717
1764055538.651785 1764055567.8568637
1764055573.8629456 1764055600.1282709
1764055608.131424 1764055639.7320879
1764055641.734161 1764055682.0590901
1764055688.0594015 1764055721.732394
1764055728.7388825 1764055759.7506442
1764055760.75077 1764055806.8663654
1764055810.8672638 1764055842.3374877
1764055850.345565 1764055885.924217
1764055890.9293947 1764055927.2438025
1764055935.2508807 1764055956.8624196
1764055965.8708797 1764055991.1476042
1764055996.1509404 1764056025.996582
1764056032.0026517 1764056071.667556
1764056080.6749177 1764056112.850102
1764056113.8512266 1764056156.1492026
1764056165.149402 1764056194.3024678
1764056199.3075478 1764056235.8097787
1764056242.8168502 1764056277.433808
1764056278.4348912 1764056309.8114007
1764056316.8148892 1764056342.5062954
1764056347.51138 1764056376.3836787
1764056384.3908765 1764056409.4545836
