1757123909.9776633 1757123933.690308
1757123933.6903837 1757123959.65127
1757123967.655604 1757123990.79472
1757123992.7956128 1757124017.3320186
1757124018.3331125 1757124057.2320955
1757124066.2396667 1757124080.762521
1757124089.771681 1757124113.3605866
1757124121.3687258 1757124140.412198
1757124149.4196773 1757124171.7039483
1757124176.707667 1757124197.5388954
1757124198.539976 1757124230.0240145
1757124230.0240433 1757124253.5846796
1757124260.5917184 1757124288.8785076
1757124291.8796744 1757124315.774165
1757124320.77936 1757124349.2196107
1757124350.2207086 1757124377.2042198
1757124378.204795 1757124406.9034257
1757124407.9040234 1757124432.554171
1757124433.555326 1757124463.8329177
1757124463.83295 1757124487.8764164
1757124492.8815873 1757124518.9141135
1757124519.9152 1757124554.7169514
1757124555.7180378 1757124589.228191
1757124589.2282171 1757124624.3820155
1757124634.3916557 1757124654.8822608
1757124664.891671 1757124685.051211
1757124687.0523539 1757124717.6964595
1757124721.7006004 1757124752.619334
1757124755.622473 1757124776.795475
1757124785.8039532 1757124806.526269
1757124813.5316215 1757124837.724167
1757124841.7283084 1757124867.8217185
1757124873.8276587 1757124909.0178287
1757124909.017856 1757124938.758912
1757124939.7600439 1757124963.1744359
1757124963.1744697 1757124993.481066
1757124997.4852092 1757125020.9592414
1757125028.9637365 1757125057.1009572
1757125060.1036775 1757125073.9286475
1757125080.935627 1757125108.998893
1757125110.9996743 1757125137.9153209
1757125143.921413 1757125172.2113183
1757125181.2196164 1757125198.5140357
1757125207.5231736 1757125228.179646
1757125229.1807485 1757125262.8166943
1757125272.8213067 1757125288.4763608
1757125295.483508 1757125320.6461277
1757125323.6477306 1757125348.8378973
1757125357.8396804 1757125374.8316624
1757125380.8356485 1757125410.5426347
1757125418.550771 1757125440.6032016
1757125448.607611 1757125468.1945825
1757125477.2037358 1757125500.0318954
1757125503.0350266 1757125531.3717885
1757125535.3759217 1757125564.7284343
1757125573.7375586 1757125588.0652106
1757125588.0652442 1757125617.7938864
1757125618.795053 1757125645.9732502
1757125650.976205 1757125674.778169
1757125683.7836516 1757125708.2230103
1757125715.227694 1757125737.5562873
1757125746.565418 1757125767.246218
1757125771.2476735 1757125796.3087623
1757125806.3188906 1757125829.7616997
1757125838.7708454 1757125851.6862552
1757125860.6953423 1757125888.0538032
1757125890.0559342 1757125919.0156214
1757125924.0207622 1757125947.818856
1757125949.819618 1757125975.0256083
1757125980.0307994 1757126002.705451
1757126007.7076166 1757126037.5305345
1757126039.5326273 1757126066.3437378
1757126071.3488638 1757126084.906947
1757126090.9116707 1757126122.1587105
1757126127.163643 1757126151.4435234
1757126158.4506624 1757126180.154276
1757126186.1596165 1757126210.5970955
1757126211.5982234 1757126231.5945928
1757126239.5996284 1757126268.56091
1757126274.5622303 1757126302.915623
1757126302.9156578 1757126333.382322
1757126341.3876688 1757126358.2277086
1757126366.2356143 1757126392.934161
1757126397.9392576 1757126422.5850682
1757126432.5951939 1757126448.7181861
1757126457.7273128 1757126468.553034
1757126478.5631685 1757126505.5446756
1757126507.5468118 1757126535.3106046
1757126542.3156724 1757126566.9957378
1757126570.999868 1757126595.9816518
1757126601.987676 1757126626.2331972
1757126629.2356577 1757126656.0226684
1757126656.022697 1757126689.057357
1757126697.065495 1757126714.727988
1757126718.7321253 1757126744.6592708
1757126749.664422 1757126772.786379
1757126780.791614 1757126801.0240197
1757126805.028101 1757126831.868834
1757126835.8721373 1757126862.0483508
1757126862.0483828 1757126886.3187385
