1757123905.8269444 1757123931.8625574
1757123940.8716109 1757123961.6774647
1757123965.6796741 1757123993.1251078
1757123996.1282725 1757124020.5908368
1757124027.5961928 1757124050.7407825
1757124050.740816 1757124083.1578627
1757124086.159671 1757124110.569242
1757124114.5716608 1757124143.9355004
1757124149.9416385 1757124173.3942745
1757124181.402408 1757124201.5931895
1757124204.5956028 1757124229.0911872
1757124232.094244 1757124259.4320543
1757124262.4351933 1757124287.4507334
1757124297.459699 1757124311.231112
1757124321.2342734 1757124348.456395
1757124356.4644969 1757124381.0274105
1757124383.029532 1757124403.6741092
1757124405.67624 1757124437.8963225
1757124440.8994439 1757124465.18794
1757124466.189006 1757124489.2626188
1757124491.2636144 1757124514.4121497
1757124514.4121792 1757124553.8395329
1757124562.84868 1757124582.413258
1757124590.4197834 1757124622.602619
1757124625.6036215 1757124651.0220013
1757124658.027736 1757124686.0324235
1757124688.0345013 1757124719.248832
1757124722.251142 1757124751.440212
1757124758.4436154 1757124778.7646194
1757124778.764644 1757124808.6314988
1757124809.6316087 1757124843.441445
1757124853.4515433 1757124876.5678093
1757124878.569973 1757124909.2589927
1757124909.2590292 1757124936.7490702
1757124946.7556164 1757124964.8444686
1757124968.8476853 1757124989.073674
1757124998.0800097 1757125024.1240947
1757125029.1276503 1757125050.6516075
1757125057.6556532 1757125081.037069
1757125091.047199 1757125108.366941
1757125113.3720193 1757125139.69121
1757125140.6916645 1757125170.560131
1757125175.5636187 1757125194.324382
1757125199.327694 1757125228.4794025
1757125228.4794304 1757125262.4110436
1757125266.4116218 1757125291.4999893
1757125299.507615 1757125324.233536
1757125326.2356372 1757125349.6307378
1757125357.6364431 1757125378.2653072
1757125387.2671328 1757125410.2282243
1757125413.2286813 1757125441.026525
1757125450.035654 1757125470.393931
1757125473.395633 1757125504.9372172
1757125505.937784 1757125529.583626
1757125539.5916543 1757125556.3848476
1757125559.3876042 1757125588.5828521
1757125596.5909772 1757125615.9689825
1757125620.9740558 1757125647.758882
1757125653.763606 1757125672.8363261
1757125681.845462 1757125707.9749072
1757125717.9850488 1757125734.3545997
1757125735.355647 1757125768.8330767
1757125776.8396175 1757125793.9364965
1757125794.9369802 1757125827.944287
1757125835.951614 1757125853.9958801
1757125857.999675 1757125882.9428291
1757125885.9436767 1757125915.388423
1757125925.3957078 1757125949.1868577
1757125953.1909928 1757125975.6468399
1757125984.6556437 1757126006.9642537
1757126009.967372 1757126039.6372857
1757126045.6434302 1757126066.998048
1757126075.0061593 1757126090.4229994
1757126097.4277415 1757126120.7979233
1757126125.8030493 1757126149.7635088
1757126159.7716756 1757126176.8936749
1757126183.9007752 1757126205.7826188
1757126211.7876935 1757126240.795248
1757126248.7996647 1757126271.831504
1757126271.8315296 1757126306.0807543
1757126313.0876043 1757126334.554036
1757126335.5551226 1757126359.012186
1757126362.0152702 1757126392.742273
1757126400.747677 1757126422.4980054
1757126422.498032 1757126448.568753
1757126448.5687797 1757126474.5686395
1757126478.5727403 1757126507.4274964
1757126512.4326417 1757126539.3362484
1757126544.3396657 1757126564.2689786
1757126568.2716172 1757126591.5182626
1757126597.522816 1757126625.7685144
1757126627.7706373 1757126657.2670207
1757126663.2731524 1757126683.659266
1757126690.6637354 1757126714.0361328
1757126720.0398881 1757126745.943468
1757126747.9455874 1757126774.6332695
1757126778.6373625 1757126800.6949794
1757126809.703639 1757126833.530998
1757126842.539669 1757126861.275233
1757126867.281364 1757126891.9785564
