1761291608.9577968 1761291648.3672252
1761291648.3672886 1761291685.1193066
1761291688.1196768 1761291736.8675456
1761291746.8776746 1761291776.7750628
1761291778.775712 1761291820.1048145
1761291823.1079426 1761291854.786026
1761291860.7921047 1761291896.962343
1761291903.968016 1761291949.8312464
1761291956.8383281 1761292006.5058777
1761292016.5160155 1761292060.43966
1761292069.448783 1761292111.2383072
1761292114.2396586 1761292156.4425077
1761292162.448634 1761292202.6945643
1761292206.6986806 1761292256.4144902
1761292260.415672 1761292301.8488617
1761292304.8519816 1761292359.169728
1761292368.1756167 1761292410.456929
1761292419.463723 1761292472.0570357
1761292481.0661385 1761292535.090385
1761292536.0915048 1761292587.2667727
1761292593.2681386 1761292633.2773325
1761292635.2794547 1761292669.3363376
1761292669.336364 1761292717.040094
1761292722.0436726 1761292755.9235048
1761292760.9286454 1761292791.673634
1761292795.6777487 1761292828.5222645
1761292829.5234056 1761292869.2727036
1761292870.2738054 1761292910.0580525
1761292915.0596054 1761292946.3362997
1761292952.3396916 1761292987.7322876
1761292995.7404804 1761293023.4891486
1761293033.4956121 1761293063.1030433
1761293068.108179 1761293100.1447687
1761293102.146904 1761293139.7320683
1761293145.738204 1761293172.1223953
1761293181.127676 1761293217.6338623
1761293226.6429956 1761293259.492271
1761293266.4993937 1761293305.8481908
1761293305.8482203 1761293339.753219
1761293349.763346 1761293385.5151997
1761293391.5212884 1761293430.923203
1761293431.9236567 1761293475.4150052
1761293481.421119 1761293530.4979239
1761293537.5036027 1761293571.2866642
1761293575.2908077 1761293612.6824358
1761293621.6876912 1761293660.691641
1761293664.695726 1761293707.6442358
1761293710.6473217 1761293748.7322981
1761293750.7344105 1761293790.498184
1761293799.5036333 1761293856.1637135
1761293858.1658773 1761293893.5882635
1761293897.5924299 1761293934.0975294
1761293936.099706 1761293971.130933
1761293974.1340463 1761294004.3820622
1761294006.383685 1761294036.143231
1761294046.1520803 1761294101.8687665
1761294111.878981 1761294155.6001909
1761294158.603276 1761294198.106338
1761294199.1074576 1761294255.1603234
1761294265.1705143 1761294314.217939
1761294319.223061 1761294371.4327078
1761294371.4327316 1761294407.5486934
1761294407.5487232 1761294445.209936
1761294455.2200248 1761294484.6006513
1761294484.6006827 1761294520.304547
1761294526.3076756 1761294575.0620332
1761294577.0641072 1761294614.5046344
1761294623.5137746 1761294657.9282296
1761294667.935738 1761294723.686888
1761294727.6910086 1761294780.8221047
1761294780.8221405 1761294820.2238204
1761294824.22761 1761294860.579096
1761294862.5796149 1761294927.8610077
1761294934.8681388 1761294992.0850341
1761294996.0891116 1761295034.2352402
1761295036.2356126 1761295079.9962888
1761295086.9996126 1761295122.9504337
1761295132.9597259 1761295177.6312485
1761295186.6404138 1761295239.7597437
1761295241.761821 1761295287.6161442
1761295294.6227639 1761295333.13444
1761295339.1364062 1761295387.0711422
1761295396.0796728 1761295438.3521538
1761295445.3556755 1761295473.7012212
1761295482.7103508 1761295519.5924785
1761295529.5996747 1761295558.634173
1761295558.6342032 1761295611.6376724
1761295621.6476169 1761295664.4365547
1761295671.4436605 1761295711.9927626
1761295721.0018961 1761295752.1172695
1761295754.1193798 1761295790.2347693
1761295800.244899 1761295824.7006078
1761295831.7076116 1761295863.8707948
1761295871.8789067 1761295906.6548378
1761295916.6636717 1761295956.725392
1761295966.731676 1761295994.4019024
1761296001.4079554 1761296035.6246393
1761296038.6277459 1761296077.7761443
1761296083.7822936 1761296130.0133839
1761296134.0175245 1761296174.9691749
