1767251297.4360802 1767251402.0500462
1767251402.0500748 1767251542.0321085
1767251542.032137 1767251677.7916718
1767251677.791699 1767251828.03946
1767251828.03949 1767251932.9018614
1767251932.901885 1767252120.5241039
1767252120.524133 1767252235.855349
1767252235.8553693 1767252376.5445879
1767252376.5446136 1767252544.20068
1767252544.2007077 1767252679.2870433
1767252679.2870746 1767252814.595761
1767252814.5957904 1767252935.1269808
1767252935.1270096 1767253075.59528
1767253075.5953074 1767253212.4172616
1767253212.4172835 1767253341.1652231
1767253341.1652498 1767253460.1041446
1767253460.1041694 1767253600.239227
1767253600.239249 1767253759.2203615
1767253759.2203887 1767253883.0454457
1767253883.045472 1767253989.5787103
1767253989.5787342 1767254080.897584
1767254080.8976064 1767254223.2235632
1767254223.2235901 1767254345.5515049
1767254345.5515437 1767254476.6500943
1767254476.6501257 1767254610.2092206
1767254610.2092416 1767254734.7888565
1767254734.788884 1767254880.5588477
1767254880.5588744 1767255017.6638412
1767255017.663868 1767255145.8991451
1767255145.899173 1767255262.1016028
1767255262.10163 1767255424.6105757
1767255424.6106029 1767255526.5829625
1767255526.5829914 1767255660.5222275
1767255660.5222533 1767255774.6046174
1767255774.6046379 1767255894.4467204
1767255894.4467456 1767256064.6372197
1767256064.6372464 1767256212.269396
1767256212.2694213 1767256322.9059384
1767256322.905962 1767256489.5649245
1767256489.5649543 1767256632.0549521
1767256632.0549738 1767256807.4752884
1767256807.4753149 1767256935.3533044
1767256935.3533273 1767257082.6977754
1767257082.697802 1767257203.7331781
1767257203.7332044 1767257349.970012
1767257349.970033 1767257503.7999845
1767257503.8000138 1767257624.4815452
1767257624.4815726 1767257764.0116022
1767257764.0263233 1767257887.8052528
1767257887.8052788 1767258003.4207826
1767258003.4208038 1767258095.554419
1767258095.5544488 1767258266.7875063
1767258266.7875285 1767258406.9240537
1767258406.92408 1767258563.6891968
1767258563.6892228 1767258693.4358673
1767258693.4358945 1767258838.4670234
1767258838.4670494 1767258957.214174
1767258957.214195 1767259097.7926276
1767259097.7926457 1767259266.5824676
1767259266.582792 1767259395.3080256
1767259395.308046 1767259543.9691002
1767259543.9691293 1767259656.7202432
1767259656.7202723 1767259780.789228
1767259780.7892582 1767259933.9531505
1767259933.9531784 1767260076.032899
1767260076.0329256 1767260230.5465167
1767260230.5465431 1767260367.2151012
1767260367.215123 1767260484.929251
1767260484.944147 1767260623.3529365
1767260623.3529844 1767260761.6160579
1767260761.6160777 1767260921.9863105
1767260921.9863372 1767261058.1163316
1767261058.1163564 1767261193.905806
1767261193.9191284 1767261359.8543348
1767261359.8543632 1767261494.547969
1767261494.5479944 1767261635.1498797
1767261635.1499324 1767261749.3846178
1767261749.3846436 1767261900.687269
1767261900.6872888 1767262068.2276886
1767262068.2277462 1767262178.3558693
1767262178.3558977 1767262334.7534275
1767262334.7534685 1767262469.4165359
1767262469.416556 1767262635.1518018
1767262635.1518283 1767262771.8092573
1767262771.8092825 1767262903.0868
1767262903.0868275 1767263100.4101386
1767263100.4101658 1767263228.5661561
1767263228.566184 1767263348.7347028
1767263348.7347279 1767263490.1950967
1767263490.1951234 1767263661.2786453
1767263661.2786644 1767263816.0206273
1767263816.0206518 1767263912.6171753
1767263912.6172307 1767264024.2080047
1767264024.2080314 1767264201.8845053
1767264201.884525 1767264321.5835063
1767264321.583532 1767264492.180361
1767264492.1803896 1767264630.035638
1767264630.0356643 1767264745.1811488
1767264745.1811688 1767264873.320998
1767264873.3210225 1767265034.8155298
