1753064569.6224785 1753064596.1614995
1753064596.161525 1753064626.3983164
1753064626.3983352 1753064658.2436767
1753064658.2437265 1753064694.314199
1753064694.3142288 1753064723.05428
1753064723.0543098 1753064755.1449533
1753064755.1449764 1753064787.5514703
1753064787.551499 1753064812.9185288
1753064812.9185467 1753064846.0203607
1753064846.0203876 1753064874.853804
1753064874.8538246 1753064903.512164
1753064903.5121906 1753064935.990915
1753064935.9909348 1753064958.749651
1753064958.749676 1753064987.6702607
1753064987.6702795 1753065015.8384607
1753065015.8384848 1753065047.0780349
1753065047.078058 1753065075.4459047
1753065075.4459243 1753065104.1378887
1753065104.1379092 1753065133.4508433
1753065133.4508712 1753065156.2622695
1753065156.262293 1753065177.4635494
1753065177.4635735 1753065206.5889037
1753065206.5889273 1753065231.8361795
1753065231.8361986 1753065269.7698739
1753065269.7699027 1753065301.1307352
1753065301.1307645 1753065330.3061335
1753065330.3061574 1753065364.5189898
1753065364.5190113 1753065387.440084
1753065387.4401083 1753065420.3783774
1753065420.3783963 1753065453.5484939
1753065453.54852 1753065486.1267095
1753065486.1267297 1753065519.809952
1753065519.8099766 1753065550.0317552
1753065550.0317807 1753065580.2081997
1753065580.2082255 1753065602.8670313
1753065602.8670514 1753065625.1726384
1753065625.17266 1753065650.959595
1753065650.9596155 1753065677.6663673
1753065677.6663902 1753065704.788882
1753065704.7889028 1753065728.5944476
1753065728.5944655 1753065757.166374
1753065757.1663988 1753065786.6765256
1753065786.6765475 1753065819.2066352
1753065819.2066557 1753065848.0779185
1753065848.0779533 1753065876.1499162
1753065876.149941 1753065903.2820082
1753065903.2820292 1753065921.6205065
1753065921.6205328 1753065947.1088035
1753065947.108824 1753065975.3852487
1753065975.3852704 1753066003.4845142
1753066003.4845347 1753066034.6126204
1753066034.612643 1753066063.306691
1753066063.3067105 1753066102.0429268
1753066102.0429468 1753066131.4928966
1753066131.4929204 1753066161.8299658
1753066161.8299851 1753066193.168755
1753066193.1687806 1753066223.766929
1753066223.7669523 1753066248.621544
1753066248.621573 1753066273.1551929
1753066273.1552274 1753066299.2293167
1753066299.229338 1753066326.077733
1753066326.077754 1753066356.9624376
1753066356.962458 1753066390.0202348
1753066390.0202587 1753066420.430861
1753066420.4308803 1753066448.141232
1753066448.141257 1753066479.3986442
1753066479.3986635 1753066504.3687701
1753066504.3688064 1753066538.2850513
1753066538.2850783 1753066563.88884
1753066563.8888707 1753066591.029116
1753066591.0291443 1753066620.2440684
1753066620.24409 1753066649.530543
1753066649.530569 1753066678.372896
1753066678.3729196 1753066710.6364644
1753066710.636491 1753066734.0076213
1753066734.007642 1753066763.9570122
1753066763.9570403 1753066788.9537494
1753066788.9537814 1753066823.994752
1753066823.9947784 1753066847.8831265
1753066847.8831472 1753066881.2207804
1753066881.2208087 1753066903.9917252
1753066903.9917479 1753066927.9164667
1753066927.9164913 1753066951.1734293
1753066951.173449 1753066979.0853293
1753066979.0853643 1753067007.441514
1753067007.4415393 1753067038.6268551
1753067038.626881 1753067063.8039474
1753067063.8039734 1753067083.9412296
1753067083.9412518 1753067116.1748745
1753067116.1749003 1753067144.1865115
1753067144.186533 1753067169.965744
1753067169.9657724 1753067197.054234
1753067197.0542593 1753067225.4778562
1753067225.4778862 1753067255.6970432
1753067255.6970637 1753067283.0697937
1753067283.0698204 1753067314.5829773
1753067314.5830033 1753067345.6626675
1753067345.6626947 1753067371.4255066
1753067371.4255278 1753067396.5462296
1753067396.546268 1753067423.0701735
1753067423.070206 1753067443.9797244
1753067443.979742 1753067469.5295112
1753067469.5295365 1753067500.8223794
1753067500.822404 1753067528.9699388
1753067528.9699602 1753067556.5240912
1753067556.5241175 1753067591.5340788
1753067591.5341105 1753067620.5097203
1753067620.5097494 1753067650.2979732
1753067650.2979932 1753067673.5840683
1753067673.5841 1753067699.4126182
1753067699.4126384 1753067729.8075986
1753067729.8076324 1753067758.9368563
1753067758.936882 1753067795.3318155
1753067795.3318396 1753067830.269507
1753067830.2695324 1753067857.0587287
1753067857.0587533 1753067892.7030966
1753067892.703126 1753067927.003705
1753067927.0037315 1753067950.4387245
1753067950.4387674 1753067976.179533
1753067976.1795762 1753067999.3661454
1753067999.3661754 1753068026.0695243
1753068026.0695462 1753068052.8989098
1753068052.8989418 1753068091.1520624
1753068091.152085 1753068113.9065363
1753068113.9065673 1753068150.6579232
1753068150.6579456 1753068183.1240277
1753068183.1240575 1753068213.6836233
1753068213.683651 1753068240.7309575
1753068240.7309854 1753068271.8623636
1753068271.8623893 1753068308.691772
1753068308.6918015 1753068329.8459954
1753068329.846023 1753068361.161991
1753068361.1620185 1753068393.1791131
1753068393.179135 1753068420.8444755
1753068420.844504 1753068452.1150658
1753068452.115086 1753068483.2105436
1753068483.2105684 1753068506.4266663
1753068506.4266858 1753068531.7391763
1753068531.739196 1753068562.7591498
1753068562.7591748 1753068594.3229454
1753068594.3229673 1753068617.6371188
1753068617.6371434 1753068649.3291066
1753068649.329126 1753068677.9562135
1753068677.9562457 1753068706.9360094
1753068706.9360316 1753068729.3070166
1753068729.307046 1753068757.0463166
1753068757.0463424 1753068779.424468
1753068779.4244938 1753068810.0752795
1753068810.0753043 1753068835.8866765
1753068835.8867013 1753068864.505201
1753068864.5052328 1753068889.3064857
1753068889.3065062 1753068917.3383076
1753068917.33833 1753068942.5373964
1753068942.537423 1753068965.61328
1753068965.6133053 1753068987.735079
1753068987.735112 1753069010.908119
1753069010.908141 1753069034.6326833
1753069034.6327329 1753069058.0861888
1753069058.0862143 1753069081.5674207
1753069081.567445 1753069105.894739
1753069105.894764 1753069132.201122
1753069132.2011442 1753069154.8187704
1753069154.8187978 1753069187.4887123
1753069187.4887333 1753069217.2203138
1753069217.2203407 1753069251.2097766
1753069251.2097976 1753069284.1089306
1753069284.1089554 1753069315.339735
1753069315.339784 1753069343.8013103
1753069343.8013384 1753069373.128003
1753069373.1280236 1753069400.2916765
1753069400.2917035 1753069427.92928
1753069427.9293044 1753069448.2860227
1753069448.2860425 1753069481.1405814
1753069481.1406097 1753069510.4057333
1753069510.405755 1753069545.3979206
1753069545.397946 1753069575.7253418
1753069575.7253683 1753069603.654596
1753069603.6546173 1753069632.0024276
1753069632.0024555 1753069656.5610836
1753069656.561112 1753069690.2239194
1753069690.223943 1753069717.8061895
1753069717.806218 1753069751.3528752
1753069751.3528986 1753069776.911859
1753069776.911887 1753069801.579852
1753069801.5798726 1753069832.305224
1753069832.3052516 1753069865.417555
1753069865.417578 1753069891.819065
1753069891.819095 1753069921.2771256
1753069921.2771533 1753069954.6414027
1753069954.6414263 1753069985.8755126
1753069985.8755383 1753070017.256239
1753070017.25626 1753070052.257124
1753070052.2571518 1753070079.5997717
1753070079.599802 1753070113.803104
1753070113.8031306 1753070138.5626729
1753070138.5626996 1753070169.1481817
1753070169.1482112 1753070194.6442382
1753070194.6442642 1753070222.7793698
1753070222.779392 1753070257.7526395
1753070257.7526717 1753070285.6233318
1753070285.6233528 1753070322.799813
1753070322.7998407 1753070352.7910168
1753070352.7910373 1753070385.7872581
1753070385.7872863 1753070413.6218488
1753070413.6218696 1753070443.2126434
1753070443.2126749 1753070471.0199788
1753070471.0200026 1753070502.9013762
1753070502.9014058 1753070525.0250547
1753070525.0250783 1753070551.822755
1753070551.8227801 1753070579.6290417
1753070579.6290631 1753070615.5574899
1753070615.5575154 1753070643.1534643
1753070643.153489 1753070674.5498517
1753070674.5498862 1753070701.8665247
1753070701.8665478 1753070732.7395043
1753070732.7395349 1753070753.2163663
1753070753.2163873 1753070787.025425
1753070787.0254583 1753070815.0467377
1753070815.0467598 1753070841.938211
1753070841.9382503 1753070870.9948382
1753070870.9948685 1753070907.0871959
1753070907.0872169 1753070939.5285885
1753070939.5286155 1753070968.6465893
1753070968.6466074 1753071001.8235786
1753071001.8236046 1753071040.8612423
1753071040.8612626 1753071080.2471867
1753071080.24721 1753071107.329071
1753071107.329098 1753071131.9878526
1753071131.9878812 1753071162.612051
1753071162.6120772 1753071190.6288764
1753071190.628903 1753071219.4463751
1753071219.446397 1753071244.8898506
1753071244.8898802 1753071270.2149527
1753071270.2149944 1753071296.8360043
1753071296.8360252 1753071323.420345
1753071323.4203713 1753071350.1467252
1753071350.1467466 1753071378.5274556
1753071378.5274763 1753071401.7476604
1753071401.7476904 1753071425.9779792
1753071425.9779997 1753071457.1221945
1753071457.1222188 1753071483.6016762
1753071483.6017036 1753071511.9443192
1753071511.9443479 1753071536.9562001
1753071536.9562187 1753071557.0241697
1753071557.0241969 1753071588.946044
1753071588.94606 1753071621.7267594
1753071621.7267783 1753071651.3183112
1753071651.3183348 1753071687.6747015
1753071687.6747243 1753071716.6751676
1753071716.6751928 1753071740.3413365
1753071740.3413575 1753071768.1462262
1753071768.1462536 1753071802.1334636
1753071802.133487 1753071837.1377885
1753071837.137813 1753071862.3129249
1753071862.3129485 1753071894.885384
1753071894.8854036 1753071928.0501432
1753071928.0501683 1753071964.2653177
1753071964.2653437 1753071989.4658632
1753071989.465893 1753072021.3287313
1753072021.3287518 1753072040.0087023
1753072040.0087433 1753072068.667765
1753072068.6677892 1753072094.0130737
1753072094.0130968 1753072122.360867
1753072122.3608932 1753072155.392189
1753072155.3922248 1753072183.9409585
1753072183.9409833 1753072206.9024346
1753072206.9024572 1753072234.9657836
1753072234.965816 1753072265.2393153
1753072265.2393398 1753072295.683421
1753072295.6834433 1753072316.6459534
1753072316.6459734 1753072345.292546
1753072345.2925732 1753072372.6930957
1753072372.6931179 1753072396.7318764
1753072396.7319133 1753072419.627512
1753072419.6275296 1753072446.2062297
1753072446.2062614 1753072473.850797
1753072473.850817 1753072499.2647328
1753072499.2647665 1753072526.841545
1753072526.8415716 1753072554.088255
1753072554.088278 1753072580.4873614
1753072580.4873908 1753072602.939072
1753072602.9390955 1753072630.601535
1753072630.6015677 1753072656.9697564
1753072656.9697797 1753072682.4242673
1753072682.4242966 1753072716.6464283
1753072716.6464462 1753072740.2418537
1753072740.2418845 1753072769.2423427
1753072769.2423747 1753072801.5232406
1753072801.52327 1753072833.8789902
1753072833.879009 1753072857.1832829
1753072857.1833115 1753072881.5355365
1753072881.535558 1753072905.1385005
1753072905.1385238 1753072930.2800488
1753072930.2800753 1753072956.756088
1753072956.7561085 1753072994.564406
1753072994.5644288 1753073019.4474194
1753073019.4474409 1753073045.8089106
1753073045.8089294 1753073075.9305203
1753073075.9305453 1753073106.399689
1753073106.3997092 1753073134.8980558
1753073134.8980782 1753073166.943869
1753073166.9438968 1753073190.744316
1753073190.7443385 1753073217.9933734
1753073217.9934173 1753073246.4013543
1753073246.4013765 1753073273.6883054
1753073273.6883323 1753073303.755932
1753073303.7559562 1753073323.546803
1753073323.546827 1753073348.747791
1753073348.7478166 1753073372.4068952
1753073372.4069154 1753073396.9439938
1753073396.9440439 1753073424.3263443
1753073424.3263686 1753073450.380902
1753073450.3809364 1753073473.1526947
1753073473.1527202 1753073503.895052
1753073503.8950737 1753073530.7590437
1753073530.7590694 1753073564.8201866
1753073564.8202083 1753073597.147716
1753073597.1477456 1753073626.8664672
1753073626.866496 1753073657.3429391
1753073657.34296 1753073688.4457822
1753073688.445811 1753073716.0149653
1753073716.0149863 1753073750.7877474
1753073750.7877834 1753073779.3410838
1753073779.3411076 1753073807.3718169
1753073807.371846 1753073838.4187515
1753073838.4187708 1753073868.050722
1753073868.0507455 1753073899.109341
1753073899.109364 1753073925.6236265
1753073925.623663 1753073955.7556765
1753073955.7557023 1753073981.6153903
1753073981.6154146 1753074006.7502487
1753074006.7502723 1753074036.0302892
1753074036.0303097 1753074062.2185342
1753074062.2185547 1753074086.7258117
1753074086.7258377 1753074111.0540056
1753074111.0540314 1753074141.679233
1753074141.6792643 1753074171.0612862
1753074171.0613165 1753074200.5321493
1753074200.5321734 1753074228.0808494
1753074228.0808742 1753074261.9163337
1753074261.916357 1753074297.952042
1753074297.9520643 1753074329.1645076
1753074329.1645405 1753074350.931376
1753074350.9313924 1753074381.1743748
1753074381.1743948 1753074414.4938517
1753074414.493879 1753074448.9495492
1753074448.9495726 1753074473.2988913
1753074473.2989175 1753074513.8063421
1753074513.8063672 1753074542.2626858
1753074542.2627168 1753074579.4694755
1753074579.4695013 1753074599.7351398
1753074599.735171 1753074630.939215
1753074630.9392376 1753074659.7285993
1753074659.728628 1753074692.4083602
1753074692.4083822 1753074721.1937628
1753074721.1937912 1753074747.4071524
1753074747.4071794 1753074777.148149
1753074777.1481736 1753074801.912526
1753074801.9125497 1753074829.952326
1753074829.9523573 1753074860.4987314
1753074860.4987516 1753074891.2117157
1753074891.2117457 1753074922.9670372
1753074922.9670596 1753074946.6384492
1753074946.6384833 1753074972.0387325
1753074972.0387552 1753074999.9327033
1753074999.9327252 1753075025.9674797
1753075025.9675088 1753075060.9954708
1753075060.9954906 1753075084.5999112
1753075084.5999403 1753075115.4749272
1753075115.4749482 1753075145.2328324
1753075145.2328691 1753075170.110945
1753075170.110967 1753075199.8607075
1753075199.8607287 1753075228.5800157
1753075228.580043 1753075257.0006826
1753075257.0007038 1753075278.9739275
1753075278.973955 1753075300.9312253
1753075300.9312477 1753075329.2660818
1753075329.2661018 1753075350.7582269
1753075350.7582517 1753075377.90615
1753075377.906169 1753075406.835944
1753075406.8359635 1753075434.7265341
1753075434.7265584 1753075466.655168
1753075466.6551912 1753075494.6352816
1753075494.635313 1753075522.8469627
1753075522.8469815 1753075547.3159914
1753075547.3160262 1753075577.2145073
1753075577.2145267 1753075610.980341
1753075610.9803672 1753075644.1006289
1753075644.100657 1753075673.1372252
1753075673.1372442 1753075702.2257416
1753075702.2257662 1753075725.7974014
1753075725.7974296 1753075754.9473627
1753075754.9473884 1753075780.8061242
1753075780.806151 1753075811.2865107
1753075811.2865355 1753075838.575034
1753075838.5750558 1753075867.6083424
1753075867.6083734 1753075900.5694985
1753075900.5695193 1753075925.2662463
1753075925.266275 1753075953.6510396
1753075953.6510603 1753075984.8628137
1753075984.8628433 1753076010.6194627
1753076010.6194866 1753076037.6723685
1753076037.6723905 1753076075.824146
1753076075.824173 1753076107.5052776
1753076107.5053053 1753076133.7412138
1753076133.7412355 1753076159.356181
1753076159.3562112 1753076191.5156438
1753076191.5156672 1753076220.464702
1753076220.4647245 1753076250.0328996
1753076250.0329413 1753076281.9601054
1753076281.9601326 1753076306.7847416
1753076306.7847664 1753076341.124967
1753076341.124997 1753076368.688098
1753076368.6881258 1753076397.714856
1753076397.7148771 1753076429.456584
1753076429.4566045 1753076470.9495423
1753076470.9495695 1753076493.8555062
1753076493.8555284 1753076528.6987789
1753076528.6988018 1753076558.1139941
1753076558.1140199 1753076584.487381
1753076584.4874084 1753076617.5108144
1753076617.5108397 1753076647.186084
1753076647.1861138 1753076673.8693476
1753076673.8693688 1753076715.3999805
1753076715.4000075 1753076740.01883
1753076740.0188503 1753076778.9183328
1753076778.918355 1753076801.3932602
1753076801.3933022 1753076830.327073
1753076830.3270943 1753076857.2321887
1753076857.2322202 1753076887.8091617
1753076887.8091881 1753076913.7560601
1753076913.7560854 1753076941.664877
1753076941.664903 1753076967.413711
1753076967.4137375 1753076989.3692896
1753076989.3693113 1753077016.8811533
1753077016.8811758 1753077045.044552
1753077045.0445898 1753077069.3605664
1753077069.3605978 1753077094.4280019
1753077094.4280305 1753077123.0263672
1753077123.0263948 1753077146.7813466
1753077146.7813609 1753077173.3294556
1753077173.3294792 1753077194.7495253
1753077194.7495482 1753077220.5560763
1753077220.5561035 1753077244.3277304
1753077244.3277617 1753077276.1145108
1753077276.1145298 1753077296.3966346
1753077296.3966613 1753077326.119113
1753077326.1191318 1753077357.1206863
1753077357.1207042 1753077389.382251
1753077389.3822982 1753077426.4920034
1753077426.4920292 1753077453.319637
1753077453.3196623 1753077479.3415968
1753077479.341623 1753077513.317092
1753077513.317113 1753077542.4859853
1753077542.48601 1753077582.8492653
1753077582.8492882 1753077615.9745271
1753077615.9745471 1753077647.8617926
1753077647.8618128 1753077677.6858606
1753077677.6858878 1753077700.081095
1753077700.0811148 1753077732.2961202
1753077732.296145 1753077766.8199553
1753077766.8199787 1753077801.1580198
1753077801.158041 1753077827.4713247
1753077827.471347 1753077857.7857373
1753077857.7857587 1753077889.8079689
1753077889.8079922 1753077922.52514
1753077922.5251613 1753077953.087719
1753077953.08775 1753077983.7647672
1753077983.7647874 1753078008.9183915
1753078008.918414 1753078035.0821514
1753078035.0821795 1753078063.4801126
1753078063.4801395 1753078091.5015736
1753078091.5015988 1753078118.1427166
1753078118.1427405 1753078143.0127325
1753078143.012756 1753078167.7698216
1753078167.7698486 1753078195.7692661
1753078195.769289 1753078221.6148927
1753078221.6149204 1753078247.0233374
1753078247.0233645 1753078272.6071467
1753078272.6071672 1753078301.0002422
1753078301.0002673 1753078330.1633124
1753078330.1633327 1753078359.4337957
1753078359.4338243 1753078391.7945137
1753078391.7945395 1753078417.688958
1753078417.6889777 1753078451.6148684
1753078451.6148927 1753078479.6832361
1753078479.683264 1753078505.0699422
1753078505.0699618 1753078525.9330409
1753078525.9330652 1753078549.9420655
1753078549.9420915 1753078576.8151557
1753078576.8151803 1753078605.0474274
1753078605.0474498 1753078636.4580112
1753078636.4580362 1753078676.5123127
1753078676.512336 1753078698.6726654
1753078698.6726923 1753078729.2717106
1753078729.2717392 1753078762.7717092
1753078762.7717576 1753078794.8567963
1753078794.8568218 1753078830.2342553
1753078830.2342777 1753078860.9888227
1753078860.988857 1753078891.2028542
1753078891.2028835 1753078920.1663477
1753078920.166371 1753078946.754063
1753078946.7540898 1753078978.5659041
1753078978.565929 1753079007.3824267
1753079007.3824568 1753079034.0977287
1753079034.097754 1753079066.087783
1753079066.0878127 1753079095.5742407
1753079095.574259 1753079124.3149767
1753079124.3150055 1753079151.975132
1753079151.9751515 1753079182.404588
1753079182.4046154 1753079207.34686
1753079207.3468826 1753079234.3634534
1753079234.3634794 1753079260.9937544
1753079260.9937766 1753079290.571433
1753079290.5714545 1753079316.980115
1753079316.9801471 1753079345.261316
1753079345.2613435 1753079380.450885
1753079380.450916 1753079412.4505563
1753079412.4505842 1753079446.5601592
1753079446.560182 1753079476.540793
1753079476.5408282 1753079506.121771
1753079506.121799 1753079532.4452784
1753079532.4453056 1753079561.6283395
1753079561.6283607 1753079593.1728747
1753079593.1729007 1753079625.6898081
1753079625.689836 1753079653.5471582
1753079653.5471861 1753079684.4151855
1753079684.4152117 1753079712.2087052
1753079712.208731 1753079740.1885095
1753079740.18854 1753079770.18502
1753079770.1850512 1753079796.377794
1753079796.3778155 1753079824.2261372
1753079824.2261596 1753079855.4852061
1753079855.485234 1753079885.4975863
1753079885.497614 1753079906.677755
1753079906.6777782 1753079933.352112
1753079933.352136 1753079960.8726735
1753079960.872703 1753079989.348336
1753079989.3483577 1753080015.7270958
1753080015.7271214 1753080041.9301279
1753080041.9301476 1753080070.078948
1753080070.0789762 1753080098.9133637
1753080098.9133873 1753080127.0077112
1753080127.0077393 1753080155.6182237
1753080155.6182466 1753080180.5538926
1753080180.553923 1753080206.0284402
1753080206.0284626 1753080237.4990988
1753080237.4991286 1753080264.1977715
1753080264.1978061 1753080295.7952478
1753080295.79527 1753080323.4054244
1753080323.4054525 1753080356.1417441
1753080356.141765 1753080385.2558835
1753080385.2559147 1753080417.5188103
1753080417.5188332 1753080448.2523234
1753080448.2523546 1753080483.6974154
1753080483.6974478 1753080514.8031085
1753080514.803135 1753080543.4065022
1753080543.4065316 1753080568.263917
1753080568.263936 1753080594.5343063
1753080594.5343304 1753080616.0815666
1753080616.081586 1753080645.4505606
1753080645.4505808 1753080675.961005
1753080675.961034 1753080703.2293243
1753080703.2293446 1753080731.9389458
1753080731.9389684 1753080765.528822
1753080765.5288484 1753080799.9162023
1753080799.9162416 1753080831.1044803
1753080831.1045024 1753080854.0738313
1753080854.073852 1753080880.1467445
1753080880.1467686 1753080905.1854744
1753080905.185495 1753080939.013855
1753080939.0138803 1753080974.3028193
1753080974.3028448 1753081003.2776756
1753081003.277702 1753081035.3028803
1753081035.3029003 1753081059.9123664
1753081059.9123964 1753081088.1037586
1753081088.103789 1753081120.3432405
1753081120.343259 1753081151.613696
1753081151.6137204 1753081182.1506395
1753081182.1506612 1753081211.4011767
1753081211.4012039 1753081249.7132087
1753081249.7132273 1753081278.539445
1753081278.5394728 1753081309.9063106
1753081309.906336 1753081337.7111747
1753081337.7112038 1753081370.6341298
1753081370.634151 1753081393.4184632
1753081393.4184926 1753081417.8865652
1753081417.8865864 1753081444.2462718
1753081444.2462943 1753081471.7512398
1753081471.7512708 1753081501.7587287
1753081501.7587636 1753081526.5420606
1753081526.5420852 1753081554.9596157
1753081554.95964 1753081579.9369438
1753081579.9369698 1753081605.446591
1753081605.4466162 1753081628.4168348
1753081628.4168618 1753081652.0185604
1753081652.018588 1753081690.8842027
1753081690.884226 1753081709.8973746
1753081709.8974059 1753081738.9941876
1753081738.9942164 1753081775.2815697
1753081775.2815902 1753081807.475752
1753081807.4757817 1753081831.4947672
1753081831.4947932 1753081864.5952313
1753081864.595256 1753081885.6627512
1753081885.6627758 1753081913.6535263
1753081913.653553 1753081943.224588
1753081943.2246106 1753081964.9572356
1753081964.9572558 1753081988.9940975
1753081988.994132 1753082010.370097
1753082010.370118 1753082035.560766
1753082035.5608044 1753082058.2443597
1753082058.2443821 1753082086.1306705
1753082086.1307113 1753082111.2654397
1753082111.2654707 1753082141.3349848
1753082141.335021 1753082170.5042362
1753082170.504256 1753082200.153973
1753082200.154005 1753082229.3580048
1753082229.3580265 1753082258.299875
1753082258.299901 1753082287.5748734
1753082287.5749016 1753082315.614146
1753082315.6141653 1753082346.4481869
1753082346.4482353 1753082369.9579384
1753082369.9579704 1753082395.5619283
1753082395.561955 1753082418.7104259
1753082418.7104545 1753082447.5427287
1753082447.5427547 1753082476.3508677
1753082476.35089 1753082500.366345
1753082500.3663657 1753082530.5904384
1753082530.5904646 1753082564.3166249
1753082564.3166468 1753082593.7919421
1753082593.791972 1753082619.372506
1753082619.3725245 1753082648.3175883
1753082648.3176138 1753082681.8040051
1753082681.8040307 1753082715.248222
1753082715.2482498 1753082747.9982011
1753082747.9982226 1753082775.791541
1753082775.7915783 1753082800.6961052
1753082800.6961267 1753082831.169543
1753082831.1695695 1753082862.080366
1753082862.0803924 1753082889.4531822
1753082889.453209 1753082913.9066935
1753082913.9067128 1753082943.1953554
1753082943.195386 1753082968.3781874
1753082968.3782096 1753082997.4322684
1753082997.4322917 1753083031.6805575
1753083031.6805863 1753083064.212984
1753083064.213006 1753083091.9052374
1753083091.905262 1753083111.0159771
1753083111.0160124 1753083136.0323403
1753083136.032362 1753083161.789381
1753083161.7894015 1753083187.2605305
1753083187.2605557 1753083211.3787782
1753083211.3787992 1753083236.1887681
1753083236.1887891 1753083274.5886915
1753083274.5887187 1753083304.160724
1753083304.160745 1753083335.3784964
1753083335.3785322 1753083361.3345609
1753083361.3345869 1753083389.5173764
1753083389.5173984 1753083416.9050972
1753083416.905125 1753083444.2518208
1753083444.2518466 1753083476.5476186
1753083476.5476441 1753083507.8904934
1753083507.8905146 1753083538.797486
1753083538.7975113 1753083566.1790679
1753083566.1790926 1753083591.8393629
1753083591.8393967 1753083618.1988032
1753083618.1988237 1753083646.3949072
1753083646.394936 1753083673.2896416
1753083673.2896633 1753083699.091943
1753083699.0919738 1753083732.468673
1753083732.468695 1753083759.4319987
1753083759.4320252 1753083792.2980852
1753083792.2981112 1753083819.2089536
1753083819.208974 1753083847.5970685
1753083847.5970986 1753083872.4286711
1753083872.4286964 1753083900.6419694
1753083900.6419907 1753083929.0454326
1753083929.0454636 1753083953.9328766
1753083953.9329011 1753083981.078056
1753083981.0780766 1753084008.3487387
1753084008.3487673 1753084034.7621236
1753084034.762143 1753084061.6776617
1753084061.6776898 1753084092.8007727
1753084092.8008046 1753084120.729033
1753084120.7290547 1753084147.0790153
1753084147.0790403 1753084177.317561
1753084177.317585 1753084212.2565882
1753084212.2566178 1753084240.696662
1753084240.6966867 1753084265.4407418
1753084265.4407723 1753084292.7001529
1753084292.700174 1753084325.4738393
1753084325.4738615 1753084354.0862103
1753084354.0862389 1753084382.0453165
1753084382.0453358 1753084416.8548038
1753084416.8548257 1753084445.2115283
1753084445.2115548 1753084490.7789123
1753084490.7789335 1753084521.0272162
1753084521.0272505 1753084553.038362
1753084553.0383823 1753084578.033035
1753084578.0330613 1753084606.2504933
1753084606.2505188 1753084635.5319688
1753084635.5320005 1753084664.6467671
1753084664.6467931 1753084696.3015466
1753084696.3015776 1753084727.849019
1753084727.8490398 1753084752.6965532
1753084752.6965816 1753084777.3136387
1753084777.3136623 1753084800.7429402
1753084800.742966 1753084826.281065
1753084826.2811038 1753084851.3260827
1753084851.3261263 1753084881.6044512
1753084881.6044898 1753084908.3530316
1753084908.353057 1753084935.3985848
1753084935.398616 1753084961.1417222
1753084961.1417408 1753084987.9884043
1753084987.9884238 1753085018.7706358
1753085018.7706676 1753085053.6326685
1753085053.6326902 1753085074.2257986
1753085074.2258263 1753085104.790004
1753085104.7900233 1753085125.6812809
1753085125.681307 1753085150.719638
1753085150.7196605 1753085172.5680697
1753085172.5680945 1753085207.7490814
1753085207.7491076 1753085237.581494
1753085237.581517 1753085270.9985716
1753085270.998601 1753085302.7268147
1753085302.7268372 1753085328.76644
1753085328.7664604 1753085349.2502007
1753085349.250224 1753085379.1181576
1753085379.1181786 1753085407.34308
1753085407.3431034 1753085434.039787
1753085434.0398142 1753085463.9284294
1753085463.9284499 1753085484.3241544
1753085484.324194 1753085515.1190362
1753085515.1190586 1753085537.164233
1753085537.1642535 1753085563.6731234
1753085563.6731484 1753085589.3318186
1753085589.3318381 1753085617.8323298
1753085617.8323603 1753085644.043836
1753085644.043856 1753085670.7565906
1753085670.7566175 1753085706.5827062
1753085706.5827255 1753085726.5893476
1753085726.5893714 1753085756.3924484
1753085756.392471 1753085782.369116
1753085782.369141 1753085814.2848966
1753085814.2849183 1753085839.9662104
1753085839.9662287 1753085865.8593574
1753085865.859384 1753085895.44181
1753085895.4418283 1753085930.6600547
1753085930.6600833 1753085955.9118617
1753085955.9118874 1753085976.424993
1753085976.4250245 1753086002.1643999
1753086002.1644282 1753086036.5626776
1753086036.562707 1753086064.5136402
1753086064.5136664 1753086093.0372057
1753086093.0372345 1753086119.3187895
1753086119.3188126 1753086149.1185734
1753086149.1186023 1753086182.242903
1753086182.2429223 1753086210.1384962
1753086210.1385193 1753086240.780235
1753086240.780263 1753086268.4049385
1753086268.4049604 1753086297.5077143
1753086297.507746 1753086328.7693412
1753086328.7693653 1753086353.6122591
1753086353.6122894 1753086382.5479698
1753086382.5480008 1753086414.0041726
1753086414.004211 1753086446.717816
1753086446.7178404 1753086472.9138079
1753086472.9138327 1753086503.9258459
1753086503.9258707 1753086530.8376808
1753086530.837705 1753086553.8872037
1753086553.8872333 1753086582.5397656
1753086582.5397854 1753086608.7020772
1753086608.7021015 1753086637.9856856
1753086637.9857135 1753086670.5448115
1753086670.5448415 1753086700.0789063
1753086700.0789328 1753086725.6958473
1753086725.6958709 1753086759.8371513
1753086759.8371768 1753086789.1504786
1753086789.1505055 1753086828.4226165
1753086828.4226425 1753086849.2145307
1753086849.2145534 1753086879.7905006
1753086879.7905197 1753086912.3768213
1753086912.3768494 1753086946.9703636
1753086946.9703844 1753086971.5792146
1753086971.579245 1753087003.8425958
1753087003.8426142 1753087034.2901309
1753087034.2901623 1753087069.3330278
1753087069.33305 1753087100.5848217
1753087100.5848489 1753087127.9211428
1753087127.9211679 1753087157.2011907
1753087157.2012188 1753087187.9791975
1753087187.9792247 1753087216.580847
1753087216.5808682 1753087248.2600005
1753087248.260023 1753087276.4051754
1753087276.4052038 1753087299.951857
1753087299.951884 1753087333.745283
1753087333.745315 1753087360.2809927
1753087360.2810204 1753087387.9581053
1753087387.9581237 1753087413.2877324
1753087413.2877593 1753087439.9077723
1753087439.9078052 1753087465.846661
1753087465.846687 1753087495.440609
1753087495.4406404 1753087522.4889214
1753087522.4889505 1753087550.8972597
1753087550.897283 1753087572.5561402
1753087572.5561607 1753087602.4623637
1753087602.4623997 1753087628.7311864
1753087628.7312086 1753087657.047388
1753087657.0474105 1753087683.1888373
1753087683.1888592 1753087709.0347643
1753087709.0347905 1753087731.8415916
1753087731.841617 1753087759.886043
1753087759.8860657 1753087789.4886186
1753087789.4886382 1753087820.9796476
1753087820.9796698 1753087853.3249004
1753087853.3249283 1753087884.5871642
1753087884.587189 1753087914.2391026
1753087914.2391276 1753087942.8202055
1753087942.8202324 1753087977.484611
1753087977.4846373 1753088011.1724117
1753088011.1724336 1753088028.3633962
1753088028.3634212 1753088065.8093967
1753088065.8094172 1753088094.099332
1753088094.0993533 1753088125.5114908
1753088125.5115201 1753088155.5983834
1753088155.5984087 1753088181.7876987
1753088181.7877219 1753088208.3972547
1753088208.3972821 1753088238.855078
1753088238.855097 1753088266.4674344
1753088266.4674644 1753088296.316225
1753088296.3162484 1753088327.486651
1753088327.4866774 1753088352.3831985
1753088352.3832188 1753088381.354053
1753088381.354077 1753088408.6393044
1753088408.639327 1753088437.1152973
1753088437.115321 1753088467.7947917
1753088467.794821 1753088494.1306157
1753088494.1306372 1753088520.0888386
1753088520.0888677 1753088559.188645
1753088559.1886709 1753088584.1955485
1753088584.1955884 1753088613.0361903
1753088613.0362127 1753088643.0497482
1753088643.0497704 1753088673.7225099
1753088673.7225344 1753088707.615705
1753088707.6157315 1753088735.3164265
1753088735.3164592 1753088763.9738362
1753088763.973856 1753088793.0876408
1753088793.0876667 1753088818.9977596
1753088818.9977794 1753088846.8264203
1753088846.8264441 1753088876.1860702
1753088876.1860933 1753088905.726585
1753088905.7266066 1753088937.2089639
1753088937.2089872 1753088966.6616645
1753088966.661687 1753088996.5283616
1753088996.5283883 1753089029.5478141
1753089029.5478325 1753089060.9285233
1753089060.928548 1753089094.046463
1753089094.046483 1753089127.6866307
1753089127.686663 1753089158.676899
1753089158.6769204 1753089189.7217417
1753089189.7217636 1753089221.384317
1753089221.3843472 1753089244.1383026
1753089244.1383214 1753089268.739673
1753089268.739702 1753089293.1962764
1753089293.196296 1753089317.1274655
1753089317.1274908 1753089347.220347
1753089347.2203655 1753089378.286893
1753089378.2869174 1753089401.2858505
1753089401.2858727 1753089426.2907217
1753089426.2907398 1753089463.7252553
1753089463.7252815 1753089490.2484434
1753089490.248467 1753089518.278378
1753089518.2784026 1753089547.2992687
1753089547.2992923 1753089572.4424386
1753089572.4424796 1753089601.7083046
1753089601.7083256 1753089629.0288596
1753089629.0288858 1753089653.6519008
1753089653.6519332 1753089687.846046
1753089687.8460708 1753089717.0833275
1753089717.083347 1753089740.3325062
1753089740.3325274 1753089766.4387639
1753089766.438789 1753089795.8565829
1753089795.8566055 1753089819.6690772
1753089819.6690981 1753089852.118684
1753089852.118713 1753089875.075109
1753089875.075128 1753089905.2662506
1753089905.2662792 1753089934.218804
1753089934.2188199 1753089957.1789
1753089957.178928 1753089981.828046
1753089981.8280659 1753090017.6078012
1753090017.607825 1753090051.8073964
1753090051.8074203 1753090071.4652581
1753090071.4652789 1753090101.6765409
1753090101.67657 1753090128.2817185
1753090128.2817438 1753090152.5504997
1753090152.5505326 1753090179.7948565
1753090179.7948976 1753090207.9917376
1753090207.9917667 1753090234.2195559
1753090234.2196033 1753090258.600038
1753090258.6000724 1753090292.6246622
1753090292.6246846 1753090316.7698786
1753090316.7699053 1753090348.7336965
1753090348.733722 1753090380.2509632
1753090380.250984 1753090418.1484227
1753090418.1484444 1753090449.1352036
1753090449.1352284 1753090476.9585724
1753090476.9585938 1753090507.8765402
1753090507.8765695 1753090533.1150696
1753090533.1150901 1753090559.1518428
1753090559.1518703 1753090591.452244
1753090591.4522657 1753090617.0543277
1753090617.0543575 1753090647.5312026
1753090647.5312262 1753090670.9273803
1753090670.927401 1753090703.0423079
1753090703.0423317 1753090724.1879017
1753090724.1879272 1753090751.834859
1753090751.8348844 1753090781.9706569
1753090781.9706776 1753090813.2556617
1753090813.2556922 1753090840.7291737
1753090840.7291968 1753090867.4064503
1753090867.4064717 1753090889.2109315
1753090889.2109563 1753090915.783712
1753090915.7837317 1753090944.5346358
1753090944.5346622 1753090963.322787
1753090963.3228202 1753090988.381725
1753090988.3817463 1753091019.5823832
1753091019.5824091 1753091050.467125
1753091050.4671497 1753091076.911425
1753091076.9114456 1753091102.540709
1753091102.5407417 1753091128.683445
1753091128.6834679 1753091160.0794435
1753091160.0794697 1753091186.8684895
1753091186.8685148 1753091212.5727394
1753091212.5727706 1753091244.3305795
1753091244.3306067 1753091275.9765856
1753091275.976611 1753091301.5285077
1753091301.5285323 1753091329.5910556
1753091329.5910826 1753091358.2969167
1753091358.2969396 1753091379.3855066
1753091379.3855298 1753091406.9532757
1753091406.9533 1753091430.6414735
1753091430.6414988 1753091459.4497812
1753091459.449801 1753091492.4689171
1753091492.4689445 1753091523.9332285
1753091523.9332495 1753091552.8195577
1753091552.819606 1753091579.94433
1753091579.9443567 1753091611.1355176
1753091611.1355488 1753091638.8049617
1753091638.8049848 1753091666.5960064
1753091666.5960276 1753091697.5498016
1753091697.5498269 1753091727.1292834
1753091727.1293035 1753091764.716495
1753091764.7165163 1753091795.406188
1753091795.4062119 1753091835.7587147
1753091835.758736 1753091855.4938436
1753091855.4938703 1753091886.2389503
1753091886.238974 1753091913.8376245
1753091913.837649 1753091943.509534
1753091943.5095549 1753091973.9758444
1753091973.9758756 1753092003.9336305
1753092003.9336498 1753092040.8824875
1753092040.8825104 1753092076.146367
1753092076.1463916 1753092103.711098
1753092103.7111228 1753092129.4878957
1753092129.4879148 1753092160.3298228
1753092160.3298492 1753092184.7188008
1753092184.718822 1753092207.364465
1753092207.364489 1753092229.8387766
1753092229.8387995 1753092263.8787348
1753092263.8787582 1753092297.100977
1753092297.1009998 1753092324.6197906
1753092324.619819 1753092356.1896927
1753092356.1897135 1753092386.8929937
1753092386.8930197 1753092417.1910245
1753092417.1910515 1753092445.3999805
1753092445.4000094 1753092468.8206322
1753092468.8206527 1753092496.6786258
1753092496.678641 1753092529.749902
1753092529.7499316 1753092553.6654794
1753092553.6655014 1753092589.3432484
1753092589.3432734 1753092617.1652808
1753092617.1653008 1753092642.1734092
1753092642.1734347 1753092673.046127
1753092673.0461466 1753092705.6753592
1753092705.6753833 1753092735.466199
1753092735.4662247 1753092764.9378211
1753092764.9378417 1753092794.2102869
1753092794.2103155 1753092826.1000438
1753092826.1000674 1753092863.8251867
1753092863.8252087 1753092886.146822
1753092886.1468441 1753092916.0625236
1753092916.062554 1753092938.7589273
1753092938.7589598 1753092961.6027353
1753092961.6027634 1753092992.4724817
1753092992.4725077 1753093023.8538177
1753093023.853845 1753093050.9996002
1753093050.99963 1753093080.0858948
1753093080.0859241 1753093109.1264298
1753093109.1264484 1753093141.1951826
1753093141.195212 1753093170.2567708
