1764857600.9929132 1764857915.484321
1764857916.4855337 1764858120.5524588
1764858121.5537775 1764858260.8598638
1764858265.8650446 1764858435.6619546
1764858441.6681283 1764858807.1894784
1764858809.191717 1764859132.8146813
1764859139.8218734 1764859362.8571973
1764859368.8574271 1764859588.5151637
1764859592.5194263 1764859873.1826797
1764859877.186869 1764860183.293186
1764860185.2953634 1764860411.9040034
1764860418.9112039 1764860746.2892394
1764860754.2974458 1764860817.8027058
1764860818.8038828 1764861024.6390326
1764861034.646893 1764861164.8156207
1764861167.8188648 1764861324.7028964
1764861334.713212 1764861509.7403426
1764861518.7494678 1764861689.383203
1764861690.3843777 1764861968.6751647
1764861975.6823168 1764862280.770261
1764862286.776458 1764862439.847946
1764862444.8531 1764862629.3933082
1764862632.39645 1764862855.884255
1764862860.889451 1764863064.452942
1764863074.4631228 1764863173.851228
1764863178.8564005 1764863350.9102888
1764863352.9113083 1764863575.6671095
1764863583.675288 1764863841.858627
1764863849.8628774 1764863971.799709
1764863971.7997794 1764864166.0815394
1764864169.0828996 1764864356.3936484
1764864359.3948874 1764864667.7936337
1764864668.7947712 1764864878.7537968
1764864886.7619834 1764865088.0682046
1764865097.0773776 1764865321.6101758
1764865323.6108809 1764865548.2759273
1764865551.279112 1764865875.4422507
1764865875.4423854 1764866072.298217
1764866072.2983272 1764866303.3157747
1764866312.3249578 1764866450.189648
1764866457.1968114 1764866706.575126
1764866710.5788813 1764867031.621004
1764867035.6251962 1764867145.7707329
1764867152.7778459 1764867297.7331634
1764867300.7363405 1764867508.3470168
1764867511.35017 1764867694.6905358
1764867703.699685 1764867919.9109545
1764867928.9201465 1764868190.5156538
1764868198.5228918 1764868294.2154531
1764868296.2176468 1764868457.433927
1764868466.4430513 1764868617.107795
1764868619.1099648 1764868974.6330292
1764868974.6331697 1764869308.0928817
1764869318.102894 1764869423.2552993
1764869423.2554102 1764869633.7035651
1764869641.7117183 1764869878.6532538
1764869878.6533935 1764870078.748677
1764870081.7518206 1764870354.720198
1764870358.7243776 1764870570.1164305
1764870572.1186042 1764870855.1497881
1764870858.150888 1764871038.9262207
1764871044.9323814 1764871196.0622742
1764871199.0629015 1764871388.5278428
1764871392.5320256 1764871597.725979
1764871598.7270923 1764871796.5360174
1764871806.5462196 1764872043.5607312
1764872044.5619097 1764872364.1797936
1764872372.1879861 1764872634.2799754
1764872639.280532 1764872810.536586
1764872810.5366845 1764873044.3745
1764873054.3846848 1764873311.3024077
1764873314.3029127 1764873514.2070262
1764873524.2172189 1764873606.0319257
1764873606.0320666 1764873791.9409099
1764873791.9410233 1764874131.6004372
1764874136.6028793 1764874277.452051
1764874282.457198 1764874555.112458
1764874561.1148849 1764874815.672026
1764874824.6812153 1764875032.6067762
1764875038.6129684 1764875176.2904942
1764875176.2906349 1764875283.544934
1764875292.545473 1764875472.8438811
1764875476.8480723 1764875687.1292543
1764875697.1357696 1764876009.7167096
1764876012.7188876 1764876198.6940076
1764876201.6971824 1764876470.3292866
1764876476.3354726 1764876682.0879302
1764876688.0908928 1764876807.7593627
1764876814.7665062 1764877012.7964487
1764877019.8036342 1764877123.322551
1764877133.3327045 1764877456.9320474
1764877456.9321883 1764877646.3324142
1764877650.3348918 1764877883.031956
1764877887.0361469 1764877982.7043192
1764877989.710897 1764878286.9858186
1764878292.9908812 1764878462.289352
1764878469.2964811 1764878667.8680067
1764878667.8681474 1764878887.7070503
1764878897.7172494 1764879103.7470245
1764879105.7491734 1764879307.2387934
