1764857721.5277429 1764857924.995466
1764857926.9977503 1764858142.2648962
1764858147.2700849 1764858280.702999
1764858280.703136 1764858474.1617582
1764858483.1709437 1764858668.3639746
1764858677.3731287 1764859122.693801
1764859124.6959443 1764859374.3715005
1764859379.3766956 1764859609.522505
1764859614.5276873 1764859746.5014956
1764859748.503636 1764860118.4940898
1764860121.497283 1764860437.731228
1764860443.7374215 1764860709.4021053
1764860710.402883 1764860874.0822773
1764860875.0834491 1764861012.1273108
1764861019.1344283 1764861216.5006444
1764861224.5088208 1764861392.6872604
1764861399.6908817 1764861594.982106
1764861599.9872987 1764861785.7353585
1764861792.7425127 1764862038.8791423
1764862048.8892868 1764862280.4600387
1764862288.4629042 1764862373.4464307
1764862378.4515722 1764862652.9716299
1764862653.9728076 1764862824.44425
1764862825.4453795 1764863028.3573499
1764863030.3595235 1764863203.0841923
1764863210.0913768 1764863372.918855
1764863382.928971 1764863568.8106153
1764863570.8127873 1764863790.7457347
1764863790.7458727 1764864016.7200372
1764864022.7204394 1764864209.4063988
1764864219.416581 1764864404.5571373
1764864414.567324 1764864588.0532916
1764864593.0584123 1764864813.9026668
1764864823.912844 1764864998.051237
1764865001.0543923 1764865256.3342988
1764865260.3384407 1764865618.1186118
1764865627.1278353 1764865824.218869
1764865827.2220466 1764866062.1059136
1764866065.106126 1764866244.174342
1764866247.1775198 1764866539.6122925
1764866544.6174686 1764866714.7166266
1764866718.718901 1764867030.5929234
1764867039.596055 1764867168.6443713
1764867170.6465566 1764867334.0992208
1764867335.1003904 1764867531.694393
1764867533.6965327 1764867670.3212335
1764867674.3254008 1764867857.792349
1764867865.8005512 1764868168.839019
1764868174.8451412 1764868299.2557402
1764868304.260921 1764868454.674757
1764868461.6818895 1764868605.7741225
1764868608.7773044 1764869009.893688
1764869013.8978772 1764869299.1713
1764869300.172474 1764869490.8625145
1764869498.8707054 1764869603.6143897
1764869612.6228905 1764869818.6386862
1764869827.6472645 1764870050.1557803
1764870051.156931 1764870418.9878716
1764870420.9900606 1764870569.1142137
1764870572.117329 1764870802.2504456
1764870807.2556334 1764871007.374755
1764871012.379921 1764871240.8252609
1764871240.8254015 1764871385.9791877
1764871385.9792576 1764871563.6894963
1764871566.6926801 1764871753.858507
1764871757.8626225 1764871981.7211897
1764871990.726889 1764872365.6431987
1764872375.653388 1764872603.3058488
1764872603.3059433 1764872846.1458395
1764872852.1520278 1764873070.7398272
1764873077.7405772 1764873307.2635133
1764873316.2726948 1764873473.5293317
1764873477.5334485 1764873651.2056215
1764873661.2103639 1764873812.383251
1764873813.38437 1764874115.1357806
1764874120.1409583 1764874290.0637395
1764874293.0669205 1764874550.6389387
1764874551.640094 1764874827.4457347
1764874835.4539242 1764874947.4375203
1764874953.443631 1764875174.443294
1764875179.4484744 1764875359.4132235
1764875366.420418 1764875547.147584
1764875556.1567667 1764875760.8251529
1764875762.826874 1764875914.2916014
1764875921.2988124 1764876188.3875582
1764876192.391723 1764876437.1607342
1764876446.1698735 1764876705.9124532
1764876708.915638 1764876848.785045
1764876849.786221 1764876959.6137087
1764876960.614822 1764877128.9551349
1764877128.955277 1764877469.0920815
1764877476.0992758 1764877568.2422018
1764877574.2445414 1764877768.0263925
1764877771.02957 1764878093.5266907
1764878103.5368116 1764878372.068808
1764878374.0709853 1764878509.0776808
1764878515.0828857 1764878668.1196313
1764878672.122895 1764878889.2056885
1764878899.2158809 1764879113.985606
1764879117.9897647 1764879364.2499
