1764857735.6975293 1764857886.5034244
1764857886.5036006 1764858141.6435604
1764858144.6467402 1764858248.4895995
1764858249.4907463 1764858374.9832137
1764858378.9873521 1764858687.9560978
1764858687.956241 1764859171.479785
1764859175.4839745 1764859338.131038
1764859341.1341474 1764859520.6168234
1764859525.6220202 1764859838.808536
1764859838.8087046 1764860093.3095682
1764860097.3137167 1764860350.6598418
1764860357.663385 1764860741.1682286
1764860746.173419 1764860893.5586994
1764860898.5638602 1764861038.1085465
1764861040.1106782 1764861220.5420978
1764861230.5522866 1764861320.4319906
1764861324.4361796 1764861511.9815004
1764861516.9866264 1764861743.225948
1764861748.2308774 1764862042.677581
1764862051.6867647 1764862280.3583608
1764862284.3625605 1764862461.0242562
1764862465.0268736 1764862613.1812809
1764862613.1814232 1764862770.064621
1764862770.0647442 1764862993.9205816
1764863001.928739 1764863245.1008227
1764863255.1110084 1764863359.904799
1764863365.906293 1764863570.7626293
1764863572.7647476 1764863726.4789307
1764863735.488116 1764864000.4796867
1764864009.4888759 1764864246.258736
1764864251.26288 1764864323.931433
1764864331.9382923 1764864568.0839996
1764864575.091128 1764864805.128879
1764864815.1390622 1764864998.7820785
1764865000.7841988 1764865234.2782202
1764865239.2834013 1764865511.7704585
1764865518.777638 1764865836.3959308
1764865845.4050932 1764866054.5932941
1764866062.6014822 1764866281.779883
1764866291.786874 1764866560.6543703
1764866560.6545136 1764866772.3522556
1764866781.3588808 1764867003.1528454
1764867005.1548867 1764867154.9368184
1764867161.9398274 1764867333.4048414
1764867341.4129808 1764867535.8617592
1764867544.870958 1764867645.8781888
1764867651.8843257 1764867847.121262
1764867849.123453 1764868122.3780823
1764868125.3812022 1764868292.5531974
1764868298.5593987 1764868462.6672804
1764868467.672453 1764868599.943085
1764868604.94688 1764868986.4959967
1764868996.502891 1764869305.83953
1764869313.8477395 1764869482.235792
1764869484.237938 1764869544.5378642
1764869549.5428858 1764869758.7525094
1764869758.752606 1764870068.230052
1764870071.2332451 1764870402.593884
1764870405.5970616 1764870647.1298318
1764870650.1330197 1764870862.9551866
1764870871.9643304 1764871004.8122773
1764871004.8124137 1764871240.6969783
1764871242.698899 1764871395.9575977
1764871404.9667885 1764871598.6367917
1764871599.6379533 1764871732.035673
1764871737.04082 1764872056.7524533
1764872065.7599716 1764872298.2937007
1764872307.302871 1764872655.6963856
1764872664.7028744 1764872832.754727
1764872840.7628589 1764873068.9720016
1764873076.9801912 1764873248.265535
1764873256.273729 1764873484.4099998
1764873488.4141889 1764873604.2118895
1764873608.2148926 1764873890.9601402
1764873897.9673328 1764874140.0255451
1764874150.0357428 1764874283.466408
1764874291.4708872 1764874454.268981
1764874459.2741742 1764874826.1130729
1764874829.116268 1764875032.6052897
1764875032.6054308 1764875131.3455434
1764875132.3466794 1764875249.3324542
1764875254.334886 1764875481.4865568
1764875486.4908938 1764875749.2643116
1764875751.2645662 1764875911.5905802
1764875916.5957282 1764876281.5552495
1764876282.5564265 1764876421.0029893
1764876421.0030873 1764876708.9994228
1764876715.0056129 1764876854.5549843
1764876856.5571434 1764876999.8320675
1764877001.8342054 1764877199.0168378
1764877208.021727 1764877464.5573463
1764877467.5605316 1764877647.091064
1764877652.096255 1764877836.4889596
1764877836.4891036 1764878157.424026
1764878166.4332201 1764878341.3083963
1764878341.3084958 1764878512.3094532
1764878516.3114274 1764878634.757382
1764878638.7615457 1764878869.5203805
1764878874.5255687 1764879125.517445
1764879130.5188782 1764879366.8230083
