1764857634.760094 1764857897.997806
1764857897.9981868 1764858116.735761
1764858123.7429707 1764858250.9690163
1764858256.9751625 1764858418.527801
1764858424.5339875 1764858819.7609878
1764858822.7613387 1764859171.4212399
1764859179.4294279 1764859355.5361555
1764859365.5462978 1764859596.9750035
1764859596.9751415 1764859877.265517
1764859886.2688105 1764860162.2575176
1764860163.2587042 1764860438.7545474
1764860439.7557366 1764860696.128655
1764860706.1349392 1764860887.923856
1764860888.925037 1764861072.8341663
1764861078.8403265 1764861180.1791494
1764861182.1812925 1764861363.923119
1764861367.9272816 1764861502.1682
1764861512.1748853 1764861705.0749238
1764861712.0820415 1764861935.6582823
1764861935.6584227 1764862156.4807203
1764862158.4828758 1764862388.5163105
1764862395.5234933 1764862636.768411
1764862637.7696028 1764862779.8101993
1764862782.813341 1764862983.7465677
1764862989.75119 1764863252.4256244
1764863254.4278567 1764863346.119181
1764863349.1223369 1764863534.4519117
1764863543.4610965 1764863819.5563047
1764863829.5664937 1764863997.4208357
1764864005.4289973 1764864233.5737295
1764864241.5819297 1764864412.085377
1764864418.0915725 1764864691.5060918
1764864698.513297 1764864848.6908092
1764864852.695008 1764865000.4886212
1764865000.488702 1764865233.0078409
1764865237.0120397 1764865506.2011135
1764865514.2016485 1764865881.136146
1764865882.1373327 1764865978.5446935
1764865979.5458415 1764866301.7953455
1764866304.7985408 1764866546.9362612
1764866552.942456 1764866776.4141083
1764866786.4243066 1764866927.204282
1764866933.2104356 1764867144.8011148
1764867151.802146 1764867318.8465574
1764867319.8477387 1764867540.8151066
1764867543.8182974 1764867699.4049954
1764867702.4081843 1764867872.8553998
1764867882.8655322 1764868159.6808882
1764868167.6890745 1764868318.0207984
1764868319.022023 1764868454.0125766
1764868460.018687 1764868616.211992
1764868620.2161806 1764868941.2717097
1764868948.27889 1764869256.8549678
1764869257.8561559 1764869456.5940547
1764869461.5992377 1764869644.198908
1764869649.2040727 1764869875.651577
1764869879.6557715 1764870074.7450125
1764870083.754198 1764870376.4992516
1764870379.5024395 1764870667.4217255
1764870674.4268796 1764870807.8102343
1764870811.81438 1764870974.4118805
1764870981.4188924 1764871171.6881166
1764871179.6962996 1764871383.2729785
1764871393.2831745 1764871611.3318183
1764871619.331983 1764871792.7947989
1764871800.802996 1764872065.9341164
1764872072.9413056 1764872365.9511697
1764872369.9548855 1764872598.385086
1764872603.3864515 1764872832.9224713
1764872832.9226048 1764873077.2585652
1764873077.2587075 1764873311.9108272
1764873321.9210634 1764873466.5474467
1764873473.5546212 1764873653.8638127
1764873655.8659415 1764873894.2582707
1764873901.2654598 1764874080.8538268
1764874081.854959 1764874286.0465825
1764874287.0468767 1764874564.6956704
1764874574.7058737 1764874801.365258
1764874802.366445 1764874976.825665
1764874985.8292718 1764875161.9183831
1764875168.9189491 1764875322.9664326
1764875322.9665718 1764875468.129513
1764875474.1357052 1764875701.2046142
1764875707.2107446 1764875965.5410035
1764875969.5428934 1764876157.213492
1764876159.2149658 1764876453.535768
1764876460.5429504 1764876669.424248
1764876676.4244797 1764876814.0295982
1764876823.0387323 1764876987.134364
1764876991.1348875 1764877187.7102182
1764877190.7109237 1764877464.7715836
1764877471.778787 1764877627.764983
1764877636.7708993 1764877784.2795
1764877788.282882 1764878079.3154685
1764878089.325598 1764878355.8181317
1764878359.8223147 1764878516.0225112
1764878518.0228937 1764878653.6380498
1764878660.6452277 1764878772.0752175
1764878782.085343 1764879061.2873137
1764879062.2885044 1764879243.2573195
