1722384725.7071242 1722384754.50704
1722384754.8303754 1722384776.1613877
1722384777.3280706 1722384811.5566204
1722384812.5153847 1722384850.2568097
1722384850.967488 1722384883.659199
1722384884.0654287 1722384931.460697
1722384932.622833 1722384964.1583595
1722384964.6612477 1722384992.0600214
1722384992.1760223 1722385026.056757
1722385026.6227057 1722385064.9571137
1722385065.126395 1722385099.2084663
1722385099.8213174 1722385137.2606792
1722385138.2660933 1722385159.7568967
1722385160.8642461 1722385192.5621722
1722385193.6765285 1722385222.8099988
1722385223.3167984 1722385252.11065
1722385253.1757162 1722385280.5583704
1722385281.675283 1722385313.1162734
1722385313.3662722 1722385343.508657
1722385344.3736346 1722385373.157088
1722385373.7705026 1722385401.5610015
1722385402.6781404 1722385432.9582763
1722385433.8086224 1722385467.0169134
1722385468.1161895 1722385498.161886
1722385499.3110878 1722385526.2618012
1722385527.514775 1722385559.05925
1722385559.2222762 1722385591.206626
1722385591.9176974 1722385619.556904
1722385620.163113 1722385650.6102495
1722385651.711464 1722385690.8068337
1722385691.5132322 1722385716.559627
1722385717.264538 1722385748.4596977
1722385749.3094373 1722385781.758068
1722385782.76336 1722385814.1071181
1722385814.7726967 1722385849.6570845
1722385849.920607 1722385891.2570236
1722385891.4666038 1722385918.6592026
1722385919.4758103 1722385954.3097062
1722385954.5643184 1722385988.3622048
1722385989.1697428 1722386021.6617029
1722386022.8144329 1722386053.3090055
1722386054.071291 1722386076.4621205
1722386076.8081295 1722386113.4065151
1722386113.8625252 1722386144.2592125
1722386145.2143831 1722386179.6607943
1722386180.6159089 1722386206.0605798
1722386206.9147406 1722386242.1611936
1722386242.969397 1722386268.4566886
1722386268.8227813 1722386291.7581
1722386292.9128568 1722386329.2090394
1722386329.3813183 1722386359.4569874
1722386359.9336534 1722386388.7566512
1722386389.317428 1722386420.8623705
1722386422.114931 1722386453.0572035
1722386453.9767497 1722386483.4099195
1722386484.5215955 1722386516.9086323
1722386517.0696144 1722386548.7095416
1722386549.3259704 1722386580.8583643
1722386582.0233126 1722386612.3099067
1722386613.3245032 1722386655.7614322
1722386656.7681057 1722386690.360641
1722386691.3599558 1722386721.4096658
1722386722.5247836 1722386756.7569456
1722386757.0673075 1722386790.0069547
1722386790.8705425 1722386835.9622495
1722386837.0669954 1722386872.7085392
1722386873.716355 1722386905.2070065
1722386905.9741092 1722386940.861314
1722386941.8741515 1722386977.3568542
1722386978.1762402 1722387007.7572613
1722387008.1243455 1722387032.1581962
1722387032.8681989 1722387067.5569131
1722387068.2651863 1722387112.358148
1722387113.2733808 1722387142.9074655
1722387143.6286488 1722387175.058441
1722387175.4674509 1722387209.0591724
1722387209.7169118 1722387243.3571815
1722387244.2728674 1722387276.0578253
1722387276.716445 1722387303.9576204
1722387304.9720979 1722387332.656629
1722387333.4095764 1722387368.4065292
1722387369.3236685 1722387400.756793
1722387401.3667183 1722387433.0589712
1722387433.9177306 1722387470.556879
1722387470.8739321 1722387505.760679
1722387506.8204713 1722387531.8616815
1722387532.869466 1722387565.4620693
1722387565.8695602 1722387596.6071105
1722387597.3200989 1722387640.757038
1722387641.1707625 1722387669.9609876
1722387670.9182694 1722387700.6568823
1722387701.6655238 1722387734.306672
1722387735.013408 1722387769.7088394
1722387770.8130653 1722387805.35698
1722387806.0183673 1722387841.6647115
1722387842.7122777 1722387878.6585255
1722387879.576998 1722387909.8577168
1722387910.1237361 1722387942.206991
1722387942.6245754 1722387977.3571906
1722387977.8080904 1722387996.7589087
1722387997.018019 1722388021.8085175
1722388022.6604958 1722388047.9099767
1722388048.2703323 1722388077.8068695
1722388078.460699 1722388111.1602533
1722388111.9729326 1722388138.1594028
1722388139.3232703 1722388165.3071384
1722388166.2185721 1722388196.2622752
1722388197.4148092 1722388226.0102496
1722388227.2692385 1722388255.1090846
1722388255.5744157 1722388289.1092377
1722388290.3229089 1722388325.7569165
1722388326.676335 1722388359.8129537
1722388360.2195258 1722388392.660509
1722388393.116844 1722388429.1567981
1722388429.8240125 1722388469.507149
1722388470.4227052 1722388507.2068038
1722388507.6769674 1722388540.1105251
1722388541.2693138 1722388575.5082464
1722388575.8642402 1722388606.9093525
1722388607.1671765 1722388648.8566759
1722388649.5652878 1722388677.3087246
1722388678.1197622 1722388716.309621
1722388717.4622357 1722388751.662269
1722388752.80828 1722388780.810317
1722388781.8197489 1722388806.6573107
1722388807.665885 1722388834.3568413
1722388835.4106185 1722388874.4609365
1722388875.4206026 1722388902.257299
1722388902.4183702 1722388937.3069246
1722388938.0099335 1722388968.9567144
1722388970.0111346 1722389006.9066334
1722389007.5119526 1722389035.0623457
1722389036.4139388 1722389072.4569235
1722389072.8693695 1722389108.7616718
1722389109.5773768 1722389142.162022
1722389143.1797595 1722389167.4105263
1722389168.5234866 1722389201.9604077
1722389203.0179718 1722389226.6572523
1722389227.2252579 1722389256.6069674
1722389257.4255602 1722389284.4096634
1722389284.6180139 1722389321.7589166
1722389322.4215574 1722389346.6071439
1722389347.6708202 1722389380.7567253
1722389381.5084 1722389417.0567575
1722389417.8761606 1722389445.2614264
1722389446.3695514 1722389479.5568705
1722389479.7645235 1722389507.9616
1722389509.0650725 1722389542.3066041
1722389542.7638426 1722389571.8568184
1722389572.2128277 1722389605.3620718
1722389606.6258216 1722389643.9607882
1722389644.973476 1722389678.064902
1722389678.2251241 1722389711.8104942
1722389712.9692574 1722389743.1118474
1722389743.2235215 1722389774.111741
1722389775.2572608 1722389810.3619812
1722389811.1210344 1722389846.008361
1722389846.6253545 1722389871.8571296
1722389872.9216464 1722389910.4096596
1722389911.4235218 1722389944.957272
1722389945.8782132 1722389978.760726
1722389978.8757255 1722390002.5605092
1722390002.914166 1722390029.5568082
1722390030.4231062 1722390056.660039
1722390056.9757192 1722390088.9567864
1722390089.563376 1722390115.8066103
1722390116.0675766 1722390149.9106207
1722390150.7711642 1722390180.1568124
1722390180.9672577 1722390202.2589588
1722390203.0624034 1722390232.907166
1722390232.9704707 1722390262.9581392
1722390263.265079 1722390287.907268
1722390288.6299264 1722390311.8565195
1722390312.314312 1722390347.6578999
1722390348.4753537 1722390379.5589104
1722390380.4242578 1722390413.5105672
1722390414.6242573 1722390437.4566162
1722390437.6753209 1722390467.2139108
1722390468.320456 1722390497.2097669
1722390498.3591022 1722390527.0101354
1722390528.0754998 1722390555.3567398
1722390556.374578 1722390585.1100552
1722390585.773356 1722390617.4605954
1722390618.258777 1722390648.7070742
1722390649.673046 1722390676.4588392
1722390677.173679 1722390710.50913
1722390710.8193247 1722390738.358818
1722390739.0064306 1722390771.2098649
1722390771.9721096 1722390798.9606988
1722390799.8213613 1722390827.1585925
1722390827.7241416 1722390855.8087082
1722390856.8746471 1722390886.861094
1722390887.8816388 1722390910.5583465
1722390911.1274385 1722390933.3066156
1722390934.2086725 1722390960.9567516
1722390961.975968 1722390988.2065578
1722390988.82332 1722391018.7624521
1722391020.0160043 1722391053.461552
1722391053.866508 1722391082.4125834
1722391083.5255244 1722391107.5091124
