1722384725.6073315 1722384753.4571707
1722384754.4148357 1722384781.7084532
1722384782.3086445 1722384816.6578789
1722384817.1660335 1722384846.3065119
1722384847.113503 1722384888.5086174
1722384889.0758703 1722384920.556786
1722384921.0728164 1722384958.5086632
1722384959.476827 1722384996.0090392
1722384996.7681813 1722385031.2616053
1722385031.5853794 1722385068.1593778
1722385068.4068341 1722385101.5567572
1722385102.0776618 1722385132.359266
1722385132.9298022 1722385160.7075279
1722385161.7260582 1722385192.8597524
1722385193.8140447 1722385230.8069263
1722385230.9693935 1722385254.2601447
1722385254.3823361 1722385285.810539
1722385287.0093167 1722385316.9612005
1722385317.3723395 1722385347.3072484
1722385348.1664178 1722385381.108472
1722385381.9235532 1722385408.909989
1722385409.65961 1722385435.6573522
1722385436.4811795 1722385463.407226
1722385463.6219082 1722385501.4624903
1722385502.5742822 1722385528.9586024
1722385529.9676056 1722385560.4089417
1722385560.7164521 1722385592.9574142
1722385593.2126346 1722385613.7093976
1722385614.7196813 1722385643.4069293
1722385643.7235975 1722385681.9106553
1722385683.063547 1722385713.3071628
1722385714.3702323 1722385745.9570308
1722385747.1695142 1722385785.059128
1722385785.9717555 1722385816.2066326
1722385816.9064753 1722385853.1610203
1722385854.2128673 1722385882.9575963
1722385883.6738994 1722385924.9582262
1722385925.8738651 1722385958.358192
1722385958.6283236 1722385993.857121
1722385994.809045 1722386026.3090246
1722386027.076638 1722386052.0590744
1722386052.7715614 1722386083.4613376
1722386084.4101295 1722386115.361523
1722386116.372998 1722386142.4614139
1722386143.0773783 1722386179.10826
1722386180.21837 1722386203.7625926
1722386204.8158658 1722386237.6084058
1722386238.8698661 1722386274.160551
1722386275.1753259 1722386305.05942
1722386305.6214697 1722386330.9069371
1722386331.4746423 1722386363.1081176
1722386363.7152941 1722386390.6091626
1722386391.6174092 1722386418.161701
1722386419.3247018 1722386442.006752
1722386442.9218776 1722386475.257038
1722386475.8183107 1722386510.1583016
1722386510.657358 1722386553.7655857
1722386554.8249006 1722386582.962064
1722386584.180641 1722386617.1066248
1722386617.824121 1722386655.5607812
1722386656.4598415 1722386685.8085704
1722386686.5675588 1722386727.8081656
1722386728.8694835 1722386763.1070168
1722386763.877506 1722386793.0624197
1722386794.315621 1722386826.1578045
1722386826.5684583 1722386871.160714
1722386872.1751027 1722386905.9070132
1722386906.8162796 1722386939.5093665
1722386940.5251184 1722386970.1086574
1722386970.957884 1722387008.1568582
1722387009.0183063 1722387045.0102189
1722387045.6154742 1722387066.2103941
1722387067.5131135 1722387106.76125
1722387106.921816 1722387144.2623541
1722387145.1825457 1722387179.8066504
1722387180.1193283 1722387214.3566513
1722387215.2704825 1722387246.308957
1722387247.4726496 1722387280.8569448
1722387281.5269778 1722387307.057055
1722387308.0258722 1722387331.056822
1722387331.5099761 1722387373.6584432
1722387374.1208894 1722387404.4096186
1722387404.7739263 1722387445.2569683
1722387445.7258685 1722387481.714628
1722387482.8067968 1722387512.5566363
1722387513.27625 1722387543.656633
1722387544.5256977 1722387568.2612412
1722387569.4666462 1722387599.3567758
1722387600.4210923 1722387630.6071846
1722387631.5665028 1722387669.2071617
1722387670.071566 1722387702.4095504
1722387703.5774488 1722387744.35722
1722387745.2726474 1722387779.4586034
1722387780.2745566 1722387811.4065895
1722387812.0582008 1722387841.3610613
1722387842.2757595 1722387871.1582146
1722387871.6639955 1722387907.1088693
1722387908.1178207 1722387939.8569598
1722387940.81786 1722387970.7609377
1722387971.421259 1722387999.3070343
1722388000.01933 1722388023.8569171
1722388024.6233845 1722388053.8580263
1722388054.7703416 1722388083.2571905
1722388084.0160208 1722388110.161198
1722388111.0265386 1722388134.659005
1722388135.7096543 1722388168.3101063
1722388169.3325815 1722388199.158004
1722388200.0720077 1722388229.3089805
1722388230.3720205 1722388257.20687
1722388257.5768347 1722388289.109187
1722388289.8301256 1722388320.959184
1722388321.9579875 1722388351.9567647
1722388353.0223997 1722388393.3589394
1722388393.8682702 1722388430.5589447
1722388431.1232638 1722388466.8566194
1722388467.3231497 1722388501.9614246
1722388503.1125097 1722388542.1591477
1722388542.8260255 1722388574.9567995
1722388575.5151885 1722388609.2615852
1722388609.5166428 1722388642.010085
1722388642.5235713 1722388679.6614227
1722388680.5230846 1722388719.5621643
1722388720.2802553 1722388746.8609285
1722388747.7192535 1722388777.2566519
1722388778.1663995 1722388808.061028
1722388808.5214927 1722388842.2097967
1722388843.4815242 1722388872.511085
1722388873.0118692 1722388908.460605
1722388909.477966 1722388942.7568123
1722388943.7700465 1722388973.2604983
1722388973.4232233 1722389007.8070197
1722389008.6243823 1722389040.2101328
1722389041.3161108 1722389070.5121298
1722389071.5730202 1722389103.90653
1722389104.870686 1722389142.6621315
1722389143.8593774 1722389165.0566955
1722389165.8756583 1722389199.2579486
1722389200.310743 1722389228.8589902
1722389229.771375 1722389262.3570762
1722389262.8654692 1722389288.110055
1722389289.2225347 1722389320.362341
1722389321.4288745 1722389351.806928
1722389352.7755275 1722389383.8577614
1722389384.7293353 1722389410.1087596
1722389411.2232096 1722389448.0569606
1722389448.9824376 1722389479.0569751
1722389479.273124 1722389508.4177828
1722389508.533859 1722389545.4572394
1722389546.1819415 1722389582.4589775
1722389583.4177477 1722389617.362417
1722389618.5264783 1722389647.55697
1722389648.3756752 1722389686.458738
1722389687.4139514 1722389715.0089724
1722389715.8749864 1722389748.4101348
1722389749.6690216 1722389780.7572882
1722389781.6728983 1722389809.006579
1722389809.6633015 1722389842.5102668
1722389843.4610796 1722389873.659125
1722389874.1206183 1722389911.7565436
1722389912.7595823 1722389948.556869
1722389948.774372 1722389977.556988
1722389978.2272062 1722390007.6569824
1722390008.719501 1722390030.3610325
1722390031.3158908 1722390059.7082102
1722390060.6215134 1722390084.359162
1722390084.6785152 1722390118.9568706
1722390119.1789699 1722390142.6567955
1722390143.3691595 1722390169.8086984
1722390170.5719903 1722390200.6095612
1722390201.7607143 1722390225.2100368
1722390225.4579625 1722390254.3089917
1722390255.5196 1722390290.8608515
1722390292.0132298 1722390319.061389
1722390319.806754 1722390353.5579896
1722390354.613073 1722390377.9620461
1722390379.0280957 1722390412.4138985
1722390413.6120322 1722390440.9070694
1722390441.7747498 1722390466.6600509
1722390467.5672555 1722390501.8069983
1722390502.8623471 1722390533.261122
1722390534.3133595 1722390565.8083694
1722390566.065448 1722390583.5083146
1722390584.41424 1722390614.4570348
1722390615.125364 1722390643.7085164
1722390644.5262196 1722390672.9565954
1722390673.2240455 1722390709.4082797
1722390710.214663 1722390734.4066038
1722390735.177048 1722390768.0567877
1722390768.771936 1722390793.561572
1722390794.622624 1722390821.30937
1722390822.470811 1722390854.1570082
1722390855.0224273 1722390882.860089
1722390883.1808307 1722390909.8653712
1722390911.1263745 1722390938.5096548
1722390939.5714211 1722390963.6591344
1722390964.0218143 1722390991.3573856
1722390991.620344 1722391021.762431
1722391023.0147173 1722391058.8644533
1722391059.1751716 1722391084.4066768
1722391085.073445 1722391113.0579953
