1757037252.3702617 1757037276.087118
1757037278.0892925 1757037306.3002036
1757037307.3012712 1757037335.3834925
1757037343.3882987 1757037365.5724864
1757037374.5800707 1757037395.08973
1757037405.0998468 1757037421.1864755
1757037428.191882 1757037451.5325375
1757037456.5360873 1757037482.2161005
1757037482.216124 1757037507.7714305
1757037515.7768092 1757037537.6809733
1757037540.6836264 1757037566.7902024
1757037572.7960055 1757037598.242931
1757037605.2500489 1757037626.6340828
1757037632.6401496 1757037649.4166057
1757037655.419618 1757037688.5670645
1757037693.5721347 1757037721.2662148
1757037721.2662404 1757037751.3629713
1757037751.3630037 1757037782.155399
1757037787.1605246 1757037805.8665369
1757037806.8676124 1757037835.1181505
1757037838.1212761 1757037863.1383805
1757037873.147663 1757037899.027172
1757037902.0276887 1757037927.9844022
1757037927.9844327 1757037962.1942225
1757037968.1996684 1757037994.2213736
1757037997.22361 1757038022.4423032
1757038026.4463801 1757038057.829836
1757038066.8356643 1757038084.2540743
1757038092.259671 1757038113.5076666
1757038117.511783 1757038148.6543114
1757038158.6643863 1757038178.2644067
1757038181.267475 1757038210.4968314
1757038211.4979577 1757038239.4496973
1757038246.455672 1757038271.5195773
1757038273.521741 1757038302.7930262
1757038302.7930562 1757038330.3910835
1757038331.3916109 1757038364.9757512
1757038367.9788744 1757038388.4470458
1757038393.4521196 1757038423.9062257
1757038429.9116063 1757038454.7320795
1757038461.7356594 1757038483.4991848
1757038490.5042472 1757038513.225281
1757038518.230416 1757038540.031248
1757038540.0312726 1757038572.5964904
1757038573.5975506 1757038605.9483457
1757038607.9504976 1757038636.339316
1757038637.339662 1757038667.3847065
1757038672.387614 1757038693.5794513
1757038698.5836053 1757038723.3338723
1757038726.3356123 1757038757.8136277
1757038760.8156157 1757038786.1292965
1757038790.1334338 1757038818.452118
1757038825.4556096 1757038848.0295744
1757038856.037733 1757038881.2983942
1757038883.30052 1757038912.5433943
1757038919.5505266 1757038943.2176929
1757038948.2227657 1757038970.3791745
1757038973.3796744 1757038995.3700147
1757038995.370036 1757039021.4507468
1757039024.4518325 1757039055.7641435
1757039058.767273 1757039085.8273413
1757039088.830467 1757039114.426428
1757039115.4275346 1757039138.2031353
1757039145.2102613 1757039169.0642002
1757039175.0675962 1757039199.752242
1757039202.7553608 1757039228.0747907
1757039235.0819578 1757039261.9530401
1757039268.9601681 1757039291.9059324
1757039296.907611 1757039316.549804
1757039317.5509288 1757039354.1933308
1757039363.1996648 1757039379.7919118
1757039379.7919443 1757039411.2888544
1757039416.293973 1757039444.8927166
1757039444.8927412 1757039482.127696
1757039482.1277308 1757039511.282871
1757039521.2919247 1757039545.050763
1757039554.0596936 1757039576.8761668
1757039576.8761914 1757039605.8398614
1757039606.8409915 1757039637.6144524
1757039642.6156678 1757039664.527475
1757039672.5356193 1757039699.8886774
1757039703.8928127 1757039723.281786
1757039732.2876499 1757039759.168115
1757039766.1716743 1757039787.694909
1757039787.6949298 1757039816.4640522
1757039818.4661765 1757039842.7475355
1757039842.7475743 1757039876.9430487
1757039881.9476094 1757039905.8169713
1757039906.818045 1757039931.8032942
1757039932.8044107 1757039969.733209
1757039970.7342985 1757040003.5297005
1757040006.5328205 1757040034.0825782
1757040041.0897293 1757040059.6134384
1757040063.6155987 1757040079.7110584
1757040081.7131248 1757040120.615913
1757040129.625047 1757040150.7646313
1757040159.772106 1757040181.7413976
1757040183.7434628 1757040220.0031834
1757040220.0032113 1757040244.7136126
1757040254.716243 1757040275.585218
