1757037252.9341106 1757037277.8718963
1757037281.876104 1757037304.116097
1757037314.1262598 1757037327.7155418
1757037337.7203374 1757037365.6228313
1757037373.6279109 1757037393.1601086
1757037399.1662474 1757037425.3194826
1757037427.3196762 1757037450.29694
1757037456.2996516 1757037477.8482404
1757037487.855674 1757037505.2328975
1757037507.2349787 1757037529.6393235
1757037532.6396296 1757037570.5926552
1757037571.5938513 1757037597.939431
1757037604.9436288 1757037626.9746513
1757037632.9798708 1757037652.0791266
1757037661.0876791 1757037686.6655843
1757037691.6676698 1757037721.56791
1757037725.572053 1757037751.8219151
1757037753.8239994 1757037781.760129
1757037781.7601774 1757037808.2598035
1757037812.2639291 1757037838.2598424
1757037838.2598877 1757037871.2105103
1757037872.2116625 1757037900.8679595
1757037902.8700924 1757037929.6775753
1757037933.679679 1757037958.8372505
1757037960.8374925 1757037996.1905193
1757038006.1996255 1757038026.038206
1757038029.0413573 1757038057.066181
1757038067.0762725 1757038078.5631585
1757038083.5676186 1757038117.781382
1757038127.7876148 1757038143.2107775
1757038145.2118156 1757038179.2836702
1757038188.292854 1757038207.8304136
1757038216.8396585 1757038239.5661201
1757038240.567252 1757038271.899348
1757038271.8993855 1757038303.8559382
1757038307.860022 1757038335.0201797
1757038345.0276747 1757038361.7802348
1757038362.7813754 1757038389.541365
1757038392.544449 1757038423.6074553
1757038423.6074812 1757038454.1877644
1757038459.1929288 1757038479.065549
1757038489.0756927 1757038513.9974892
1757038521.0046272 1757038541.089173
1757038541.0892298 1757038571.6712615
1757038579.679396 1757038605.1829734
1757038613.1911106 1757038635.447068
1757038640.452209 1757038665.0109506
1757038667.0116985 1757038698.461862
1757038705.4689326 1757038727.4589
1757038736.4612324 1757038759.4761019
1757038759.4761288 1757038786.0455706
1757038791.0507064 1757038821.00796
1757038825.011681 1757038850.6911771
1757038856.6973472 1757038877.3125696
1757038881.3166754 1757038909.2617338
1757038915.2678971 1757038939.9846623
1757038945.9908605 1757038970.6864152
1757038973.6895092 1757038997.8919303
1757038998.8930714 1757039021.4655633
1757039024.467904 1757039056.4378228
1757039058.439967 1757039083.316066
1757039085.3182123 1757039113.6283832
1757039119.6345115 1757039140.6568213
1757039142.6587365 1757039167.9224582
1757039171.923649 1757039194.823687
1757039195.8247623 1757039230.4152102
1757039235.415649 1757039259.5891883
1757039260.5903242 1757039293.2162309
1757039303.2252882 1757039318.847199
1757039325.8516324 1757039351.075884
1757039357.0820682 1757039382.3354623
1757039392.3456006 1757039417.773628
1757039417.7736573 1757039446.232932
1757039456.2431269 1757039483.7568262
1757039489.7629576 1757039514.8429627
1757039521.8476737 1757039542.707707
1757039546.7118015 1757039575.229499
1757039581.235604 1757039607.474077
1757039617.4842324 1757039634.1452632
1757039634.14529 1757039662.5405965
1757039672.550766 1757039699.2763555
1757039699.2763946 1757039728.9295106
1757039736.937607 1757039758.8965764
1757039762.8996723 1757039788.106859
1757039796.1149921 1757039811.1848724
1757039814.1880085 1757039838.4024248
1757039838.4024491 1757039870.811094
1757039870.8111284 1757039903.025402
1757039905.027479 1757039934.6078792
1757039943.6156654 1757039969.2148907
1757039973.2189991 1757040004.0781755
1757040013.0873075 1757040030.0402522
1757040033.0433786 1757040060.8393083
1757040064.8396554 1757040088.5376756
1757040098.5477571 1757040117.3540802
1757040118.35521 1757040155.2079923
1757040156.209146 1757040185.3014352
1757040194.3105586 1757040219.4655805
1757040220.4667153 1757040248.0882068
1757040256.0963597 1757040276.4673347
