1756555753.8237784 1756555791.9255993
1756555791.9256153 1756555818.5399714
1756555818.5399895 1756555842.5590677
1756555842.5590997 1756555869.2886088
1756555869.2886279 1756555897.020363
1756555897.02039 1756555925.3406594
1756555925.340677 1756555958.7198868
1756555958.7199233 1756555986.0969155
1756555986.0969374 1756556008.3879814
1756556008.3880036 1756556035.906405
1756556035.9064283 1756556064.1852074
1756556064.185226 1756556103.5372393
1756556103.5372598 1756556138.7315876
1756556138.7316132 1756556183.0365171
1756556183.0365334 1756556214.811312
1756556214.8113313 1756556254.66997
1756556254.6699932 1756556288.9148386
1756556288.91486 1756556320.1234403
1756556320.1234565 1756556351.9657688
1756556351.9657881 1756556383.0227726
1756556383.0227888 1756556410.6017525
1756556410.6017694 1756556443.358256
1756556443.3582792 1756556476.499183
1756556476.4992015 1756556510.5476415
1756556510.5476592 1756556542.2953584
1756556542.2953796 1756556573.099274
1756556573.0992935 1756556621.1228023
1756556621.122827 1756556661.1186473
1756556661.1186733 1756556705.755697
1756556705.755724 1756556755.618227
1756556755.61825 1756556809.4227264
1756556809.4227464 1756556872.9322202
1756556872.9322572 1756556924.186334
1756556924.1863596 1756556979.0097427
1756556979.009764 1756557034.9912739
1756557034.9912953 1756557067.6914022
1756557067.6914327 1756557098.9477715
1756557098.947793 1756557142.261219
1756557142.2612438 1756557178.5086412
1756557178.5086663 1756557215.1166065
1756557215.1166332 1756557235.5184271
1756557235.5184453 1756557258.5738416
1756557258.5738614 1756557281.207887
1756557281.20791 1756557306.1039903
1756557306.1040118 1756557333.8517697
1756557333.8517885 1756557360.2665167
1756557360.2665417 1756557388.0850978
1756557388.0851145 1756557414.2560403
1756557414.2560642 1756557441.4065216
1756557441.406539 1756557484.465865
1756557484.4658859 1756557508.9416704
1756557508.9416878 1756557535.9965937
1756557535.996625 1756557566.2761521
1756557566.2761707 1756557590.9563322
1756557590.9563546 1756557628.2534888
1756557628.2535055 1756557665.8750055
1756557665.875029 1756557701.8366864
1756557701.8367043 1756557734.6582272
1756557734.658245 1756557769.2725692
1756557769.2726064 1756557804.0331974
1756557804.033215 1756557841.435163
1756557841.4351864 1756557874.4096463
1756557874.4096768 1756557909.3022902
1756557909.302309 1756557942.7278504
1756557942.7278755 1756557975.0202613
1756557975.0202856 1756558007.0090363
1756558007.009057 1756558032.464397
1756558032.4644227 1756558067.6105788
1756558067.610602 1756558097.5959482
1756558097.595971 1756558130.3574228
1756558130.3574414 1756558170.0744958
1756558170.0745206 1756558199.7524967
1756558199.7525208 1756558233.465335
1756558233.465354 1756558285.4103353
1756558285.410356 1756558330.280334
1756558330.2803605 1756558376.8577003
1756558376.8577235 1756558426.2111766
1756558426.2111943 1756558483.8152773
1756558483.8152995 1756558536.2771819
1756558536.2772017 1756558575.1807938
1756558575.1808171 1756558620.5495799
1756558620.5495968 1756558668.9798982
1756558668.9799209 1756558714.4306617
1756558714.4306843 1756558757.7016926
1756558757.7017148 1756558800.8795958
1756558800.8796136 1756558850.7470224
1756558850.7470427 1756558893.9396217
1756558893.9396424 1756558947.724651
1756558947.7246742 1756558999.3614182
1756558999.361446 1756559051.0943463
1756559051.0943687 1756559088.5708373
1756559088.5708597 1756559129.198805
1756559129.1988444 1756559178.610082
1756559178.6101038 1756559228.9870734
1756559228.9870987 1756559285.2991576
1756559285.2991827 1756559338.7220333
1756559338.722049 1756559393.3044243
1756559393.30445 1756559442.7119591
1756559442.7119775 1756559492.2407358
1756559492.2407544 1756559545.1765096
