1776613742.160797 1776613878.0487273
1776613879.0498755 1776614020.8463528
1776614026.8503346 1776614135.6943362
1776614140.6994035 1776614302.9619586
1776614311.9710371 1776614404.8458502
1776614405.8469234 1776614583.807179
1776614583.8072138 1776614759.6159153
1776614759.6159446 1776614900.0911493
1776614910.0980973 1776615046.5277689
1776615047.5288415 1776615164.9415946
1776615171.9486685 1776615341.708498
1776615346.7125587 1776615483.559306
1776615492.568386 1776615608.3308587
1776615614.3369331 1776615777.7603335
1776615784.7674072 1776615908.9251776
1776615918.9343781 1776616066.539954
1776616070.5423381 1776616214.2663243
1776616221.270349 1776616343.863644
1776616353.8703392 1776616496.557757
1776616503.564837 1776616655.1038318
1776616662.1109104 1776616768.151001
1776616775.1580677 1776616915.7032084
1776616919.7063355 1776617060.5247688
1776617068.528838 1776617187.6746566
1776617194.6748846 1776617332.132796
1776617338.1383505 1776617447.187259
1776617457.1879349 1776617582.461676
1776617586.4657564 1776617737.6146975
1776617737.6147227 1776617870.7186565
1776617875.7223883 1776618023.4865143
1776618025.4885895 1776618161.7988238
1776618163.8008988 1776618303.5690644
1776618309.5743296 1776618444.515564
1776618444.5155964 1776618599.028714
1776618605.0347893 1776618732.4878976
1776618740.488321 1776618871.7614188
1776618877.766338 1776618984.0823987
1776618989.0863385 1776619135.3008862
1776619139.3049657 1776619266.2856076
1776619268.2858348 1776619433.4850802
1776619433.485114 1776619559.7749321
1776619569.782412 1776619716.000046
1776619723.0063846 1776619861.301971
1776619868.3057995 1776620029.8393922
1776620029.839425 1776620178.5052812
1776620184.5113678 1776620293.2359056
1776620303.2383366 1776620439.4258828
1776620441.4263473 1776620582.0648456
1776620587.0663452 1776620719.2115006
1776620724.214331 1776620876.0110722
1776620885.0183294 1776621011.234998
1776621012.23607 1776621139.718269
1776621146.7223394 1776621278.5280273
1776621285.5351024 1776621417.5487015
1776621419.5507774 1776621534.9131227
1776621537.914337 1776621679.2017548
1776621686.208196 1776621806.8408642
1776621816.8423584 1776621960.9476843
1776621960.9477184 1776622081.8485305
1776622083.8504403 1776622223.2166703
1776622224.2168005 1776622370.2252157
1776622373.226352 1776622497.3719163
1776622504.3790374 1776622644.9431717
1776622644.9432003 1776622769.3572905
1776622775.3622398 1776622927.5442371
1776622933.5463622 1776623060.9223256
1776623060.9223585 1776623180.199679
1776623184.2037463 1776623322.6156914
1776623324.6177692 1776623451.6605847
1776623457.6666644 1776623597.4595354
1776623600.4596436 1776623736.3124957
1776623741.317572 1776623880.6006308
1776623889.6075523 1776624029.1006198
1776624038.106338 1776624183.0795434
1776624190.0863416 1776624282.0480807
1776624287.0531542 1776624458.3360689
1776624460.3372784 1776624592.0353005
1776624601.044375 1776624728.9312658
1776624731.931623 1776624892.2854276
1776624902.2943425 1776625037.8914645
1776625047.8922982 1776625172.0909245
1776625181.0983417 1776625322.9496715
1776625328.954331 1776625476.9165454
1776625485.9176474 1776625636.8753228
1776625637.8764129 1776625751.7223597
1776625752.7234197 1776625898.6817343
1776625899.6824079 1776626049.6269023
1776626050.6279738 1776626167.7421117
1776626168.7431757 1776626312.482604
1776626320.4832911 1776626438.914752
1776626444.918685 1776626577.361054
1776626578.3621385 1776626720.7038324
1776626724.70797 1776626871.2845774
1776626877.2906616 1776626991.5256863
1776626996.530366 1776627142.5294046
1776627151.538427 1776627254.5912523
1776627262.5993223 1776627415.977483
1776627415.9775176 1776627562.343242
1776627566.3473196 1776627724.7952359
1776627730.8013175 1776627861.685204
