1776613729.867122 1776613858.8348722
1776613861.8380508 1776614015.6687033
1776614023.6767855 1776614156.3535795
1776614162.3596587 1776614300.3054702
1776614301.3063457 1776614443.895169
1776614446.8982656 1776614574.8480117
1776614584.8580904 1776614754.9090266
1776614764.9191058 1776614866.5227911
1776614870.5268714 1776615036.5427556
1776615043.5464342 1776615184.406422
1776615194.416497 1776615319.099694
1776615325.1057706 1776615478.8019977
1776615485.807346 1776615598.4240975
1776615601.4247606 1776615765.5943525
1776615771.6004314 1776615917.8146179
1776615920.8176823 1776616038.424838
1776616048.4343352 1776616210.3405359
1776616212.3426135 1776616350.478564
1776616359.4863572 1776616497.4140184
1776616498.4143405 1776616645.72636
1776616648.7294307 1776616761.070474
1776616768.0743508 1776616910.7911966
1776616919.7970207 1776617061.833862
1776617063.8359241 1776617186.6510837
1776617188.651773 1776617330.9632564
1776617335.9663405 1776617459.3839862
1776617465.3900576 1776617610.1545932
1776617615.1585076 1776617736.541658
1776617738.5437317 1776617878.0091207
1776617880.010338 1776618029.4391172
1776618034.4428217 1776618142.1236346
1776618147.1287165 1776618301.531803
1776618311.541876 1776618465.4687667
1776618474.4778426 1776618583.5217316
1776618593.5318096 1776618745.4554524
1776618745.4554796 1776618868.704133
1776618872.7082043 1776619010.36883
1776619020.3690221 1776619118.5298061
1776619120.5303314 1776619280.1733289
1776619281.1738746 1776619440.920124
1776619449.9263291 1776619573.7927718
1776619577.7968547 1776619721.8206987
1776619726.8257687 1776619872.9625592
1776619873.96364 1776620031.7101157
1776620037.716191 1776620163.481567
1776620169.4874003 1776620268.4122677
1776620268.4122996 1776620407.5220153
1776620408.523084 1776620579.86481
1776620579.864842 1776620732.2880185
1776620732.2880514 1776620862.7197454
1776620863.7208636 1776621005.54247
1776621005.5425034 1776621143.7849317
1776621149.7872179 1776621268.6772993
1776621278.6863334 1776621376.3638732
1776621376.3639047 1776621535.5993903
1776621537.601467 1776621685.9606044
1776621691.9663284 1776621826.6149986
1776621829.6180718 1776621953.6801734
1776621955.6822426 1776622093.6903155
1776622094.6914012 1776622218.2233262
1776622223.2271826 1776622350.9968286
1776622357.0028987 1776622510.5454335
1776622520.554336 1776622646.0158358
1776622656.0259085 1776622785.1244178
1776622787.1264896 1776622929.5670338
1776622936.5673413 1776623069.9413722
1776623070.9423313 1776623195.285357
1776623205.2954357 1776623332.4766636
1776623332.4766977 1776623464.540091
1776623470.5423398 1776623597.486456
1776623606.4955328 1776623724.0320764
1776623733.0394099 1776623888.1619797
1776623889.1623416 1776624027.03817
1776624029.0383344 1776624183.673078
1776624187.6771452 1776624321.3767173
1776624330.3770032 1776624460.3924427
1776624465.3943408 1776624596.0772598
1776624601.0823278 1776624707.996539
1776624712.0006132 1776624886.0719125
1776624890.0745227 1776625025.3625665
1776625028.365648 1776625170.7817645
1776625177.7888336 1776625329.7718294
1776625330.7728996 1776625443.553842
1776625451.561914 1776625627.2173963
1776625633.2234623 1776625762.5159888
1776625767.5162785 1776625916.441364
1776625926.451447 1776626039.045428
1776626045.0515075 1776626179.5707924
1776626179.5708272 1776626310.0720427
1776626311.072497 1776626455.374841
1776626456.375914 1776626576.8123448
1776626582.8183546 1776626733.887657
1776626737.8880217 1776626866.5060842
1776626866.5061193 1776626997.771946
1776627001.7743423 1776627137.1263568
1776627140.1294386 1776627290.717282
1776627296.7233565 1776627423.2024744
1776627428.2064204 1776627561.0228515
1776627568.0231528 1776627699.1763895
1776627702.1794558 1776627864.0629199
