1776097095.432146 1776097138.233145
1776097138.2331824 1776097176.9015176
1776097176.9015388 1776097229.7104356
1776097229.7104745 1776097269.5561588
1776097269.5561838 1776097320.0898228
1776097320.0898435 1776097369.847434
1776097369.8474593 1776097420.7112842
1776097420.7113147 1776097459.3169591
1776097459.3169847 1776097517.005161
1776097517.0051858 1776097564.3824887
1776097564.3825142 1776097619.4898837
1776097619.4899087 1776097661.415497
1776097661.415519 1776097709.7415068
1776097709.7415326 1776097745.8937538
1776097745.8937724 1776097802.655192
1776097802.6552167 1776097849.2509255
1776097849.250951 1776097911.986299
1776097911.9863207 1776097960.5545542
1776097960.5545816 1776098009.463739
1776098009.463758 1776098069.7547035
1776098069.7547295 1776098116.02111
1776098116.021129 1776098162.258151
1776098162.2581785 1776098203.7567563
1776098203.7567809 1776098247.488954
1776098247.4889781 1776098303.6167066
1776098303.6167336 1776098353.8122404
1776098353.8122668 1776098405.5434954
1776098405.543523 1776098458.2783082
1776098458.2783442 1776098511.6083226
1776098511.6083503 1776098563.291001
1776098563.2910259 1776098608.2022157
1776098608.2022412 1776098647.8292603
1776098647.8292851 1776098711.8949323
1776098711.8949666 1776098763.5924067
1776098763.5924377 1776098804.620239
1776098804.6202657 1776098855.1702132
1776098855.1702487 1776098902.1642153
1776098902.1642454 1776098943.9728122
1776098943.9728456 1776098990.974679
1776098990.9746993 1776099044.8129964
1776099044.813023 1776099097.8133047
1776099097.8133254 1776099146.1096778
1776099146.109708 1776099194.0805008
1776099194.080523 1776099241.4683533
1776099241.468377 1776099299.3496628
1776099299.3496833 1776099342.7957108
1776099342.7957551 1776099397.9327483
1776099397.9327695 1776099447.9658318
1776099447.9658573 1776099497.5399168
1776099497.5399501 1776099543.0113103
1776099543.011343 1776099590.5962574
1776099590.5962846 1776099640.139891
1776099640.1399176 1776099676.1649756
1776099676.1649954 1776099729.5089295
1776099729.5089564 1776099776.4085782
1776099776.4086032 1776099820.673415
1776099820.673439 1776099875.8234694
1776099875.8234906 1776099919.210041
1776099919.210068 1776099965.5058534
1776099965.5058727 1776100013.767918
1776100013.7679439 1776100061.7628756
1776100061.762901 1776100111.6113827
1776100111.6114032 1776100157.7151382
1776100157.715162 1776100201.5081587
1776100201.5081887 1776100240.021294
1776100240.0213184 1776100295.2211156
1776100295.2211404 1776100324.3252654
1776100324.3252902 1776100383.9076526
1776100383.90767 1776100427.964332
1776100427.9643583 1776100469.8223643
1776100469.8223915 1776100519.520633
1776100519.5206788 1776100570.7803164
1776100570.7803426 1776100616.7056177
1776100616.7056417 1776100659.6585264
1776100659.6585462 1776100702.5043678
1776100702.5043924 1776100762.5044358
1776100762.5044556 1776100819.92675
1776100819.9267817 1776100866.1801608
1776100866.180182 1776100919.3052146
1776100919.3052433 1776100962.9139733
1776100962.9140024 1776101017.9244342
1776101017.924456 1776101061.3165953
1776101061.316622 1776101093.8746355
1776101093.8746543 1776101145.992296
1776101145.9923248 1776101180.3763819
1776101180.3764017 1776101233.85959
1776101233.8596182 1776101270.4481866
1776101270.4482098 1776101313.4699707
1776101313.4699984 1776101365.6042376
1776101365.6042886 1776101409.1523101
1776101409.1523318 1776101446.7844777
1776101446.7845037 1776101506.1973283
1776101506.1973581 1776101543.1599007
1776101543.1599276 1776101586.147684
1776101586.147712 1776101626.5022418
1776101626.5022666 1776101672.4676018
1776101672.467624 1776101719.2904954
1776101719.2905223 1776101762.966836
1776101762.966856 1776101806.925752
1776101806.9257774 1776101856.1708982
