1776097090.5905497 1776097131.7951045
1776097131.7951577 1776097176.8065445
1776097176.8065722 1776097222.865155
1776097222.86518 1776097272.2759273
1776097272.2759633 1776097320.2162306
1776097320.2162523 1776097371.1255703
1776097371.1255946 1776097421.1694143
1776097421.1694403 1776097470.8223238
1776097470.822352 1776097515.6931195
1776097515.6931393 1776097564.174231
1776097564.1742566 1776097614.739506
1776097614.7395434 1776097660.1310818
1776097660.13111 1776097701.8492556
1776097701.8492756 1776097743.8792112
1776097743.879246 1776097807.2245562
1776097807.2245827 1776097857.4721713
1776097857.4721973 1776097909.3687563
1776097909.3687854 1776097967.4761364
1776097967.4761615 1776097995.433426
1776097995.4334457 1776098062.3798249
1776098062.379853 1776098113.5018182
1776098113.5018432 1776098160.475818
1776098160.475858 1776098209.3415253
1776098209.341547 1776098255.3480883
1776098255.3481133 1776098302.5407958
1776098302.5408163 1776098358.1642692
1776098358.164295 1776098392.8936915
1776098392.8937156 1776098460.3759367
1776098460.3759632 1776098508.139165
1776098508.1391947 1776098557.5642183
1776098557.5642428 1776098609.3951278
1776098609.395155 1776098649.5030935
1776098649.5031133 1776098708.0006173
1776098708.0006464 1776098760.0890052
1776098760.0890331 1776098806.7444792
1776098806.7445216 1776098847.0229018
1776098847.0229266 1776098884.4393446
1776098884.4393692 1776098950.7709908
1776098950.7710176 1776098997.441042
1776098997.4410682 1776099046.095783
1776099046.0958083 1776099096.87783
1776099096.8778567 1776099146.4361928
1776099146.4362197 1776099186.834102
1776099186.8341258 1776099247.5077195
1776099247.5077395 1776099279.2340806
1776099279.234105 1776099341.056115
1776099341.0561411 1776099395.3512142
1776099395.3512425 1776099439.9090824
1776099439.9091036 1776099494.1329436
1776099494.1329696 1776099542.569963
1776099542.5699954 1776099591.9980779
1776099591.9981048 1776099641.1761615
1776099641.1761882 1776099687.990085
1776099687.9901063 1776099723.72302
1776099723.7230396 1776099780.5718718
1776099780.5718987 1776099825.928804
1776099825.9288328 1776099863.8693612
1776099863.8693857 1776099919.3612823
1776099919.3613079 1776099970.0896385
1776099970.0896688 1776100011.4293861
1776100011.4294112 1776100068.1285107
1776100068.128539 1776100109.9228506
1776100109.9228928 1776100156.580595
1776100156.5806234 1776100204.2520423
1776100204.2520597 1776100233.5818095
1776100233.5818348 1776100296.828516
1776100296.8285434 1776100338.79355
1776100338.7935765 1776100372.930084
1776100372.930106 1776100420.2229602
1776100420.2229855 1776100469.9425952
1776100469.942622 1776100510.5208654
1776100510.5208907 1776100571.0909066
1776100571.0909336 1776100609.5204852
1776100609.5205061 1776100667.8102102
1776100667.810235 1776100715.7638133
1776100715.7638354 1776100755.907686
1776100755.9077125 1776100820.2734804
1776100820.2735066 1776100860.2078097
1776100860.207835 1776100915.3536308
1776100915.3536572 1776100971.8092616
1776100971.8092823 1776101016.367163
1776101016.3671925 1776101048.1159213
1776101048.1159394 1776101107.6617885
1776101107.6618154 1776101136.2379656
1776101136.2379844 1776101188.20472
1776101188.2047472 1776101223.2127492
1776101223.2127736 1776101280.5981843
1776101280.5982265 1776101315.0544627
1776101315.0544875 1776101361.743773
1776101361.7437942 1776101410.2151885
1776101410.2152154 1776101457.1591063
1776101457.1591356 1776101508.1536636
1776101508.1536906 1776101531.9701033
1776101531.970124 1776101582.1997833
1776101582.1998098 1776101630.003786
1776101630.0038123 1776101672.7597938
1776101672.7598166 1776101715.75941
1776101715.7594342 1776101769.422214
1776101769.4222412 1776101811.624506
1776101811.6245277 1776101858.4454815
