1776097092.6185434 1776097137.076287
1776097137.0763159 1776097172.1319308
1776097172.1319668 1776097226.0520008
1776097226.0520241 1776097277.1957364
1776097277.1957595 1776097311.738248
1776097311.7382717 1776097373.2638838
1776097373.2639096 1776097416.5244672
1776097416.5244906 1776097464.509514
1776097464.5095322 1776097514.6487143
1776097514.6487386 1776097562.158744
1776097562.1587617 1776097617.4075727
1776097617.407596 1776097665.4046717
1776097665.4046905 1776097715.791797
1776097715.79182 1776097757.0410655
1776097757.0410833 1776097809.0989177
1776097809.0989492 1776097859.546843
1776097859.5468652 1776097898.5465598
1776097898.54659 1776097960.4684849
1776097960.468509 1776098016.8673303
1776098016.8673542 1776098063.2536523
1776098063.253677 1776098115.2012954
1776098115.2013185 1776098164.240021
1776098164.2400434 1776098207.291235
1776098207.2912593 1776098250.0370457
1776098250.0370703 1776098306.1383445
1776098306.1383688 1776098353.9896653
1776098353.9897077 1776098401.4564037
1776098401.4564278 1776098457.5497534
1776098457.5497756 1776098503.5950804
1776098503.595101 1776098563.6187236
1776098563.6187544 1776098613.2539155
1776098613.253939 1776098650.5361705
1776098650.5361927 1776098712.4795032
1776098712.4795272 1776098749.461113
1776098749.4611323 1776098809.6831727
1776098809.6831958 1776098855.0434036
1776098855.0434325 1776098902.5760114
1776098902.5760298 1776098943.3129148
1776098943.3129392 1776098996.6905248
1776098996.6905434 1776099045.4495504
1776099045.4495695 1776099097.9437964
1776099097.9438214 1776099140.7226686
1776099140.7226865 1776099191.1466186
1776099191.1466408 1776099245.0179355
1776099245.0179546 1776099294.2441843
1776099294.2442076 1776099344.858662
1776099344.858686 1776099378.8360155
1776099378.836033 1776099447.607692
1776099447.607716 1776099494.0650518
1776099494.0650704 1776099543.2510695
1776099543.2510934 1776099595.8069513
1776099595.8069696 1776099643.3668103
1776099643.3668346 1776099685.4904125
1776099685.4904318 1776099732.6613548
1776099732.6613808 1776099782.7787685
1776099782.778791 1776099824.5708725
1776099824.5708907 1776099875.2868035
1776099875.286829 1776099917.1526227
1776099917.1526408 1776099970.841631
1776099970.841655 1776100009.745923
1776100009.74594 1776100059.804468
1776100059.8044903 1776100103.5447323
1776100103.544755 1776100148.470584
1776100148.470602 1776100203.55625
1776100203.5562742 1776100249.7265675
1776100249.7265875 1776100296.6134355
1776100296.613467 1776100336.5898447
1776100336.5898674 1776100382.1569147
1776100382.15694 1776100426.6046321
1776100426.6046517 1776100474.0466802
1776100474.0466993 1776100518.8265917
1776100518.8266237 1776100569.3429916
1776100569.3430119 1776100615.8671348
1776100615.8671598 1776100666.1798103
1776100666.1798353 1776100709.386345
1776100709.3863661 1776100760.031036
1776100760.0310552 1776100817.2399323
1776100817.2399576 1776100873.8273113
1776100873.8273318 1776100907.3921015
1776100907.392123 1776100963.2153835
1776100963.2154076 1776101018.6216645
1776101018.621698 1776101058.7222233
1776101058.722247 1776101100.0682566
1776101100.0682766 1776101143.9041743
1776101143.9041936 1776101178.9805098
1776101178.980534 1776101230.941293
1776101230.9413173 1776101275.6774411
1776101275.6774614 1776101323.685115
1776101323.6851366 1776101368.8849232
1776101368.8849473 1776101413.8034868
1776101413.8035076 1776101460.3703673
1776101460.3703914 1776101507.8355172
1776101507.835537 1776101549.7577975
1776101549.757817 1776101579.5092053
1776101579.5092275 1776101621.382613
1776101621.3826365 1776101666.4432747
1776101666.4432938 1776101724.690895
1776101724.6909235 1776101765.3202631
1776101765.320288 1776101812.1130908
1776101812.1131117 1776101856.570519
