1776097092.6407812 1776097138.1172998
1776097138.1173286 1776097181.2756886
1776097181.275709 1776097226.9406314
1776097226.9406571 1776097278.2356772
1776097278.2357078 1776097321.3192146
1776097321.3192408 1776097373.8055456
1776097373.805568 1776097416.7804878
1776097416.780509 1776097471.4002526
1776097471.4002779 1776097520.2930186
1776097520.2930362 1776097558.0677576
1776097558.0677814 1776097612.928184
1776097612.9282084 1776097664.1970792
1776097664.1971054 1776097707.442064
1776097707.4420896 1776097762.01023
1776097762.0102541 1776097811.285138
1776097811.2851582 1776097860.8131452
1776097860.813169 1776097915.481377
1776097915.4813943 1776097964.006408
1776097964.0064378 1776098014.2227368
1776098014.222786 1776098062.2246807
1776098062.2247076 1776098102.8625574
1776098102.8625844 1776098152.0448835
1776098152.0449102 1776098211.5983844
1776098211.598416 1776098254.7662995
1776098254.7663267 1776098299.1718955
1776098299.1719165 1776098350.4103417
1776098350.4103677 1776098399.1643732
1776098399.1643999 1776098455.6637986
1776098455.663825 1776098494.3789096
1776098494.3789337 1776098541.992809
1776098541.992834 1776098605.6709197
1776098605.670946 1776098652.74153
1776098652.741551 1776098705.8963776
1776098705.8964028 1776098753.9616518
1776098753.9616723 1776098805.2207077
1776098805.2207341 1776098856.1284695
1776098856.1284966 1776098903.2468703
1776098903.246892 1776098940.3275821
1776098940.3276083 1776098997.812721
1776098997.8127759 1776099036.3861475
1776099036.386172 1776099092.8571725
1776099092.857199 1776099142.3324506
1776099142.3324726 1776099194.689307
1776099194.6893299 1776099243.4520228
1776099243.4520495 1776099291.3808327
1776099291.38086 1776099346.6178625
1776099346.6178901 1776099398.1071365
1776099398.10716 1776099443.2546968
1776099443.2547333 1776099495.3685622
1776099495.3685884 1776099543.4111128
1776099543.4111362 1776099587.790772
1776099587.790794 1776099627.3803918
1776099627.3804176 1776099678.2347264
1776099678.234752 1776099733.3825285
1776099733.3825521 1776099780.9757123
1776099780.9757435 1776099826.0622323
1776099826.0622592 1776099875.913536
1776099875.9135609 1776099918.2220888
1776099918.2221084 1776099960.1387517
1776099960.1387784 1776100010.961356
1776100010.9613824 1776100065.7629333
1776100065.7629616 1776100106.311986
1776100106.3120077 1776100156.2274551
1776100156.2274816 1776100208.0031276
1776100208.0031586 1776100243.3553524
1776100243.3553777 1776100282.1788194
1776100282.1788402 1776100340.9251344
1776100340.9251614 1776100382.5661473
1776100382.5661745 1776100424.3470514
1776100424.347078 1776100465.347464
1776100465.3474855 1776100518.101602
1776100518.101632 1776100567.8180525
1776100567.8180754 1776100612.6755655
1776100612.6755943 1776100659.1760716
1776100659.1760979 1776100715.1039007
1776100715.1039298 1776100757.1973557
1776100757.1973813 1776100818.0001824
1776100818.0002255 1776100869.7927656
1776100869.7927942 1776100908.3644254
1776100908.364447 1776100969.6464117
1776100969.6464386 1776101015.4792094
1776101015.4792306 1776101060.9001465
1776101060.9001744 1776101107.550509
1776101107.5505316 1776101147.5596416
1776101147.5596666 1776101189.3082511
1776101189.3082788 1776101234.0302088
1776101234.0302377 1776101267.0678418
1776101267.067868 1776101321.7933512
1776101321.7933784 1776101361.6167274
1776101361.6167486 1776101406.0330045
1776101406.03303 1776101462.1232975
1776101462.1233194 1776101504.1018424
1776101504.101869 1776101547.2953818
1776101547.2954073 1776101592.1946225
1776101592.194644 1776101626.3323407
1776101626.3323684 1776101675.1568143
1776101675.1568456 1776101718.7709515
1776101718.7709744 1776101764.5854247
1776101764.5854523 1776101812.305951
1776101812.3059764 1776101859.9783812
