1776097097.397446 1776097137.8717282
1776097137.8717682 1776097179.4262018
1776097179.426228 1776097229.187758
1776097229.1877937 1776097277.4093912
1776097277.4094222 1776097314.8848286
1776097314.8848538 1776097368.5316224
1776097368.531647 1776097412.389256
1776097412.3892756 1776097471.2196662
1776097471.219697 1776097524.385161
1776097524.3851814 1776097557.3396132
1776097557.3396385 1776097614.7648818
1776097614.764915 1776097658.7875612
1776097658.7875876 1776097711.4059331
1776097711.4059613 1776097756.1412754
1776097756.1413014 1776097803.8960464
1776097803.8960707 1776097858.4410331
1776097858.4410722 1776097904.4820774
1776097904.4821029 1776097966.395405
1776097966.3954272 1776098012.2644298
1776098012.2644558 1776098062.5878365
1776098062.587863 1776098106.9232986
1776098106.9233224 1776098163.0061412
1776098163.0061626 1776098208.2110634
1776098208.2110913 1776098253.819258
1776098253.8192778 1776098307.938648
1776098307.9386685 1776098358.44435
1776098358.4443748 1776098397.0626855
1776098397.0627048 1776098458.3212018
1776098458.3212295 1776098508.6150239
1776098508.6150446 1776098555.0212126
1776098555.021238 1776098609.7970743
1776098609.7970977 1776098663.4509223
1776098663.4509501 1776098705.4447296
1776098705.44475 1776098751.009918
1776098751.0099428 1776098803.3072817
1776098803.3073082 1776098852.8547368
1776098852.8547623 1776098899.5775163
1776098899.5775445 1776098946.5672212
1776098946.5672462 1776098997.8641758
1776098997.864199 1776099044.3703399
1776099044.3703754 1776099096.9981213
1776099096.9981492 1776099142.732967
1776099142.7329922 1776099190.9963915
1776099190.9964128 1776099240.1888974
1776099240.1889338 1776099293.135658
1776099293.1356785 1776099343.7713692
1776099343.7713916 1776099396.488869
1776099396.4888945 1776099450.1218693
1776099450.121896 1776099495.9853728
1776099495.9853952 1776099538.880088
1776099538.8801138 1776099590.4958863
1776099590.4959126 1776099636.2506077
1776099636.2506301 1776099688.6614947
1776099688.6615233 1776099724.4823778
1776099724.482396 1776099783.2813458
1776099783.2813718 1776099820.0126896
1776099820.0127096 1776099876.3894713
1776099876.3894978 1776099919.5421636
1776099919.5422003 1776099966.1602683
1776099966.1603017 1776100011.3732488
1776100011.3732743 1776100062.78872
1776100062.788741 1776100106.9679515
1776100106.967982 1776100147.135553
1776100147.1355767 1776100203.4043472
1776100203.4043708 1776100254.4990447
1776100254.4990697 1776100297.306779
1776100297.3068128 1776100340.3062968
1776100340.3063197 1776100373.9770212
1776100373.9770472 1776100427.067561
1776100427.0675883 1776100471.9316006
1776100471.9316218 1776100517.514864
1776100517.5148923 1776100568.7831378
1776100568.7831588 1776100616.2977705
1776100616.297796 1776100670.9892147
1776100670.9892347 1776100707.5321789
1776100707.5322106 1776100764.3808248
1776100764.3808508 1776100815.9086623
1776100815.908683 1776100848.9530365
1776100848.9530618 1776100916.0078125
1776100916.0078418 1776100960.6105697
1776100960.610592 1776101016.659775
1776101016.659803 1776101061.2862842
1776101061.2863197 1776101099.5631902
1776101099.5632102 1776101145.7266634
1776101145.7266898 1776101187.928583
1776101187.928603 1776101232.717486
1776101232.717514 1776101269.3574133
1776101269.357451 1776101307.633911
1776101307.6339357 1776101372.7288435
1776101372.728864 1776101415.732432
1776101415.7324586 1776101455.994229
1776101455.9942603 1776101506.8461285
1776101506.8461485 1776101546.2288382
1776101546.2288656 1776101587.7533147
1776101587.7533357 1776101624.2829065
1776101624.2829332 1776101664.1905518
1776101664.190578 1776101722.616715
1776101722.6167512 1776101767.143852
1776101767.1438746 1776101809.4040756
1776101809.4040954 1776101859.9030013
