1760626028.4967568 1760626043.9217496
1760626043.9218159 1760626069.618887
1760626075.624016 1760626110.1322773
1760626112.1343577 1760626137.2414858
1760626137.2415204 1760626174.2094305
1760626178.2117088 1760626206.623659
1760626206.6236863 1760626235.4471045
1760626243.451648 1760626264.9453263
1760626271.9516847 1760626295.7413483
1760626300.743603 1760626333.885907
1760626334.8870301 1760626368.6727529
1760626377.679621 1760626402.012412
1760626404.0145395 1760626440.5562408
1760626443.5593653 1760626471.676373
1760626474.6794941 1760626501.587982
1760626502.5890567 1760626530.7902958
1760626536.7956657 1760626560.2827287
1760626562.2836306 1760626601.397206
1760626601.3972282 1760626627.1652772
1760626637.1745574 1760626657.286478
1760626662.2880685 1760626688.0200548
1760626691.0231624 1760626726.8007088
1760626729.8038366 1760626762.4780533
1760626762.4780838 1760626796.513319
1760626802.5156717 1760626837.6477494
1760626842.651722 1760626872.2528794
1760626875.255614 1760626904.8559804
1760626910.859684 1760626934.0566082
1760626935.0576751 1760626967.308693
1760626974.315788 1760627007.9385433
1760627014.9436724 1760627052.9306388
1760627055.9337246 1760627101.2285552
1760627104.231688 1760627129.5197701
1760627136.5236225 1760627167.5479705
1760627169.550148 1760627201.8166275
1760627205.8199031 1760627239.4175167
1760627245.419656 1760627271.7174559
1760627276.7196221 1760627303.9406357
1760627308.9439764 1760627329.0101588
1760627330.0112793 1760627355.9554062
1760627359.9595234 1760627391.0392437
1760627397.0453653 1760627423.4960983
1760627431.5037065 1760627468.4354262
1760627470.4356294 1760627509.0223877
1760627512.0236287 1760627544.6057534
1760627548.6076632 1760627580.3143554
1760627585.315699 1760627612.4907284
1760627614.4916897 1760627643.2508607
1760627650.2580087 1760627675.702854
1760627680.7076788 1760627708.7775843
1760627711.7796764 1760627747.9012165
1760627747.9012423 1760627790.1022632
1760627797.109387 1760627816.5805645
1760627817.5816224 1760627845.0836225
1760627849.0876405 1760627879.826002
1760627881.8276079 1760627913.1616335
1760627922.1677399 1760627950.9969947
1760627959.0036416 1760627988.0521321
1760627994.0582504 1760628015.5465589
1760628025.555617 1760628049.0447316
1760628058.0516155 1760628089.2979774
1760628097.3061059 1760628128.5033853
1760628138.5112786 1760628161.6463413
1760628166.6514225 1760628193.7119281
1760628195.7139857 1760628222.8625822
1760628232.8727121 1760628251.9924138
1760628255.9965458 1760628282.1915228
1760628285.1916883 1760628313.7451336
1760628318.7502427 1760628342.276131
1760628343.2771907 1760628381.9834778
1760628383.98366 1760628413.6434515
1760628416.6465738 1760628439.1308706
1760628445.1356747 1760628469.030518
1760628474.0356133 1760628496.5791125
1760628503.5836275 1760628527.010387
1760628533.0165222 1760628553.696074
1760628558.701188 1760628580.106484
1760628582.1075957 1760628619.4443588
1760628624.4494257 1760628664.2028253
1760628674.2116396 1760628696.6984518
1760628706.708629 1760628727.0742748
1760628737.079683 1760628766.1113696
1760628773.1184938 1760628802.9998853
1760628807.0040236 1760628844.5702672
1760628846.5723927 1760628887.2132003
1760628896.2223625 1760628920.0285864
1760628927.0356708 1760628956.234046
1760628958.2356436 1760628996.5717936
1760629003.5756123 1760629030.8108103
1760629040.8209367 1760629063.6742976
1760629070.6796231 1760629101.2674878
1760629108.2716894 1760629128.8382928
1760629137.843692 1760629156.8767617
1760629157.8778768 1760629190.2260098
1760629195.2310839 1760629221.7542539
1760629229.7623687 1760629255.3339443
1760629258.3356938 1760629291.0982442
1760629291.0982683 1760629322.0967026
1760629326.0996857 1760629356.3088331
1760629365.3179536 1760629403.3590589
