1776392533.1524947 1776392559.9576685
1776392563.961781 1776392578.4446306
1776392583.4463377 1776392618.590521
1776392626.5986722 1776392646.5749006
1776392652.578334 1776392676.6537385
1776392685.6628451 1776392709.1163332
1776392714.1215014 1776392744.0050905
1776392752.0132036 1776392779.5686514
1776392787.574346 1776392809.163163
1776392813.1672792 1776392843.8255708
1776392843.8258698 1776392876.5980244
1776392880.6021333 1776392910.5101407
1776392916.5162458 1776392935.4096465
1776392939.4138238 1776392974.2591002
1776392981.2663312 1776392998.5254848
1776393005.5273519 1776393031.682701
1776393036.6878858 1776393061.654837
1776393067.661015 1776393094.2360263
1776393102.2394848 1776393121.3150804
1776393125.3155942 1776393149.659676
1776393151.661792 1776393178.1939185
1776393182.198052 1776393208.9626012
1776393214.9687276 1776393241.0286071
1776393242.0297105 1776393273.6485066
1776393273.6485755 1776393305.5727298
1776393306.5739164 1776393342.1031833
1776393351.1123555 1776393371.9960818
1776393371.9961677 1776393409.498077
1776393415.504189 1776393440.8776138
1776393441.878769 1776393476.883177
1776393477.8840504 1776393514.1770244
1776393524.187119 1776393551.6239746
1776393552.6251504 1776393580.91895
1776393587.9192894 1776393622.1113214
1776393626.1155012 1776393655.3618617
1776393660.3669703 1776393681.6806493
1776393691.6878154 1776393713.0208077
1776393722.0299387 1776393742.925303
1776393751.9344788 1776393772.2940917
1776393779.3012009 1776393805.7950382
1776393807.7972078 1776393836.4543798
1776393843.4615672 1776393871.3693197
1776393878.3703804 1776393909.0395303
1776393912.0426373 1776393943.357186
1776393946.360363 1776393975.6761644
1776393983.684315 1776394015.2173247
1776394017.2194684 1776394045.655612
1776394052.6582026 1776394084.3055024
1776394087.3086584 1776394108.6231978
1776394113.6263418 1776394145.0734262
1776394146.0745983 1776394181.8179183
1776394189.826021 1776394218.3112
1776394219.3123071 1776394247.082156
1776394257.0923326 1776394279.5909111
1776394285.5970135 1776394304.144318
1776394304.1444297 1776394339.3995707
1776394349.4088492 1776394374.9812264
1776394382.9823391 1776394409.8192239
1776394409.8193588 1776394439.1616514
1776394448.161869 1776394477.0819435
1776394486.0911307 1776394509.54969
1776394517.552654 1776394542.2916596
1776394548.2978358 1776394585.229185
1776394590.2342849 1776394615.623415
1776394616.6245625 1776394654.5809963
1776394661.5881212 1776394690.7214096
1776394690.7214813 1776394724.2781954
1776394729.2833824 1776394754.5816019
1776394754.581717 1776394775.4414952
1776394785.4516342 1776394811.3943233
1776394818.3983464 1776394847.1220224
1776394848.1231823 1776394877.4701862
1776394878.471299 1776394902.8347635
1776394907.839941 1776394930.482594
1776394936.4828134 1776394962.4907596
1776394972.5009344 1776394982.8275118
1776394982.8275814 1776395020.1449325
1776395023.1455388 1776395051.352893
1776395061.3630698 1776395079.2740188
1776395080.274333 1776395108.270159
1776395108.270234 1776395134.6060781
1776395136.6083128 1776395163.719576
1776395168.7247424 1776395195.7037847
1776395198.7068853 1776395229.36451
1776395234.3663304 1776395262.049787
1776395270.0578914 1776395292.2482555
1776395300.2487113 1776395324.6686244
1776395329.6738062 1776395355.9398792
1776395360.944988 1776395389.8611505
1776395391.8633249 1776395410.3475246
1776395420.3503475 1776395444.87655
1776395453.8857348 1776395469.752463
1776395469.7525327 1776395500.0327408
1776395509.0419147 1776395530.475827
1776395533.4783337 1776395558.631969
1776395565.6391063 1776395588.4123876
1776395590.414329 1776395618.251752
1776395623.2569506 1776395640.421403
1776395648.4295573 1776395669.4916973
1776395678.4983346 1776395700.9915087
