1765089040.2755702 1765089337.8002703
1765089339.8024364 1765089613.0065727
1765089621.0108824 1765090047.941494
1765090056.9419262 1765090469.0542188
1765090474.0593886 1765090952.6932666
1765090956.6949596 1765091349.1795492
1765091351.181729 1765091573.1040564
1765091574.1052513 1765091926.2917538
1765091931.2969344 1765092165.33194
1765092170.3371203 1765092377.843644
1765092387.8508859 1765092717.2293277
1765092718.230445 1765092935.3858285
1765092945.3960123 1765093086.640978
1765093093.6481576 1765093256.5647912
1765093263.5719452 1765093434.9924283
1765093445.0025735 1765093695.4455295
1765093698.4486985 1765093931.4279897
1765093938.4348762 1765094127.4293628
1765094131.4335358 1765094322.3582635
1765094329.365439 1765094809.0798907
1765094815.086068 1765095074.9344766
1765095075.9356594 1765095441.786795
1765095443.788982 1765095768.8764853
1765095772.8806696 1765096134.674279
1765096143.6834602 1765096305.8682675
1765096308.8714178 1765096647.4057398
1765096647.4058797 1765096889.5151455
1765096898.5162263 1765097074.3204634
1765097084.3306487 1765097282.554678
1765097284.5567887 1765097494.00262
1765097504.0108914 1765097709.0800922
1765097713.0829818 1765097970.1846087
1765097975.1868837 1765098221.7455814
1765098226.7507334 1765098553.5438242
1765098556.545017 1765098854.997784
1765098854.9979208 1765099009.336887
1765099018.3442354 1765099458.4528239
1765099466.456078 1765099788.4464135
1765099789.4475994 1765100195.3920517
1765100197.394231 1765100645.0908804
1765100649.095063 1765101002.085214
1765101007.0903978 1765101501.4693475
1765101506.4745443 1765101754.8872855
1765101764.8974693 1765102041.225436
1765102047.2315984 1765102449.4329
1765102451.435076 1765102787.4298072
1765102791.4301448 1765103057.1257403
1765103067.135902 1765103282.0979922
1765103286.1021411 1765103536.6387866
1765103542.644972 1765103887.506795
1765103895.5149958 1765104184.1396954
1765104188.14388 1765104364.8034635
1765104369.808637 1765104561.4337628
1765104563.435891 1765104723.2086816
1765104732.2111871 1765104787.2698588
1765104790.2729764 1765104997.5232546
1765104999.5254326 1765105174.374974
1765105179.3800957 1765105366.8750687
1765105376.885189 1765105591.5455778
1765105601.5516803 1765106043.6870599
1765106046.6902483 1765106294.5480516
1765106296.550229 1765106702.904282
1765106706.908469 1765106978.7817037
1765106983.7868934 1765107443.396541
1765107449.398925 1765107880.3615806
1765107887.3668807 1765108015.2168298
1765108018.2188885 1765108303.6766434
1765108304.6778307 1765108427.2627594
1765108433.2689586 1765108667.9783401
1765108669.9804502 1765108967.535638
1765108968.5368297 1765109178.1762214
1765109185.1786723 1765109552.0715482
1765109553.0727239 1765109690.3301265
1765109699.3392465 1765109858.6943352
1765109860.6965115 1765110361.3449454
1765110368.3517876 1765110809.993152
1765110811.9953377 1765111073.970776
1765111083.98097 1765111387.0991962
1765111394.1063924 1765111826.288478
1765111832.294663 1765112045.5227249
1765112047.5248997 1765112284.5377765
1765112289.5429282 1765112570.2144008
1765112573.2175245 1765112808.756179
1765112808.7563155 1765113151.1972814
1765113161.2074602 1765113401.221835
1765113404.2250361 1765113588.4903643
1765113598.5005202 1765113847.348858
1765113852.3503625 1765114103.154601
1765114113.1551957 1765114453.7151008
1765114463.723732 1765114684.4328177
1765114694.4429786 1765114992.4222403
1765115000.4304025 1765115283.210238
1765115287.2144983 1765115461.7023263
1765115471.7029169 1765115750.8310676
1765115758.8389235 1765115991.2525275
1765115992.2537084 1765116130.468267
1765116134.4724457 1765116306.0991058
1765116316.1092966 1765116579.4882915
1765116583.4924412 1765116995.630236
1765116998.6333895 1765117236.350015
