1776225885.810396 1776225930.049653
1776225930.0496738 1776225967.9104936
1776225967.9105253 1776226018.4502041
1776226018.450228 1776226061.8567908
1776226061.8568084 1776226106.8932796
1776226106.8932958 1776226142.1127443
1776226142.112774 1776226181.6591349
1776226181.6591604 1776226234.4745631
1776226234.474585 1776226278.4972196
1776226278.4972372 1776226318.7356603
1776226318.7357016 1776226365.206728
1776226365.206752 1776226414.0292938
1776226414.0293117 1776226458.3442008
1776226458.3442245 1776226502.8674054
1776226502.8674307 1776226549.056839
1776226549.0568647 1776226594.2485251
1776226594.2485442 1776226628.2224371
1776226628.2224607 1776226663.9571047
1776226663.957122 1776226707.5381582
1776226707.5381846 1776226748.4263132
1776226748.4263382 1776226796.511856
1776226796.5118754 1776226844.8016534
1776226844.8016768 1776226888.569844
1776226888.5698721 1776226935.7990177
1776226935.7990415 1776226978.7946818
1776226978.7947073 1776227022.0582662
1776227022.0582945 1776227073.1721585
1776227073.1721773 1776227112.765978
1776227112.7660007 1776227167.2961605
1776227167.296181 1776227209.6232839
1776227209.6233075 1776227253.972995
1776227253.973014 1776227301.5009916
1776227301.5010164 1776227342.7995849
1776227342.7996092 1776227377.617634
1776227377.6176515 1776227428.3566246
1776227428.3566484 1776227470.7284524
1776227470.728471 1776227525.2289696
1776227525.2289941 1776227567.448795
1776227567.4488194 1776227600.6887403
1776227600.6887577 1776227652.7110877
1776227652.7111104 1776227693.25165
1776227693.2516751 1776227745.8275087
1776227745.8275323 1776227777.636955
1776227777.63698 1776227826.3699372
1776227826.3699574 1776227863.8374696
1776227863.8374949 1776227908.8620667
1776227908.8620856 1776227950.6272602
1776227950.627283 1776228008.538703
1776228008.5387383 1776228045.5278218
1776228045.5278454 1776228093.582207
1776228093.5822315 1776228135.8750021
1776228135.8750215 1776228185.3107061
1776228185.3107293 1776228214.171343
1776228214.1713614 1776228274.2640927
1776228274.264116 1776228309.5205517
1776228309.5205755 1776228359.5521019
1776228359.5521257 1776228406.238651
1776228406.2386746 1776228456.251169
1776228456.251187 1776228503.8110113
1776228503.8110352 1776228541.8073022
1776228541.8073232 1776228579.432285
1776228579.432309 1776228631.5321696
1776228631.5321913 1776228669.6090274
1776228669.6090486 1776228713.3630025
1776228713.3630219 1776228753.911411
1776228753.9114356 1776228794.858265
1776228794.858299 1776228838.3320746
1776228838.3320935 1776228868.7817914
1776228868.7818155 1776228918.9820573
1776228918.9820824 1776228955.0663152
1776228955.0663457 1776228989.4470017
1776228989.4470232 1776229023.9017403
1776229023.9017658 1776229075.018409
1776229075.018436 1776229110.5496569
1776229110.549681 1776229155.4218032
1776229155.421822 1776229203.1537185
1776229203.153743 1776229247.2524657
1776229247.25249 1776229294.3236847
1776229294.32371 1776229339.7515485
1776229339.7515678 1776229377.2831364
1776229377.2831607 1776229428.9912753
1776229428.9912996 1776229463.1108427
1776229463.1108623 1776229526.6805205
1776229526.6805453 1776229571.072368
1776229571.0724022 1776229599.6088972
1776229599.6089206 1776229657.4937973
1776229657.4938216 1776229699.8567688
1776229699.8567877 1776229741.810221
1776229741.8102455 1776229787.5409358
1776229787.540954 1776229829.7756948
1776229829.7757146 1776229869.3250334
1776229869.325058 1776229922.995365
1776229922.9953878 1776229957.088377
1776229957.0883987 1776229992.7636771
1776229992.7636964 1776230032.173041
1776230032.173065 1776230081.536501
1776230081.5365243 1776230129.3438492
1776230129.343884 1776230163.8773346
1776230163.877353 1776230214.0731976
1776230214.073223 1776230248.0541232
