1776225887.7006931 1776225932.3730912
1776225932.3731103 1776225972.6571004
1776225972.6571238 1776226019.354756
1776226019.3547854 1776226059.6111035
1776226059.6111236 1776226105.825341
1776226105.8253706 1776226146.6763048
1776226146.6763232 1776226186.8251398
1776226186.8251636 1776226227.81537
1776226227.815393 1776226266.2387323
1776226266.2387547 1776226324.3731065
1776226324.3731298 1776226362.1012402
1776226362.1012623 1776226406.3512907
1776226406.3513138 1776226456.6405
1776226456.6405246 1776226498.4690697
1776226498.4690876 1776226553.124149
1776226553.1241748 1776226589.5878868
1776226589.5879102 1776226632.2425864
1776226632.2426105 1776226670.7553627
1776226670.7553868 1776226712.7910388
1776226712.7910728 1776226756.253208
1776226756.2532306 1776226800.0717583
1776226800.071783 1776226849.1876006
1776226849.1876202 1776226897.1074834
1776226897.1075072 1776226940.165037
1776226940.1650593 1776226978.8359814
1776226978.8360057 1776227029.0917065
1776227029.0917323 1776227067.26112
1776227067.2611384 1776227115.916269
1776227115.916291 1776227165.233418
1776227165.233441 1776227210.9988587
1776227210.9988754 1776227253.6237278
1776227253.6237512 1776227295.9926915
1776227295.9927099 1776227345.8195193
1776227345.819543 1776227381.7627115
1776227381.7627354 1776227432.013416
1776227432.01344 1776227470.237756
1776227470.2377746 1776227524.6597693
1776227524.6597943 1776227556.3412201
1776227556.341238 1776227610.2925792
1776227610.2926023 1776227657.4463904
1776227657.446415 1776227698.02781
1776227698.0278337 1776227738.4793892
1776227738.4794133 1776227781.4479313
1776227781.4479492 1776227827.4304361
1776227827.430457 1776227864.1559336
1776227864.1559553 1776227916.8014395
1776227916.8014584 1776227959.7119355
1776227959.7119653 1776228008.564326
1776228008.5643494 1776228050.049858
1776228050.0498831 1776228097.1646836
1776228097.164702 1776228137.3417888
1776228137.341813 1776228181.6382148
1776228181.6382477 1776228211.623526
1776228211.6235487 1776228269.950234
1776228269.950257 1776228314.5363293
1776228314.536347 1776228359.8106089
1776228359.8106272 1776228402.2184582
1776228402.21848 1776228457.189687
1776228457.1897104 1776228491.4213123
1776228491.42133 1776228546.5849924
1776228546.585016 1776228584.370636
1776228584.370654 1776228633.065247
1776228633.0652697 1776228672.4111733
1776228672.4111915 1776228713.751367
1776228713.751393 1776228752.3222182
1776228752.3222413 1776228781.6792362
1776228781.6792526 1776228840.4836814
1776228840.483707 1776228871.7843752
1776228871.7844021 1776228913.612945
1776228913.612964 1776228955.407193
1776228955.4072158 1776228999.4896264
1776228999.4896502 1776229037.741057
1776229037.741081 1776229067.95845
1776229067.9584672 1776229115.6547124
1776229115.6547363 1776229154.3431602
1776229154.3431833 1776229205.5907679
1776229205.5907915 1776229245.2437363
1776229245.2437592 1776229293.2879348
1776229293.2879906 1776229341.4117954
1776229341.4118223 1776229388.6737528
1776229388.6737769 1776229430.8983145
1776229430.8983464 1776229478.9654808
1776229478.9655006 1776229523.9266381
1776229523.9266622 1776229573.10431
1776229573.1043334 1776229612.2767372
1776229612.2767587 1776229656.7091212
1776229656.7091413 1776229689.0182781
1776229689.0183086 1776229737.889907
1776229737.889931 1776229771.6539757
1776229771.6540003 1776229829.2830086
1776229829.2830338 1776229874.8376527
1776229874.837676 1776229914.0977871
1776229914.0978127 1776229956.9692302
1776229956.9692495 1776229994.0619774
1776229994.0620022 1776230040.8804128
1776230040.8804364 1776230078.3337388
1776230078.333757 1776230126.7148602
1776230126.7148836 1776230163.2611763
1776230163.261199 1776230209.0654216
1776230209.0654397 1776230257.167809
