1755482963.5856946 1755483000.0873895
1755483000.0874183 1755483029.6544778
1755483029.6545103 1755483060.2644331
1755483060.2644763 1755483082.7353542
1755483082.7353806 1755483108.6303282
1755483108.6303515 1755483128.6846802
1755483128.6847064 1755483156.4150069
1755483156.4150357 1755483184.228743
1755483184.228769 1755483218.592025
1755483218.5920472 1755483253.1762712
1755483253.1762958 1755483285.317277
1755483285.3172963 1755483320.326799
1755483320.326822 1755483350.1231155
1755483350.123154 1755483376.0954158
1755483376.095443 1755483408.4659047
1755483408.465933 1755483431.9266508
1755483431.9266913 1755483452.323173
1755483452.3231943 1755483485.3044806
1755483485.304505 1755483520.703303
1755483520.7033312 1755483551.166076
1755483551.166098 1755483581.3782556
1755483581.3782787 1755483603.8333397
1755483603.8333588 1755483630.1446047
1755483630.1446333 1755483662.9878569
1755483662.9878802 1755483684.7448165
1755483684.744855 1755483717.2501085
1755483717.2501297 1755483738.818142
1755483738.8181617 1755483784.489187
1755483784.4892092 1755483813.6266854
1755483813.6267033 1755483844.681656
1755483844.6816807 1755483872.069912
1755483872.0699315 1755483904.5602424
1755483904.5602677 1755483926.8063586
1755483926.8063793 1755483964.7625506
1755483964.762583 1755483991.0856202
1755483991.08564 1755484017.4214752
1755484017.4214938 1755484047.2238758
1755484047.2239034 1755484080.7350712
1755484080.7350903 1755484102.995755
1755484102.9957821 1755484143.6308448
1755484143.630865 1755484171.0717762
1755484171.0718026 1755484198.0504963
1755484198.0505173 1755484219.7028484
1755484219.7028682 1755484248.7592745
1755484248.7592978 1755484275.505588
1755484275.5056124 1755484298.246225
1755484298.2462525 1755484331.5510285
1755484331.5510528 1755484357.3380787
1755484357.3381073 1755484392.1721401
1755484392.1721632 1755484437.713137
1755484437.7131557 1755484473.9467978
1755484473.9468212 1755484503.6551657
1755484503.6551883 1755484529.2714696
1755484529.2714915 1755484559.9581625
1755484559.9581814 1755484585.6996086
1755484585.6996362 1755484621.4118118
1755484621.4118335 1755484648.8377364
1755484648.8377602 1755484673.2064078
1755484673.2064264 1755484694.0259883
1755484694.0260155 1755484718.8829067
1755484718.8829267 1755484752.342697
1755484752.3427339 1755484789.338753
1755484789.3387723 1755484816.511036
1755484816.5110595 1755484849.6197758
1755484849.6197991 1755484885.272989
1755484885.2730112 1755484912.594547
1755484912.5945666 1755484948.3836257
1755484948.38365 1755484990.0876007
1755484990.0876303 1755485019.1659558
1755485019.1659796 1755485048.0624409
1755485048.06246 1755485081.4921522
1755485081.4921772 1755485109.7694917
1755485109.7695253 1755485140.5740101
1755485140.5740297 1755485173.73609
1755485173.7361126 1755485210.5484529
1755485210.5484738 1755485239.2421968
1755485239.2422214 1755485262.9618378
1755485262.9618583 1755485290.7136855
1755485290.7137055 1755485321.8307595
1755485321.8307836 1755485346.0850754
1755485346.0850978 1755485383.6452055
1755485383.645233 1755485423.4943829
1755485423.4944053 1755485457.735979
1755485457.7359984 1755485487.460238
1755485487.4602609 1755485510.164356
1755485510.164386 1755485540.3143592
1755485540.3143787 1755485572.0611475
1755485572.0611758 1755485604.5872717
1755485604.5872917 1755485642.7259758
1755485642.7260106 1755485677.1179585
1755485677.1179824 1755485699.319433
1755485699.3194554 1755485727.27858
1755485727.2786036 1755485756.9715612
1755485756.9716105 1755485783.5864708
1755485783.5865006 1755485816.0249927
1755485816.0250165 1755485847.0583296
1755485847.058355 1755485876.9956613
1755485876.9956872 1755485912.9674518
1755485912.9674802 1755485942.974946
1755485942.9749677 1755485976.0678387
