1765966930.2331686 1765966987.7950037
1765966997.8050253 1765967047.0238996
1765967047.0239236 1765967102.4137154
1765967105.414877 1765967157.5901358
1765967164.5972025 1765967243.5729837
1765967243.573015 1765967291.6687589
1765967294.671824 1765967383.1290877
1765967390.1362147 1765967467.074588
1765967473.0806608 1765967505.1483881
1765967508.150888 1765967589.663963
1765967599.670882 1765967659.6048963
1765967668.610891 1765967735.9960308
1765967736.9970922 1765967808.367093
1765967814.3698459 1765967865.260167
1765967871.2662416 1765967926.5169404
1765967930.5188875 1765967995.9310453
1765967998.9327404 1765968060.7710493
1765968062.7731204 1765968123.031693
1765968129.0378094 1765968189.53789
1765968193.5419648 1765968275.3924952
1765968283.3994143 1765968371.9867537
1765968375.9908226 1765968424.909509
1765968432.9175732 1765968476.6979177
1765968478.6999936 1765968543.7440848
1765968550.7511575 1765968612.8263252
1765968621.8354867 1765968685.0975313
1765968687.0988734 1765968755.3101509
1765968764.3192298 1765968826.3477678
1765968831.3528297 1765968892.3219297
1765968896.3229456 1765968962.8611028
1765968972.871187 1765969022.3892589
1765969032.3989186 1765969100.6603
1765969105.6628792 1765969170.5689316
1765969180.578878 1765969251.7569408
1765969255.7574086 1765969327.278235
1765969336.287299 1765969396.1255093
1765969400.1295834 1765969485.0343423
1765969494.038429 1765969553.0135717
1765969563.0236576 1765969629.2352486
1765969633.238898 1765969699.5619097
1765969704.566986 1765969767.5658584
1765969775.5739276 1765969838.0141432
1765969845.0189614 1765969907.7790089
1765969909.7795062 1765969971.756198
1765969976.761272 1765970046.1470103
1765970053.1540885 1765970121.5971203
1765970131.5988848 1765970192.432913
1765970198.4389818 1765970260.1164825
1765970260.1165116 1765970329.5787814
1765970333.5828755 1765970396.0714698
1765970404.0716343 1765970452.821574
1765970457.826643 1765970528.1144812
1765970534.1205628 1765970590.336482
1765970592.3385508 1765970663.2056787
1765970673.215748 1765970723.5424483
1765970728.5475285 1765970782.469492
1765970787.470888 1765970846.1704357
1765970854.1786265 1765970915.8530166
1765970921.855788 1765970976.9314458
1765970986.9415154 1765971043.490183
1765971048.4948716 1765971107.050231
1765971111.0542982 1765971170.792046
1765971171.7930348 1765971227.1689677
1765971227.168991 1765971303.673834
1765971305.6759148 1765971370.3985364
1765971371.3996115 1765971438.1819584
1765971444.1868792 1765971508.0420902
1765971514.0468752 1765971581.0881054
1765971583.0901785 1765971634.7819197
1765971641.78908 1765971715.4203012
1765971724.4207625 1765971779.8986287
1765971783.9010108 1765971843.3266995
1765971843.326727 1765971908.9700017
1765971918.9791062 1765971981.3023393
1765971987.3084173 1765972033.4902563
1765972033.4902897 1765972089.7126012
1765972089.712624 1765972164.0867884
1765972169.0918696 1765972224.1088061
1765972233.1178663 1765972300.366686
1765972303.3668804 1765972360.381884
1765972370.3908806 1765972435.7232773
1765972439.7273476 1765972499.9099367
1765972501.910931 1765972568.7465117
1765972575.75357 1765972622.4981372
1765972623.4984503 1765972690.1758428
1765972700.1788874 1765972770.8707514
1765972779.871756 1765972837.9052448
1765972844.9123394 1765972904.0405118
1765972906.0425885 1765972972.9212341
1765972974.922888 1765973061.097018
1765973070.097333 1765973135.758049
1765973136.7588806 1765973197.3107529
1765973207.3209262 1765973257.3277252
1765973265.3358028 1765973331.931765
1765973341.9418328 1765973401.5036476
1765973404.5067194 1765973462.4469974
1765973463.448074 1765973528.9048753
1765973537.9139574 1765973601.994544
1765973612.002864 1765973673.5572543
1765973682.5663526 1765973723.4279072
