1765966922.5052867 1765966988.0700207
1765966992.0703075 1765967048.8546915
1765967052.8548079 1765967103.884768
1765967106.8868809 1765967159.257241
1765967160.258319 1765967246.988632
1765967247.9897072 1765967309.7600281
1765967317.7681148 1765967383.5766098
1765967392.5857973 1765967460.3412802
1765967467.346868 1765967514.6585946
1765967522.662882 1765967598.3937876
1765967599.3948889 1765967656.6871827
1765967659.6902583 1765967734.5839262
1765967743.5930958 1765967798.5835142
1765967799.584593 1765967868.3049538
1765967877.305675 1765967931.3130295
1765967939.318884 1765967988.0790381
1765967996.087119 1765968059.4122138
1765968063.4148872 1765968124.5551543
1765968132.5632882 1765968190.9283133
1765968196.9309292 1765968282.0770867
1765968287.082162 1765968374.6174176
1765968383.6265583 1765968428.8997667
1765968432.9002688 1765968481.978893
1765968487.9849646 1765968547.1981378
1765968548.1992118 1765968615.0579
1765968619.0588791 1765968684.488029
1765968686.490122 1765968744.7653782
1765968754.7754507 1765968825.02108
1765968834.0301626 1765968899.4337306
1765968902.4348807 1765968959.7536237
1765968961.755691 1765969032.2250235
1765969039.2321217 1765969112.4774613
1765969114.4795465 1765969182.0804155
1765969188.0864878 1765969245.9705787
1765969245.9706128 1765969324.2739656
1765969331.2810967 1765969389.2497106
1765969395.255781 1765969468.9389315
1765969472.9394083 1765969547.4131143
1765969557.4228852 1765969629.475807
1765969638.4828823 1765969702.7889209
1765969704.790885 1765969771.6425629
1765969776.6476324 1765969845.3525565
1765969848.355636 1765969913.114285
1765969923.1143854 1765969981.2519965
1765969982.253075 1765970059.5082483
1765970062.5113719 1765970129.0838087
1765970137.091937 1765970196.010036
1765970196.0100682 1765970262.8194575
1765970269.8265347 1765970333.4571066
1765970336.4601822 1765970400.7526782
1765970409.7590234 1765970456.0203316
1765970461.0241995 1765970532.8007174
1765970539.8068805 1765970592.529804
1765970602.5389454 1765970663.3528628
1765970665.3548894 1765970727.3916419
1765970734.394874 1765970769.0461435
1765970775.0522683 1765970849.1394243
1765970851.1396773 1765970927.9494195
1765970930.9508774 1765970987.5588968
1765970992.5640042 1765971023.3377147
1765971029.3433926 1765971107.653025
1765971108.6540864 1765971168.5225472
1765971175.5295491 1765971226.9385293
1765971227.9388783 1765971304.963397
1765971307.9664688 1765971373.0886278
1765971380.094883 1765971434.0893538
1765971437.0924287 1765971489.1625943
1765971496.1696677 1765971572.211014
1765971581.22011 1765971629.9109242
1765971634.914893 1765971715.597102
1765971721.6028972 1765971775.5066884
1765971778.5097623 1765971840.6214564
1765971846.6275296 1765971912.6056046
1765971918.6094532 1765971966.8710997
1765971967.8721685 1765972035.6297219
1765972045.6398041 1765972085.6680162
1765972089.6708846 1765972166.6095092
1765972173.6165833 1765972219.1398861
1765972226.1468859 1765972302.5767667
1765972308.5798101 1765972365.3710387
1765972372.371223 1765972429.7071178
1765972429.7071507 1765972507.49355
1765972515.5016727 1765972563.7793388
1765972563.7793713 1765972627.0724854
1765972630.0748878 1765972688.0959032
1765972697.1028762 1765972763.2561646
1765972767.2588825 1765972835.6639173
1765972837.6659973 1765972908.3862374
1765972916.3943117 1765972971.7526646
1765972977.75876 1765973065.3770103
1765973065.3770459 1765973134.1918921
1765973139.1948872 1765973187.0984693
1765973191.0990508 1765973251.1754405
1765973253.1775231 1765973309.321037
1765973314.326093 1765973399.4783516
1765973406.482878 1765973453.8514643
1765973463.8517225 1765973519.3235717
1765973526.3306503 1765973600.8053076
1765973602.8069444 1765973658.3044648
1765973668.3108873 1765973725.149763
