1765966927.3089528 1765966990.6584318
1765966990.658491 1765967047.0271573
1765967051.0308774 1765967100.6084714
1765967105.6108902 1765967161.231888
1765967169.2399735 1765967245.655866
1765967253.6639469 1765967308.3768191
1765967315.3841264 1765967384.7760131
1765967392.7766666 1765967456.8997939
1765967462.902887 1765967511.3331559
1765967518.3402908 1765967585.3265092
1765967595.3365908 1765967654.3515277
1765967663.354864 1765967739.5448644
1765967743.5489423 1765967803.532256
1765967810.539343 1765967870.986104
1765967875.9911883 1765967931.4698806
1765967936.475002 1765967996.4392688
1765967998.4413433 1765968059.8821428
1765968065.8861222 1765968124.756011
1765968131.7565668 1765968192.4988449
1765968195.5019314 1765968282.3104813
1765968282.3105063 1765968370.0462954
1765968371.0466094 1765968423.9918554
1765968427.9959269 1765968481.2611237
1765968481.2611482 1765968546.9151576
1765968554.9228942 1765968611.7909188
1765968611.7909513 1765968680.7137542
1765968686.7198768 1765968741.9296718
1765968748.9348838 1765968828.188761
1765968829.1898415 1765968886.9878144
1765968890.991897 1765968965.8533936
1765968972.8604574 1765969031.2483723
1765969034.2508895 1765969110.53578
1765969111.5366762 1765969180.6282427
1765969183.6313229 1765969253.1796677
1765969263.1898503 1765969327.3356059
1765969336.3394668 1765969386.1330175
1765969388.1350887 1765969483.9589775
1765969486.9621198 1765969551.5098717
1765969557.515949 1765969627.54685
1765969634.5539322 1765969707.4627056
1765969713.4687762 1765969769.3172708
1765969776.3228853 1765969846.0275
1765969850.0315738 1765969912.731595
1765969916.7348876 1765969982.493784
1765969982.493814 1765970059.9377744
1765970066.9429 1765970127.4936168
1765970129.4940412 1765970190.913914
1765970193.9169822 1765970267.2797868
1765970277.2898698 1765970334.1918178
1765970337.194888 1765970397.1276543
1765970400.1307397 1765970462.559864
1765970465.562946 1765970529.5741434
1765970537.5822165 1765970594.8031545
1765970603.8122413 1765970664.7246566
1765970664.7246914 1765970725.416319
1765970734.4253926 1765970786.7078738
1765970796.7180483 1765970851.1518962
1765970861.1620197 1765970920.9616163
1765970927.9686954 1765970986.264222
1765970996.2743015 1765971047.3103008
1765971052.3148882 1765971108.261566
1765971110.262885 1765971173.6610658
1765971183.6697433 1765971232.4680412
1765971241.4771352 1765971309.1268623
1765971310.1279457 1765971378.1928773
1765971378.1929111 1765971442.5859468
1765971447.5910356 1765971501.3206718
1765971501.3206947 1765971579.3344812
1765971587.342565 1765971626.190636
1765971633.1977155 1765971710.7474167
1765971715.7525504 1765971784.382874
1765971789.3868902 1765971839.513788
1765971849.5239456 1765971914.7434483
1765971918.7475312 1765971975.185515
1765971975.1855528 1765972035.1772387
1765972044.1834939 1765972092.8647532
1765972094.8668232 1765972166.3042483
1765972170.308327 1765972226.0733807
1765972232.074664 1765972302.7495332
1765972304.7516181 1765972364.5143385
1765972368.515399 1765972436.0111074
1765972445.0114012 1765972494.6741662
1765972502.6788871 1765972558.467294
1765972562.4713755 1765972617.58296
1765972618.5841174 1765972683.909593
1765972692.9186785 1765972762.5831826
1765972763.5835168 1765972834.18611
1765972835.1871846 1765972901.1804235
1765972902.1815028 1765972965.7472823
1765972968.7478008 1765973056.9466987
1765973056.9467294 1765973130.5849044
1765973131.5859842 1765973195.293748
1765973200.2988257 1765973256.9228292
1765973266.9308822 1765973320.2879314
1765973324.291505 1765973400.9777722
1765973407.9823866 1765973480.9252532
1765973480.9252863 1765973528.7408714
1765973536.7468867 1765973603.462453
1765973605.4645345 1765973667.4315271
1765973670.4346135 1765973724.607658
