1719062475.7620041 1719062500.2607872
1719062503.9742699 1719062541.1073086
1719062545.5701303 1719062578.6575782
1719062586.3230908 1719062618.6565623
1719062626.0178885 1719062656.9570076
1719062664.2203455 1719062694.5072079
1719062703.9347792 1719062736.9574187
1719062746.2909067 1719062778.0580068
1719062784.7223847 1719062810.4627492
1719062814.562909 1719062834.658837
1719062840.1747785 1719062869.3567157
1719062874.0268927 1719062900.5623353
1719062902.426785 1719062946.9603739
1719062953.8666477 1719062970.8085175
1719062974.9227667 1719063005.1623414
1719063009.9248106 1719063036.756752
1719063037.217613 1719063063.656648
1719063067.1229138 1719063095.3576574
1719063099.5681767 1719063127.909759
1719063133.525626 1719063157.658214
1719063164.2707317 1719063189.8566148
1719063192.3699992 1719063222.6099386
1719063229.4729326 1719063255.8589013
1719063257.5078065 1719063291.5567749
1719063301.2690203 1719063331.9566836
1719063340.6307774 1719063366.556829
1719063369.1780562 1719063397.8570013
1719063401.7192798 1719063427.4077373
1719063428.2151425 1719063465.8569438
1719063467.277554 1719063503.8617077
1719063511.8151402 1719063539.7070014
1719063540.2145598 1719063582.060671
1719063589.8677344 1719063629.9565904
1719063632.2695873 1719063658.6609952
1719063660.378959 1719063698.659299
1719063708.28319 1719063734.8618884
1719063738.725705 1719063762.3619673
1719063763.1640303 1719063798.606876
1719063801.9140882 1719063829.2203703
1719063838.7667797 1719063869.108511
1719063872.8717499 1719063900.9606116
1719063903.7102618 1719063936.5099785
1719063941.0774436 1719063974.6591754
1719063975.4234111 1719064011.45672
1719064016.0707242 1719064049.458347
1719064055.0112026 1719064080.8585126
1719064082.4236364 1719064114.008231
1719064119.8107448 1719064150.909467
1719064158.4181874 1719064188.4125786
1719064196.2308774 1719064229.5613434
1719064239.9271016 1719064264.0566278
1719064264.4665573 1719064299.76128
1719064307.428279 1719064333.4565501
1719064334.7257915 1719064363.0097456
1719064370.9227204 1719064400.45851
1719064407.0795658 1719064433.8125906
1719064441.5694196 1719064467.0571938
1719064467.7215714 1719064503.2064447
1719064512.6258035 1719064534.1093411
1719064535.8724742 1719064567.965459
1719064577.6261199 1719064597.109732
1719064607.8307757 1719064628.5564828
1719064629.2683659 1719064660.1567454
1719064660.3731842 1719064692.1567156
1719064702.718205 1719064723.5178752
1719064734.1707318 1719064758.7581465
1719064760.4301026 1719064782.3612032
1719064792.9252002 1719064820.6570678
1719064829.3227584 1719064846.3589852
1719064854.0268261 1719064882.0564919
1719064888.724894 1719064912.6568131
1719064916.212141 1719064946.7610426
1719064948.8609471 1719064975.3072734
1719064985.0186002 1719065013.1083388
1719065013.3107634 1719065053.1581018
1719065057.7865481 1719065079.007024
1719065085.67874 1719065111.7566924
1719065119.1347282 1719065145.3066382
1719065152.870728 1719065180.1607885
1719065180.91676 1719065216.4572794
1719065226.722758 1719065247.957168
1719065256.7193768 1719065282.8569872
1719065293.4747806 1719065320.3567202
1719065322.4785595 1719065355.1586053
1719065359.5777886 1719065382.1607826
1719065392.866784 1719065415.1587615
1719065425.6244147 1719065449.9094548
1719065457.682802 1719065480.1621773
1719065488.878725 1719065512.6069722
1719065518.7662752 1719065542.758544
1719065544.3668008 1719065572.5565586
1719065574.0664008 1719065604.9137866
1719065606.7638564 1719065642.209777
1719065648.9874027 1719065671.4570415
1719065675.8147788 1719065705.7148423
1719065706.8726153 1719065743.156635
1719065752.9791164 1719065769.957198
1719065771.1214375 1719065803.262541
1719065813.7228029 1719065842.4582193
1719065850.062771 1719065877.6566982
1719065879.1142628 1719065902.9068913
1719065903.5177262 1719065934.7582343
1719065942.1804862 1719065971.661762
1719065980.2726424 1719066007.0106668
1719066012.7640126 1719066042.1609352
1719066047.7678819 1719066075.5583668
1719066080.2275174 1719066103.8094535
1719066110.5107267 1719066131.8585267
1719066141.1707945 1719066161.1602278
1719066166.677791 1719066186.1064472
1719066193.4747887 1719066220.767495
1719066220.9081073 1719066262.1132808
1719066269.8887422 1719066289.6600785
1719066291.7661355 1719066321.5600278
1719066329.073548 1719066362.8096979
1719066372.523835 1719066395.3565896
1719066405.1157084 1719066432.507125
1719066437.6386697 1719066471.7598248
1719066474.4634397 1719066505.0570183
1719066509.4210932 1719066540.1567645
1719066547.8173552 1719066578.4613745
1719066584.2245886 1719066608.1621335
1719066617.9283214 1719066636.2072484
1719066643.4197466 1719066674.410106
1719066682.2267349 1719066702.8070958
1719066710.426763 1719066730.3606107
1719066732.3107963 1719066763.5097318
1719066764.870501 1719066797.9573722
1719066801.4657934 1719066837.462378
1719066838.9243217 1719066871.7625563
1719066872.9689388 1719066906.8593235
1719066917.4227874 1719066945.6580434
1719066953.2667665 1719066978.4608848
1719066986.2627344 1719067011.5105875
1719067020.6818962 1719067053.260029
1719067058.4291453 1719067087.3619418
1719067091.2147691 1719067121.3605502
1719067126.914724 1719067148.0575972
1719067150.7225056 1719067184.8090734
1719067192.234755 1719067220.05669
1719067222.7764761 1719067252.1583595
1719067253.727724 1719067290.757182
1719067298.5183275 1719067326.4733136
1719067334.6731732 1719067360.457734
1719067368.1778147 1719067404.6079109
1719067409.3132675 1719067439.4068742
1719067440.6150346 1719067471.4072983
1719067481.574777 1719067504.6606338
1719067506.9278846 1719067537.2585406
1719067540.67072 1719067564.80872
1719067575.1227438 1719067596.0572023
1719067596.3205938 1719067625.260636
1719067631.1147883 1719067666.6586056
1719067667.262587 1719067698.3608139
1719067700.0587273 1719067726.9604585
1719067737.6701095 1719067763.1090627
1719067767.5307858 1719067796.1570084
1719067802.4867837 1719067826.2177956
1719067835.876054 1719067851.0596387
1719067852.264542 1719067887.7569726
1719067897.3377297 1719067920.4567075
1719067925.1141684 1719067951.658986
1719067951.9081807 1719067986.9091394
1719067988.1747947 1719068019.9104607
1719068025.385107 1719068050.4083705
1719068060.9753046 1719068083.6612785
1719068093.2891576 1719068113.4619098
1719068116.3107395 1719068145.2625613
1719068151.0676594 1719068175.9567597
1719068178.6294804 1719068205.1569536
1719068215.4726095 1719068231.5100849
1719068231.7176988 1719068265.5071785
1719068274.1747932 1719068294.2099988
1719068299.0789897 1719068325.1603024
1719068328.9707334 1719068371.0091343
1719068376.678719 1719068399.4587753
1719068410.1172788 1719068434.5619397
1719068436.7587428 1719068473.2596462
1719068482.6754503 1719068509.1142128
1719068510.9261742 1719068548.8064952
1719068551.2142165 1719068581.4599624
1719068583.710775 1719068622.2568715
1719068629.8710487 1719068655.8583972
1719068659.7758732 1719068685.5567803
1719068693.833913 1719068717.6639228
1719068722.8628414 1719068752.5075252
1719068758.362735 1719068788.456794
1719068797.162769 1719068829.7069678
1719068830.8640323 1719068873.8582704
1719068879.4627597 1719068907.1146529
1719068917.8851762 1719068942.3088949
1719068953.0694075 1719068978.457227
1719068988.0776665 1719069008.8068888
1719069017.4781904 1719069041.4575484
1719069048.0187435 1719069071.3565788
1719069081.5798497 1719069100.8568769
1719069103.1792333 1719069129.1569145
1719069130.7697673 1719069160.4065583
1719069164.018873 1719069187.8602712
1719069193.526776 1719069225.6588826
1719069228.7706273 1719069259.2584293
1719069259.9270513 1719069288.91377
1719069298.526557 1719069326.1581297
1719069333.8299582 1719069359.9570673
1719069370.532821 1719069392.9089162
1719069397.4733703 1719069431.307766
1719069441.7691655 1719069462.2566206
1719069472.9267952 1719069502.2066352
1719069503.7707171 1719069526.4625525
1719069537.381625 1719069559.9070182
1719069570.0352604 1719069594.957032
1719069601.578302 1719069628.362537
1719069636.1232572 1719069656.6569617
1719069659.9707172 1719069698.4621725
1719069704.2107308 1719069733.3605018
1719069743.9787784 1719069768.3569968
1719069771.010795 1719069805.25895
1719069810.9227889 1719069839.7571337
1719069849.3707597 1719069867.96039
1719069868.6688383 1719069902.7621446
1719069904.562734 1719069934.3571506
1719069938.9790986 1719069966.9566703
1719069968.3208115 1719070005.7600117
1719070006.9754167 1719070033.1072347
1719070042.5215383 1719070064.7069356
1719070066.973351 1719070100.6593657
1719070111.1667776 1719070134.2606466
1719070144.931419 1719070168.0624466
1719070178.8809283 1719070206.3123167
1719070213.4177506 1719070237.5083163
1719070245.7307594 1719070274.5566797
1719070275.7107103 1719070305.6588547
1719070312.3707612 1719070346.4127934
1719070356.1286542 1719070390.2088056
1719070392.3655078 1719070427.856606
1719070434.7187612 1719070461.6066396
1719070464.1188254 1719070491.7652986
1719070492.0304966 1719070527.1577659
1719070529.8652158 1719070550.9567647
1719070561.4227796 1719070575.1096385
1719070579.9107404 1719070605.2567537
1719070612.6787894 1719070636.2095377
1719070646.0707743 1719070678.6584284
1719070685.2696104 1719070704.4624147
1719070708.274779 1719070737.5068638
1719070738.1640108 1719070771.2066047
1719070779.9365041 1719070803.2583988
1719070809.018811 1719070838.7127938
1719070845.5147762 1719070873.606623
1719070883.176957 1719070908.0615077
1719070913.2270014 1719070930.6087604
1719070941.270481 1719070974.057837
1719070977.7262948 1719071000.256827
1719071004.7201664 1719071038.959672
1719071042.7693639 1719071075.858449
1719071085.2780738 1719071106.2623324
1719071108.9220157 1719071145.406604
1719071148.7692378 1719071173.6565936
1719071179.1667807 1719071208.5589902
1719071214.982815 1719071245.6163301
1719071256.322363 1719071275.9567802
1719071286.3708656 1719071310.709022
1719071314.4212918 1719071343.1619978
1719071346.9186988 1719071381.9589684
1719071392.7667737 1719071412.2568588
1719071417.9707873 1719071444.7080233
1719071448.2627282 1719071478.709229
1719071487.6162322 1719071518.4099941
1719071525.1789844 1719071562.1087978
1719071566.8224006 1719071596.0583875
1719071597.5297084 1719071637.3577392
1719071641.7732825 1719071674.006926
1719071675.5777287 1719071711.509012
1719071717.2787156 1719071749.6092165
1719071750.3172936 1719071790.7079887
1719071791.4223921 1719071825.558931
1719071835.7791076 1719071870.5065086
1719071870.9641273 1719071900.6587849
1719071911.1748521 1719071935.356507
1719071940.9307644 1719071968.3590968
1719071972.8107214 1719072000.0566733
1719072000.6230495 1719072040.7567189
1719072044.9330356 1719072077.3616927
1719072088.0787866 1719072112.861976
1719072114.6294732 1719072148.367983
1719072149.2168195 1719072182.7570026
1719072188.4747446 1719072219.1601124
1719072220.868876 1719072253.0654576
1719072261.8147452 1719072288.361899
1719072293.1227608 1719072321.4614904
1719072329.7787201 1719072355.958665
1719072358.7671618 1719072384.806645
1719072395.386275 1719072414.5610151
1719072425.2708023 1719072459.1566515
1719072460.7587175 1719072486.3612552
1719072495.128378 1719072513.4097867
1719072520.218784 1719072545.7605717
1719072550.3308475 1719072580.8572187
1719072586.177912 1719072607.262027
1719072612.0761561 1719072644.356911
1719072650.5672054 1719072670.756696
1719072672.2222373 1719072705.1577983
1719072709.868347 1719072733.7570083
1719072743.9310565 1719072769.062628
1719072778.7731254 1719072798.057827
1719072807.638092 1719072831.5114331
1719072839.2667315 1719072861.2621584
1719072867.9303527 1719072894.3612728
1719072895.1235216 1719072924.8608782
1719072930.5667286 1719072952.9607885
1719072958.5233681 1719072983.0589418
1719072993.7178838 1719073020.2586017
1719073021.0623727 1719073049.1602883
1719073055.8707902 1719073077.562163
1719073084.374723 1719073108.0665088
1719073114.8290985 1719073135.558606
1719073146.1308157 1719073162.3569515
1719073171.0280855 1719073200.4088297
1719073210.1867146 1719073231.6065857
1719073241.8909647 1719073264.5567799
1719073273.0658 1719073293.4097989
1719073298.169185 1719073321.956656
1719073323.4735959 1719073363.958455
1719073366.5163677 1719073388.9598677
1719073394.8787472 1719073434.9569633
1719073438.1627264 1719073474.9112916
1719073479.0267851 1719073514.9084234
1719073519.6699371 1719073548.059056
1719073558.518989 1719073584.5091577
1719073589.2764409 1719073621.3091083
1719073630.8227391 1719073655.1092684
1719073662.5180995 1719073686.456903
1719073690.9667835 1719073722.9566271
1719073725.5135975 1719073754.4066324
1719073761.0702488 1719073782.1619022
1719073792.883214 1719073812.6623704
1719073822.882788 1719073848.2100022
1719073854.4187763 1719073877.2570932
1719073882.6811419 1719073910.961434
1719073915.7273085 1719073942.2102869
1719073945.9164035 1719073971.8606107
1719073982.669723 1719074006.658989
1719074009.2106624 1719074041.9615316
1719074052.7358503 1719074082.3105264
1719074091.0267992 1719074120.3565366
1719074122.9139767 1719074153.1086223
1719074156.8227174 1719074191.5614002
1719074202.3182986 1719074224.5089638
1719074234.2671742 1719074262.5574155
1719074264.922108 1719074293.461851
1719074296.2817245 1719074327.9068477
1719074334.279121 1719074360.5071511
1719074361.6283197 1719074394.7079823
1719074399.8267787 1719074425.4607058
1719074427.1174037 1719074457.9093263
1719074461.4186494 1719074495.3588085
1719074498.4813466 1719074534.5609875
1719074536.2761116 1719074566.857276
1719074568.0744348 1719074603.706945
1719074606.9253385 1719074643.25822
1719074643.6597466 1719074675.856757
1719074680.2162347 1719074710.661386
1719074713.377983 1719074745.6100135
1719074753.2774794 1719074787.1106172
1719074793.2290845 1719074829.1065657
1719074839.3773365 1719074863.7623515
1719074865.4662235 1719074895.8605816
1719074898.533031 1719074927.6097052
1719074929.318825 1719074959.3580737
1719074962.0259743 1719074984.1579776
1719074988.8772752 1719075026.8086185
1719075037.4387658 1719075069.25807
1719075071.0098577 1719075101.8620152
1719075107.580373 1719075140.0104718
1719075145.766772 1719075174.357142
1719075178.8627925 1719075209.8092594
1719075215.5747335 1719075246.2083747
1719075248.7757561 1719075273.4564414
1719075281.1188493 1719075308.660212
1719075311.529935 1719075343.9084847
1719075354.3307824 1719075377.8127081
1719075379.7263 1719075413.8087704
1719075420.6667786 1719075448.157164
1719075458.8827782 1719075479.8568044
1719075480.5587878 1719075513.260878
1719075514.4207945 1719075546.1568465
1719075549.4107394 1719075581.2601674
1719075590.78012 1719075611.007235
1719075619.5795283 1719075647.1087618
1719075652.5176573 1719075678.5570476
1719075687.0227737 1719075714.8566966
1719075721.4255393 1719075741.9583874
1719075748.5192387 1719075773.0098777
1719075774.6205432 1719075804.356923
1719075809.668252 1719075838.8602793
1719075849.682728 1719075867.6588373
1719075876.1209126 1719075896.108136
1719075898.2224088 1719075935.35708
1719075939.5280786 1719075971.108826
1719075977.8747742 1719076007.7586353
1719076010.4227178 1719076034.7093751
1719076040.1260192 1719076067.761599
1719076077.5262496 1719076100.3610678
1719076103.175769 1719076135.9095025
1719076140.6747842 1719076174.4617047
1719076179.1817338 1719076202.6567297
1719076204.3143644 1719076238.756579
1719076243.4167168 1719076268.3567297
1719076268.5194893 1719076301.7073598
1719076309.0228155 1719076330.1096246
1719076332.918711 1719076364.358618
1719076370.0787818 1719076406.4566944
1719076409.61326 1719076430.9576247
1719076435.6208172 1719076466.9565418
1719076477.376937 1719076498.5609531
1719076506.2707796 1719076533.0097058
1719076537.7646677 1719076570.4073029
1719076575.8307726 1719076595.9066765
1719076603.318717 1719076634.3579335
1719076641.470539 1719076669.9572587
1719076670.6195712 1719076704.0571277
1719076708.3700438 1719076737.6570394
1719076745.4267402 1719076774.3574739
1719076784.1267743 1719076812.4566436
1719076819.1272297 1719076856.861968
1719076865.6252801 1719076888.0568283
1719076889.661613 1719076919.8078496
1719076919.913759 1719076964.2582672
1719076975.014772 1719076997.7069693
1719076997.8190541 1719077034.3087153
1719077038.0278022 1719077069.8607008
1719077079.4773805 1719077106.6591103
1719077115.2148013 1719077142.1616309
1719077150.9162867 1719077170.9616117
1719077176.87478 1719077215.2075655
1719077222.4227169 1719077250.0567665
1719077255.7748516 1719077293.8567526
1719077303.5192854 1719077328.8066063
1719077339.2787478 1719077364.4068968
1719077368.1617594 1719077400.7565317
1719077408.418779 1719077435.7585328
1719077443.3627892 1719077459.9566796
1719077460.616995 1719077490.1066663
1719077491.5690074 1719077521.3564987
1719077530.7751553 1719077552.5088131
1719077559.2247565 1719077587.5083895
1719077589.8587453 1719077614.5614324
1719077622.3787644 1719077648.8649833
1719077654.8772945 1719077683.8566349
1719077684.4592366 1719077713.7566626
1719077720.3187778 1719077741.4586744
1719077750.9849792 1719077774.6617205
1719077781.3227785 1719077811.2084632
1719077819.9708052 1719077840.309673
1719077840.4677775 1719077875.3167396
1719077885.0710876 1719077907.0136876
1719077913.818785 1719077942.0065467
1719077952.6813908 1719077966.058863
1719077975.5187736 1719078008.3600864
1719078008.7737195 1719078040.356602
1719078047.9797995 1719078072.8088143
1719078080.523532 1719078106.8629632
1719078112.48505 1719078146.8583148
1719078157.5747247 1719078180.5622995
1719078185.0248244 1719078213.1084332
1719078219.7757692 1719078241.156977
1719078243.5234497 1719078272.6082194
1719078281.270766 1719078295.4584796
1719078299.171476 1719078332.9128053
1719078342.666778 1719078360.356654
1719078370.7260404 1719078387.8069491
1719078390.4707587 1719078418.0606642
1719078420.6627312 1719078450.2566822
1719078452.921309 1719078483.406671
1719078491.9666102 1719078509.5601625
1719078513.362549 1719078551.2617464
1719078553.87556 1719078584.6097553
1719078585.3226435 1719078624.6614358
1719078625.4717488 1719078654.1621132
1719078657.9147813 1719078682.7139034
1719078692.4698064 1719078723.9100475
1719078725.4138682 1719078758.8620608
1719078759.5752225 1719078795.7623281
1719078802.4227924 1719078827.1570203
1719078830.6187048 1719078861.8600547
1719078871.3267825 1719078890.6567254
1719078894.420359 1719078928.9616218
1719078937.6660552 1719078965.4618323
1719078971.2214832 1719078997.506506
1719079002.0107899 1719079033.357093
1719079037.6784651 1719079069.0567398
1719079075.4138029 1719079106.2589893
1719079112.7147658 1719079138.5087621
1719079145.2707665 1719079175.608211
1719079184.0186157 1719079214.809152
1719079214.9671612 1719079249.0617676
1719079250.7589383 1719079288.6585186
1719079291.4187956 1719079315.1065347
1719079322.7788706 1719079354.5610232
1719079365.338721 1719079393.406854
1719079395.974748 1719079429.261591
1719079430.0656397 1719079463.8568184
1719079464.3754916 1719079498.4086313
1719079502.214772 1719079537.5604408
1719079543.0647798 1719079576.7566712
1719079582.5185492 1719079609.0066354
1719079619.4147754 1719079645.1098216
1719079649.9107318 1719079690.6069393
1719079699.4147797 1719079723.609585
1719079727.6815846 1719079754.1581917
1719079757.7143726 1719079787.1069827
1719079797.7728288 1719079820.9070745
1719079822.816545 1719079854.5613925
1719079857.472094 1719079886.1065867
1719079891.7147834 1719079920.8136945
1719079922.5652564 1719079955.9568903
1719079959.2627902 1719079989.106639
1719079999.680641 1719080019.9579196
1719080023.2747347 1719080047.4096215
1719080057.170786 1719080078.1573458
1719080085.4248652 1719080115.1565635
1719080119.6340723 1719080142.7583792
1719080150.4820673 1719080186.7591612
1719080196.5182471 1719080219.2622318
1719080226.075294 1719080256.36187
1719080264.9259033 1719080289.8083465
1719080292.5716434 1719080325.2066119
1719080333.7267866 1719080354.3607218
1719080363.0588963 1719080382.4580173
1719080389.2227721 1719080407.6080306
1719080415.078985 1719080437.2606134
1719080437.8074806 1719080463.009836
1719080470.7292178 1719080485.7567627
1719080487.5088866 1719080517.8598046
1719080518.7120624 1719080548.35794
1719080549.0613935 1719080581.357887
1719080591.0147722 1719080618.656491
1719080626.9355695 1719080644.6106682
1719080649.4187784 1719080672.458535
1719080673.7707167 1719080709.006918
1719080710.170727 1719080736.9570396
1719080737.1587598 1719080767.261068
1719080774.970718 1719080798.3163645
1719080808.219785 1719080829.5086615
1719080839.0728285 1719080864.4084404
1719080870.9670846 1719080900.7081935
1719080910.3187451 1719080928.4568517
1719080932.9627407 1719080962.9590704
1719080963.4176152 1719080999.0104656
1719081005.764148 1719081031.7079797
1719081033.2613811 1719081064.4564729
1719081073.0190022 1719081091.508269
1719081097.2710679 1719081124.956511
1719081132.3867784 1719081155.1078188
1719081165.6747265 1719081185.8095071
1719081188.6783543 1719081212.4616365
1719081220.3252804 1719081237.0101547
1719081243.4787266 1719081274.957018
1719081279.5812278 1719081302.4088113
1719081312.12927 1719081333.7631474
1719081333.9248066 1719081367.908334
1719081373.617478 1719081393.2609148
1719081404.0276375 1719081429.6076758
1719081440.2678442 1719081464.160381
1719081465.0588841 1719081495.5569484
1719081498.9747276 1719081528.1574557
1719081528.720472 1719081570.3612938
1719081579.5697608 1719081608.5085275
1719081613.2227964 1719081642.7601938
1719081648.8748174 1719081672.1099882
1719081676.9278872 1719081709.0568688
1719081717.7647412 1719081744.257013
1719081754.6197448 1719081782.3065193
1719081791.7347872 1719081814.1570218
1719081820.7259278 1719081847.3584266
1719081849.9655604 1719081871.9098804
1719081873.5301442 1719081902.3585172
1719081903.0565631 1719081919.5568628
1719081927.9627478 1719081958.90906
1719081964.0118742 1719081986.9565442
1719081987.5703256 1719082022.5567408
1719082031.0627716 1719082057.858078
1719082061.4124632 1719082082.1566236
1719082092.8667562 1719082120.7588978
1719082129.3224936 1719082155.9069073
1719082156.1138146 1719082192.5068264
1719082201.1627743 1719082230.4092748
1719082233.2107267 1719082265.7083986
1719082266.373188 1719082300.9100559
1719082310.7324748 1719082338.062902
1719082342.5658917 1719082369.708072
1719082379.9782827 1719082406.0583956
1719082409.3259244 1719082437.3098717
1719082447.078723 1719082467.3620555
1719082472.0667763 1719082494.3603787
1719082497.7651649 1719082536.4607546
1719082537.2289014 1719082560.260688
1719082560.922658 1719082592.513511
1719082597.166773 1719082630.1582623
1719082639.719498 1719082665.3087556
1719082669.9658263 1719082700.4619045
1719082708.07493 1719082737.006755
1719082738.471902 1719082776.0567768
1719082785.6266348 1719082810.9624677
1719082818.7779093 1719082844.4571352
1719082848.9108715 1719082884.259193
1719082889.7343688 1719082908.6567833
1719082918.2819996 1719082947.4565372
1719082949.9245143 1719082983.9105618
1719082984.662463 1719083022.9100978
1719083030.6679683 1719083054.7589173
1719083055.1771028 1719083086.9571247
1719083097.5696461 1719083122.658653
1719083129.114724 1719083156.3566802
1719083160.0147176 1719083184.9098387
1719083188.713506 1719083208.6570997
1719083214.3627741 1719083244.5620153
1719083249.4757142 1719083287.6105442
1719083288.12157 1719083316.910122
1719083317.7090409 1719083350.6072085
1719083355.2165558 1719083388.3621447
1719083394.1680593 1719083421.05703
1719083424.517856 1719083456.7614198
1719083466.5627687 1719083490.0094984
1719083490.7648952 1719083525.1613266
1719083533.7697477 1719083560.3073876
1719083565.578775 1719083596.6579504
1719083597.116847 1719083628.1134143
1719083630.8591797 1719083661.3070245
1719083668.030795 1719083698.8566039
1719083699.1635907 1719083735.210402
1719083742.975052 1719083775.9569113
1719083781.4187264 1719083798.4091568
1719083808.124299 1719083832.5085907
1719083834.4091165 1719083867.5594347
1719083878.3722293 1719083900.356704
1719083909.714741 1719083933.9569943
1719083940.468731 1719083976.0591488
1719083984.4360576 1719084015.456749
1719084019.1358674 1719084044.857484
1719084046.5220938 1719084077.208744
1719084078.8649266 1719084108.106546
1719084110.5168102 1719084139.258959
1719084145.6647618 1719084169.3566523
1719084171.074777 1719084201.7101245
1719084205.4667604 1719084229.4613593
1719084238.214843 1719084263.2066507
1719084263.8720312 1719084297.2636764
1719084308.0187278 1719084323.562047
1719084331.2712672 1719084356.356719
1719084364.9227645 1719084391.009233
1719084393.8621368 1719084419.0608883
1719084420.7615945 1719084447.5589962
1719084451.971568 1719084478.5611203
1719084482.8665135 1719084507.3095987
1719084508.1127477 1719084541.456884
1719084545.123888 1719084572.6584275
1719084573.0745397 1719084606.9615848
1719084609.7735326 1719084638.0586133
1719084641.665047 1719084671.6579268
1719084676.3183615 1719084709.6570048
1719084714.2143598 1719084734.459456
1719084741.222575 1719084768.8611128
1719084773.5748374 1719084802.40914
1719084810.1813693 1719084834.9067132
1719084840.0235515 1719084870.061081
1719084877.7197838 1719084907.60929
1719084914.2805629 1719084936.607047
1719084943.128945 1719084968.9094584
1719084975.4747477 1719085001.657101
1719085007.1787224 1719085035.3566387
1719085046.1147425 1719085065.6624682
1719085071.4744377 1719085097.5087473
1719085108.2808838 1719085126.8622584
1719085137.6695113 1719085154.762664
1719085164.1229038 1719085182.156631
1719085189.9107316 1719085220.1079752
1719085226.4688091 1719085242.3067687
1719085246.6694984 1719085280.3070035
1719085286.6787899 1719085318.4567554
1719085323.0227842 1719085356.760694
1719085363.4267383 1719085392.5611737
1719085396.8659241 1719085431.8089523
1719085437.4695063 1719085464.0591898
1719085464.6196437 1719085497.4684622
1719085505.7827873 1719085522.2066677
1719085522.9211879 1719085550.1066356
1719085554.7587368 1719085579.7070487
1719085589.330782 1719085608.6571634
1719085619.3305395 1719085642.908406
1719085646.633328 1719085673.9570916
1719085684.5325923 1719085703.1654463
1719085711.919886 1719085734.0565922
1719085739.5667796 1719085772.4065397
1719085776.1166136 1719085798.0577867
1719085804.6303492 1719085833.608547
1719085839.270432 1719085867.1069555
1719085870.7192862 1719085900.0584266
1719085905.6827633 1719085933.510636
1719085937.2734663 1719085967.6600754
1719085974.1234376 1719085999.8088615
1719086007.622725 1719086034.0069282
1719086037.1292095 1719086067.4619749
1719086071.0735211 1719086101.207005
1719086108.9771087 1719086130.5623696
1719086136.0749757 1719086168.7567554
1719086179.2696383 1719086199.5590875
1719086200.128013 1719086237.4567401
1719086248.031116 1719086264.6105456
1719086274.9260771 1719086294.0568619
1719086304.7707791 1719086333.3605523
1719086336.7633407 1719086364.7065642
1719086367.3694036 1719086400.3588943
1719086403.924217 1719086431.662346
1719086441.4307806 1719086462.0123687
1719086466.8136222 1719086494.6617098
1719086501.4787805 1719086529.7069404
1719086532.1746683 1719086563.4565644
1719086571.8907785 1719086594.0567703
1719086604.7705545 1719086631.2567208
1719086638.7627401 1719086664.1611412
1719086673.8827255 1719086698.8082232
1719086702.5162663 1719086729.808379
1719086732.5235395 1719086764.261825
1719086770.9311185 1719086798.0566545
1719086800.7227275 1719086828.8082857
1719086835.5254579 1719086856.3088434
1719086867.1309545 1719086897.5071752
1719086906.9667332 1719086934.9620578
1719086940.8243706 1719086970.6129985
1719086976.3711672 1719087003.1079688
1719087011.8228254 1719087039.4069371
1719087043.9627724 1719087080.3570156
1719087080.9777794 1719087105.156694
1719087114.7267902 1719087150.5088906
1719087152.9744864 1719087187.5608943
1719087196.2832778 1719087222.9565687
1719087231.6265852 1719087259.558402
1719087267.3713777 1719087292.7066085
1719087299.280143 1719087325.8569443
1719087328.308955 1719087350.6623228
1719087357.3707714 1719087391.9087613
1719087393.5763092 1719087426.860677
1719087432.6755219 1719087462.161534
1719087470.8707194 1719087499.3612611
1719087506.1107845 1719087533.909112
1719087542.6767657 1719087570.8099627
1719087575.6224515 1719087611.261023
1719087618.1187346 1719087647.3098373
1719087653.0343504 1719087689.0583854
1719087695.8672328 1719087724.2096605
1719087730.9682035 1719087751.9566455
1719087753.6680927 1719087793.710665
1719087801.8787823 1719087836.860398
1719087842.616309 1719087868.558593
1719087868.878132 1719087908.1102295
1719087915.7711124 1719087940.257337
1719087948.8759592 1719087977.708449
1719087981.1145134 1719088013.1622834
1719088022.8699906 1719088043.510875
1719088050.9138706 1719088084.0578895
1719088087.2698965 1719088118.661765
1719088126.9180145 1719088159.262563
1719088170.0260355 1719088193.9612727
1719088194.622128 1719088227.4098742
1719088229.162523 1719088263.2065954
1719088273.834784 1719088296.6162486
1719088299.314034 1719088332.5579557
1719088341.1200812 1719088354.4589767
1719088357.167695 1719088391.7569337
1719088397.9763052 1719088424.562353
1719088426.9107308 1719088452.6571367
1719088460.323006 1719088480.8086708
1719088488.2267187 1719088514.5585692
1719088518.1343458 1719088543.109099
1719088544.8162472 1719088579.260079
1719088584.0710936 1719088606.8588974
1719088616.3753324 1719088639.0598538
1719088643.8810723 1719088668.0572042
1719088671.4223313 1719088697.856718
1719088708.1707377 1719088729.3080223
1719088729.6756523 1719088763.26083
1719088771.1198835 1719088796.0093033
1719088801.562767 1719088827.8085015
1719088832.5631812 1719088863.9605386
1719088869.1107535 1719088889.8170788
1719088894.6123362 1719088921.2094722
1719088927.9747765 1719088942.809575
1719088951.6227736 1719088980.4604864
1719088987.221193 1719089017.8569565
1719089021.162262 1719089055.1616576
1719089056.9620924 1719089091.1069562
1719089097.7750406 1719089125.2621682
1719089134.0147882 1719089165.2586646
1719089174.6762114 1719089191.7101617
1719089200.5301428 1719089228.8565311
1719089236.3707783 1719089262.8105989
1719089270.5747778 1719089291.7579782
1719089295.372731 1719089321.3069155
1719089323.776736 1719089357.7573068
1719089367.1307268 1719089394.3620842
1719089405.1264358 1719089429.6567075
1719089434.266965 1719089468.0623322
1719089473.767152 1719089496.8095174
1719089505.6267688 1719089528.0611768
1719089531.3784363 1719089558.757168
1719089559.4586265 1719089594.1618195
1719089602.0187216 1719089630.8624334
1719089634.5724747 1719089661.0625396
1719089666.4206123 1719089698.706622
1719089706.2667928 1719089730.660771
1719089736.518741 1719089760.0590634
1719089761.3811076 1719089791.2084234
1719089794.9630592 1719089830.809472
1719089834.52678 1719089863.3130858
1719089870.1180828 1719089908.3065543
1719089915.9740443 1719089947.358632
1719089954.2147858 1719089979.5093281
1719089989.267996 1719090016.9567273
1719090022.6196344 1719090056.1568708
1719090063.4645574 1719090089.3579493
1719090095.7747977 1719090117.3580344
1719090123.6704643 1719090157.6566792
1719090164.3763266 1719090199.709219
1719090203.4783468 1719090228.8070562
1719090236.0165913 1719090262.1599746
1719090264.0169215 1719090296.8131936
1719090299.6132734 1719090331.710385
1719090334.5738513 1719090376.10942
1719090385.6788018 1719090416.7594554
1719090420.9644196 1719090456.7565954
1719090457.3664584 1719090495.1567926
1719090495.7691228 1719090528.7602472
1719090530.6267755 1719090561.808118
1719090563.120424 1719090581.9617603
1719090592.7721283 1719090618.060232
1719090627.822773 1719090652.9097147
1719090655.3621988 1719090692.4586377
1719090701.1230109 1719090722.1083233
1719090727.5705464 1719090753.9567785
1719090756.5681398 1719090791.6582682
1719090794.4143312 1719090823.0089006
1719090823.7640662 1719090854.3070772
1719090861.0178025 1719090883.3589334
1719090889.866988 1719090916.3586073
1719090920.0795813 1719090951.5606039
1719090952.3084943 1719090986.209678
1719090988.979565 1719091030.0567083
1719091033.7667842 1719091065.0071223
1719091069.3672578 1719091103.158313
1719091110.7328267 1719091144.3585818
1719091149.9267676 1719091178.1568143
1719091186.6187673 1719091211.259149
1719091219.6227274 1719091255.6082323
1719091258.9210231 1719091287.7576911
1719091298.5787733 1719091322.661576
1719091324.4715414 1719091359.6604288
1719091362.3212423 1719091396.7613578
1719091406.4347236 1719091433.1567116
1719091440.8205817 1719091456.206592
1719091464.7627978 1719091491.708449
1719091499.3627348 1719091533.0568788
1719091543.518802 1719091560.059465
1719091560.8690913 1719091590.258501
1719091596.4667377 1719091625.9612765
1719091633.780546 1719091655.5069017
1719091663.0696545 1719091692.0575137
1719091696.6647084 1719091721.0620801
1719091723.9778252 1719091755.960903
1719091761.6168602 1719091788.9566433
1719091792.6596844 1719091815.2088435
1719091825.9747767 1719091852.0065274
1719091852.6686273 1719091877.1066086
1719091881.7283401 1719091912.9611185
1719091923.6675541 1719091950.209178
1719091951.0068433 1719091990.706881
1719091993.215866 1719092030.4080343
1719092038.1715844 1719092059.5611973
1719092065.1286423 1719092095.5616267
1719092098.3216968 1719092128.1568391
1719092137.670942 1719092168.5648258
1719092176.2267194 1719092198.257858
1719092206.914732 1719092231.0626652
1719092231.8588834 1719092272.8611655
1719092279.5800314 1719092308.5658636
1719092314.3187234 1719092341.0088787
1719092351.2227921 1719092378.3566513
1719092384.0767593 1719092415.2600596
1719092424.9747062 1719092448.3612142
1719092458.218762 1719092481.3591375
1719092484.882212 1719092513.7566571
1719092514.023361 1719092550.2065904
1719092560.830808 1719092571.859045
1719092580.3277755 1719092604.3616116
1719092604.7068596 1719092634.5603926
1719092640.4108047 1719092665.1070168
1719092671.726785 1719092697.4587529
1719092697.6127863 1719092725.6565235
1719092735.2306015 1719092760.6589534
1719092766.162627 1719092789.1092815
1719092789.2616315 1719092821.6624324
1719092823.8107333 1719092854.5066156
1719092855.059459 1719092882.0617487
1719092889.8787754 1719092913.8586705
1719092919.3267896 1719092946.8066487
1719092957.418731 1719092979.707013
1719092984.8746023 1719093006.3603437
1719093008.116799 1719093029.3597987
1719093040.1306052 1719093062.5567744
1719093064.3257551 1719093099.8604484
1719093104.4267628 1719093125.9587176
1719093129.0707324 1719093159.0090835
1719093159.6120198 1719093195.10889
1719093198.7187903 1719093233.6567998
1719093241.23701 1719093265.7605777
1719093270.5107217 1719093298.3106644
1719093300.1627018 1719093335.156612
1719093337.9098318 1719093366.009885
1719093374.730738 1719093407.4565027
1719093412.8656218 1719093431.7069314
1719093441.3214164 1719093480.75674
1719093490.9251075 1719093517.4605608
1719093519.0107791 1719093550.408274
1719093559.7187283 1719093593.1603506
1719093594.9226525 1719093627.8619163
1719093634.5239449 1719093662.406574
1719093662.8653314 1719093689.056884
1719093697.5268211 1719093730.7566347
1719093735.0789003 1719093764.2072587
1719093773.8267126 1719093794.5603945
1719093801.3676207 1719093829.3602226
1719093834.214793 1719093864.6102154
1719093874.374729 1719093902.4607503
1719093910.2627735 1719093939.8090565
1719093946.6173735 1719093972.0094213
1719093972.7739391 1719094005.3071208
1719094007.9587586 1719094038.3566737
1719094048.1246407 1719094073.5580285
1719094076.128373 1719094108.5102298
1719094113.2734756 1719094142.1567986
1719094142.9195976 1719094173.260069
1719094174.059832 1719094205.6665072
1719094208.3695447 1719094239.9068284
1719094242.2749257 1719094273.3624392
1719094273.8748055 1719094309.8578947
1719094313.3710291 1719094340.4066398
1719094342.8177135 1719094375.0601406
1719094376.9138172 1719094403.7663555
1719094412.6761587 1719094439.1618183
1719094442.1129513 1719094463.756663
1719094471.2269335 1719094498.1573007
1719094503.671062 1719094531.6569955
1719094539.2787435 1719094568.861962
1719094571.660811 1719094608.9069726
1719094614.370779 1719094637.4639106
1719094643.8787198 1719094668.959093
1719094675.6193068 1719094700.8594818
1719094709.2279596 1719094738.606601
1719094744.278779 1719094769.6611598
1719094776.0729501 1719094793.4575112
1719094799.1187758 1719094825.056562
1719094828.678749 1719094856.6091218
1719094859.2091868 1719094894.3598237
1719094902.6335125 1719094926.059151
1719094927.773748 1719094962.861747
1719094963.3719423 1719095002.2090049
1719095002.9207175 1719095033.1571233
1719095042.8747935 1719095072.4590526
1719095080.7317624 1719095106.658419
1719095106.7728114 1719095141.9567997
1719095142.359628 1719095180.4586756
1719095186.021115 1719095215.8602116
1719095220.6265676 1719095249.156738
1719095258.5289726 1719095277.0581183
1719095279.727703 1719095316.7130525
1719095320.4752133 1719095360.8588598
1719095366.4721029 1719095396.008909
1719095396.5119739 1719095431.8591795
1719095439.2695403 1719095467.208418
1719095478.02326 1719095508.3568387
1719095511.8304114 1719095542.70661
1719095546.3300564 1719095566.0075634
1719095574.5750616 1719095603.5068882
1719095604.9709384 1719095640.2583141
1719095642.0248215 1719095667.9572303
1719095669.664303 1719095696.8069434
1719095697.3214948 1719095731.207237
1719095732.7811491 1719095758.0605488
1719095758.7576694 1719095784.8094964
1719095785.5180964 1719095817.20684
1719095820.3627326 1719095851.0588503
1719095852.4093142 1719095879.7565835
1719095888.3268409 1719095922.9565437
1719095931.5751772 1719095962.3566341
1719095969.6347275 1719096002.7570834
1719096010.2344944 1719096043.95692
1719096054.4227383 1719096083.9611275
1719096087.722786 1719096121.609857
1719096122.4092076 1719096153.3623128
1719096158.2118366 1719096186.461942
