1755504660.6788864 1755504685.7522094
1755504685.752229 1755504709.8089888
1755504709.809008 1755504738.5187068
1755504738.5187297 1755504760.6216514
1755504760.6216667 1755504785.412711
1755504785.412732 1755504811.7747507
1755504811.774775 1755504852.879575
1755504852.879612 1755504890.168089
1755504890.168114 1755504915.4132335
1755504915.413255 1755504938.2821
1755504938.282123 1755504971.199931
1755504971.1999493 1755505002.6553912
1755505002.6554165 1755505033.1890905
1755505033.1891105 1755505065.890694
1755505065.8907156 1755505101.4125319
1755505101.4125576 1755505122.392737
1755505122.3927624 1755505164.5952115
1755505164.5952394 1755505193.498623
1755505193.4986427 1755505223.7265444
1755505223.7265613 1755505250.856748
1755505250.856771 1755505270.3121014
1755505270.312126 1755505298.5466027
1755505298.546622 1755505335.391597
1755505335.3916237 1755505380.4179366
1755505380.4179554 1755505402.1659124
1755505402.1659386 1755505437.7166026
1755505437.7166262 1755505458.4537613
1755505458.4537802 1755505491.461834
1755505491.4618719 1755505525.5138233
1755505525.5138423 1755505551.9600017
1755505551.9600286 1755505577.982733
1755505577.9827552 1755505609.4676573
1755505609.4676783 1755505631.735989
1755505631.7360134 1755505657.964898
1755505657.9649174 1755505708.4192903
1755505708.4193218 1755505740.2723265
1755505740.2723541 1755505777.417019
1755505777.417041 1755505808.9419641
1755505808.9419827 1755505834.8358908
1755505834.8359125 1755505861.2039344
1755505861.2039587 1755505890.7009308
1755505890.70095 1755505922.0167809
1755505922.0168078 1755505948.1923597
1755505948.1923797 1755505988.3356442
1755505988.3356655 1755506022.9966736
1755506022.996703 1755506051.5952888
1755506051.5953066 1755506081.7838488
1755506081.783875 1755506112.951517
1755506112.9515343 1755506145.7031178
1755506145.7031403 1755506167.4340448
1755506167.4340682 1755506197.8300045
1755506197.830027 1755506224.942855
1755506224.9429016 1755506255.8053372
1755506255.8053598 1755506287.7724361
1755506287.772462 1755506316.1997652
1755506316.1997936 1755506346.1510787
1755506346.1510954 1755506386.186563
1755506386.1865914 1755506423.8397398
1755506423.8397658 1755506448.3968
1755506448.3968203 1755506489.3474452
1755506489.3474908 1755506511.855595
1755506511.8556237 1755506540.0284853
1755506540.0285075 1755506569.558915
1755506569.5589387 1755506600.063582
1755506600.0636005 1755506630.0575504
1755506630.0575726 1755506656.7348485
1755506656.73487 1755506690.2033498
1755506690.20337 1755506717.2735262
1755506717.2735505 1755506748.1063075
1755506748.1063254 1755506779.4797702
1755506779.4797952 1755506806.6421144
1755506806.642131 1755506831.6754313
1755506831.675456 1755506861.9314194
1755506861.9314404 1755506892.227773
1755506892.2277985 1755506924.6398287
1755506924.6398525 1755506951.504
1755506951.5040228 1755506992.632014
1755506992.632038 1755507017.513423
1755507017.5134432 1755507047.34789
1755507047.3479125 1755507077.9648185
1755507077.9648569 1755507104.8315222
1755507104.8315387 1755507136.8084607
1755507136.808488 1755507155.7876875
1755507155.7877078 1755507185.3879805
1755507185.388004 1755507207.200975
1755507207.2010157 1755507239.4695976
1755507239.4696198 1755507272.899139
1755507272.8991578 1755507301.9644303
1755507301.964455 1755507341.0345695
1755507341.0345922 1755507375.2702768
1755507375.270303 1755507403.336682
1755507403.3367012 1755507448.4891677
1755507448.4891884 1755507476.304322
1755507476.304358 1755507498.45377
1755507498.4537961 1755507529.1799512
1755507529.1799757 1755507566.0155714
1755507566.0156076 1755507595.2737427
1755507595.2737641 1755507634.0847647
1755507634.0847826 1755507670.6759846
1755507670.6760108 1755507701.4226458
