1761208701.6482942 1761208755.6057775
1761208756.6069803 1761208808.8512924
1761208817.8604534 1761208855.8798532
1761208857.8820226 1761208902.8575244
1761208905.8596814 1761208955.2178404
1761208962.2249773 1761209007.6973646
1761209017.7075324 1761209051.4191365
1761209055.4196305 1761209114.1199803
1761209123.1278722 1761209179.2134473
1761209189.21967 1761209229.5040889
1761209234.5079336 1761209287.1875134
1761209293.1916347 1761209341.4986558
1761209342.499797 1761209402.8424904
1761209409.8496325 1761209437.4299595
1761209442.4316242 1761209471.4192712
1761209475.4234128 1761209516.3277204
1761209524.335841 1761209562.3344328
1761209564.3356771 1761209613.0449977
1761209618.0501697 1761209663.018721
1761209672.027886 1761209724.541774
1761209731.5488749 1761209777.842534
1761209785.8506734 1761209831.5977252
1761209840.60691 1761209874.8935935
1761209877.895616 1761209921.0628703
1761209927.068991 1761209966.4715173
1761209966.471538 1761210009.7659647
1761210015.7720551 1761210056.1626124
1761210065.1717336 1761210098.7139797
1761210108.7241154 1761210146.9775522
1761210153.9836903 1761210195.1191685
1761210196.120299 1761210240.2691166
1761210241.2702324 1761210297.1178362
1761210297.1178641 1761210344.231379
1761210353.2404513 1761210404.728361
1761210407.7314937 1761210440.4854112
1761210449.4945738 1761210491.1063077
1761210499.1144516 1761210532.1036615
1761210537.1076157 1761210572.9838736
1761210581.993005 1761210615.3547735
1761210624.3639143 1761210655.0868456
1761210656.087661 1761210699.614082
1761210703.6182048 1761210745.6164749
1761210753.6245558 1761210790.2496998
1761210797.2568207 1761210827.1518886
1761210833.158076 1761210858.515626
1761210867.5236716 1761210892.2636335
1761210896.2677145 1761210928.6566849
1761210934.6597762 1761210978.85879
1761210979.8599405 1761211017.00276
1761211023.008906 1761211061.420151
1761211062.421286 1761211108.3621674
1761211111.3636098 1761211157.088302
1761211162.0935056 1761211200.8198214
1761211203.8229415 1761211239.95695
1761211249.963731 1761211275.3099365
1761211285.3200629 1761211321.7159956
1761211321.71602 1761211366.9129572
1761211372.9190953 1761211417.2705064
1761211423.2766643 1761211455.6739733
1761211455.6739976 1761211495.987575
1761211501.993668 1761211539.2778742
1761211539.2778962 1761211579.6997452
1761211588.70888 1761211623.536454
1761211626.539521 1761211664.9073896
1761211667.9076262 1761211707.2311125
1761211711.231663 1761211752.357122
1761211752.3571463 1761211801.575927
1761211803.5780187 1761211847.8611948
1761211848.8623164 1761211893.68639
1761211900.6935203 1761211949.7945743
1761211953.7958083 1761212012.970309
1761212019.9756408 1761212071.2561383
1761212078.2632256 1761212127.2326114
1761212128.233722 1761212180.4647536
1761212183.4678333 1761212240.6307096
1761212248.6388521 1761212293.7878938
1761212302.79702 1761212355.263817
1761212365.2739937 1761212401.781052
1761212406.7836068 1761212438.6225338
1761212440.6236644 1761212481.7552147
1761212481.7552469 1761212523.8710868
1761212525.8732228 1761212573.214702
1761212577.2188454 1761212618.1981878
1761212624.204334 1761212655.335587
1761212656.336643 1761212691.9666598
1761212701.9768002 1761212732.0926523
1761212735.0956771 1761212788.357078
1761212794.3632019 1761212832.8942237
1761212840.902334 1761212884.46571
1761212890.4716122 1761212933.0264835
1761212936.0276625 1761212986.687819
1761212996.6979513 1761213040.5946164
1761213041.5956492 1761213083.973036
1761213086.9756162 1761213123.5708382
1761213133.5809846 1761213166.302593
1761213167.30371 1761213206.8717175
1761213207.872782 1761213244.1645765
1761213245.1656919 1761213286.1251838
1761213289.1283014 1761213321.9619017
1761213325.9659774 1761213361.702076
