1766573109.7406602 1766573508.2597737
1766573508.2597976 1766573987.5771534
1766573987.5771785 1766574517.7153625
1766574517.715387 1766574974.4931867
1766574974.4932115 1766575425.6284091
1766575425.6284335 1766575926.6342952
1766575926.63432 1766576341.2199683
1766576341.2199922 1766576997.3539612
1766576997.3539853 1766577418.348456
1766577418.3484795 1766577800.762639
1766577800.7626715 1766578366.6122382
1766578366.612263 1766578890.4092088
1766578890.4092383 1766579208.930593
1766579208.9306173 1766579634.3064773
1766579634.3065012 1766580170.9401112
1766580170.9401355 1766580715.605499
1766580715.605527 1766581103.1892536
1766581103.1892784 1766581593.6420345
1766581593.6420586 1766582086.5383112
1766582086.5383358 1766582672.7594087
1766582672.7594337 1766583068.590953
1766583068.590978 1766583642.6989815
1766583642.6990066 1766584188.6926208
1766584188.6926458 1766584653.3941634
1766584653.3941822 1766585002.0748703
1766585002.0749047 1766585526.9581096
1766585526.9581332 1766586022.2664394
1766586022.266464 1766586425.6395752
1766586425.6395993 1766586897.496884
1766586897.496908 1766587184.7777746
1766587184.7777922 1766587724.3706377
1766587724.370662 1766588281.1023788
1766588281.102409 1766588659.433095
1766588659.4331145 1766589177.3038766
1766589177.3039005 1766589612.9772391
1766589612.9772637 1766590093.8957005
1766590093.8957248 1766590567.4981956
1766590567.498219 1766591028.6188796
1766591028.6189046 1766591471.6621873
1766591471.662212 1766591892.3666556
1766591892.3666778 1766592415.122354
1766592415.1223743 1766592828.1064484
1766592828.1064718 1766593249.6850462
1766593249.6850715 1766593676.1857615
1766593676.1857855 1766594204.992475
1766594204.992499 1766594548.2196834
1766594548.2197008 1766595151.8337882
1766595151.8338122 1766595602.073935
1766595602.0739589 1766596024.935105
1766596024.9351294 1766596490.4352953
1766596490.43532 1766596883.018697
1766596883.0187197 1766597486.5400975
1766597486.5401213 1766597848.7535307
1766597848.7535481 1766598584.6443293
1766598584.6443527 1766598897.4721973
1766598897.4722157 1766599547.3089652
1766599547.3089905 1766600062.7292404
1766600062.729265 1766600489.4313505
1766600489.4313738 1766601051.3470693
1766601051.3470933 1766601501.9220438
1766601501.9220726 1766601868.815561
1766601868.815584 1766602462.2306504
1766602462.2306752 1766602942.4747531
1766602942.4747777 1766603365.5173216
1766603365.517346 1766603937.8558087
1766603937.8558333 1766604247.0587583
1766604247.058777 1766604738.085939
1766604738.0859644 1766605261.11433
1766605261.1143544 1766605724.8640094
1766605724.8640418 1766606026.4202924
1766606026.4203146 1766606557.5588295
1766606557.5588639 1766607186.5887272
1766607186.588752 1766607455.66782
1766607455.6678429 1766608014.9875972
1766608014.9876225 1766608564.3324718
1766608564.3324966 1766609037.8835678
1766609037.8835933 1766609490.816258
1766609490.8162818 1766609808.8874686
1766609808.8874862 1766610409.0887048
1766610409.0887375 1766610788.2618637
1766610788.2618883 1766611492.1141486
1766611492.114173 1766611968.5518425
1766611968.5518668 1766612530.0556595
1766612530.0556839 1766613019.2880073
1766613019.2880316 1766613513.0936427
1766613513.0936744 1766613953.9211066
1766613953.9211318 1766614267.3982272
1766614267.398246 1766614921.813847
1766614921.8138707 1766615412.7397268
1766615412.7397509 1766615909.3815246
1766615909.3815567 1766616230.3841863
1766616230.384205 1766616880.9994216
1766616880.9994457 1766617301.5780334
1766617301.5780559 1766617748.2842212
1766617748.2842412 1766618342.571262
1766618342.571286 1766618696.233663
1766618696.2336874 1766619284.5225666
1766619284.522598 1766619807.7638798
1766619807.7639034 1766620314.0802393
1766620314.0802627 1766620731.9505298
