1776312688.9599094 1776312718.0004818
1776312728.0063381 1776312757.73273
1776312764.7398508 1776312790.923626
1776312797.930339 1776312825.6927881
1776312825.6928623 1776312854.7673075
1776312859.7724743 1776312891.768657
1776312894.7717793 1776312917.6957743
1776312918.6969235 1776312950.4798474
1776312953.4830215 1776312987.455851
1776312987.4559817 1776313012.3015034
1776313013.3026743 1776313047.7819982
1776313047.782134 1776313082.8681417
1776313092.8782783 1776313112.914877
1776313122.9250755 1776313154.181299
1776313158.185466 1776313192.9006429
1776313192.9007397 1776313229.0532734
1776313232.054332 1776313267.319387
1776313269.3215704 1776313305.7398176
1776313311.7451332 1776313342.4089422
1776313350.417055 1776313379.3815854
1776313385.3863404 1776313413.4909682
1776313417.4943357 1776313450.8700304
1776313454.8742115 1776313477.481929
1776313485.486323 1776313524.5614364
1776313532.5696404 1776313561.6913233
1776313564.6943371 1776313593.555152
1776313603.5569894 1776313630.6633668
1776313631.664479 1776313667.2698872
1776313668.2710588 1776313698.6555042
1776313708.6651986 1776313724.4423018
1776313730.4485104 1776313765.1483219
1776313765.14839 1776313800.7338629
1776313803.7370374 1776313831.8469732
1776313831.8470483 1776313857.7885857
1776313857.7886918 1776313886.676462
1776313889.679598 1776313921.2970865
1776313926.3022518 1776313947.941237
1776313952.946368 1776313986.5544286
1776313992.5583358 1776314021.952815
1776314027.9588332 1776314057.6487458
1776314058.6498582 1776314095.9163957
1776314095.91653 1776314126.2025666
1776314127.2036772 1776314159.9177716
1776314163.9219542 1776314191.0141861
1776314195.0183482 1776314230.9932852
1776314240.0024257 1776314271.5142307
1776314275.5184116 1776314309.969328
1776314314.9708216 1776314338.0205655
1776314345.0277162 1776314379.2436876
1776314388.2503383 1776314417.2631013
1776314422.2682548 1776314451.1269302
1776314451.1270275 1776314484.432087
1776314488.4343352 1776314514.1444058
1776314516.146522 1776314538.93572
1776314542.936129 1776314579.670373
1776314579.670506 1776314612.763154
1776314612.763232 1776314647.8045864
1776314650.8063858 1776314681.963041
1776314686.968151 1776314714.1817844
1776314716.182341 1776314746.453383
1776314754.461533 1776314782.4411612
1776314784.442333 1776314813.4715567
1776314818.4743752 1776314853.625535
1776314857.6296625 1776314882.97583
1776314890.9839811 1776314922.4772902
1776314932.4874325 1776314957.0258663
1776314957.0259411 1776314986.4274163
1776314987.4281774 1776315017.521709
1776315026.5308928 1776315053.0020692
1776315060.0091822 1776315087.4133868
1776315090.4165616 1776315117.2159708
1776315119.2180815 1776315149.5157006
1776315153.5198503 1776315185.365021
1776315185.365143 1776315221.368856
1776315229.3750126 1776315250.0190845
1776315250.0192149 1776315291.7630904
1776315297.7644086 1776315324.790262
1776315332.7961423 1776315357.329045
1776315362.334217 1776315397.8153615
1776315406.8157275 1776315433.4514453
1776315438.456551 1776315466.5402987
1776315467.5414848 1776315507.1929526
1776315513.1991372 1776315542.0883083
1776315552.0983317 1776315576.746343
1776315578.7485223 1776315619.5300527
1776315619.5301244 1776315647.1233273
1776315657.130356 1776315682.5738435
1776315690.5819576 1776315714.7815487
1776315723.7907221 1776315748.7029257
1776315756.7111077 1776315784.1027708
1776315791.106319 1776315817.6589224
1776315823.6651056 1776315854.3892634
1776315860.3944046 1776315892.6915643
1776315895.6943288 1776315927.9754722
1776315930.9786475 1776315973.6387055
1776315983.6488407 1776316008.2576282
1776316018.2678072 1776316047.7361712
1776316047.7362432 1776316074.9809809
1776316076.9823537 1776316116.5964487
1776316123.6035995 1776316151.4181888
