1776312689.883657 1776312720.0127015
1776312725.0130348 1776312754.7582793
1776312763.7624125 1776312790.029044
1776312791.0301735 1776312827.811114
1776312835.81834 1776312850.1016502
1776312856.1077883 1776312893.7924654
1776312897.7966542 1776312922.4031227
1776312927.4082985 1776312956.8418436
1776312966.8519683 1776312987.3678298
1776312993.3739517 1776313013.711203
1776313021.7193892 1776313051.143262
1776313057.1494474 1776313080.9642558
1776313087.965257 1776313114.903418
1776313124.9136093 1776313145.7985878
1776313152.8057878 1776313181.5330813
1776313190.5335553 1776313229.8049467
1776313232.808124 1776313265.105012
1776313267.1063168 1776313305.4128504
1776313305.4129484 1776313341.7172058
1776313347.7233925 1776313373.367024
1776313376.3701665 1776313412.6559353
1776313414.658117 1776313447.5678236
1776313457.568202 1776313485.669273
1776313487.6714425 1776313524.7011166
1776313533.710255 1776313561.6689126
1776313566.6741223 1776313593.9936628
1776313598.99546 1776313630.2598221
1776313632.2619648 1776313666.5377305
1776313673.5449142 1776313699.5461135
1776313702.5492406 1776313731.263115
1776313735.2663324 1776313762.819953
1776313762.8200932 1776313797.0506167
1776313800.0538108 1776313823.9349344
1776313825.9371178 1776313859.205277
1776313868.2143998 1776313892.0697534
1776313895.0703342 1776313917.9357324
1776313918.9369168 1776313955.538406
1776313955.5386426 1776313987.9336185
1776313989.935747 1776314020.446423
1776314025.4516478 1776314052.0587687
1776314053.0598931 1776314091.234089
1776314093.236291 1776314123.6441247
1776314129.650321 1776314161.8614433
1776314165.865562 1776314195.308002
1776314200.310394 1776314235.3028162
1776314242.3099494 1776314268.830673
1776314276.8388362 1776314300.617322
1776314306.6234648 1776314342.9800503
1776314344.9822319 1776314380.1728356
1776314389.1820378 1776314416.8608985
1776314416.8609765 1776314452.294855
1776314462.3049781 1776314481.8691418
1776314483.871327 1776314513.670156
1776314515.6722817 1776314542.299598
1776314544.3017719 1776314567.9165943
1776314572.921771 1776314611.3753996
1776314614.3783374 1776314648.8037634
1776314651.8069386 1776314674.8236666
1776314679.828779 1776314710.5922582
1776314719.6014447 1776314751.8890889
1776314755.8932638 1776314778.2577171
1776314788.2678614 1776314821.4238334
1776314825.4279556 1776314853.2548442
1776314861.2623465 1776314881.498003
1776314889.5061269 1776314920.467842
1776314928.4743476 1776314957.719379
1776314963.7223468 1776314987.8039227
1776314990.8070698 1776315015.4750187
1776315025.4852002 1776315046.1318102
1776315047.1329982 1776315089.5953498
1776315091.5974689 1776315119.464087
1776315125.4702585 1776315153.7328084
1776315156.7359293 1776315186.4887922
1776315195.497917 1776315224.9027836
1776315226.9049706 1776315256.1835835
1776315261.186352 1776315289.9301808
1776315297.9383278 1776315321.2123322
1776315326.2175624 1776315362.3434794
1776315363.3446658 1776315398.4943347
1776315407.5023572 1776315433.849613
1776315436.8527353 1776315471.313882
1776315472.3150632 1776315505.4203954
1776315505.420471 1776315540.3637905
1776315544.3679729 1776315579.8903832
1776315582.893566 1776315620.592119
1776315623.594081 1776315652.1343868
1776315661.142337 1776315684.520296
1776315689.523637 1776315709.3988519
1776315713.403026 1776315750.1076672
1776315760.117851 1776315780.5410385
1776315785.5461757 1776315820.5720844
1776315824.5725236 1776315855.4870713
1776315859.4911885 1776315895.2036116
1776315898.2068005 1776315929.8466446
1776315931.8471193 1776315970.50162
1776315972.5038416 1776316009.2905278
1776316016.2977154 1776316049.2357635
1776316050.2368946 1776316076.7760727
1776316085.7765913 1776316114.7354074
1776316120.735891 1776316151.8455613
