1776312689.701026 1776312718.232374
1776312723.2343407 1776312752.981789
1776312757.9869199 1776312793.3950887
1776312801.4023414 1776312824.8468592
1776312828.8509774 1776312860.0514753
1776312864.0556622 1776312891.5316308
1776312891.5317097 1776312925.9395676
1776312927.941762 1776312955.7174685
1776312958.72059 1776312985.8348074
1776312985.8349714 1776313016.1499517
1776313025.1590965 1776313049.1305797
1776313052.1337693 1776313079.9751058
1776313087.9823933 1776313118.8916106
1776313125.8983338 1776313152.7232594
1776313157.728374 1776313184.9470594
1776313189.9514384 1776313230.9604802
1776313240.9706554 1776313257.6033287
1776313258.604515 1776313304.1895747
1776313307.1927476 1776313340.6043773
1776313345.6094887 1776313375.8549488
1776313379.8591206 1776313414.3714025
1776313417.374524 1776313447.7240672
1776313447.7242012 1776313484.0100324
1776313484.010121 1776313518.6446998
1776313523.649748 1776313551.1285508
1776313553.1306736 1776313596.8008351
1776313605.8100162 1776313623.4728863
1776313631.4734714 1776313667.5834484
1776313671.5876336 1776313698.2012532
1776313704.207374 1776313726.5620887
1776313728.5642726 1776313756.496555
1776313757.497742 1776313792.3302517
1776313794.3323824 1776313821.0374193
1776313831.047599 1776313862.1172767
1776313865.1203969 1776313890.253132
1776313895.254337 1776313923.0153525
1776313932.0245163 1776313957.0579016
1776313959.060012 1776313987.8003662
1776313987.8005047 1776314022.255542
1776314023.2566674 1776314057.292691
1776314063.298877 1776314093.4406374
1776314100.4477623 1776314121.7618945
1776314121.7620285 1776314163.2612598
1776314172.2704413 1776314197.8266985
1776314201.8308833 1776314235.7144485
1776314235.7145293 1776314270.3716247
1776314277.3788087 1776314297.9063063
1776314305.9143484 1776314345.180757
1776314354.189886 1776314382.4810815
1776314383.4822385 1776314416.18207
1776314421.1824312 1776314449.4095016
1776314456.416692 1776314481.8479328
1776314488.8551288 1776314512.1873114
1776314514.1894271 1776314537.4303467
1776314546.4395278 1776314578.6694455
1776314588.6796322 1776314610.6897311
1776314612.6903746 1776314647.6989067
1776314652.7040648 1776314679.21853
1776314682.2216687 1776314708.5068674
1776314710.5089788 1776314749.0825243
1776314756.089709 1776314784.783747
1776314794.790342 1776314819.7991393
1776314829.8092515 1776314849.7332578
1776314855.7394795 1776314886.934569
1776314895.9437778 1776314923.3720267
1776314931.380171 1776314956.1812935
1776314961.186472 1776314986.1642845
1776314995.1734679 1776315024.0522041
1776315026.0543416 1776315052.6852918
1776315052.6854343 1776315083.802441
1776315087.8065686 1776315114.0703945
1776315122.0785742 1776315152.7358918
1776315154.7365394 1776315184.8159611
1776315185.8170893 1776315218.1948285
1776315218.194943 1776315254.8561494
1776315258.860294 1776315291.943549
1776315293.9456754 1776315326.4443257
1776315333.451502 1776315362.9500206
1776315372.9601483 1776315395.0151472
1776315405.0223396 1776315433.3206196
1776315438.3257391 1776315472.3776634
1776315479.384849 1776315510.6608448
1776315514.6612961 1776315544.789526
1776315545.790702 1776315575.3349972
1776315584.342342 1776315614.0224311
1776315624.0250762 1776315651.671434
1776315660.6805642 1776315684.6714091
1776315687.6745708 1776315711.6847768
1776315716.6899269 1776315747.1637006
1776315757.173893 1776315781.9656959
1776315783.9678106 1776315817.996112
1776315818.997272 1776315855.1588428
1776315864.1663368 1776315894.5342624
1776315903.5434446 1776315934.5761476
1776315939.5812685 1776315974.050865
1776315983.0600226 1776316008.8156734
1776316017.8248203 1776316047.4751709
1776316050.478343 1776316079.6468616
1776316083.6509778 1776316113.631382
1776316119.6375582 1776316147.0898108
