1721223342.256876 1721223364.7585168
1721223365.5171366 1721223403.9569783
1721223404.314462 1721223442.2071173
1721223442.4700377 1721223469.5566354
1721223469.7719262 1721223509.4569778
1721223510.319883 1721223542.8584378
1721223543.6775715 1721223587.5577598
1721223587.8158631 1721223615.96223
1721223616.709145 1721223645.5607963
1721223645.9197524 1721223683.3604083
1721223684.5646656 1721223703.956882
1721223704.119687 1721223736.1071026
1721223736.322423 1721223774.6587522
1721223775.0247307 1721223807.363751
1721223807.4674337 1721223828.863377
1721223829.023049 1721223856.3613605
1721223857.126851 1721223886.808957
1721223886.9188807 1721223915.1570683
1721223915.9214475 1721223940.8070917
1721223941.5209355 1721223977.810488
1721223978.7669418 1721224005.1604185
1721224006.0176897 1721224040.0090733
1721224040.372215 1721224072.5566626
1721224073.1118538 1721224105.4098852
1721224106.2292652 1721224145.1066403
1721224145.9174562 1721224174.6568227
1721224175.2693498 1721224206.2569447
1721224207.0139136 1721224231.0651972
1721224231.2737129 1721224269.7570171
1721224270.715322 1721224305.4070404
1721224305.5728118 1721224338.2606518
1721224338.6259038 1721224376.356696
1721224376.669653 1721224404.3600132
1721224404.4638124 1721224434.7104292
1721224435.5806859 1721224473.1566775
1721224473.4170408 1721224506.3570468
1721224506.869062 1721224531.756987
1721224532.0601392 1721224567.9567153
1721224568.8071516 1721224603.0569603
1721224603.909537 1721224623.508768
1721224624.409844 1721224654.25694
1721224655.1714573 1721224684.058433
1721224684.920204 1721224713.9601514
1721224714.5823703 1721224741.007257
1721224741.32278 1721224770.2579167
1721224770.865731 1721224794.656887
1721224795.6203904 1721224829.0569339
1721224829.8732638 1721224861.5618966
1721224862.6179156 1721224902.5569427
1721224903.0303235 1721224935.7569199
1721224936.5074568 1721224959.1101093
1721224960.0760474 1721224997.0582747
1721224997.9704318 1721225029.057944
1721225029.2692592 1721225061.9623787
1721225062.9089754 1721225095.2565916
1721225095.5160677 1721225128.3570063
1721225128.7618756 1721225162.6570122
1721225163.013978 1721225178.3578823
1721225179.3167126 1721225205.5569153
1721225205.9655418 1721225236.7066762
1721225237.4645529 1721225276.308551
1721225277.363904 1721225290.9566674
1721225291.8241029 1721225326.5620813
1721225327.4220395 1721225361.1589634
1721225361.3684804 1721225392.107186
1721225392.610208 1721225427.6069267
1721225428.2138627 1721225456.9569101
1721225457.8175414 1721225485.4569898
1721225485.9161882 1721225506.3105526
1721225507.267456 1721225540.5090158
1721225541.514561 1721225565.3570864
1721225566.1120005 1721225595.4583085
1721225596.4192276 1721225630.4570036
1721225631.4107091 1721225660.458473
1721225661.1676066 1721225692.1602793
1721225693.109666 1721225717.4098566
1721225718.2782028 1721225749.95663
1721225750.110193 1721225782.3570228
1721225782.8281846 1721225813.0591354
1721225813.8670526 1721225839.006569
1721225839.5087163 1721225870.9583807
1721225871.50966 1721225896.7567089
1721225897.0781443 1721225933.7597518
1721225934.8705912 1721225956.406565
1721225956.9749615 1721225988.1572087
1721225988.42103 1721226019.3566382
1721226019.722371 1721226054.1571677
1721226055.118369 1721226078.7691529
1721226079.7184079 1721226104.8086822
1721226105.7078316 1721226144.2570982
1721226144.965125 1721226168.6079757
1721226169.3202085 1721226189.75691
1721226190.4610963 1721226225.6569746
1721226226.46076 1721226253.708811
1721226253.9692514 1721226287.7567925
1721226287.9773169 1721226309.2606122
1721226309.7632494 1721226334.6103299
1721226335.4150457 1721226360.6579318
1721226361.6604342 1721226386.6568272
1721226387.168128 1721226416.8621745
1721226417.8306057 1721226437.1569052
1721226437.9746027 1721226461.2069662
1721226461.607707 1721226496.2567382
1721226496.6190066 1721226516.0085163
1721226516.6631193 1721226547.9610202
1721226548.9261096 1721226573.256718
1721226574.1225107 1721226593.5572774
1721226594.3718047 1721226630.8570294
1721226631.7086716 1721226662.758655
1721226663.561117 1721226682.7091098
1721226682.958939 1721226711.056648
1721226711.7253737 1721226742.2567055
1721226742.9569762 1721226762.162653
1721226763.2135308 1721226793.4644313
1721226794.1741054 1721226823.0085292
1721226823.76954 1721226855.9583068
1721226856.8677747 1721226885.0568073
1721226886.1080172 1721226914.6070178
1721226915.3720365 1721226944.2084756
1721226944.7106214 1721226968.9571984
1721226969.7696717 1721226990.462254
1721226990.9743278 1721227023.2615552
1721227024.3220487 1721227041.557106
1721227042.2293468 1721227069.8577168
1721227070.4095597 1721227097.90921
1721227098.0145273 1721227122.9609659
1721227123.5568016 1721227150.7106283
1721227151.4195616 1721227180.4075582
1721227181.2692585 1721227210.7566676
1721227211.112673 1721227242.5566778
1721227242.9610302 1721227275.6102507
1721227276.5603333 1721227293.8613353
1721227294.42447 1721227330.2616777
1721227331.214359 1721227352.7099965
1721227353.9103942 1721227387.4585626
1721227388.1685765 1721227425.9567928
1721227426.758527 1721227460.8582919
1721227461.7700355 1721227482.7566965
1721227483.51329 1721227515.309692
1721227516.2183127 1721227532.1615357
1721227533.1664329 1721227565.156988
1721227565.615646 1721227587.1566145
1721227587.8800359 1721227615.7567596
1721227616.369269 1721227645.357017
1721227646.121087 1721227670.6586246
1721227671.8190603 1721227701.356687
1721227701.8180885 1721227722.6070986
1721227722.9142318 1721227760.9089348
1721227761.8170288 1721227787.3569067
1721227788.1140828 1721227825.5581353
1721227826.1154053 1721227858.357362
1721227859.2162664 1721227883.959265
1721227884.825092 1721227914.9616654
1721227915.8619082 1721227937.8069131
1721227938.4749036 1721227980.5066304
1721227980.862717 1721228003.156861
1721228003.7716272 1721228031.8568196
1721228032.720652 1721228065.0072286
1721228065.7078414 1721228099.9588606
1721228100.367527 1721228125.556979
1721228126.4131403 1721228155.756656
1721228156.5137048 1721228187.2579439
1721228188.2110634 1721228219.6571176
1721228220.5222957 1721228253.3628979
1721228254.0662014 1721228284.5571482
1721228285.3600104 1721228310.6098237
1721228311.5107281 1721228346.9065592
1721228347.120664 1721228377.2569735
1721228378.1099713 1721228402.106877
1721228402.3119473 1721228434.656931
1721228435.0205798 1721228457.4096048
1721228458.424737 1721228489.1623256
1721228489.6698043 1721228520.5566194
1721228521.4619749 1721228542.362357
1721228543.2662008 1721228568.0572824
1721228568.26856 1721228600.260205
1721228601.1219876 1721228622.7100925
1721228623.611023 1721228653.1583004
1721228653.9118245 1721228679.758491
1721228680.6585028 1721228698.262403
1721228699.3087623 1721228728.057041
1721228729.0577495 1721228756.0569828
1721228756.5304885 1721228791.4612322
1721228791.7078001 1721228817.858527
1721228817.9689038 1721228852.0566685
1721228852.4599848 1721228883.4090965
1721228883.820817 1721228906.6572003
1721228907.4117281 1721228941.55801
1721228942.314963 1721228974.7583444
1721228975.7138612 1721229010.9079957
1721229011.2151082 1721229032.3084679
1721229033.0693235 1721229065.2069376
1721229065.9609876 1721229096.1067498
1721229096.514305 1721229120.058892
1721229120.266459 1721229143.3082395
1721229144.2730148 1721229174.5069568
1721229174.878425 1721229206.4621122
1721229207.4623742 1721229246.4066224
1721229247.0217805 1721229264.713579
1721229265.6640675 1721229304.506928
1721229305.4656003 1721229333.0569968
1721229333.7687929 1721229375.4583302
1721229376.2650886 1721229400.7613544
1721229401.9147077 1721229437.958164
1721229438.261501 1721229461.1657093
1721229462.1176398 1721229494.2078202
1721229494.3578267 1721229531.8581517
1721229532.6109326 1721229551.35738
1721229551.7607749 1721229592.761483
1721229593.8086739 1721229620.5101721
1721229621.4652967 1721229652.8598208
1721229653.7611272 1721229682.9568317
1721229683.4636047 1721229718.5578995
1721229719.1661088 1721229748.1093295
1721229749.109566 1721229775.5648127
1721229776.6143422 1721229810.0614471
1721229810.966587 1721229842.2568767
1721229842.5687447 1721229859.0082874
1721229860.0725884 1721229886.2583392
1721229886.8686178 1721229911.956853
1721229912.8223834 1721229942.5069423
1721229942.6264482 1721229981.3568606
1721229981.663039 1721230013.1568348
1721230013.8069224 1721230043.8584135
1721230044.5571885 1721230070.2582438
1721230070.7567408 1721230098.7136018
1721230099.6599352 1721230131.8568027
1721230132.456834 1721230154.756646
1721230155.3106186 1721230175.3570535
1721230175.9206996 1721230207.0566852
1721230207.5240633 1721230242.1599107
1721230243.112799 1721230271.2082484
1721230272.120249 1721230298.2569652
1721230298.8700767 1721230327.9617546
1721230329.0105448 1721230354.408235
1721230355.2203329 1721230381.1605473
1721230381.5342658 1721230411.3577163
1721230411.8093615 1721230435.5101395
1721230436.4756892 1721230464.9093428
1721230465.72068 1721230501.058399
1721230501.8600163 1721230528.559138
1721230529.3139257 1721230553.8095746
1721230554.7235498 1721230576.061772
1721230577.0601997 1721230605.560684
1721230606.2076695 1721230639.5564556
1721230640.021306 1721230673.1098506
1721230674.0685909 1721230694.6573493
1721230695.5080485 1721230726.0578434
1721230727.0737984 1721230756.8106048
1721230757.8117986 1721230784.058006
1721230784.411791 1721230813.7614343
1721230814.1685135 1721230838.8066294
1721230839.4603295 1721230864.2591522
1721230865.1645484 1721230897.9582672
1721230898.408751 1721230920.7584422
1721230921.5792158 1721230946.3614476
1721230947.226342 1721230975.906904
1721230976.7669277 1721230999.8617537
1721231000.9689882 1721231035.4066474
1721231035.9240687 1721231067.1618767
1721231068.314331 1721231093.3613052
1721231094.372173 1721231123.6589746
1721231124.3629727 1721231157.1068194
1721231157.822219 1721231183.5066504
1721231184.4078355 1721231218.0568922
1721231218.3730347 1721231262.5585654
1721231263.461947 1721231285.4566321
1721231286.170218 1721231313.0104954
1721231313.919677 1721231349.9065928
1721231350.5619957 1721231373.556832
1721231374.362334 1721231399.758316
1721231400.7163253 1721231423.310311
1721231424.3690038 1721231448.7568805
1721231450.0068107 1721231470.460944
1721231471.2662685 1721231492.2580695
1721231493.0068355 1721231517.0099628
1721231518.0126734 1721231544.906983
1721231545.1720386 1721231573.460896
1721231574.513804 1721231603.5566888
1721231604.3719678 1721231631.656737
1721231631.9159563 1721231654.1585064
1721231654.9586437 1721231687.558894
1721231688.3113656 1721231713.657029
1721231714.2150097 1721231738.2581522
1721231739.0708866 1721231764.5082443
1721231765.2185795 1721231795.0566366
1721231795.512095 1721231817.557009
1721231818.0703804 1721231851.5571477
1721231851.961378 1721231877.4569058
1721231877.6151805 1721231908.559166
1721231908.9081028 1721231941.4569926
1721231941.6225893 1721231970.7575293
1721231971.5182352 1721232002.9065876
1721232003.5703547 1721232034.1590805
1721232034.4635127 1721232062.7572792
1721232063.2742789 1721232092.3568041
1721232093.1735146 1721232111.2105043
1721232112.1628785 1721232144.056784
1721232145.0089428 1721232191.4569352
1721232192.159936 1721232203.9601138
1721232205.0661564 1721232234.2598438
1721232235.16438 1721232269.7098665
1721232270.4102695 1721232294.3098454
1721232295.2761729 1721232330.1069353
1721232330.9199765 1721232354.709198
1721232355.7233589 1721232386.3069663
1721232387.1672213 1721232420.1616051
1721232420.5176427 1721232448.358591
1721232449.1236022 1721232489.5569682
1721232490.4304082 1721232508.9585693
1721232510.0187838 1721232551.8081057
1721232552.7572238 1721232582.3102841
1721232583.3658426 1721232618.1085954
1721232619.1220534 1721232648.4071436
1721232649.12031 1721232672.90964
1721232673.418389 1721232711.9085996
1721232712.8162296 1721232742.0625901
1721232743.0210536 1721232763.610135
1721232763.8163917 1721232793.6565154
1721232793.908287 1721232825.4585238
1721232825.7745225 1721232846.0572875
1721232846.8747537 1721232878.7601519
1721232879.768958 1721232911.7602656
1721232912.116788 1721232944.0065694
1721232944.421066 1721232970.1100724
1721232971.019438 1721233004.2585514
1721233005.063861 1721233029.3610597
1721233030.318618 1721233064.2103357
1721233065.2188554 1721233101.2568724
1721233102.020139 1721233137.2586343
1721233138.0674696 1721233168.0066276
1721233168.8165557 1721233192.16206
1721233193.3248935 1721233222.0589988
1721233222.3703046 1721233248.706967
1721233249.5201478 1721233276.456715
1721233277.3737514 1721233317.7581363
1721233318.8629334 1721233332.75843
1721233333.6157584 1721233365.7066703
1721233366.0157049 1721233387.7613683
1721233388.1125956 1721233417.2570603
1721233417.8243203 1721233450.906813
1721233451.612195 1721233484.2584665
1721233485.0780191 1721233511.4592032
1721233512.3082304 1721233543.457962
1721233544.5146396 1721233570.0591106
1721233570.7210896 1721233601.6588368
1721233602.508859 1721233622.9572191
1721233623.3154514 1721233651.0568888
1721233651.4700303 1721233676.9575202
1721233677.7602954 1721233707.4568856
1721233708.3105285 1721233735.7567601
1721233736.4677289 1721233762.6601713
1721233763.2756507 1721233802.107772
1721233802.9125834 1721233821.3566978
1721233821.7676232 1721233847.8578537
1721233848.711166 1721233878.0614495
1721233879.0087974 1721233901.9625125
1721233902.7666318 1721233934.8580096
1721233935.475686 1721233952.3568633
1721233953.0194988 1721233986.1086502
1721233986.4658065 1721234012.456915
1721234012.7168472 1721234041.0086951
1721234041.3215444 1721234065.807013
1721234065.974035 1721234099.9568408
1721234100.3135903 1721234125.6570432
1721234126.116375 1721234154.358371
1721234155.0724654 1721234176.2621622
1721234177.2665515 1721234207.058461
1721234208.1208465 1721234247.2580388
1721234248.1169264 1721234284.8582253
1721234285.8630555 1721234308.407159
1721234309.2179523 1721234344.4569147
1721234345.373438 1721234381.561503
1721234382.4695134 1721234413.3657312
1721234414.4618976 1721234447.9571877
1721234448.8072033 1721234479.3567743
1721234480.2180731 1721234506.3569064
1721234507.1600564 1721234534.8585405
1721234535.5103233 1721234557.5591123
1721234558.1209872 1721234586.1606095
1721234587.0575426 1721234605.9095767
1721234606.8734097 1721234634.5567517
1721234635.3165252 1721234662.4565604
1721234663.075699 1721234685.1568263
1721234685.8589668 1721234708.156745
1721234708.4204187 1721234737.0580544
1721234737.9155354 1721234771.3567495
1721234772.2241595 1721234791.257268
1721234792.070674 1721234814.9611373
1721234815.9305093 1721234842.3624508
1721234843.3633475 1721234872.359126
1721234873.216023 1721234903.362669
1721234904.325063 1721234937.256749
1721234938.0651932 1721234976.6067793
1721234976.7145426 1721234999.8574638
1721235000.1727371 1721235030.811041
1721235031.1765733 1721235058.7566364
1721235059.424762 1721235085.5610192
1721235086.5624292 1721235119.0067918
1721235119.8614569 1721235142.2103276
1721235143.2119148 1721235171.260168
1721235172.108858 1721235198.6572134
1721235199.5215034 1721235225.109543
1721235225.271489 1721235260.9567678
1721235261.7724307 1721235287.1566525
1721235287.8721447 1721235316.6086962
1721235317.2693214 1721235352.408433
1721235353.1195028 1721235368.0621111
1721235369.11445 1721235413.3592837
1721235414.0121026 1721235437.4066007
1721235438.1097186 1721235472.6102374
1721235472.8161836 1721235511.0065737
1721235511.758133 1721235546.156774
1721235547.0231597 1721235571.761072
1721235572.564088 1721235614.3568938
1721235615.0679796 1721235637.4621277
1721235638.468093 1721235673.1586752
1721235674.1110516 1721235702.0160835
1721235703.018429 1721235736.558585
1721235737.0139275 1721235767.261997
1721235768.2071626 1721235797.9570076
1721235798.8682086 1721235822.3081229
1721235822.9210289 1721235853.8071644
1721235854.1250412 1721235897.7568104
1721235898.5169237 1721235920.8566375
1721235921.5701745 1721235958.4580367
1721235959.3147845 1721235981.3071365
1721235981.909217 1721236019.3091662
1721236020.4647086 1721236048.3585072
1721236049.1077824 1721236078.5567346
1721236079.3646667 1721236112.2065585
1721236112.7127502 1721236142.8569312
1721236143.8084297 1721236174.408305
1721236175.3265257 1721236197.4568872
1721236198.1266735 1721236224.857569
1721236225.860018 1721236254.7567103
1721236255.6702878 1721236284.0096717
1721236284.9132497 1721236312.4569273
1721236313.0696115 1721236341.858524
1721236342.8755627 1721236377.2566748
1721236378.1668634 1721236398.2082157
1721236398.874898 1721236429.5586724
1721236430.6148152 1721236451.808634
1721236452.512705 1721236488.956697
1721236489.625442 1721236517.708339
1721236518.5729148 1721236549.9072294
1721236550.9178314 1721236580.6566024
1721236581.2620063 1721236606.106522
1721236606.81271 1721236636.8091533
1721236637.914412 1721236665.9566183
1721236666.266289 1721236690.9126613
1721236691.0183244 1721236713.706616
1721236714.5097704 1721236738.4568107
1721236739.110975 1721236766.5570226
1721236767.1249845 1721236798.6565728
1721236799.2076383 1721236825.5620182
1721236826.4212782 1721236842.5564985
1721236843.3192587 1721236872.508225
1721236873.022381 1721236904.5129669
1721236905.5564713 1721236935.006676
1721236935.764287 1721236970.2566473
1721236970.9098494 1721236999.956912
1721237000.7136981 1721237038.4568439
1721237039.26876 1721237068.4066641
1721237068.8779836 1721237086.8091943
1721237087.7214694 1721237120.506661
1721237120.913024 1721237148.0066023
1721237148.4160814 1721237179.261132
1721237180.2133675 1721237207.8566413
1721237208.5181956 1721237240.7572355
1721237241.1611927 1721237264.9585364
1721237266.010876 1721237297.260885
1721237298.2717645 1721237325.7565184
1721237326.5190048 1721237352.3584042
1721237353.0681155 1721237380.056567
1721237380.6754444 1721237408.0568879
1721237408.7702403 1721237436.8097167
1721237437.7113898 1721237468.60905
1721237469.3634217 1721237492.3589525
1721237492.8715656 1721237522.3569624
1721237523.3123512 1721237553.6066508
1721237554.4741814 1721237580.0575113
1721237581.0148318 1721237611.1607275
1721237612.173536 1721237647.4607837
1721237647.71182 1721237682.8064692
1721237683.4730926 1721237710.4068975
1721237711.2566195 1721237739.4582028
1721237740.3212626 1721237776.457847
1721237777.3698277 1721237796.8066661
1721237797.6653364 1721237837.1615658
1721237838.1644309 1721237866.6569664
1721237867.5606434 1721237895.157662
1721237895.8184063 1721237930.460928
1721237931.358221 1721237957.6082382
1721237958.4149086 1721237990.260213
1721237991.1631825 1721238020.3592193
1721238021.3107398 1721238047.6101243
1721238048.5720623 1721238080.8069832
1721238081.5099978 1721238106.3581922
1721238107.3687894 1721238143.206524
1721238143.5622683 1721238176.356727
1721238177.2200494 1721238206.0568554
1721238206.9183004 1721238233.709808
1721238234.720542 1721238262.4066434
1721238263.0729096 1721238298.9065926
1721238299.6670907 1721238325.9582725
1721238327.0162795 1721238350.2081795
1721238351.1580257 1721238374.7568502
1721238375.316363 1721238392.5065086
1721238393.3167057 1721238427.5565982
1721238428.318503 1721238450.4616067
1721238451.5127516 1721238476.0566947
1721238476.8109176 1721238512.3086169
1721238513.211767 1721238537.109717
1721238537.6717894 1721238563.012746
1721238564.017124 1721238592.161922
1721238593.162774 1721238622.109091
1721238622.8185418 1721238648.9567163
1721238649.6128192 1721238677.058478
1721238677.9741616 1721238707.8653288
1721238708.7691746 1721238738.0643787
1721238738.9136665 1721238780.956712
1721238781.7708733 1721238800.161932
1721238801.2616582 1721238828.756896
1721238829.1111333 1721238858.3566573
1721238858.8196018 1721238890.5094314
1721238891.3664842 1721238922.2096033
1721238922.809774 1721238947.0068421
1721238947.5608954 1721238983.7083058
1721238984.419765 1721239010.062294
1721239011.159685 1721239055.6583416
1721239056.667167 1721239074.0568926
1721239074.7674582 1721239097.9589336
1721239098.7660773 1721239125.860545
1721239126.7120457 1721239155.6070032
1721239156.0735931 1721239181.5567214
1721239182.3665557 1721239225.2600348
1721239226.1203973 1721239251.3088808
1721239252.0619879 1721239286.1566422
1721239286.8230011 1721239315.3566718
1721239316.0214272 1721239353.257967
1721239354.0825381 1721239378.8567212
1721239379.7163143 1721239395.3579013
1721239395.8634226 1721239432.6567926
1721239433.5740376 1721239472.1065257
1721239472.6698432 1721239493.7566717
1721239494.221326 1721239524.9570544
1721239525.4082315 1721239550.3083088
1721239551.4174185 1721239587.1600814
1721239588.0139353 1721239607.5598931
1721239607.8729405 1721239636.8069396
1721239637.6215975 1721239672.8068905
1721239673.721813 1721239695.4568994
1721239695.8220549 1721239730.0086513
1721239730.9627197 1721239751.2571154
1721239751.5627775 1721239780.5567672
1721239781.1707923 1721239809.506637
1721239810.3104813 1721239838.8567548
1721239839.3155122 1721239869.35855
1721239870.2742646 1721239898.6565886
1721239899.3636067 1721239936.209009
1721239936.5153823 1721239971.5096202
1721239972.5637813 1721239993.706615
1721239994.5738451 1721240030.3572552
1721240031.057986 1721240062.4619412
1721240063.4142005 1721240091.6091485
1721240092.6108294 1721240125.9587758
1721240126.8199682 1721240146.8568702
1721240147.6066458 1721240179.2065387
1721240179.9200597 1721240208.757087
1721240209.5179722 1721240242.0094242
1721240243.0179062 1721240275.1579509
1721240275.9652665 1721240309.0566864
1721240309.7692487 1721240337.560837
1721240338.5695362 1721240372.4581742
1721240373.0167704 1721240403.8567793
1721240404.4193618 1721240435.8569524
1721240436.4160504 1721240471.6588733
1721240472.5742078 1721240503.2578504
1721240504.1582808 1721240535.5582044
1721240535.627066 1721240554.009621
1721240554.1198678 1721240585.5064607
1721240586.3197498 1721240626.5065985
1721240627.017467 1721240661.5066085
1721240662.318656 1721240690.4567034
1721240691.124152 1721240717.9585717
1721240718.8684876 1721240747.5069718
1721240748.3566105 1721240769.0103648
1721240770.0124009 1721240793.2646866
1721240794.2579706 1721240827.8580008
1721240828.6641095 1721240847.0099058
1721240847.9588308 1721240878.8568153
1721240879.46428 1721240898.7602317
1721240899.5705676 1721240939.9567108
1721240940.5620766 1721240964.6600277
1721240965.2131057 1721240997.7587435
1721240998.4672894 1721241035.9615295
1721241037.0125647 1721241066.8589225
1721241067.2745137 1721241092.7569473
1721241093.4599705 1721241116.8068464
1721241117.5670433 1721241149.0577362
1721241149.8599055 1721241177.0603878
1721241177.9721556 1721241210.7591066
1721241211.458023 1721241242.4594357
1721241243.061101 1721241266.9576283
1721241267.7701387 1721241293.2583091
1721241294.1746519 1721241314.256774
1721241315.1703107 1721241353.2569308
1721241353.7712727 1721241374.4608831
1721241375.3660405 1721241392.2100976
1721241393.067296 1721241427.5105007
1721241428.4240668 1721241454.1608477
1721241455.2099051 1721241481.8567753
1721241482.4237893 1721241521.456626
1721241522.1577497 1721241543.910261
1721241544.9174557 1721241576.80654
1721241577.5699835 1721241597.857048
1721241598.509318 1721241635.5065806
1721241636.2674303 1721241671.3582056
1721241672.111389 1721241691.756847
1721241692.5736532 1721241722.5585866
1721241723.0209997 1721241751.65662
1721241752.2098432 1721241779.756811
1721241780.1165202 1721241810.9579828
1721241811.6648934 1721241839.9596028
1721241840.8176725 1721241872.1084046
1721241873.2201955 1721241890.5627844
1721241891.170176 1721241922.7567549
1721241923.5584831 1721241957.7066352
1721241958.4636295 1721241982.4566925
1721241982.8122494 1721242007.6069496
1721242008.159209 1721242033.961844
1721242035.1199267 1721242062.5568802
1721242062.9611914 1721242103.5583193
1721242104.4725072 1721242125.2065973
1721242126.0617018 1721242146.757056
1721242147.2105815 1721242183.0655532
1721242184.2135954 1721242210.858574
1721242211.8162117 1721242252.3565803
1721242253.0650623 1721242275.856835
1721242276.8742738 1721242309.958148
1721242310.7685564 1721242330.7069583
1721242331.3296325 1721242354.712657
1721242355.6690505 1721242381.058971
1721242381.8093195 1721242430.7066731
1721242431.5652723 1721242444.057277
1721242444.6740546 1721242486.957292
1721242487.4077349 1721242524.5066328
1721242525.3132045 1721242539.9066536
1721242540.622206 1721242568.7571974
1721242569.5718026 1721242606.5611525
1721242607.4565325 1721242634.5121806
1721242635.4784284 1721242660.3088758
1721242661.12107 1721242691.1066747
1721242691.966924 1721242718.4610934
1721242719.5107493 1721242739.4093935
1721242740.370897 1721242760.8600543
1721242761.9065125 1721242779.8565311
1721242780.6088512 1721242805.6591182
1721242806.5585387 1721242838.3567734
1721242838.6675568 1721242879.0582695
1721242879.9172783 1721242906.5066419
1721242907.5184546 1721242940.308274
1721242941.017137 1721242959.7568855
1721242960.523932 1721242993.9567816
1721242994.2737877 1721243030.3570035
1721243030.9636116 1721243067.159026
1721243068.2259285 1721243096.9087608
1721243097.9211764 1721243128.256677
1721243129.0210989 1721243153.7588015
1721243154.7715447 1721243177.7570274
1721243178.4165437 1721243210.0571525
1721243210.619644 1721243240.4068913
1721243241.3121998 1721243272.560242
1721243273.213555 1721243305.1081302
1721243305.9702373 1721243329.8065507
1721243330.2264285 1721243363.4569638
1721243364.2079217 1721243392.359244
1721243392.6676393 1721243417.5566936
1721243417.7621064 1721243445.109606
1721243446.1653714 1721243476.8566706
1721243477.469721 1721243500.1569428
1721243500.86303 1721243536.6568305
1721243537.0126047 1721243565.6069255
1721243565.8582408 1721243597.8616228
1721243598.874138 1721243628.8608382
1721243629.7121253 1721243658.4569674
1721243659.2586713 1721243683.8567624
1721243684.421392 1721243711.361799
1721243712.4151216 1721243738.4082541
1721243739.3147075 1721243772.5581214
1721243772.6310759 1721243808.7577755
1721243809.262448 1721243838.1580267
1721243838.5160062 1721243865.458248
1721243865.5714607 1721243899.6569815
1721243900.5726266 1721243928.4569037
1721243929.1763637 1721243951.4569373
1721243952.2115498 1721243975.0571482
1721243975.716856 1721244008.0624893
1721244008.559191 1721244032.5106106
1721244033.4692857 1721244065.856624
1721244066.567186 1721244094.3568614
1721244094.870046 1721244126.4610639
1721244127.3223004 1721244153.4591758
1721244154.3674285 1721244191.206608
1721244192.0212348 1721244220.3581593
1721244221.0636876 1721244243.760508
1721244244.7596838 1721244272.908422
1721244273.821957 1721244297.0565567
1721244298.0088117 1721244328.7576766
1721244329.622611 1721244361.9087727
1721244362.2085862 1721244394.1578321
1721244394.7265234 1721244423.9565465
1721244424.6593516 1721244449.5625465
1721244450.5713902 1721244480.909201
1721244481.8683636 1721244517.106662
1721244518.0154028 1721244545.4566455
1721244546.4143796 1721244569.808779
1721244570.821634 1721244603.7092977
1721244604.7644668 1721244636.556912
1721244637.1164606 1721244662.0066628
1721244662.7182467 1721244694.4099016
1721244694.815386 1721244723.2571957
1721244723.969829 1721244755.7068682
1721244756.5217566 1721244789.3586655
1721244790.1093554 1721244815.8568528
1721244816.7694545 1721244846.806609
1721244847.5119312 1721244879.4065745
1721244879.8742034 1721244904.2601893
1721244905.4110699 1721244945.5567026
1721244946.4658778 1721244982.1584992
1721244982.6199913 1721245014.5586247
1721245015.465913 1721245037.156669
1721245037.962201 1721245061.4607384
1721245062.3631365 1721245102.2607498
1721245103.3118858 1721245119.256792
1721245119.9625938 1721245159.6065083
1721245160.4122257 1721245193.056985
1721245193.5588334 1721245219.8583653
1721245220.714417 1721245243.5566697
1721245244.4659138 1721245274.056792
1721245274.7218864 1721245293.756913
1721245294.6106076 1721245321.109149
1721245321.566887 1721245357.2580676
1721245358.009488 1721245379.1079302
1721245380.1099064 1721245402.7088902
1721245403.6733427 1721245428.6068933
1721245428.7261262 1721245462.9085279
1721245463.713656 1721245503.3569782
1721245504.065583 1721245530.3567204
1721245530.7240233 1721245557.25673
1721245557.6716936 1721245590.2584276
1721245591.1671915 1721245617.158127
1721245617.9737206 1721245649.0065134
1721245649.7129886 1721245687.9566011
1721245688.7075043 1721245708.510191
1721245709.6097631 1721245748.7583466
1721245749.2627037 1721245763.1086278
1721245763.966346 1721245802.8080604
1721245803.3651395 1721245834.9584906
1721245835.763208 1721245864.8585033
1721245865.3738327 1721245891.1066566
1721245891.6691246 1721245931.9595425
1721245932.6110637 1721245958.1066113
1721245958.9222438 1721245981.9609134
1721245983.0224137 1721246003.75684
1721246004.5261517 1721246024.6568308
1721246025.5090673 1721246057.706935
1721246058.7079258 1721246083.0567183
1721246083.7172184 1721246110.6088247
1721246111.166338 1721246149.9577515
1721246150.8614254 1721246165.8066547
1721246166.5647469 1721246209.5577416
1721246210.3600194 1721246230.4597228
1721246230.766842 1721246269.458655
1721246270.207296 1721246294.9605167
1721246295.821339 1721246319.4566545
1721246320.0686877 1721246341.706638
1721246342.4688077 1721246373.1072304
1721246373.3212883 1721246399.4568028
1721246400.0123017 1721246420.1614277
1721246420.6292257 1721246447.0615056
1721246447.515207 1721246476.957744
1721246477.4738681 1721246512.2569344
1721246513.1265383 1721246534.3568695
1721246534.8788352 1721246561.3573203
1721246561.9165282 1721246591.8569252
1721246592.7112138 1721246618.1569073
1721246618.757267 1721246651.7570002
1721246652.3732448 1721246674.9102232
1721246675.9582121 1721246704.156807
1721246704.72065 1721246735.406656
1721246735.95882 1721246755.0065835
1721246755.6226337 1721246787.656614
1721246788.372343 1721246815.3586168
1721246816.2728043 1721246857.7570703
1721246858.3615746 1721246884.9101553
1721246885.8098228 1721246914.956574
1721246915.7137158 1721246948.557412
1721246948.9653444 1721246974.1607754
1721246974.8619971 1721247003.6087499
1721247004.312869 1721247036.3093941
1721247037.4221382 1721247069.1066413
1721247069.9111645 1721247093.758122
1721247094.6646852 1721247127.5588388
1721247128.4143732 1721247151.2141805
1721247152.1655266 1721247185.6601906
1721247186.564012 1721247213.0097551
1721247214.0772853 1721247242.556872
1721247243.3602273 1721247278.5567048
1721247279.6093085 1721247309.159
1721247309.916731 1721247335.9567757
1721247336.8139558 1721247367.1068676
1721247367.8580844 1721247394.406497
1721247394.8189578 1721247418.2582078
1721247418.9069617 1721247455.4567728
1721247456.2198088 1721247479.5580578
1721247480.117265 1721247500.4612052
1721247501.358201 1721247533.8590915
1721247534.822979 1721247565.8582351
1721247566.7095792 1721247593.5065937
1721247594.161682 1721247615.0568006
1721247615.9073818 1721247648.2565696
1721247648.9577384 1721247670.861603
1721247671.9165328 1721247715.9584126
1721247716.8123238 1721247739.35838
1721247740.2614365 1721247764.5070963
1721247765.227595 1721247797.2611327
1721247797.6623313 1721247828.1090534
1721247829.1195724 1721247861.662629
1721247862.7659361 1721247893.108727
1721247894.1121984 1721247922.4566789
1721247923.415965 1721247960.3584893
1721247961.0666592 1721247986.861224
1721247987.8729653 1721248015.457217
1721248016.16315 1721248052.306634
1721248053.1117122 1721248086.3072476
1721248087.2072568 1721248109.6650877
1721248110.762863 1721248146.6583219
1721248147.310742 1721248182.0066056
1721248182.8147247 1721248215.2134638
1721248216.2593899 1721248236.1597342
1721248236.2128005 1721248269.35834
1721248270.2612824 1721248300.0568347
1721248300.962742 1721248325.6583517
1721248326.3625808 1721248354.4569044
1721248355.3622148 1721248374.556646
1721248375.519981 1721248410.1572046
1721248411.0162656 1721248444.5093544
1721248445.5209167 1721248478.5065615
1721248479.0785203 1721248503.6068304
1721248504.269984 1721248529.656685
1721248530.5659244 1721248558.3092878
1721248559.2715123 1721248590.0590367
1721248591.022491 1721248625.206669
1721248626.0657108 1721248657.4066563
1721248658.1708558 1721248682.8583527
1721248683.8210018 1721248719.9565198
1721248720.2181091 1721248749.306476
1721248749.964146 1721248784.7097702
1721248785.7132957 1721248820.8066201
1721248821.6115072 1721248843.6106076
1721248844.5119958 1721248880.0567918
1721248880.5699902 1721248913.7567248
1721248914.7215974 1721248930.3066494
1721248931.2112455 1721248969.4577436
1721248969.7622168 1721248996.0065823
1721248996.7197256 1721249025.761676
1721249026.3759983 1721249055.556609
1721249056.319433 1721249082.2574518
1721249083.0633264 1721249118.8130774
1721249119.7123632 1721249137.0566354
1721249137.6120558 1721249169.5566666
1721249170.2102647 1721249198.7588308
1721249199.5182185 1721249231.1568573
1721249231.7666922 1721249255.0108116
1721249255.7148027 1721249286.0102088
1721249286.962423 1721249311.1066754
1721249311.6260045 1721249338.3601272
1721249339.1248217 1721249362.3065577
1721249363.1683397 1721249397.806588
1721249398.562541 1721249428.061116
1721249428.9152591 1721249456.7087932
1721249457.5201743 1721249487.5618558
1721249488.4692047 1721249511.4066436
1721249512.0714014 1721249540.458119
1721249540.8166964 1721249572.1566336
1721249572.7154188 1721249598.5619369
1721249599.7202544 1721249630.6565297
1721249631.1679506 1721249652.760129
1721249653.5138187 1721249685.258498
1721249685.8119705 1721249709.0578477
1721249709.4703965 1721249739.4066
1721249739.9646516 1721249771.2084584
1721249772.0729313 1721249799.8624618
1721249800.068309 1721249830.408911
1721249831.3659213 1721249854.559035
1721249854.9773893 1721249885.7584822
1721249886.4080493 1721249919.0582607
1721249920.1077123 1721249943.0612278
1721249943.9703012 1721249984.108757
1721249985.0095258 1721250017.6085427
1721250018.4124734 1721250050.4094293
1721250051.517499 1721250079.9067965
1721250080.6786447 1721250106.2614286
1721250107.2216988 1721250137.4069235
1721250137.5146422 1721250174.9572587
1721250175.763098 1721250206.1567576
1721250207.1593924 1721250226.857049
1721250227.2685707 1721250259.2083075
1721250260.0229867 1721250297.2092814
1721250298.160402 1721250313.3568547
1721250314.0156682 1721250349.7571926
1721250350.210338 1721250383.258181
1721250383.8199737 1721250407.1567216
1721250407.8125777 1721250436.656469
1721250437.2612765 1721250476.0088627
1721250476.662827 1721250508.258933
1721250508.4699407 1721250544.2582977
1721250545.1199749 1721250571.9080806
1721250572.519779 1721250604.0069773
1721250604.8658986 1721250627.1087315
1721250627.6735497 1721250650.5584073
1721250651.3251355 1721250678.6089017
1721250679.3181477 1721250710.25691
1721250711.1087012 1721250732.6567512
1721250733.2130969 1721250771.5065997
1721250772.1693885 1721250810.0609515
1721250811.120153 1721250851.9065974
1721250852.7622662 1721250877.6567907
1721250878.6121662 1721250911.356627
1721250912.2130618 1721250946.3602417
1721250947.4141655 1721250973.0066454
1721250973.8143709 1721251010.856698
1721251011.8211746 1721251032.056906
1721251032.7582045 1721251075.3585632
1721251076.375376 1721251100.5589528
1721251101.0263855 1721251132.3569667
1721251133.3109114 1721251152.1590009
1721251152.769321 1721251187.3609495
1721251188.314792 1721251225.2566495
1721251226.1607342 1721251260.510599
1721251261.51602 1721251287.6620834
1721251288.7262502 1721251327.5105617
1721251328.1673977 1721251354.8567169
1721251355.6616888 1721251379.8144999
1721251380.7069998 1721251400.158262
1721251401.0700467 1721251429.660534
1721251430.7679572 1721251456.2590075
1721251456.8109164 1721251488.5568845
1721251489.410399 1721251524.258921
1721251524.6734438 1721251548.50667
1721251549.2684712 1721251586.660558
1721251587.7653344 1721251608.2583272
1721251609.0119991 1721251633.6089046
1721251634.4630795 1721251659.4103003
1721251660.4576917 1721251691.4069982
1721251692.367653 1721251726.3069258
1721251727.157843 1721251757.9565601
1721251758.7639115 1721251778.7610416
1721251779.7178295 1721251807.1626332
1721251808.1151316 1721251838.0571575
1721251838.816621 1721251868.0576143
1721251868.8612554 1721251888.9578848
1721251889.9578955 1721251929.061079
1721251929.9637487 1721251953.5568678
1721251953.8154192 1721251984.2569761
1721251984.7589521 1721252015.4568112
1721252016.0075464 1721252045.5575168
1721252045.9701934 1721252082.95862
1721252083.9566426 1721252111.356616
1721252111.6747746 1721252149.50664
1721252150.2101283 1721252180.2065983
1721252181.1612196 1721252205.406876
1721252205.6691291 1721252241.2567143
1721252242.0773535 1721252269.909028
1721252270.908447 1721252301.0583296
1721252301.7148652 1721252333.8622313
1721252334.7564862 1721252366.0568564
1721252366.9121094 1721252386.7567773
1721252387.6624744 1721252421.2567163
1721252421.822603 1721252459.7584085
1721252460.7601643 1721252486.5066159
1721252487.207791 1721252514.8069377
1721252515.6186268 1721252532.4610226
1721252533.4655495 1721252560.9618447
1721252561.9693356 1721252591.560142
1721252592.5202565 1721252618.9583716
1721252619.8252816 1721252646.1574736
1721252646.7207823 1721252675.458337
1721252676.3215797 1721252716.357933
1721252716.7115705 1721252750.7569237
1721252751.6654809 1721252781.158034
1721252782.0610745 1721252809.4068322
1721252809.6587305 1721252852.1609282
1721252853.2644746 1721252871.3085144
1721252872.160197 1721252907.66293
1721252908.4292672 1721252932.457237
1721252933.3264954 1721252972.158491
1721252973.108734 1721253006.1573415
