1776138993.022897 1776139043.025841
1776139048.0311701 1776139096.876584
1776139104.8847902 1776139152.8321204
1776139155.8353205 1776139197.884851
1776139204.8920975 1776139249.4798079
1776139251.4805317 1776139314.9454315
1776139321.9462557 1776139366.4085863
1776139370.41279 1776139413.8350925
1776139418.8403 1776139461.6123388
1776139465.612686 1776139505.082961
1776139505.0831044 1776139550.125989
1776139554.1296506 1776139604.1221917
1776139610.1263397 1776139658.7423441
1776139658.74248 1776139701.5974612
1776139705.6016018 1776139752.440913
1776139760.446346 1776139795.9701312
1776139797.9703972 1776139850.7720222
1776139850.7721057 1776139899.7241688
1776139899.7243109 1776139949.1654947
1776139959.1756582 1776140001.804216
1776140008.811435 1776140051.038277
1776140055.0424716 1776140107.9068105
1776140115.907377 1776140154.8494136
1776140160.8556042 1776140203.8092384
1776140210.8163648 1776140249.6452432
1776140250.6463754 1776140297.1086395
1776140301.1091232 1776140353.9312897
1776140362.9383419 1776140411.8512728
1776140418.8584461 1776140465.064433
1776140470.0696514 1776140519.1317403
1776140526.1388679 1776140573.4741042
1776140578.478337 1776140623.4505055
1776140632.4596186 1776140681.3074567
1776140684.3106415 1776140736.3028543
1776140742.3033195 1776140781.2320294
1776140784.234336 1776140827.1202807
1776140830.123406 1776140876.1193635
1776140879.1223536 1776140926.895415
1776140933.9025464 1776140971.7610445
1776140981.7712402 1776141023.2171757
1776141029.223324 1776141072.0477612
1776141072.0479307 1776141121.438472
1776141131.448673 1776141169.4778244
1776141175.4839907 1776141216.19999
1776141222.206142 1776141262.6389072
1776141271.6480942 1776141296.706436
1776141301.7116182 1776141350.415748
1776141354.4199357 1776141401.7428598
1776141403.7450314 1776141458.2317228
1776141460.2338946 1776141504.6533804
1776141514.6635315 1776141562.1451652
1776141564.1473606 1776141612.4593494
1776141615.4623463 1776141661.8506422
1776141662.8517892 1776141713.2552402
1776141716.2584112 1776141756.37956
1776141760.3823564 1776141810.5568929
1776141817.5575418 1776141855.4065623
1776141861.4127614 1776141908.9248667
1776141912.9290264 1776141945.3205018
1776141949.3246832 1776142006.039714
1776142016.046343 1776142053.4023132
1776142055.4045134 1776142109.8252947
1776142119.8354223 1776142160.3712049
1776142169.3788295 1776142203.176698
1776142208.1783412 1776142255.041087
1776142256.042283 1776142301.2747014
1776142302.2759588 1776142347.4498336
1776142354.456966 1776142393.3947222
1776142403.404861 1776142440.1872382
1776142443.1904798 1776142485.734792
1776142495.7449572 1776142518.890961
1776142521.8941143 1776142566.711332
1776142573.718378 1776142621.3494673
1776142627.3556561 1776142674.91305
1776142680.9192383 1776142715.6119192
1776142723.6200554 1776142761.9315548
1776142766.9343407 1776142816.5280917
1776142819.5312228 1776142866.3048453
1776142871.3100321 1776142916.9457002
1776142917.9468963 1776142966.1756086
1776142966.1757112 1776143007.012806
1776143014.0198793 1776143062.9791713
1776143068.985313 1776143117.4893572
1776143118.4905615 1776143168.3453422
1776143176.3535283 1776143222.4980733
1776143225.4983401 1776143280.7842963
1776143290.7873378 1776143333.2849874
1776143338.285219 1776143371.8940554
1776143377.9002345 1776143421.1707299
1776143427.17693 1776143481.7022154
1776143490.7113864 1776143527.3723962
1776143532.374349 1776143580.9876416
1776143586.9905398 1776143635.2125127
1776143645.2227023 1776143679.907421
1776143679.9075696 1776143729.3019958
1776143734.3063486 1776143777.692069
1776143777.692228 1776143818.258278
1776143825.2623546 1776143874.155513
1776143883.164706 1776143921.4257767
1776143927.4318998 1776143964.1238272
