1776138982.5765529 1776139036.851072
1776139043.8583295 1776139096.2392018
1776139106.2493217 1776139149.8854446
1776139155.890343 1776139204.0469038
1776139207.0500348 1776139254.0744164
1776139256.0750687 1776139310.0342507
1776139317.0383332 1776139370.8904786
1776139378.898392 1776139414.0223134
1776139424.0225646 1776139452.712884
1776139460.713349 1776139504.1254478
1776139513.1346092 1776139553.770233
1776139556.7731051 1776139601.2696064
1776139601.269687 1776139656.1643066
1776139661.169519 1776139701.173717
1776139710.182985 1776139754.642999
1776139762.6511893 1776139798.221602
1776139808.2248535 1776139848.3193755
1776139853.3244944 1776139897.3600013
1776139898.3604712 1776139948.9158027
1776139951.9189975 1776140002.3910682
1776140007.3961957 1776140058.7902503
1776140061.7934372 1776140106.3310544
1776140108.331498 1776140153.5007594
1776140156.5023434 1776140201.40119
1776140209.4063728 1776140254.5862005
1776140257.5893273 1776140300.4642909
1776140301.4654558 1776140359.3170793
1776140364.3222783 1776140410.3551724
1776140411.3556144 1776140464.9168608
1776140467.9199827 1776140520.404502
1776140523.4063416 1776140574.1539726
1776140581.154314 1776140621.532625
1776140629.5385752 1776140673.2254024
1776140680.230404 1776140731.5729222
1776140733.573222 1776140778.6042569
1776140781.606338 1776140823.5283098
1776140826.5291808 1776140878.9779022
1776140883.9830365 1776140927.7886548
1776140933.7948613 1776140968.638609
1776140978.6487553 1776141021.788042
1776141031.7943583 1776141058.837681
1776141067.8468425 1776141119.237129
1776141127.242347 1776141167.1013806
1776141169.1021557 1776141208.730617
1776141218.740798 1776141262.6793878
1776141266.6835825 1776141309.0180953
1776141316.0252547 1776141353.914159
1776141355.9143534 1776141389.236612
1776141391.238808 1776141457.963182
1776141464.970331 1776141507.3993926
1776141509.3998177 1776141550.0303717
1776141556.0365832 1776141598.6897361
1776141603.694454 1776141653.5816476
1776141660.586334 1776141711.4710066
1776141714.4716902 1776141757.9828923
1776141760.9861057 1776141803.0586557
1776141813.0687692 1776141852.5354042
1776141860.5356371 1776141900.794479
1776141909.802333 1776141950.0419388
1776141950.0420535 1776141995.727698
1776142001.7338474 1776142054.1474414
1776142061.1478353 1776142102.7370586
1776142107.7423546 1776142160.0492086
1776142160.0493698 1776142201.0362267
1776142203.0383635 1776142256.4981806
1776142257.4994447 1776142302.1399465
1776142312.1404307 1776142349.0395448
1776142351.0412946 1776142395.094039
1776142405.1041813 1776142442.2281032
1776142443.2292876 1776142487.1897109
1776142492.190258 1776142533.8117268
1776142538.8168426 1776142562.8379476
1776142570.846133 1776142624.465879
1776142628.4700797 1776142674.8547664
1776142676.8569567 1776142720.4762142
1776142720.4763706 1776142763.7410872
1776142767.745211 1776142810.1202252
1776142810.1203668 1776142868.5402389
1776142873.5423794 1776142917.621054
1776142921.6252673 1776142968.1033878
1776142976.1103354 1776143015.249057
1776143019.249542 1776143066.3874965
1776143074.3943403 1776143114.7205682
1776143116.7210057 1776143155.5821574
1776143162.5893986 1776143227.0300345
1776143237.030535 1776143279.6389256
1776143286.642651 1776143326.821785
1776143327.8229733 1776143378.7018425
1776143385.7063344 1776143429.0885868
1776143429.0887413 1776143479.8106415
1776143482.8138363 1776143534.223173
1776143541.2239478 1776143581.2207778
1776143591.2212791 1776143639.8169982
1776143648.822341 1776143680.2402198
1776143685.243074 1776143725.9198725
1776143734.9290156 1776143773.9508526
1776143780.958031 1776143826.9033332
1776143829.9037125 1776143872.000735
1776143878.0069396 1776143919.578331
1776143927.5864348 1776143962.2603347
