1776138993.4698195 1776139039.1751513
1776139040.176428 1776139097.1418693
1776139100.1423352 1776139150.4425106
1776139157.4463453 1776139198.6794538
1776139207.6886473 1776139254.8691108
1776139259.874571 1776139311.9564862
1776139320.9657311 1776139370.7452464
1776139377.7523682 1776139401.5085034
1776139402.5091896 1776139454.6976564
1776139463.7068925 1776139505.480591
1776139513.4863448 1776139551.9607596
1776139556.9633582 1776139597.8555338
1776139606.8647313 1776139656.9940088
1776139665.994601 1776139707.284367
1776139715.2903297 1776139754.3311088
1776139758.3316064 1776139804.7943501
1776139807.797512 1776139853.2254717
1776139854.2263455 1776139906.6752687
1776139906.6754076 1776139949.8277745
1776139959.8343642 1776139998.79257
1776140004.7943504 1776140058.9178514
1776140060.9183161 1776140101.6326187
1776140110.6383774 1776140151.8846567
1776140156.8898351 1776140192.15215
1776140198.15826 1776140253.6084287
1776140257.6126115 1776140304.7709408
1776140312.7791445 1776140359.9848967
1776140368.9940503 1776140401.1762223
1776140410.1765566 1776140465.4409354
1776140471.4423363 1776140519.6476402
1776140524.650334 1776140566.2617648
1776140573.2689455 1776140616.9969594
1776140624.00421 1776140672.4822543
1776140675.4854271 1776140731.1763382
1776140735.1805282 1776140766.4322906
1776140774.4383352 1776140828.0312865
1776140830.0334396 1776140878.7013915
1776140881.7045524 1776140919.3599095
1776140927.3680832 1776140972.0314088
1776140975.034557 1776141017.8318954
1776141019.834027 1776141055.7512844
1776141056.7523959 1776141116.531889
1776141116.5320249 1776141167.6729653
1776141174.6801376 1776141213.2820675
1776141222.2912471 1776141249.751618
1776141253.7543929 1776141308.0454779
1776141318.046242 1776141350.529915
1776141356.5360231 1776141403.8331227
1776141405.834481 1776141454.375833
1776141464.386006 1776141508.7268198
1776141514.732982 1776141564.7952263
1776141565.7963612 1776141611.2421188
1776141620.250337 1776141658.6683545
1776141667.6703575 1776141712.393081
1776141719.3941755 1776141752.786336
1776141755.7895083 1776141809.3472311
1776141815.347723 1776141856.9822812
1776141863.9854207 1776141903.429987
1776141909.4361653 1776141959.5095396
1776141965.5157278 1776142005.4894786
1776142006.4900193 1776142051.320482
1776142051.3206236 1776142104.2759926
1776142105.276841 1776142159.3361254
1776142166.3433008 1776142206.1585786
1776142212.1647522 1776142251.2934647
1776142255.2976358 1776142299.918801
1776142300.9199858 1776142350.359199
1776142354.3633041 1776142396.4013164
1776142405.4104805 1776142439.0722673
1776142443.0764687 1776142488.1162534
1776142488.1163914 1776142525.3178296
1776142535.3258083 1776142575.8134584
1776142584.8226304 1776142622.8208735
1776142631.8301 1776142672.7122543
1776142682.7223349 1776142713.3062682
1776142714.3066316 1776142757.0861268
1776142766.0953393 1776142811.1340883
1776142812.1352744 1776142868.8376794
1776142874.8426836 1776142904.5292146
1776142905.5303771 1776142964.7357683
1776142970.741925 1776143014.3562558
1776143022.3644402 1776143065.9066422
1776143075.916763 1776143113.8139277
1776143123.8223407 1776143159.4887214
1776143165.4949236 1776143224.012334
1776143233.0214796 1776143275.519369
1776143283.5263388 1776143325.5931304
1776143330.5962946 1776143379.5816064
1776143388.5907273 1776143427.0834875
1776143427.0836198 1776143480.8252468
1776143483.8263357 1776143534.1976628
1776143536.1998353 1776143586.8357785
1776143589.838904 1776143634.513748
1776143640.518351 1776143681.2484457
1776143689.253715 1776143729.46588
1776143735.4716568 1776143780.574943
1776143785.5801208 1776143823.1815894
1776143833.1917715 1776143865.958621
1776143867.960732 1776143919.361397
1776143925.367578 1776143971.329928
