1753800107.4761865 1753800137.367436
1753800137.367462 1753800172.7820334
1753800172.7820528 1753800208.8838794
1753800208.883899 1753800253.0026097
1753800253.0026534 1753800286.1414392
1753800286.1414607 1753800315.2606585
1753800315.2606783 1753800343.2539792
1753800343.2540026 1753800368.1127381
1753800368.1127605 1753800393.741516
1753800393.7415347 1753800422.4132667
1753800422.4132917 1753800454.4582653
1753800454.4582937 1753800482.3896348
1753800482.389661 1753800511.2472737
1753800511.2472947 1753800538.1146426
1753800538.114662 1753800570.8682127
1753800570.868238 1753800598.0253656
1753800598.0253863 1753800626.396293
1753800626.3963192 1753800653.4271653
1753800653.4271848 1753800680.9006436
1753800680.9006705 1753800705.2211745
1753800705.2211957 1753800728.2971616
1753800728.2971838 1753800752.0322185
1753800752.0322392 1753800782.159363
1753800782.1593907 1753800805.2391806
1753800805.2392008 1753800830.0665903
1753800830.066619 1753800852.980024
1753800852.9800453 1753800877.803616
1753800877.8036408 1753800902.9833875
1753800902.9834087 1753800927.5862966
1753800927.5863235 1753800950.5085328
1753800950.508554 1753800975.5549998
1753800975.5550237 1753800999.7672837
1753800999.767306 1753801024.141234
1753801024.141256 1753801047.3860006
1753801047.3860233 1753801070.9732277
1753801070.9732504 1753801101.975655
1753801101.9756742 1753801142.6215475
1753801142.6215732 1753801173.8600953
1753801173.8601146 1753801208.334198
1753801208.3342197 1753801243.3628867
1753801243.3629076 1753801278.2581382
1753801278.258157 1753801315.687545
1753801315.6875737 1753801359.80594
1753801359.8059657 1753801394.9989781
1753801394.9989996 1753801430.7198935
1753801430.7199137 1753801467.7133327
1753801467.713357 1753801509.071216
1753801509.071248 1753801545.3867478
1753801545.3867838 1753801578.208889
1753801578.208913 1753801613.2042844
1753801613.2043068 1753801644.7994576
1753801644.799485 1753801680.377714
1753801680.3777397 1753801710.6862314
1753801710.6862526 1753801744.0646958
1753801744.0647202 1753801776.9976225
1753801776.9976437 1753801808.7228994
1753801808.7229247 1753801838.6587005
1753801838.6587377 1753801869.529103
1753801869.5291228 1753801899.7124348
1753801899.7124562 1753801935.8892763
1753801935.8893 1753801961.9210527
1753801961.9210732 1753801997.711188
1753801997.7112129 1753802028.8263044
1753802028.8263268 1753802061.6763625
1753802061.6763837 1753802092.1290326
1753802092.1290593 1753802122.6227264
1753802122.6227455 1753802153.0586028
1753802153.0586247 1753802181.4100668
1753802181.4100883 1753802212.1975944
1753802212.1976147 1753802235.3674831
1753802235.3675077 1753802261.2125998
1753802261.2126226 1753802290.1865118
1753802290.1865304 1753802315.4949899
1753802315.4950144 1753802340.396043
1753802340.3960626 1753802367.976144
1753802367.9761698 1753802395.1254148
1753802395.1254385 1753802422.4383109
1753802422.4383326 1753802449.1753154
1753802449.1753378 1753802475.9245977
1753802475.924637 1753802503.0777931
1753802503.0778165 1753802530.7259202
1753802530.7259448 1753802558.1865427
1753802558.186569 1753802585.0041575
1753802585.0041788 1753802613.738194
1753802613.7382257 1753802637.54615
1753802637.5461698 1753802660.5665035
1753802660.5665247 1753802685.8904297
1753802685.8904548 1753802710.3586652
1753802710.358692 1753802735.977708
1753802735.9777277 1753802760.4037273
1753802760.4037516 1753802785.4141622
1753802785.4141815 1753802811.720422
1753802811.7204483 1753802833.9581301
1753802833.9581523 1753802856.5938702
1753802856.5938942 1753802882.9978833
1753802882.997903 1753802908.2835255
1753802908.2835495 1753802931.913419
1753802931.9134429 1753802953.3269024
1753802953.3269212 1753802977.6052773
1753802977.6052992 1753803001.9237986
1753803001.9238193 1753803038.7109764
1753803038.7110023 1753803068.3910296
1753803068.391052 1753803100.7730713
1753803100.7731013 1753803133.5811362
1753803133.5811615 1753803160.9578805
1753803160.9579012 1753803192.4459844
1753803192.4460044 1753803222.7541614
1753803222.7541919 1753803258.7654738
1753803258.7654974 1753803293.604309
1753803293.6043305 1753803336.9000444
1753803336.9000788 1753803372.8716261
1753803372.8716486 1753803406.048076
1753803406.048101 1753803451.6833827
1753803451.683404 1753803489.9135745
1753803489.913611 1753803529.7356129
1753803529.7356403 1753803571.616132
1753803571.616152 1753803610.2669246
1753803610.266959 1753803640.0386312
1753803640.038657 1753803676.9009533
1753803676.9009824 1753803712.6004825
1753803712.6005056 1753803751.38341
1753803751.3834312 1753803791.6774335
1753803791.6774602 1753803825.7520852
1753803825.7521062 1753803864.2343206
1753803864.2343452 1753803899.8446603
1753803899.8446825 1753803938.0449326
1753803938.0449526 1753803978.6496258
1753803978.649652 1753804013.8571827
1753804013.8572042 1753804037.8834348
1753804037.8834543 1753804065.789002
1753804065.789027 1753804094.589819
1753804094.5898376 1753804120.7323353
1753804120.73236 1753804149.173632
1753804149.1736586 1753804174.5452673
1753804174.5452917 1753804201.4070482
1753804201.4070673 1753804227.209465
1753804227.2094889 1753804254.930457
1753804254.9304812 1753804278.761998
1753804278.7620242 1753804301.7705126
1753804301.7705336 1753804326.3104305
1753804326.3104515 1753804353.8348432
1753804353.83487 1753804375.8751645
1753804375.8751857 1753804401.4397721
1753804401.4397938 1753804428.0517716
1753804428.0517938 1753804456.407705
1753804456.4077291 1753804483.7088304
1753804483.7088823 1753804510.4959092
1753804510.495938 1753804536.740728
1753804536.740791 1753804560.6410375
1753804560.6410608 1753804586.1344688
1753804586.1345103 1753804611.6834161
1753804611.6834369 1753804637.1838765
1753804637.1838968 1753804659.3793614
1753804659.3793857 1753804684.304404
1753804684.304425 1753804707.3109858
1753804707.3110108 1753804734.2034206
1753804734.2034407 1753804757.5824895
1753804757.5825138 1753804783.3368893
1753804783.336909 1753804809.7076554
1753804809.7076812 1753804832.4826872
1753804832.4827108 1753804856.3905594
1753804856.390587 1753804884.0761778
1753804884.076219 1753804907.5950966
1753804907.5951247 1753804934.687223
1753804934.687244 1753804960.3822558
1753804960.382276 1753804987.3695717
1753804987.3695965 1753805015.9061737
1753805015.9061925 1753805048.4145603
1753805048.4145887 1753805085.1937616
1753805085.193781 1753805113.2526138
1753805113.2526402 1753805142.6997268
1753805142.6997466 1753805172.756692
1753805172.7567163 1753805202.507669
1753805202.5076873 1753805233.0849433
1753805233.0849686 1753805260.4582975
1753805260.4583204 1753805290.7691827
1753805290.7692063 1753805323.148728
1753805323.1487582 1753805355.7968793
1753805355.7968976 1753805385.3765023
1753805385.3765314 1753805417.9892743
1753805417.9892964 1753805451.6466508
1753805451.6466713 1753805483.7769282
1753805483.7769527 1753805518.0802884
1753805518.080308 1753805556.5440342
1753805556.5440638 1753805592.9381716
1753805592.938196 1753805631.66279
1753805631.662816 1753805665.2215092
1753805665.2215395 1753805706.160769
1753805706.1607969 1753805743.9980164
1753805743.9980419 1753805773.6391878
1753805773.6392093 1753805807.8246765
1753805807.8246984 1753805837.221444
1753805837.2214773 1753805864.7435381
1753805864.7435732 1753805899.590367
1753805899.5903962 1753805931.02383
1753805931.0238564 1753805962.3747368
1753805962.374762 1753805990.758761
1753805990.7587938 1753806021.9049144
1753806021.9049358 1753806050.3146842
1753806050.3147047 1753806080.7253985
1753806080.7254314 1753806111.5401084
1753806111.5401313 1753806137.5323987
1753806137.5324204 1753806166.7980216
1753806166.7980459 1753806192.5078607
1753806192.5078907 1753806224.8492513
1753806224.8492982 1753806251.6950974
1753806251.6951232 1753806284.3476753
1753806284.347698 1753806303.2013237
1753806303.2013516 1753806333.3291092
1753806333.3291514 1753806371.5730398
1753806371.573073 1753806400.87978
1753806400.8798041 1753806428.8361502
1753806428.8361797 1753806458.7581635
1753806458.758184 1753806490.6627162
1753806490.662746 1753806520.0370748
1753806520.0370936 1753806553.451231
1753806553.4512556 1753806591.1286058
1753806591.128636 1753806624.725711
1753806624.7257364 1753806657.9254336
1753806657.925462 1753806691.9966838
1753806691.9967062 1753806727.0533926
1753806727.053413 1753806760.6181655
1753806760.6182144 1753806790.7631216
1753806790.763144 1753806824.0780182
1753806824.0780485 1753806849.7299607
1753806849.729983 1753806878.8277342
1753806878.8277662 1753806906.250162
1753806906.2501822 1753806933.630529
1753806933.63056 1753806959.3403323
1753806959.340356 1753806984.0680954
1753806984.0681171 1753807013.7214165
1753807013.7214446 1753807039.227784
1753807039.227806 1753807064.4554865
1753807064.4555109 1753807093.616271
1753807093.616302 1753807115.346431
1753807115.34645 1753807142.9265943
1753807142.9266243 1753807171.033092
1753807171.0331142 1753807196.5921588
1753807196.5921943 1753807223.3406293
1753807223.3406546 1753807250.2606678
1753807250.2606905 1753807272.7233944
1753807272.7234223 1753807296.8329346
1753807296.8329558 1753807329.027635
1753807329.0276577 1753807355.5675287
1753807355.5675514 1753807385.0550685
1753807385.0550911 1753807409.1124473
1753807409.1124794 1753807437.5564895
1753807437.5565147 1753807472.4588923
1753807472.4589152 1753807495.6308305
1753807495.6308548 1753807521.888676
1753807521.8887048 1753807549.352819
1753807549.352842 1753807578.8798065
1753807578.8798356 1753807596.8628569
1753807596.8628848 1753807622.0847528
1753807622.0847735 1753807648.3185923
1753807648.3186178 1753807675.4519842
1753807675.452011 1753807701.6468222
1753807701.6468437 1753807729.2805288
1753807729.2805598 1753807756.5531015
1753807756.5531218 1753807783.6829736
1753807783.6830013 1753807814.355788
1753807814.3558106 1753807839.3807588
1753807839.3807867 1753807867.2628562
1753807867.2628753 1753807892.2878754
1753807892.2879035 1753807915.6336672
1753807915.633695 1753807937.19655
1753807937.1965785 1753807962.9524472
1753807962.952472 1753807991.9402711
1753807991.9403093 1753808015.6588974
1753808015.6589205 1753808041.217132
1753808041.2171588 1753808061.913354
1753808061.9133797 1753808083.411676
1753808083.4117022 1753808111.1179287
1753808111.1179507 1753808138.0274007
1753808138.027463 1753808163.6180565
1753808163.6180766 1753808192.7518349
1753808192.751863 1753808223.6864629
1753808223.6864834 1753808250.7540698
1753808250.7540927 1753808276.9325738
1753808276.932604 1753808304.3047965
1753808304.3048172 1753808331.4488704
1753808331.4488885 1753808358.033512
1753808358.0335398 1753808384.6940203
1753808384.6940424 1753808413.7093384
1753808413.7093637 1753808444.4990807
1753808444.499105 1753808485.6984737
1753808485.6985018 1753808515.115527
1753808515.1155488 1753808548.7584298
1753808548.7584555 1753808586.3566391
1753808586.3566601 1753808624.070094
1753808624.0701208 1753808661.6003923
1753808661.600413 1753808696.7502806
1753808696.750307 1753808735.1243484
1753808735.1243773 1753808766.0817342
1753808766.0817604 1753808806.733639
1753808806.73366 1753808835.9349625
1753808835.9349883 1753808875.300759
1753808875.300791 1753808896.1635108
1753808896.1635363 1753808933.3033934
1753808933.3034196 1753808969.6661
1753808969.6661265 1753809002.169698
1753809002.1697204 1753809033.860967
1753809033.861004 1753809062.2357397
1753809062.2357643 1753809091.8448126
1753809091.8448327 1753809117.765746
1753809117.765772 1753809145.9496334
1753809145.9496562 1753809176.8629048
1753809176.8629332 1753809208.513933
1753809208.5139542 1753809239.3850067
1753809239.3850257 1753809272.2646897
1753809272.2647495 1753809308.616797
1753809308.6168323 1753809343.1396868
1753809343.139707 1753809376.7924144
1753809376.7924383 1753809413.5250654
1753809413.5250885 1753809447.1565104
1753809447.1565375 1753809479.9442384
1753809479.9442594 1753809507.8178356
1753809507.8178558 1753809542.6597238
1753809542.6597607 1753809574.6716454
1753809574.671675 1753809603.443142
1753809603.4431634 1753809630.6582756
1753809630.6583035 1753809657.583196
1753809657.5832174 1753809680.4844856
1753809680.4845076 1753809707.9531612
1753809707.953189 1753809733.7396233
1753809733.7396464 1753809759.2085264
1753809759.2085571 1753809783.7590857
1753809783.75911 1753809806.6487477
1753809806.6487856 1753809832.8316698
1753809832.8316915 1753809859.3217084
1753809859.3217363 1753809884.8006847
1753809884.8007069 1753809912.165494
1753809912.1655176 1753809938.8979218
1753809938.8979454 1753809964.319669
1753809964.319695 1753809990.5486283
1753809990.5486495 1753810018.0421915
1753810018.0422177 1753810044.3344748
1753810044.3344958 1753810071.3885195
1753810071.3885412 1753810101.807617
1753810101.807646 1753810135.5243917
1753810135.5244143 1753810175.872486
1753810175.8725128 1753810221.4223216
1753810221.4223452 1753810259.660306
1753810259.660327 1753810296.8545833
1753810296.854611 1753810334.1471112
1753810334.1471334 1753810368.2622905
1753810368.2623174 1753810410.50482
1753810410.5048435 1753810447.5694735
1753810447.5694952 1753810491.9330678
1753810491.9330883 1753810524.2440817
1753810524.2441056 1753810564.3575757
1753810564.3576005 1753810602.3394182
1753810602.3394744 1753810637.5943472
1753810637.5943706 1753810674.630973
1753810674.6309955 1753810712.3007364
1753810712.300772 1753810744.1107018
1753810744.110725 1753810771.5232882
1753810771.5233102 1753810797.6096356
1753810797.6096568 1753810824.9878206
1753810824.9878514 1753810854.9362872
1753810854.9363127 1753810883.2026916
1753810883.2027202 1753810916.2590787
1753810916.2590973 1753810945.8526192
1753810945.8526511 1753810975.9368668
1753810975.9368887 1753811001.7520242
1753811001.752048 1753811031.1382315
1753811031.1382568 1753811053.665243
1753811053.6652684 1753811083.2524688
1753811083.2525032 1753811108.3369725
1753811108.3369994 1753811134.5455682
1753811134.5455925 1753811157.6479955
1753811157.6480207 1753811180.8426716
1753811180.842698 1753811204.4162073
1753811204.416234 1753811227.4474716
1753811227.447502 1753811256.0939977
1753811256.094017 1753811280.6602247
1753811280.6602523 1753811304.7546098
1753811304.754629 1753811328.1930058
1753811328.1930242 1753811352.8507593
1753811352.8507898 1753811375.7984757
1753811375.7985027 1753811405.2828112
1753811405.2828367 1753811432.2213793
1753811432.221399 1753811472.0615728
1753811472.0615983 1753811502.539553
1753811502.5395997 1753811535.1585631
1753811535.1585917 1753811567.131344
1753811567.1313705 1753811602.4427955
1753811602.4428155 1753811635.4418337
1753811635.4418545 1753811669.5414014
1753811669.5414345 1753811694.3773801
1753811694.3774004 1753811726.675672
1753811726.675699 1753811760.6036568
1753811760.6036766 1753811797.8491669
1753811797.849191 1753811826.4504495
1753811826.4504704 1753811855.7031035
1753811855.7031262 1753811888.4150746
1753811888.4150982 1753811913.173739
1753811913.1737587 1753811939.6613703
1753811939.661392 1753811971.9431832
1753811971.9432108 1753812004.8982782
1753812004.8983011 1753812037.388546
1753812037.388571 1753812081.748678
1753812081.748715 1753812115.788477
1753812115.7885015 1753812155.623101
1753812155.623127 1753812190.352999
1753812190.3530211 1753812222.2633708
1753812222.2633958 1753812249.7334762
1753812249.7335021 1753812281.6654594
1753812281.6654856 1753812312.5040758
1753812312.5040975 1753812342.6288836
1753812342.628911 1753812378.3332582
1753812378.3332863 1753812407.7586205
1753812407.7586415 1753812436.2084372
1753812436.2084641 1753812465.2081838
1753812465.2082102 1753812492.3844392
1753812492.3844619 1753812525.4618988
1753812525.4619362 1753812555.4760232
1753812555.4760427 1753812582.4205418
1753812582.4205728 1753812608.7942736
1753812608.794294 1753812633.8159804
1753812633.816006 1753812659.1894636
1753812659.1894898 1753812681.651957
1753812681.6519792 1753812704.3239708
1753812704.3240006 1753812730.1847873
1753812730.1848226 1753812752.7374718
1753812752.737492 1753812779.7734823
1753812779.7735112 1753812807.7940614
1753812807.7940836 1753812838.7003732
1753812838.7003968 1753812869.1840222
1753812869.1840467 1753812900.9601765
1753812900.960203 1753812934.7329383
1753812934.7329655 1753812963.183142
1753812963.1831627 1753812990.2091632
1753812990.20919 1753813018.7985427
1753813018.7985685 1753813051.40663
1753813051.4066534 1753813077.940028
1753813077.9400585 1753813110.6373246
1753813110.6373627 1753813141.6544435
1753813141.6544719 1753813173.7224047
1753813173.7224352 1753813207.7504227
1753813207.750443 1753813241.7087905
1753813241.7088149 1753813278.0282393
1753813278.0282624 1753813312.511284
1753813312.5113053 1753813352.201198
1753813352.201224 1753813392.154219
1753813392.1542392 1753813429.3465278
1753813429.346553 1753813468.5725024
1753813468.5725296 1753813506.3609219
1753813506.3609416 1753813538.7264912
1753813538.7265146 1753813566.890651
1753813566.890676 1753813596.2956223
1753813596.295647 1753813623.8548722
1753813623.8548992 1753813650.9611387
1753813650.9611595 1753813676.9261541
1753813676.9261758 1753813701.8912568
1753813701.8913002 1753813727.1281493
1753813727.128175 1753813754.6800175
1753813754.6800473 1753813785.178617
1753813785.1786401 1753813812.0802534
1753813812.0802884 1753813837.3232727
1753813837.3233001 1753813867.0901604
1753813867.0901859 1753813898.469013
1753813898.4690347 1753813926.4477994
1753813926.4478264 1753813951.495138
1753813951.4951599 1753813971.4472032
1753813971.447228 1753813997.643901
1753813997.643922 1753814024.2253313
1753814024.2253551 1753814055.448709
1753814055.4487293 1753814087.693426
1753814087.6934497 1753814124.6810238
1753814124.6810486 1753814169.2935607
1753814169.2935805 1753814204.8082435
1753814204.8082726 1753814243.0351763
1753814243.0351977 1753814280.4877086
1753814280.4877293 1753814321.32591
1753814321.3259351 1753814360.2629657
1753814360.2629862 1753814393.8433757
1753814393.8433995 1753814427.610952
1753814427.6109817 1753814458.9544706
1753814458.954492 1753814488.5066166
1753814488.5066388 1753814515.4656675
1753814515.4656959 1753814548.0510688
1753814548.051091 1753814573.9546168
1753814573.954639 1753814600.9421089
1753814600.9421382 1753814627.0837023
1753814627.0837293 1753814657.3275585
1753814657.3276095 1753814686.7170193
1753814686.7170496 1753814717.8019466
1753814717.8019722 1753814751.3039663
1753814751.3039901 1753814781.081324
1753814781.0813463 1753814818.5629086
1753814818.5629342 1753814851.423961
1753814851.4239833 1753814885.713789
1753814885.7138104 1753814919.8944237
1753814919.8944519 1753814955.7918375
1753814955.7918587 1753814983.7039473
1753814983.7039661 1753815018.2176695
1753815018.217694 1753815058.7288482
1753815058.7288723 1753815092.1843657
1753815092.1843953 1753815123.5586114
1753815123.5586302 1753815158.300809
1753815158.3008385 1753815197.8113174
1753815197.8113441 1753815230.1497781
1753815230.1497996 1753815264.4841661
1753815264.4841895 1753815302.2125697
1753815302.2125895 1753815343.9791567
1753815343.9791806 1753815376.5364022
1753815376.5364296 1753815412.2658238
1753815412.2658453 1753815445.5493612
1753815445.549388 1753815479.3171718
1753815479.3171988 1753815504.8336437
1753815504.8336635 1753815549.0449662
1753815549.0449924 1753815578.9394093
1753815578.9394293 1753815607.5351799
1753815607.5352015 1753815636.2719777
1753815636.2720034 1753815666.584213
1753815666.5842426 1753815693.1591616
1753815693.1591823 1753815720.9276927
1753815720.927721 1753815749.1129725
1753815749.1129956 1753815779.3383355
1753815779.3383553 1753815805.786277
1753815805.7863204 1753815835.4515269
1753815835.4515467 1753815866.3284547
1753815866.3284798 1753815900.6920724
1753815900.692097 1753815930.1346183
1753815930.1346583 1753815957.0076325
1753815957.0076535 1753815979.9912045
1753815979.9912298 1753816007.441437
1753816007.44146 1753816034.8620815
1753816034.862107 1753816067.7186718
1753816067.7186964 1753816093.1753495
1753816093.175374 1753816126.528526
1753816126.5285482 1753816160.4637997
1753816160.4638214 1753816193.7814293
1753816193.7814534 1753816229.6685176
1753816229.6685443 1753816265.0743942
1753816265.0744255 1753816296.4977617
1753816296.4977803 1753816318.1649263
1753816318.164948 1753816346.5526958
1753816346.5527205 1753816375.566162
1753816375.5661879 1753816399.9240549
1753816399.924078 1753816425.612768
1753816425.6127963 1753816450.9890237
1753816450.9890456 1753816475.4394343
1753816475.4394548 1753816499.9822192
1753816499.9822462 1753816525.5812283
1753816525.581264 1753816554.409223
1753816554.409243 1753816584.8833492
1753816584.8833747 1753816621.0069718
1753816621.006992 1753816660.861182
1753816660.861205 1753816698.848559
1753816698.8485875 1753816734.6649232
1753816734.6649442 1753816771.0383596
1753816771.0383794 1753816801.8716063
1753816801.8716316 1753816841.9913685
1753816841.9913898 1753816875.2653215
1753816875.2653484 1753816912.090599
1753816912.090621 1753816947.5079846
1753816947.5080066 1753816981.3504689
1753816981.3504975 1753817016.1269958
1753817016.1270158 1753817048.7386458
1753817048.7386794 1753817082.727934
1753817082.727958 1753817115.5093164
1753817115.509337 1753817146.4994607
1753817146.499486 1753817178.315379
1753817178.3153934 1753817207.9680254
1753817207.9680495 1753817234.247519
1753817234.2475395 1753817260.4480093
1753817260.448037 1753817286.573956
1753817286.573975 1753817314.4187207
1753817314.4187446 1753817341.6382933
1753817341.6383154 1753817371.5276566
1753817371.5276787 1753817398.4706233
1753817398.470646 1753817434.6410117
1753817434.641035 1753817462.2989197
1753817462.2989454 1753817499.688922
1753817499.6889403 1753817536.452806
1753817536.4528341 1753817571.1528718
1753817571.1528912 1753817598.1405818
1753817598.140604 1753817630.1019592
1753817630.1019838 1753817661.2311213
1753817661.2311423 1753817690.9453702
1753817690.9453936 1753817715.5084739
1753817715.5084975 1753817743.3148215
1753817743.3148437 1753817772.1746225
1753817772.1746488 1753817799.1110938
1753817799.1111176 1753817825.5668154
1753817825.566869 1753817849.8392584
1753817849.8392787 1753817881.0557132
1753817881.0557387 1753817903.2739825
1753817903.2740057 1753817926.866582
1753817926.866605 1753817956.439384
1753817956.4394076 1753817985.371414
1753817985.3714395 1753818013.931455
1753818013.9314752 1753818036.3644178
1753818036.3644536 1753818064.9333775
1753818064.9333978 1753818089.1124527
1753818089.1124752 1753818117.8409598
1753818117.840986 1753818143.406024
1753818143.4060435 1753818168.7128482
1753818168.7128756 1753818193.7725663
1753818193.7725859 1753818217.4687207
1753818217.4687457 1753818241.2407525
1753818241.2407804 1753818265.648191
1753818265.6482139 1753818289.2981417
1753818289.2981691 1753818313.2950544
1753818313.2950754 1753818337.1221895
1753818337.1222107 1753818360.894634
1753818360.8946598 1753818390.1255207
1753818390.125543 1753818415.7409062
1753818415.7409432 1753818443.760795
1753818443.7608283 1753818469.7039247
1753818469.7039502 1753818496.6652162
1753818496.6652384 1753818521.2906349
1753818521.2906594 1753818546.174449
1753818546.1744685 1753818571.923731
1753818571.923756 1753818599.403327
1753818599.403352 1753818625.1428614
1753818625.1428926 1753818653.5906456
1753818653.5906675 1753818675.9990902
1753818675.9991186 1753818698.269272
1753818698.2692904 1753818727.6567547
1753818727.656785 1753818756.603981
1753818756.6040013 1753818777.8361635
1753818777.8361855 1753818803.095857
1753818803.095883 1753818830.4908178
1753818830.4908373 1753818857.4994884
1753818857.4995124 1753818884.3147702
1753818884.3147972 1753818910.5667284
1753818910.5667572 1753818938.5022142
1753818938.5022354 1753818964.6172805
1753818964.617305 1753818990.1360612
1753818990.1360857 1753819021.6022146
1753819021.6022418 1753819051.328421
1753819051.3284445 1753819076.8693552
1753819076.8693883 1753819106.5052352
1753819106.5052555 1753819135.2354736
1753819135.2355068 1753819159.8496304
1753819159.849651 1753819188.4320374
1753819188.4320648 1753819216.5449424
1753819216.544964 1753819247.295651
1753819247.295676 1753819286.9500449
1753819286.9500692 1753819316.6701055
1753819316.6701293 1753819351.1149673
1753819351.1150043 1753819384.089311
1753819384.0893316 1753819417.1885364
1753819417.188561 1753819446.557828
1753819446.557854 1753819474.5226574
1753819474.5226867 1753819502.7303848
1753819502.7304068 1753819527.7154052
1753819527.7154276 1753819551.9512994
1753819551.9513235 1753819581.2407813
1753819581.240815 1753819606.250941
1753819606.250966 1753819631.32862
1753819631.3286602 1753819653.2809148
1753819653.2809396 1753819673.7025023
1753819673.7025287 1753819697.2011285
1753819697.2011526 1753819719.6793506
1753819719.679378 1753819746.795718
1753819746.795742 1753819777.259965
1753819777.2599847 1753819802.7980814
1753819802.7981064 1753819828.830822
1753819828.830844 1753819855.5207996
1753819855.5208282 1753819878.1618028
1753819878.1618328 1753819904.5047348
1753819904.5047576 1753819932.4850504
1753819932.4850812 1753819959.3944566
1753819959.3944926 1753819988.7925913
1753819988.7926185 1753820014.3523397
1753820014.3523705 1753820045.0757933
1753820045.075818 1753820074.3705497
1753820074.3705714 1753820102.7152011
1753820102.715249 1753820126.9151964
1753820126.9152205 1753820156.7709618
1753820156.7709906 1753820182.0128798
1753820182.0129087 1753820210.6270587
1753820210.6270814 1753820241.5677001
1753820241.5677347 1753820270.1638389
1753820270.1638587 1753820294.780238
1753820294.7802591 1753820323.7335906
1753820323.7336214 1753820351.3111808
1753820351.311203 1753820383.8103466
1753820383.8103728 1753820413.285238
1753820413.2852595 1753820441.7088134
1753820441.708835 1753820470.5034688
1753820470.5034986 1753820498.558822
1753820498.5588446 1753820523.9694462
1753820523.9694717 1753820551.9275773
1753820551.927605 1753820579.0919802
1753820579.0920103 1753820604.1524503
1753820604.1524758 1753820630.7602115
1753820630.7602372 1753820662.8916836
1753820662.891726 1753820695.6443958
1753820695.644419 1753820730.810817
1753820730.8108478 1753820768.8639321
1753820768.8639514 1753820797.7757719
1753820797.775796 1753820830.1385775
1753820830.1386058 1753820863.8394756
1753820863.8394988 1753820898.9771466
1753820898.9771717 1753820938.318416
1753820938.318437 1753820966.665822
1753820966.6658568 1753821003.7771134
1753821003.7771327 1753821044.271786
1753821044.2718117 1753821077.52969
1753821077.5297174 1753821112.3616161
1753821112.3616416 1753821142.3043044
1753821142.3043253 1753821174.4243643
1753821174.4243946 1753821208.901927
1753821208.9019492 1753821234.1951854
1753821234.1952128 1753821264.2848713
1753821264.2848904 1753821290.0807588
1753821290.0807905 1753821318.958132
1753821318.9581535 1753821344.7291937
1753821344.7292109 1753821366.2802813
1753821366.280305 1753821390.676283
1753821390.676316 1753821412.9209557
1753821412.9209764 1753821434.686715
1753821434.686736 1753821461.2073781
1753821461.2074065 1753821489.2897367
1753821489.289757 1753821525.20902
1753821525.2090433 1753821550.0430346
1753821550.0430615 1753821574.8119025
1753821574.8119261 1753821601.1727443
1753821601.1727703 1753821625.8826833
1753821625.8827212 1753821650.048158
1753821650.0481813 1753821677.380024
1753821677.3800476 1753821703.4138517
1753821703.4138849 1753821730.4949217
1753821730.4949415 1753821761.340696
1753821761.3407235 1753821790.1730652
1753821790.173086 1753821818.475411
1753821818.4754417 1753821845.7107706
1753821845.7107925 1753821873.35676
1753821873.3568125 1753821904.5124743
1753821904.5124972 1753821934.793387
1753821934.7934127 1753821963.4137948
1753821963.4138176 1753821987.7100227
1753821987.7100465 1753822021.8405714
1753822021.8406007 1753822049.3711255
1753822049.371147 1753822080.1250057
1753822080.125032 1753822102.9788084
1753822102.9788404 1753822131.2640123
1753822131.2640383 1753822155.2290602
1753822155.229086 1753822179.9569519
1753822179.9569755 1753822207.5677454
1753822207.5677712 1753822233.0367959
1753822233.036816 1753822262.1882343
1753822262.1882694 1753822288.7685895
1753822288.7686133 1753822317.083464
1753822317.0834894 1753822355.101454
1753822355.1014764 1753822393.3654752
1753822393.3654997 1753822428.6493099
1753822428.6493287 1753822463.3829043
1753822463.3829293 1753822502.598394
1753822502.5984294 1753822535.709559
1753822535.7095926 1753822578.0537827
1753822578.053807 1753822612.908421
1753822612.9084399 1753822646.8210115
1753822646.8210304 1753822673.3290563
1753822673.329085 1753822701.4755547
1753822701.4755883 1753822735.7521458
1753822735.752173 1753822772.0820735
1753822772.0820935 1753822804.763016
1753822804.7630448 1753822834.9524052
1753822834.9524252 1753822870.611199
1753822870.6112232 1753822900.2134752
1753822900.213494 1753822932.1879117
1753822932.1879368 1753822957.8119152
1753822957.8119383 1753822981.9005947
1753822981.9006248 1753823001.4913015
1753823001.4913206 1753823024.6978683
1753823024.6978927 1753823050.4297473
1753823050.429768 1753823077.7807128
1753823077.7807333 1753823104.097894
1753823104.097917 1753823130.8640924
1753823130.8641136 1753823156.8423538
1753823156.842378 1753823192.9609008
1753823192.9609203 1753823221.402747
1753823221.402771 1753823249.1452203
1753823249.1452405 1753823273.3965793
1753823273.3966005 1753823298.3383663
1753823298.3383937 1753823329.6248503
1753823329.624869 1753823352.9066052
1753823352.9066248 1753823385.9515584
1753823385.9515927 1753823415.2214792
1753823415.2214983 1753823442.779397
1753823442.7794209 1753823466.942025
1753823466.9420516 1753823494.1474335
1753823494.147458 1753823521.879876
1753823521.8799036 1753823554.478233
1753823554.478253 1753823590.054024
1753823590.0540478 1753823627.8941002
1753823627.8941264 1753823660.3587358
1753823660.3587565 1753823696.0578983
1753823696.0579257 1753823722.7760475
1753823722.7760682 1753823761.2701821
1753823761.2702048 1753823788.4124048
1753823788.41243 1753823821.8729703
1753823821.8729951 1753823848.3568256
1753823848.3568487 1753823868.9297907
1753823868.9298096 1753823894.0313625
1753823894.031388 1753823921.7322989
1753823921.7323246 1753823951.3904395
1753823951.3904603 1753823982.9303608
1753823982.930387 1753824010.7788975
1753824010.7789211 1753824034.415307
1753824034.4153337 1753824060.3995917
1753824060.3996134 1753824086.1120906
1753824086.1121192 1753824110.032755
1753824110.0327787 1753824135.8030672
1753824135.8030968 1753824158.6197803
1753824158.619802 1753824182.4178016
1753824182.4178355 1753824206.617166
1753824206.6171875 1753824240.1805353
1753824240.180561 1753824280.7223983
1753824280.7224207 1753824310.221976
1753824310.222001 1753824346.3514652
1753824346.3514867 1753824380.8311615
1753824380.8311887 1753824409.8462691
1753824409.8462954 1753824440.2934701
1753824440.2934947 1753824470.711924
1753824470.71195 1753824500.4669864
1753824500.467006 1753824530.4625819
1753824530.4626033 1753824560.2338881
1753824560.2339134 1753824594.4322493
1753824594.4322712 1753824630.8997724
1753824630.8998005 1753824661.742004
1753824661.7420232 1753824687.286341
1753824687.286361 1753824720.7883074
1753824720.7883346 1753824747.5100856
1753824747.5101054 1753824773.8374577
1753824773.8374782 1753824802.9059527
1753824802.9059775 1753824837.1898491
1753824837.189871 1753824870.812493
1753824870.8125238 1753824904.730156
1753824904.730178 1753824934.1044662
1753824934.1044936 1753824971.2781537
1753824971.278179 1753825003.0066392
1753825003.006664 1753825037.7281168
1753825037.7281437 1753825074.2185109
1753825074.2185326 1753825104.5451717
1753825104.54519 1753825138.3396652
1753825138.3396957 1753825175.1623282
1753825175.1623483 1753825196.2399495
1753825196.2399683 1753825232.034312
1753825232.0343435 1753825260.2587516
1753825260.258771 1753825289.6286178
1753825289.6286395 1753825317.5689442
1753825317.5689697 1753825343.8709362
1753825343.870962 1753825381.593285
1753825381.5933046 1753825422.0967026
1753825422.0967305 1753825457.7916946
1753825457.791719 1753825499.0796027
1753825499.0796373 1753825535.1070757
1753825535.107099 1753825570.2066069
1753825570.2066317 1753825609.873987
1753825609.8740072 1753825645.5622075
1753825645.5622356 1753825685.2116752
1753825685.2116973 1753825720.9146025
1753825720.9146445 1753825759.9559212
1753825759.9559467 1753825795.5602288
1753825795.5602496 1753825830.1903327
1753825830.1903532 1753825869.21179
1753825869.2118158 1753825898.9521518
1753825898.9521687 1753825921.5148885
1753825921.5149097 1753825942.3266358
1753825942.326664 1753825967.8400002
1753825967.8400226 1753825991.745145
1753825991.745166 1753826016.4770782
1753826016.47711 1753826041.1060116
1753826041.1060336 1753826068.3893237
1753826068.389347 1753826094.4356964
1753826094.4357219 1753826120.8244855
1753826120.8245108 1753826146.6509206
1753826146.650978 1753826177.3104658
1753826177.3104875 1753826203.1106489
1753826203.110678 1753826228.250699
1753826228.2507217 1753826253.4994586
1753826253.4994867 1753826278.675987
1753826278.6760108 1753826305.1077352
1753826305.107761 1753826333.9540253
1753826333.9540446 1753826356.2657533
1753826356.265778 1753826381.7996564
1753826381.799698 1753826404.1745892
1753826404.174622 1753826426.713787
1753826426.7138107 1753826447.7323964
1753826447.7324257 1753826471.6827164
1753826471.6827414 1753826496.7125711
1753826496.712595 1753826519.4849832
1753826519.4850101 1753826544.9561136
1753826544.9561405 1753826568.1557727
1753826568.1558006 1753826590.2957225
1753826590.2957575 1753826611.344477
1753826611.3444982 1753826634.104549
1753826634.104578 1753826659.0889943
1753826659.0890203 1753826684.233082
1753826684.2331018 1753826708.5507548
1753826708.5507812 1753826733.282307
1753826733.2823336 1753826755.5776784
1753826755.5777044 1753826786.3832211
1753826786.3832412 1753826814.1785867
1753826814.1786163 1753826842.1481237
1753826842.14815 1753826872.6624126
1753826872.6624413 1753826899.9309916
1753826899.9310153 1753826932.6296864
1753826932.6297116 1753826962.0023324
1753826962.0023654 1753826985.1239624
1753826985.1239822 1753827013.9727285
1753827013.972767 1753827045.0977256
1753827045.097746 1753827072.688579
1753827072.6886098 1753827100.5840244
1753827100.5840454 1753827127.4784994
1753827127.4785235 1753827158.0764487
1753827158.07647 1753827183.6275837
1753827183.6276035 1753827211.7396863
1753827211.7397113 1753827237.662498
1753827237.662523 1753827262.8616576
1753827262.861683 1753827289.9457448
1753827289.945765 1753827316.4157622
1753827316.4157836 1753827346.682492
1753827346.6825163 1753827376.7727053
1753827376.7727296 1753827404.230054
1753827404.2300725 1753827428.9023185
1753827428.9023426 1753827457.5702562
1753827457.5702755 1753827496.9326847
1753827496.9327095 1753827528.5193758
1753827528.5193982 1753827555.9654202
1753827555.9654438 1753827582.7121384
1753827582.7121613 1753827606.8667915
1753827606.866814 1753827640.9856188
1753827640.9856446 1753827687.1757941
1753827687.1758292 1753827730.4714773
1753827730.4715037 1753827767.0675108
1753827767.0675445 1753827806.9250605
1753827806.9250808 1753827842.8884091
1753827842.8884408 1753827878.0462034
1753827878.0462253 1753827915.6763573
1753827915.6763806 1753827956.0566525
1753827956.056681 1753827984.140124
1753827984.1401439 1753828014.236708
1753828014.236752 1753828044.4549706
1753828044.4549944 1753828075.990425
1753828075.990446 1753828109.3488715
1753828109.3488936 1753828138.0444489
1753828138.0444708 1753828164.8366244
1753828164.836651 1753828196.4295192
1753828196.4295402 1753828224.3461397
1753828224.3461611 1753828249.7237082
1753828249.7237442 1753828281.6512377
1753828281.6512594 1753828312.9132423
1753828312.9132717 1753828341.1810799
1753828341.1811054 1753828363.8452268
1753828363.845247 1753828392.057659
1753828392.057683 1753828418.2905085
1753828418.2905316 1753828448.0297122
1753828448.0297356 1753828473.490499
1753828473.490525 1753828501.5010734
1753828501.5010943 1753828528.916719
1753828528.9167402 1753828555.6555183
1753828555.6555438 1753828579.862807
1753828579.862827 1753828601.2381604
1753828601.2381928 1753828627.0887086
1753828627.0887299 1753828654.7811012
1753828654.781125 1753828685.2465522
1753828685.246575 1753828710.6587427
1753828710.6587646 1753828741.1987936
1753828741.1988196 1753828771.6945782
1753828771.6946173 1753828804.9862034
1753828804.9862232 1753828836.1220334
1753828836.1220605 1753828867.456796
1753828867.4568272 1753828893.9810195
1753828893.9810517 1753828923.7573342
1753828923.757355 1753828957.2848125
1753828957.2848454 1753828984.3347292
1753828984.3347523 1753829010.990636
1753829010.990662 1753829037.7653768
1753829037.7653992 1753829064.424053
1753829064.4240744 1753829090.3535144
1753829090.3535383 1753829117.7171218
1753829117.7171433 1753829143.2598438
1753829143.259869 1753829163.784637
1753829163.7846603 1753829192.1384487
1753829192.1384718 1753829223.7640467
1753829223.7640865 1753829250.6247315
1753829250.6247594 1753829279.0610874
1753829279.0611076 1753829309.8728786
1753829309.8729188 1753829338.7442274
1753829338.7442555 1753829366.3280127
1753829366.3280354 1753829390.1817172
1753829390.1817453 1753829416.0156715
1753829416.0157018 1753829442.8886418
1753829442.8886654 1753829467.163523
1753829467.1635485 1753829494.4309447
1753829494.430966 1753829519.0397863
1753829519.0398114 1753829545.5992434
1753829545.5992646 1753829572.3544974
1753829572.3545241 1753829595.324709
1753829595.3247294 1753829623.0814884
1753829623.0815144 1753829651.0352592
1753829651.0352807 1753829682.5553515
