1718844866.0621774 1718844892.358227
1718844900.4867811 1718844925.2568092
1718844933.6707144 1718844967.9567823
1718844970.6639025 1718845002.208192
1718845007.6303566 1718845031.2086828
1718845032.8165758 1718845061.6104147
1718845068.778837 1718845096.5586097
1718845103.265713 1718845138.3566077
1718845143.8162458 1718845171.4091496
1718845180.2164614 1718845198.3098576
1718845198.7102995 1718845230.6599436
1718845241.2228303 1718845255.7568457
1718845262.3674579 1718845289.0070002
1718845290.6137106 1718845317.3610513
1718845323.8147764 1718845347.6570966
1718845350.325839 1718845383.4619195
1718845388.3694658 1718845407.7132306
1718845417.5147989 1718845436.4616718
1718845438.1599038 1718845466.5567424
1718845470.1693585 1718845498.157268
1718845506.966731 1718845536.1565652
1718845538.815087 1718845567.9585214
1718845569.4704328 1718845596.5569363
1718845603.8187325 1718845625.7583516
1718845626.367566 1718845655.658609
1718845663.1107647 1718845691.85682
1718845696.1267729 1718845732.5086246
1718845732.919973 1718845767.4606266
1718845772.583145 1718845804.1082559
1718845810.2271748 1718845839.0070126
1718845843.2827163 1718845869.2568965
1718845874.4618604 1718845908.1569257
1718845916.919914 1718845939.3609753
1718845948.8867214 1718845972.3103316
1718845976.0199761 1718846007.9605143
1718846017.6785266 1718846044.2585337
1718846047.970053 1718846072.3589358
1718846078.71478 1718846111.1064775
1718846115.76679 1718846139.2604709
1718846143.019109 1718846170.0568402
1718846178.7721303 1718846195.6143193
1718846196.3644598 1718846223.5613754
1718846228.3335648 1718846253.1085536
1718846263.614799 1718846288.057356
1718846291.576425 1718846319.356765
1718846324.7736475 1718846354.5070608
1718846361.1706028 1718846391.96148
1718846394.675658 1718846423.9092622
1718846425.617509 1718846464.2591662
1718846464.4196599 1718846497.4571292
1718846505.2227676 1718846531.8140202
1718846536.0111191 1718846562.0071335
1718846569.2766807 1718846602.0588956
1718846609.475433 1718846634.3099926
1718846638.9243197 1718846669.2068977
1718846677.574782 1718846696.4087536
1718846702.6203775 1718846728.9570777
1718846733.674255 1718846760.9620175
1718846771.722778 1718846798.5579195
1718846806.8220458 1718846831.0106244
1718846839.1227355 1718846860.8143775
1718846862.6209815 1718846893.2613664
1718846898.38087 1718846925.7571144
1718846931.9787772 1718846957.2592194
1718846958.9084315 1718846988.9623523
1718846998.6755989 1718847020.9104009
1718847026.6771915 1718847051.7096899
1718847060.9724295 1718847086.3074048
1718847095.0231714 1718847114.5626009
1718847115.3153734 1718847144.057095
1718847154.4316657 1718847174.758831
1718847183.2710602 1718847207.5606048
1718847210.710017 1718847240.50988
1718847245.2169168 1718847272.6621482
1718847279.4179087 1718847300.208901
1718847300.9648685 1718847331.3584
1718847341.0267851 1718847361.5570545
1718847372.268904 1718847394.6070108
1718847394.7172096 1718847427.1592305
1718847433.9755287 1718847459.761494
1718847463.6145341 1718847494.66111
1718847497.8214421 1718847534.2572258
1718847534.9203045 1718847568.7065477
1718847576.2147353 1718847596.5571406
1718847605.8765287 1718847627.456789
1718847630.0207613 1718847656.4569614
1718847667.0775187 1718847692.5065806
1718847692.9621935 1718847729.4569285
1718847738.022726 1718847753.7066011
1718847755.1707869 1718847785.4093344
1718847794.2147863 1718847817.216973
1718847822.3715296 1718847843.7612956
1718847852.2295244 1718847869.8610554
1718847874.6264253 1718847898.6623697
1718847906.9308014 1718847928.5569372
1718847934.22623 1718847962.2566042
1718847968.7739418 1718847984.908058
1718847994.2628074 1718848012.4071643
1718848013.9179943 1718848040.9591534
1718848050.222795 1718848073.959455
1718848076.426055 1718848102.3073275
1718848109.883977 1718848128.1567543
1718848138.526814 1718848163.9569745
1718848169.268008 1718848192.8102949
1718848199.624466 1718848228.5140035
1718848229.2708762 1718848255.4617524
1718848262.8147838 1718848286.7096622
1718848293.3172283 1718848324.0585802
1718848324.6248662 1718848355.856783
1718848361.6147482 1718848385.7097588
1718848396.4268174 1718848412.2654846
1718848422.0707788 1718848445.2571611
1718848450.330878 1718848476.9566753
1718848485.214776 1718848504.5092573
1718848510.3668609 1718848534.907056
1718848535.5577893 1718848565.6070602
1718848566.1681452 1718848592.7106256
1718848600.8667152 1718848620.357493
1718848623.6648452 1718848652.056604
1718848657.374634 1718848671.3567312
1718848674.6171706 1718848711.1569867
1718848719.5787833 1718848741.006529
1718848745.6262844 1718848775.157079
1718848779.7187736 1718848813.8104153
1718848815.5652544 1718848847.5572615
1718848850.1186092 1718848879.4620235
1718848885.2667828 1718848921.9128091
1718848925.5608268 1718848951.3169012
1718848953.5147953 1718848978.558365
1718848980.1164596 1718849011.3575733
1718849012.6734862 1718849040.0618606
1718849048.915274 1718849065.6072404
1718849071.022731 1718849093.3594499
1718849098.5268965 1718849119.7568889
1718849128.4187815 1718849150.8618538
1718849160.8149383 1718849182.862115
1718849192.5707679 1718849217.8098307
1718849223.5628393 1718849247.808159
1718849257.9296753 1718849278.813997
1718849288.5665498 1718849306.258638
1718849309.878824 1718849347.7079148
1718849350.3735306 1718849371.362038
1718849377.6787796 1718849409.410818
1718849414.5284476 1718849440.5574815
1718849451.07477 1718849474.509155
1718849481.3222177 1718849503.214183
1718849506.9171515 1718849541.6628475
1718849550.8267577 1718849571.6608756
1718849578.0747266 1718849602.158359
1718849609.3670146 1718849631.058658
1718849634.4720066 1718849670.6568997
1718849673.2162745 1718849702.8569536
1718849703.5184915 1718849732.7102883
1718849738.5187383 1718849764.556699
1718849770.8227744 1718849795.313374
1718849805.1627376 1718849826.7588155
1718849834.978723 1718849856.0138018
1718849862.7716193 1718849884.6586435
1718849894.4686105 1718849911.7632143
1718849912.5164094 1718849939.4082708
1718849944.0642984 1718849969.1621802
1718849975.9627311 1718850000.6094437
1718850008.8307283 1718850031.5604496
1718850042.320842 1718850061.7578287
1718850064.962734 1718850086.407104
1718850097.0334783 1718850121.3617833
1718850124.1148705 1718850150.3618417
1718850150.4715083 1718850177.1094046
1718850180.5219357 1718850202.8099847
1718850208.1773255 1718850230.3568392
1718850233.0161178 1718850259.309233
1718850262.7667131 1718850295.2175364
1718850299.974727 1718850331.0567284
1718850336.5182528 1718850357.7611203
1718850358.4613101 1718850384.4074702
1718850389.9667168 1718850416.9567697
1718850423.1704085 1718850446.6589525
1718850457.2265975 1718850476.6577194
1718850485.930836 1718850514.7578292
1718850523.118762 1718850554.256847
1718850564.5866082 1718850579.009802
1718850583.5822968 1718850612.20861
1718850621.7750993 1718850645.6610065
1718850655.3147695 1718850686.8065386
1718850693.4667711 1718850712.2601745
1718850720.3695867 1718850750.3618667
1718850755.7827241 1718850787.2568805
1718850788.9704103 1718850814.4071817
1718850820.6347606 1718850844.7623038
1718850847.3143346 1718850878.3566718
1718850886.0685751 1718850909.9572666
1718850914.462753 1718850947.0584588
1718850948.5219867 1718850977.9601262
1718850982.4707844 1718851014.4097397
1718851014.967624 1718851040.7065244
1718851051.0227382 1718851080.9570096
1718851082.4628358 1718851108.3609986
1718851115.224677 1718851140.166068
1718851145.9667652 1718851173.9102201
1718851180.615872 1718851215.856802
1718851226.2794993 1718851252.9096158
1718851259.6805196 1718851285.1565473
1718851294.7747757 1718851317.95955
1718851320.0610073 1718851343.6094372
1718851346.0840433 1718851367.562513
1718851377.8851626 1718851398.2604716
1718851404.0156314 1718851430.3615818
1718851436.216772 1718851472.6577609
1718851480.4655285 1718851498.2590182
1718851506.6147695 1718851533.3567443
1718851534.9644763 1718851562.408292
1718851571.7842681 1718851588.3074346
1718851590.6689482 1718851619.7143075
1718851622.4298005 1718851648.3137786
1718851652.013987 1718851691.2580485
1718851698.0273328 1718851720.9583654
1718851722.5613492 1718851747.7571435
1718851757.114738 1718851771.9597557
1718851781.6727686 1718851805.661146
1718851816.2827864 1718851841.610614
1718851843.2304978 1718851867.0069535
1718851872.1726766 1718851898.5602224
1718851899.3603394 1718851937.0568438
1718851938.5200741 1718851961.1566164
1718851967.7232795 1718851990.1094666
1718851995.8712175 1718852023.1586049
1718852026.9187527 1718852052.658585
1718852057.877296 1718852087.9100935
1718852088.6666355 1718852118.0069551
1718852121.3254588 1718852144.557482
1718852148.9741027 1718852177.106674
1718852187.6725926 1718852208.506961
1718852211.923152 1718852247.5070193
1718852256.9342418 1718852282.0613565
1718852288.882488 1718852310.506933
1718852319.2654722 1718852346.9066508
1718852355.3827884 1718852375.2584364
1718852377.9192986 1718852407.5070777
1718852412.0145798 1718852439.211599
1718852439.923258 1718852470.9070306
1718852481.574727 1718852511.3593574
1718852513.8206506 1718852540.7574599
1718852548.4667523 1718852569.4104402
1718852570.1119678 1718852597.7601662
1718852605.974501 1718852629.9566798
1718852636.7229493 1718852663.3066125
1718852668.9744284 1718852698.65673
1718852705.1244075 1718852731.408215
1718852733.8656073 1718852765.1091242
1718852769.5708227 1718852795.3574147
1718852804.6627784 1718852827.356942
1718852837.8147209 1718852865.9623685
1718852873.718725 1718852896.1565237
1718852899.825337 1718852921.6577024
1718852924.3719556 1718852947.6576295
1718852957.8747852 1718852977.8614821
1718852984.472168 1718853007.260458
1718853009.3747818 1718853040.7570314
1718853046.328825 1718853069.2116864
1718853069.9785638 1718853095.1574469
1718853096.8078706 1718853122.1093454
1718853133.0716517 1718853158.0588994
1718853167.4731026 1718853188.1139998
1718853193.8779573 1718853218.9104974
1718853228.7147417 1718853250.2574685
1718853256.617113 1718853278.1571255
1718853286.8192956 1718853304.9076195
1718853310.4788744 1718853343.756896
1718853346.9187388 1718853372.8602548
1718853378.1707623 1718853402.8659465
1718853404.6187637 1718853432.5589612
1718853436.2328327 1718853463.657712
1718853466.9710357 1718853493.65706
1718853501.0744882 1718853527.756653
1718853532.219864 1718853563.2615178
1718853564.966196 1718853595.9097302
1718853604.4301353 1718853630.709078
1718853631.1803124 1718853660.357597
1718853670.5708423 1718853696.8135383
1718853707.6389725 1718853731.462157
1718853734.2803335 1718853759.3619263
1718853762.214723 1718853790.9626212
1718853798.8730285 1718853819.7099426
1718853820.5567005 1718853849.3100958
1718853851.0739872 1718853884.2570539
1718853892.719013 1718853929.156787
1718853939.5227332 1718853959.9090374
1718853961.0795739 1718853989.5096862
1718854000.3787484 1718854028.9590473
1718854034.5787754 1718854064.4567728
1718854070.8804233 1718854098.8593767
1718854107.118587 1718854131.4564817
1718854135.0147696 1718854167.6608133
1718854171.4678595 1718854201.5571282
1718854209.122788 1718854235.7086127
1718854245.5313625 1718854270.0102932
1718854280.6227853 1718854300.3574388
1718854309.9761407 1718854336.4608877
1718854337.2720344 1718854372.9618316
1718854381.7267795 1718854406.2095091
1718854409.0215747 1718854438.858586
1718854446.1267233 1718854468.8568528
1718854479.1270401 1718854495.2607646
1718854505.580614 1718854531.1069257
1718854541.8227522 1718854564.45714
1718854571.2667878 1718854600.0068288
1718854607.58272 1718854632.056693
1718854637.621554 1718854666.4567406
1718854674.4182618 1718854699.2568152
1718854703.7160938 1718854731.556602
1718854737.0217628 1718854761.8605378
1718854766.7726252 1718854798.3610282
1718854802.1132255 1718854830.5609202
1718854838.4668703 1718854860.8094199
1718854867.6750138 1718854893.7070043
1718854902.2210824 1718854925.5064924
1718854928.071948 1718854956.0621192
1718854963.8707843 1718854987.36069
1718854994.1627939 1718855019.4069712
1718855025.0739658 1718855051.61025
1718855056.3710089 1718855084.1623712
1718855091.364874 1718855117.4570522
1718855121.7710254 1718855144.7614703
1718855154.5187943 1718855175.0605156
1718855181.019131 1718855202.8065712
1718855207.570306 1718855234.3617656
1718855245.0364003 1718855270.9139583
1718855274.7147977 1718855298.956976
1718855301.5098727 1718855329.4573588
1718855339.8713956 1718855360.509925
1718855363.8160636 1718855389.409471
1718855397.0708203 1718855422.6570659
1718855425.9761374 1718855449.360235
1718855456.8831646 1718855480.4085944
1718855482.1745472 1718855518.4071698
1718855528.720942 1718855550.706638
1718855552.2677166 1718855583.3566713
1718855585.1696103 1718855610.657058
1718855614.1125739 1718855643.0565693
1718855646.6325414 1718855671.0570006
1718855671.6131132 1718855700.306598
1718855702.9613383 1718855739.110466
1718855747.772029 1718855765.906662
1718855776.5859976 1718855804.8070614
1718855808.0225997 1718855841.1565368
1718855844.8267596 1718855878.5583498
1718855889.2227924 1718855911.4077756
1718855920.3147986 1718855946.7583575
1718855952.666765 1718855978.3566818
1718855982.862816 1718856012.26076
1718856023.022784 1718856043.2590795
1718856050.766742 1718856076.3567834
1718856084.6788805 1718856104.4065323
1718856109.9876008 1718856134.206576
1718856136.7723393 1718856167.508784
1718856170.110787 1718856199.1568327
1718856203.9107993 1718856229.0065129
1718856229.467852 1718856262.2566545
1718856262.967922 1718856279.9658341
1718856282.619649 1718856303.807022
1718856308.2187257 1718856332.9066117
1718856341.431022 1718856363.458474
1718856365.309049 1718856401.1611545
1718856412.026719 1718856438.1071298
1718856446.8187854 1718856474.2619362
1718856477.9187832 1718856504.7097492
1718856504.909118 1718856539.2611127
1718856546.2187371 1718856572.7586691
1718856574.36593 1718856605.6616895
1718856613.169826 1718856637.7572482
1718856642.0707712 1718856665.9569743
1718856673.2305703 1718856697.256672
1718856704.5753434 1718856723.3609037
1718856727.8242898 1718856755.6070633
1718856764.1774623 1718856782.6567667
1718856793.32672 1718856810.9585347
1718856817.726607 1718856843.7566473
1718856847.3667998 1718856883.2659156
1718856893.9306962 1718856917.058675
1718856926.587856 1718856942.6066384
1718856948.375389 1718856974.458651
1718856983.474481 1718857014.261344
1718857020.9730268 1718857042.2567055
1718857047.9707873 1718857080.107087
1718857085.4707286 1718857110.7565064
1718857114.4659305 1718857143.6623256
1718857147.5206573 1718857175.109707
1718857180.9667213 1718857208.3609035
1718857213.222784 1718857246.562347
1718857257.3735328 1718857280.4569464
1718857284.9706442 1718857310.0104272
1718857310.8635373 1718857340.2099195
1718857341.9681714 1718857374.106932
1718857380.4750001 1718857410.4070187
1718857421.0724177 1718857442.0065289
1718857442.6227365 1718857476.5611365
1718857484.4147794 1718857509.4625058
1718857519.0267937 1718857544.9584372
1718857549.3227935 1718857581.1570058
1718857590.9147863 1718857618.0570562
1718857619.5195003 1718857655.2573335
1718857663.9236343 1718857685.9621952
1718857691.6747756 1718857720.956781
1718857729.4789317 1718857748.3570514
1718857755.8747842 1718857781.2095716
1718857791.822794 1718857814.6610808
1718857818.4146283 1718857839.9571266
1718857850.5707705 1718857871.261039
1718857881.0667906 1718857901.4571354
1718857903.8665931 1718857942.1581657
1718857949.6227784 1718857969.4568858
1718857978.978783 1718857997.7566283
1718857999.0707831 1718858030.4070623
1718858035.0268674 1718858061.2577431
1718858065.7704942 1718858097.0067937
1718858106.0867994 1718858132.6065195
1718858137.0594375 1718858165.609137
1718858166.3669105 1718858194.6090765
1718858204.077547 1718858232.0567937
1718858235.5632887 1718858252.4606304
1718858253.1607742 1718858289.956643
1718858300.321242 1718858315.9097927
1718858326.5779457 1718858345.556985
1718858355.8667507 1718858376.6615508
1718858381.3704786 1718858404.9566987
1718858415.6628325 1718858440.6573303
1718858449.27081 1718858467.856864
1718858475.4229393 1718858507.5613286
1718858510.4747777 1718858534.0612628
1718858539.7650585 1718858563.9613066
1718858567.6765938 1718858590.4624913
1718858593.2299461 1718858623.0583565
1718858633.4702375 1718858655.8586106
1718858666.4227762 1718858682.6091068
1718858693.3267767 1718858711.409354
1718858717.1787908 1718858747.6565824
1718858756.0810204 1718858778.2612095
1718858786.0297654 1718858808.057315
1718858813.7199934 1718858838.2591085
1718858846.8668554 1718858870.5603395
1718858872.8665705 1718858901.3567598
1718858902.6767616 1718858935.356618
1718858941.924954 1718858967.7598777
1718858975.0735905 1718858998.5582414
1718859005.225151 1718859025.356645
1718859031.0627732 1718859056.8569767
1718859057.0154126 1718859088.656592
1718859096.2164598 1718859133.5591702
1718859141.9712765 1718859169.5131762
1718859175.423749 1718859205.3589013
1718859205.8243322 1718859230.956629
1718859241.6187785 1718859273.4579008
1718859284.1267874 1718859318.958153
1718859326.61877 1718859342.3626509
1718859347.1667817 1718859368.9566875
1718859371.6693823 1718859406.7588532
1718859412.224961 1718859434.7068446
1718859440.1700904 1718859471.9607606
1718859480.0856502 1718859505.3568869
1718859510.5307844 1718859541.7643437
1718859546.5187275 1718859566.656759
1718859574.317525 1718859609.4101431
1718859614.0681467 1718859638.9574325
1718859641.4097953 1718859667.7591393
1718859670.35876 1718859698.6070082
1718859704.9303215 1718859728.2565985
1718859729.9159834 1718859761.5607555
1718859770.3267794 1718859799.356835
1718859801.924787 1718859830.3065178
1718859836.9627218 1718859864.8066087
1718859872.270717 1718859891.5068688
1718859900.2163193 1718859929.0572777
1718859937.6383882 1718859965.2565827
1718859972.8772159 1718859985.7611315
1718859986.458495 1718860029.9584634
1718860039.680297 1718860050.7095857
1718860055.4152634 1718860083.6587882
1718860090.1670053 1718860114.3568807
1718860117.014883 1718860150.3612304
1718860154.212259 1718860179.0568285
1718860181.3333895 1718860209.259237
1718860217.636393 1718860239.5066078
1718860246.7867749 1718860273.9566264
1718860283.5179992 1718860303.8097954
1718860310.7326887 1718860334.1566768
1718860338.7259686 1718860366.6579719
1718860367.257232 1718860394.6605484
1718860404.218768 1718860425.9125955
1718860434.3861587 1718860459.9589994
1718860463.562213 1718860494.6089652
1718860501.0187278 1718860527.30741
1718860527.91072 1718860556.4571598
1718860560.88277 1718860588.9071243
1718860599.1709516 1718860614.1608906
1718860624.924333 1718860640.1604073
1718860643.8245635 1718860667.5096545
1718860678.2228618 1718860704.908582
1718860712.274723 1718860730.5619335
1718860735.3165727 1718860761.2622266
1718860763.0108016 1718860793.456556
1718860797.0793147 1718860831.6603198
1718860841.28273 1718860863.8585289
1718860866.514753 1718860893.861709
1718860895.5742962 1718860918.7569945
1718860919.163376 1718860953.9091465
1718860960.7709281 1718860985.7093883
1718860991.617325 1718861023.1573575
1718861033.819343 1718861052.7568629
1718861057.070875 1718861083.9570572
1718861090.4667692 1718861119.3568428
1718861122.8740654 1718861149.857567
1718861154.2108123 1718861180.6569457
1718861187.375255 1718861216.3568845
1718861221.0307827 1718861247.9568722
1718861253.614794 1718861281.6578076
1718861284.4141285 1718861315.1072407
1718861316.2622154 1718861343.5570178
1718861346.9722462 1718861375.6618974
1718861385.1728222 1718861403.057441
1718861410.6147387 1718861439.308206
1718861450.0349784 1718861475.1618035
1718861477.9181588 1718861503.1566038
1718861511.9147818 1718861549.3587976
1718861557.8778832 1718861574.1570518
1718861577.862364 1718861605.7584147
1718861607.4224784 1718861641.7614408
1718861643.4684446 1718861673.7572305
1718861682.3233058 1718861707.2087653
1718861709.8716693 1718861743.2567914
1718861747.5775821 1718861774.7098372
1718861776.2168953 1718861808.7608373
1718861812.522795 1718861840.056985
1718861846.62557 1718861870.5088286
1718861880.221971 1718861904.556968
1718861913.0192337 1718861934.0574899
1718861937.4702382 1718861971.86647
1718861975.6157002 1718862005.5571127
1718862011.0587804 1718862036.3065362
1718862043.6636484 1718862069.6088653
1718862079.0792077 1718862100.956834
1718862104.4144983 1718862132.0618474
1718862140.9218833 1718862169.8104384
1718862170.6283998 1718862202.0112677
1718862204.8146148 1718862233.756716
1718862242.3188694 1718862265.1567757
1718862271.4185822 1718862294.5099516
1718862295.2696848 1718862322.8569508
1718862333.3339314 1718862356.4601717
1718862358.1652663 1718862383.2095828
1718862385.4777374 1718862411.2593157
1718862421.7169478 1718862445.0565348
1718862448.6707413 1718862475.2101588
1718862475.928073 1718862496.8584352
1718862505.4324677 1718862531.6569684
1718862535.1629255 1718862562.86179
1718862567.7263982 1718862594.056698
1718862595.7198231 1718862627.0084774
1718862629.3130345 1718862659.2573035
1718862666.729056 1718862688.7571964
1718862695.218787 1718862716.95836
1718862722.6628067 1718862743.5603082
1718862749.7288456 1718862770.6084118
1718862775.2147746 1718862800.1614797
1718862808.9751778 1718862832.1101265
1718862839.8201911 1718862858.5590029
1718862864.966725 1718862890.310357
1718862896.927614 1718862923.2569306
1718862927.9110398 1718862953.7569478
1718862963.2204547 1718862985.1127632
1718862987.909567 1718863012.5609097
1718863012.9183278 1718863043.756588
1718863048.1628003 1718863076.9096682
1718863085.6712437 1718863109.3126562
1718863119.0241868 1718863144.5567076
1718863148.2204328 1718863180.009337
1718863185.723848 1718863208.5574503
1718863211.1826491 1718863237.056656
1718863238.7211838 1718863268.0092945
1718863277.7736976 1718863306.257055
1718863313.5227258 1718863332.8569274
1718863339.471339 1718863363.011146
1718863367.7175882 1718863393.6072855
1718863399.9747894 1718863423.3624377
1718863424.1163359 1718863453.3106408
1718863463.0297587 1718863483.356885
1718863489.8286219 1718863512.009852
1718863520.6787906 1718863540.6087651
1718863550.515775 1718863569.3570974
1718863572.7140157 1718863597.9066021
1718863601.5227954 1718863640.9574444
1718863643.4178355 1718863666.9567122
1718863677.2667959 1718863694.9621959
1718863703.8208418 1718863726.5571957
1718863733.9177809 1718863753.607
1718863762.2831202 1718863782.5624142
1718863790.3770146 1718863812.5573106
1718863819.122327 1718863847.4092212
1718863849.9775817 1718863873.1572149
1718863873.8207061 1718863903.0567393
1718863908.7250273 1718863932.6580489
1718863940.4183066 1718863966.0590851
1718863971.3187792 1718863998.5135212
1718864002.276212 1718864028.6570885
1718864039.1265101 1718864063.2566957
1718864072.4278271 1718864093.8566527
1718864102.0729408 1718864126.816055
1718864131.561878 1718864155.2100098
1718864160.6768734 1718864184.9096646
1718864185.6631722 1718864214.206825
1718864220.665622 1718864240.9618063
1718864243.6877627 1718864268.30986
1718864271.583312 1718864296.4613335
1718864307.1307383 1718864325.656529
1718864327.2761762 1718864355.761855
1718864359.5728865 1718864382.6613314
1718864384.468728 1718864422.7090478
1718864426.710533 1718864446.5568018
1718864450.9747798 1718864479.3568912
1718864482.7693105 1718864509.156762
1718864510.7190018 1718864540.7065973
1718864542.4107008 1718864574.6565363
1718864582.2748783 1718864608.556697
1718864613.270721 1718864641.256641
1718864649.9268422 1718864671.8566275
1718864682.466566 1718864701.1095517
1718864701.5590644 1718864734.2605758
1718864741.1247888 1718864765.9567578
1718864766.367229 1718864794.8613932
1718864797.4187176 1718864823.2566175
1718864825.0684946 1718864854.2585428
1718864855.112664 1718864886.1571364
1718864889.7267218 1718864915.3573346
1718864924.8232584 1718864940.258904
1718864950.869188 1718864965.0069163
1718864969.6707714 1718864996.056916
1718865000.722733 1718865031.0568979
1718865031.5658782 1718865069.062269
1718865075.9237857 1718865102.0583897
1718865107.8214362 1718865143.0142763
1718865149.7147884 1718865169.4611824
1718865172.1725671 1718865209.5068643
1718865215.8663871 1718865241.360832
1718865250.1683588 1718865276.4569173
1718865284.0707922 1718865310.6589944
1718865316.9304342 1718865346.6569536
1718865348.009803 1718865376.913836
1718865377.6145 1718865414.0065045
1718865418.51873 1718865444.8567047
1718865448.0320947 1718865475.1608288
1718865478.9147937 1718865510.2106638
1718865519.0702608 1718865540.1568575
1718865542.7717419 1718865571.8568645
1718865575.2667713 1718865607.1611109
1718865612.6203985 1718865647.4066765
1718865647.8703125 1718865679.9070854
1718865687.3272054 1718865714.656673
1718865725.4707909 1718865747.0566807
1718865755.7754316 1718865778.7570622
1718865783.3689754 1718865812.1615708
1718865821.9198687 1718865847.1066375
1718865853.7277048 1718865876.758535
1718865883.4753735 1718865916.8066297
1718865919.3685746 1718865946.8066366
1718865951.5587218 1718865977.0625954
1718865984.8700423 1718866015.2066746
1718866016.9212592 1718866042.9589925
1718866046.577555 1718866074.8068833
1718866080.4187782 1718866110.6099849
1718866116.4190316 1718866147.1564674
1718866148.514662 1718866179.9068112
1718866180.5164027 1718866217.2067974
1718866227.6747808 1718866251.7585022
1718866258.5217717 1718866293.656744
1718866303.07053 1718866324.7586713
1718866327.3184133 1718866359.809185
1718866363.1752126 1718866391.409154
1718866400.266929 1718866422.509071
1718866423.2181435 1718866452.6069944
1718866456.1187332 1718866493.856805
1718866501.527276 1718866524.7584352
1718866528.2320836 1718866556.7566175
1718866558.414143 1718866591.557813
1718866593.0750186 1718866625.609092
1718866632.3212004 1718866654.9099991
1718866662.131919 1718866689.7102764
1718866691.523318 1718866724.1070197
1718866729.3707733 1718866758.5626464
1718866767.2819233 1718866801.5582569
1718866809.265484 1718866829.5571556
1718866832.170735 1718866867.7085576
1718866868.1739023 1718866899.9566183
1718866906.2727919 1718866935.0624099
1718866938.8745277 1718866968.6599207
1718866975.314738 1718866997.7080712
1718867000.377548 1718867024.1069968
1718867031.530895 1718867063.1097023
1718867069.0227711 1718867092.908952
1718867096.5142088 1718867127.0566213
1718867132.6263578 1718867161.3066156
1718867170.6694713 1718867194.009135
1718867196.609967 1718867226.6085947
1718867230.7267754 1718867261.7567263
1718867266.0747535 1718867296.5066168
1718867307.2837234 1718867329.1566656
1718867332.8311107 1718867359.9068668
1718867366.1714144 1718867396.4095666
1718867405.1687748 1718867429.7569788
1718867434.2150745 1718867459.4567087
1718867460.9138556 1718867493.756673
1718867497.2272096 1718867528.1570113
1718867528.5187907 1718867560.8075774
1718867563.0661833 1718867596.2085998
1718867602.9147475 1718867634.5601718
1718867636.0315764 1718867668.9585958
1718867679.6187785 1718867710.4606528
1718867712.3110626 1718867737.6092043
1718867744.4147797 1718867771.0566363
1718867776.4587824 1718867803.357044
1718867808.6301427 1718867838.6581035
1718867841.9707844 1718867867.6566052
1718867873.9819958 1718867901.5567417
1718867907.2627814 1718867934.5096412
1718867940.2160838 1718867971.0567837
1718867972.5601916 1718868000.9589388
1718868011.534753 1718868032.5589416
1718868041.8267236 1718868071.4565628
1718868078.977525 1718868110.8565803
1718868113.5649393 1718868138.656716
1718868144.062771 1718868168.3101456
1718868175.0627294 1718868203.9570444
1718868209.616239 1718868239.8567123
1718868248.4148073 1718868274.861918
1718868284.6413789 1718868307.6566904
1718868316.369761 1718868341.1069167
1718868348.5718017 1718868376.0568898
1718868382.3827465 1718868406.306564
1718868415.7316594 1718868436.061778
1718868436.7715685 1718868471.6099157
1718868473.3242607 1718868502.960792
1718868503.4115999 1718868544.15673
1718868545.858724 1718868574.7070544
1718868584.4761767 1718868609.0090213
1718868612.4632633 1718868642.3592763
1718868649.967004 1718868680.2591136
1718868687.8749235 1718868714.506468
1718868716.0771303 1718868747.2613575
1718868757.9676073 1718868782.1573462
1718868784.6187909 1718868823.1608157
1718868827.8707721 1718868852.958607
1718868857.478803 1718868885.3610692
1718868887.2176993 1718868913.6103358
1718868922.4748 1718868942.1565342
1718868944.6627257 1718868981.3567936
1718868992.1148152 1718869012.861393
1718869015.4147282 1718869046.2588234
1718869055.6747842 1718869073.5569153
1718869074.1145747 1718869112.2088718
1718869117.8207886 1718869143.0069063
1718869152.6187787 1718869171.5568492
1718869179.1108432 1718869208.406949
1718869211.5707781 1718869244.260959
1718869252.1151247 1718869275.0065253
1718869279.5202 1718869310.1100276
1718869316.6698978 1718869344.4068723
1718869352.0627704 1718869371.4616818
1718869374.3744235 1718869399.8565512
1718869410.5734189 1718869436.860261
1718869437.5196037 1718869466.5566053
1718869467.2634826 1718869506.1607203
1718869513.3737946 1718869540.2088954
1718869546.6227992 1718869571.8086433
1718869581.470282 1718869608.26136
1718869608.9651945 1718869636.257001
1718869640.5732596 1718869666.257269
1718869666.818474 1718869699.6617572
1718869707.9747267 1718869731.958425
1718869735.509937 1718869760.1098192
1718869763.2747362 1718869793.0626698
1718869796.6184278 1718869823.9571145
1718869828.1267278 1718869858.1066194
1718869866.6161268 1718869893.9583578
1718869897.3628068 1718869931.6619868
1718869940.466781 1718869965.859492
1718869966.9729054 1718869998.31018
1718870002.7227807 1718870032.9642823
1718870040.1142251 1718870064.4069233
1718870070.8787255 1718870093.00939
1718870096.7195518 1718870134.6144383
1718870144.5667846 1718870173.9581134
1718870184.5272827 1718870204.0096748
1718870210.8364131 1718870233.109618
1718870239.810738 1718870261.4569182
1718870267.1667306 1718870297.260104
1718870305.3828855 1718870330.3093648
1718870341.0444932 1718870363.0120041
1718870366.822794 1718870400.8585036
1718870410.1188 1718870432.96652
1718870436.0758471 1718870463.6585298
1718870466.2612064 1718870501.5571897
1718870503.2238772 1718870532.7568789
1718870536.2587793 1718870567.7583053
1718870574.3757977 1718870595.4567685
1718870598.1649745 1718870629.3086839
1718870640.0211456 1718870660.5066574
1718870661.2155666 1718870694.4606752
1718870699.3139362 1718870726.3099577
1718870736.0743034 1718870755.558138
1718870762.3227696 1718870786.3566692
1718870791.8187773 1718870818.6586564
1718870819.364882 1718870848.156953
1718870850.6227329 1718870881.0565772
1718870884.573917 1718870911.9585795
1718870912.7087362 1718870944.4099224
1718870947.0092616 1718870978.4571471
1718870987.927605 1718871009.3577843
1718871019.1245892 1718871043.6579347
1718871048.210789 1718871074.9572659
1718871075.5145228 1718871103.9572837
1718871114.419397 1718871137.3100886
1718871138.0619571 1718871172.0066285
1718871179.5708063 1718871203.556693
1718871211.1174586 1718871234.8572142
1718871238.5709527 1718871268.4604216
1718871274.3147478 1718871303.756716
1718871309.3171039 1718871339.0570538
1718871341.3191776 1718871369.6066601
1718871370.313931 1718871404.1093426
1718871408.8698583 1718871438.0595515
1718871443.8176517 1718871468.7567537
1718871470.1681342 1718871503.3584008
1718871510.1627722 1718871537.9566517
1718871544.619541 1718871570.2597294
1718871576.2216775 1718871603.6569018
1718871612.2707758 1718871637.756917
1718871647.1877766 1718871670.5065207
1718871676.4627357 1718871703.5566924
1718871713.2796137 1718871736.0566814
1718871738.7267327 1718871766.9565785
1718871768.62916 1718871800.85998
1718871811.8227298 1718871834.5570471
1718871837.9107385 1718871868.3581722
1718871875.6747992 1718871901.1618261
1718871902.0677881 1718871936.509262
1718871937.3261921 1718871968.8602233
1718871974.4756448 1718872001.6569567
1718872006.4187388 1718872034.0584219
1718872044.5670493 1718872062.7573347
1718872070.2768385 1718872092.9601345
1718872103.8747704 1718872125.8664134
1718872136.616873 1718872160.1609807
1718872170.982778 1718872194.2624528
1718872200.0670474 1718872231.0083656
1718872238.2155068 1718872265.4572027
1718872266.1616724 1718872298.8066728
1718872299.5101302 1718872330.8579197
1718872334.2654235 1718872364.6581364
1718872369.3292744 1718872398.757145
1718872409.2230034 1718872434.3624382
1718872441.873408 1718872467.2093906
1718872468.9676287 1718872499.3586
1718872505.0187697 1718872531.9565814
1718872538.7627392 1718872565.760451
1718872568.6237361 1718872600.056855
1718872600.6078799 1718872631.7066734
1718872641.3781855 1718872665.057041
1718872670.8147206 1718872701.6582043
1718872710.4316957 1718872733.256602
1718872741.7314825 1718872766.0568254
1718872769.815084 1718872797.6580403
1718872802.57543 1718872832.457887
1718872834.2671108 1718872867.0580835
1718872875.878888 1718872898.056779
1718872906.5667865 1718872930.7566774
1718872933.3637304 1718872966.456582
1718872974.170717 1718872998.757824
1718873006.4227877 1718873033.556705
1718873037.2239854 1718873065.0610957
1718873075.8874764 1718873095.7577634
1718873099.4230106 1718873126.6585093
1718873137.5168056 1718873157.5600004
1718873159.260754 1718873189.8582919
1718873196.4147847 1718873221.356697
1718873231.0375576 1718873252.356717
1718873259.026228 1718873287.3565102
1718873297.9339037 1718873320.9566998
1718873322.4138873 1718873352.6580143
1718873359.3163016 1718873387.15677
1718873393.8666751 1718873419.506543
1718873422.1219277 1718873452.6589642
1718873459.3314452 1718873486.6575289
1718873491.868435 1718873518.458646
1718873521.1152616 1718873550.8617518
1718873559.7187712 1718873585.307536
1718873595.9225216 1718873622.057862
1718873624.2609363 1718873652.0096712
1718873653.714355 1718873687.3566647
1718873691.9658303 1718873719.8596914
1718873726.985473 1718873753.4611075
1718873764.222725 1718873786.8137972
1718873790.9707246 1718873819.258274
1718873820.1771357 1718873852.5565739
1718873862.3187358 1718873881.9578109
1718873888.2707214 1718873914.0580335
1718873921.6667252 1718873946.156687
1718873949.8187273 1718873979.3566487
1718873988.8787348 1718874013.7078397
1718874024.5147738 1718874046.5566955
1718874053.07072 1718874078.8595393
1718874089.4751794 1718874111.558188
1718874116.3108008 1718874143.559792
1718874154.1787884 1718874174.358546
1718874181.173348 1718874206.6566496
1718874211.3627772 1718874238.3066142
1718874240.1600442 1718874269.9065642
1718874276.5627491 1718874302.0608323
1718874312.2251577 1718874331.958786
1718874334.1747835 1718874363.6581783
1718874372.366777 1718874396.056558
1718874403.5168157 1718874429.8583837
1718874439.617632 1718874461.056554
1718874470.5756962 1718874493.5567544
1718874495.2203624 1718874527.3584812
1718874530.1719532 1718874560.2581189
1718874564.9147906 1718874592.4583316
1718874597.9267225 1718874626.4567864
1718874636.9787812 1718874657.5607557
1718874668.4728394 1718874690.8070166
1718874691.5197437 1718874725.6088865
1718874728.3181474 1718874760.0568373
1718874760.6708086 1718874792.9575818
1718874802.3189168 1718874828.3609598
1718874829.2727644 1718874862.7571034
1718874873.2187304 1718874897.1568086
1718874902.7658079 1718874929.9599822
1718874934.7746034 1718874964.6597295
1718874970.4306045 1718874995.958146
1718875004.7188 1718875030.458394
1718875040.1326451 1718875068.4565885
1718875075.21879 1718875104.6565847
1718875111.3227913 1718875138.1566038
1718875147.979524 1718875168.258647
1718875172.9792755 1718875201.0625787
1718875202.5132704 1718875235.706501
1718875242.2713914 1718875267.356629
1718875273.0667248 1718875296.6066506
1718875298.3100746 1718875327.9625173
1718875335.9692135 1718875359.2566164
1718875369.0752308 1718875389.6579528
1718875396.0754 1718875422.26114
1718875424.1276968 1718875458.1566474
1718875464.8667796 1718875491.6092055
1718875501.4187875 1718875526.0614178
1718875535.0221498 1718875557.5574126
1718875564.0147257 1718875589.4571586
1718875589.8667023 1718875621.9602299
1718875622.8680239 1718875658.3586385
1718875660.1077986 1718875695.1091316
1718875705.9307814 1718875729.807747
1718875733.5737958 1718875766.7577794
1718875767.3642898 1718875800.606574
1718875801.1184292 1718875831.8569272
1718875835.3708494 1718875865.5567255
1718875872.2173634 1718875897.356743
1718875901.1147776 1718875931.4582965
1718875937.1627364 1718875964.6069047
1718875966.9318435 1718875997.0567298
1718876002.474785 1718876028.3600192
1718876039.2228568 1718876061.2066593
1718876061.8172853 1718876096.3085117
1718876098.0256398 1718876127.5071177
1718876129.9236631 1718876159.5567138
1718876168.2174406 1718876192.5566044
1718876196.8659897 1718876224.8576589
1718876229.6675088 1718876259.2599854
1718876263.326859 1718876291.6602478
1718876298.4707265 1718876325.9620936
1718876331.8287988 1718876360.4566371
1718876369.017369 1718876392.756625
1718876403.5179718 1718876428.258423
1718876431.0615969 1718876462.2566233
1718876462.6641 1718876494.556537
1718876495.2689626 1718876527.5605826
1718876530.5684197 1718876561.857031
1718876564.2091074 1718876593.6602402
1718876600.5169437 1718876626.5567172
1718876628.1661365 1718876660.858675
1718876671.6171196 1718876695.1603358
1718876702.0262744 1718876727.8566356
1718876736.6147912 1718876763.7584634
1718876769.614727 1718876797.3581564
1718876808.2308123 1718876829.3569698
1718876837.0307488 1718876864.4571047
1718876874.8807647 1718876897.956773
1718876902.670785 1718876931.0567665
1718876931.7205706 1718876964.0065153
1718876972.7628002 1718876997.409884
1718877007.2713103 1718877032.9586613
1718877042.3864412 1718877063.1566904
1718877069.6187384 1718877095.6586535
1718877106.4249046 1718877127.056721
