1762926153.2967408 1762926280.9087944
1762926280.9092004 1762926386.9422414
1762926392.9476397 1762926536.518084
1762926544.523682 1762926718.6898277
1762926726.6979835 1762926870.5703313
1762926873.5721993 1762927085.2198453
1762927086.2209787 1762927263.004635
1762927271.0116334 1762927406.0326967
1762927408.0347662 1762927552.83342
1762927557.8356266 1762927680.206748
1762927685.21168 1762927797.0296874
1762927797.0297172 1762927957.6298168
1762927961.6317217 1762928145.918949
1762928154.9280918 1762928350.9315863
1762928350.9316168 1762928393.0116677
1762928400.0156672 1762928614.8915615
1762928624.899679 1762928743.755254
1762928748.759679 1762928985.4933066
1762928993.4996169 1762929112.1482553
1762929118.1516776 1762929215.6505299
1762929221.6556475 1762929329.0509944
1762929338.0596788 1762929406.4996805
1762929408.5018342 1762929580.8086188
1762929580.8086505 1762929688.3560245
1762929698.366169 1762929812.822333
1762929816.8264728 1762929981.2313702
1762929981.2314017 1762930123.1314673
1762930132.1396751 1762930291.9991326
1762930294.999625 1762930410.9999156
1762930414.0030537 1762930520.3424945
1762930530.3526328 1762930641.142046
1762930649.149265 1762930830.7359746
1762930832.738112 1762930945.6888201
1762930946.689891 1762931090.3687084
1762931091.369843 1762931235.9820666
1762931237.984156 1762931379.302963
1762931386.3076665 1762931525.1352358
1762931531.1397717 1762931620.7522967
1762931630.7624424 1762931714.721056
1762931722.7292082 1762931809.5980177
1762931813.6021583 1762931904.5886765
1762931914.595619 1762932014.0239966
1762932020.0276752 1762932138.0250173
1762932144.0276778 1762932277.991419
1762932279.9935093 1762932460.5457344
1762932466.5518723 1762932607.5343895
1762932611.5356393 1762932788.1556146
1762932791.1586914 1762933029.2976868
1762933031.2996356 1762933175.9212048
1762933183.929339 1762933286.2866502
1762933293.2932057 1762933407.8689096
1762933415.875613 1762933559.360319
1762933564.363673 1762933703.022457
1762933708.0276787 1762933854.0261285
1762933856.0276756 1762933982.6183107
1762933992.628552 1762934104.8883107
1762934105.8893888 1762934269.8903854
1762934275.8955967 1762934429.8768485
1762934434.8796692 1762934541.937671
1762934550.9436138 1762934628.5387144
1762934636.5435984 1762934801.3683474
1762934807.3716228 1762935009.023113
1762935014.0276659 1762935208.15558
1762935210.1578047 1762935415.3260546
1762935425.3363202 1762935506.1914737
1762935516.1996245 1762935602.979537
1762935602.9797196 1762935777.790126
1762935782.7916334 1762935923.5658927
1762935932.5751457 1762936189.0817213
1762936193.0836847 1762936343.4036584
1762936348.4088857 1762936531.9390798
1762936535.9433227 1762936710.8711116
1762936712.87333 1762936818.3186755
1762936828.3289168 1762936915.7993479
1762936918.7996807 1762937077.882057
1762937077.8821902 1762937207.2661543
1762937207.2663064 1762937376.0446286
1762937383.0516276 1762937622.6658466
1762937626.6700544 1762937784.7757878
1762937786.778002 1762937943.4455557
1762937947.449799 1762938091.0266836
1762938095.0308852 1762938281.3628008
1762938286.3680594 1762938373.412189
1762938373.4123514 1762938486.8256075
1762938492.831859 1762938572.2933655
1762938581.299709 1762938693.5982113
1762938702.6074877 1762938825.478509
1762938827.479664 1762938964.3189907
1762938967.3196805 1762939119.7768514
1762939125.7796822 1762939248.898239
1762939248.898359 1762939385.9634483
1762939387.9656746 1762939546.4967446
1762939551.4996347 1762939682.364217
1762939687.3694685 1762939799.7738109
1762939802.7756562 1762939914.9656107
1762939920.9718516 1762939975.295544
1762939984.3036563 1762940110.1219022
1762940114.123641 1762940247.3530593
1762940251.3533118 1762940487.0306375
1762940488.0316179 1762940628.6528823
