1762926150.8605118 1762926279.024766
1762926286.0316205 1762926395.2003028
1762926400.2036724 1762926545.6585968
1762926546.6597292 1762926712.7594404
1762926712.7594721 1762926880.4387462
1762926882.4408915 1762927030.812307
1762927038.8196177 1762927268.2989995
1762927276.3071485 1762927406.5291498
1762927416.539297 1762927532.4963732
1762927537.5015283 1762927661.037899
1762927666.03962 1762927814.4925091
1762927824.5016973 1762927963.2451797
1762927968.2503161 1762928167.9772818
1762928169.9794135 1762928328.6607926
1762928329.6619487 1762928461.944078
1762928468.9476268 1762928593.8867157
1762928596.887625 1762928839.0376275
1762928845.043763 1762928998.083031
1762929005.087619 1762929101.245042
1762929104.2481363 1762929212.820582
1762929220.8237622 1762929336.5165868
1762929339.5196447 1762929454.8617353
1762929464.8716884 1762929527.752782
1762929528.7538555 1762929645.6396568
1762929649.6436877 1762929808.7276092
1762929814.7337449 1762929987.1068466
1762929990.1077075 1762930176.885982
1762930179.8891134 1762930297.8536108
1762930300.85671 1762930411.7351987
1762930419.7417111 1762930518.4555593
1762930521.4587164 1762930659.944791
1762930663.948887 1762930804.1355934
1762930804.135618 1762930936.7558653
1762930940.759968 1762931084.219482
1762931091.2266166 1762931250.2212133
1762931252.2233472 1762931359.0413167
1762931361.0433931 1762931508.27777
1762931517.2836268 1762931619.4515576
1762931626.4559565 1762931710.8347185
1762931716.8408458 1762931809.3284917
1762931810.3296292 1762931900.6333802
1762931902.6354547 1762932012.1518729
1762932017.1556787 1762932134.137184
1762932137.1396728 1762932265.596432
1762932267.5985708 1762932459.0413198
1762932460.0424662 1762932570.7788556
1762932575.7836156 1762932832.4172232
1762932842.4273825 1762933033.1035504
1762933034.1046631 1762933176.0137022
1762933183.0196712 1762933293.1424997
1762933296.1455963 1762933359.9413753
1762933362.9436705 1762933526.0999837
1762933529.1031165 1762933669.2305324
1762933674.2365673 1762933828.6714532
1762933832.6757233 1762933987.4707315
1762933989.471656 1762934110.931555
1762934116.9357746 1762934265.9053104
1762934267.9074492 1762934407.18131
1762934416.190323 1762934536.2215488
1762934537.222712 1762934640.1492586
1762934649.1584394 1762934816.9938335
1762934823.9996727 1762935012.1054018
1762935014.1076078 1762935194.3784072
1762935198.3796785 1762935412.5244808
1762935422.5316591 1762935509.7126622
1762935519.720714 1762935586.509858
1762935589.5119576 1762935806.7653267
1762935811.7705636 1762935991.2540822
1762935998.2596905 1762936164.079797
1762936166.082043 1762936336.2812598
1762936343.2884505 1762936532.6362486
1762936533.6374867 1762936676.8181992
1762936681.823377 1762936820.4811046
1762936827.4882894 1762936919.7429945
1762936921.7436185 1762937073.849536
1762937076.852787 1762937213.2540727
1762937217.2583165 1762937407.4392414
1762937412.4436376 1762937646.1404839
1762937650.144738 1762937792.1038442
1762937799.107697 1762937921.9670477
1762937927.9732838 1762938095.546473
1762938102.5536692 1762938223.3864202
1762938223.386565 1762938392.697929
1762938394.7001286 1762938470.3816555
1762938480.3916805 1762938572.231399
1762938572.2315454 1762938684.134813
1762938687.1380346 1762938831.17193
1762938832.1731842 1762938961.3062284
1762938969.3116827 1762939113.2826798
1762939121.2837205 1762939274.6632931
1762939281.670539 1762939380.0760064
1762939386.079681 1762939570.5556931
1762939573.558953 1762939679.1352737
1762939687.1396115 1762939784.7984724
1762939789.803614 1762939915.738616
1762939920.7436142 1762940011.7976778
1762940017.8038623 1762940118.3033864
1762940119.303677 1762940256.7692528
1762940259.77249 1762940491.561196
1762940500.5704544 1762940701.9850042
