1757233678.0050018 1757233711.2449553
1757233712.246158 1757233743.3304114
1757233751.3356912 1757233775.393887
1757233779.3980422 1757233806.7165332
1757233816.724027 1757233840.2415404
1757233846.2476978 1757233862.031313
1757233872.0396276 1757233897.277826
1757233906.2836883 1757233917.8057997
1757233920.8078353 1757233946.565728
1757233954.5714478 1757233977.462313
1757233981.4637015 1757234007.9043653
1757234017.9145815 1757234028.5228584
1757234035.5276706 1757234059.6869466
1757234069.695679 1757234095.1824508
1757234102.1851242 1757234126.26725
1757234132.2716758 1757234150.8189535
1757234160.8290749 1757234181.4405806
1757234188.4478042 1757234217.7882404
1757234222.7916112 1757234248.7930694
1757234253.7956665 1757234277.2560527
1757234283.2596204 1757234302.7144585
1757234304.7165542 1757234330.7238963
1757234339.731661 1757234363.6718435
1757234373.6820676 1757234393.1680996
1757234398.1716702 1757234420.7969117
1757234420.796984 1757234454.8055573
1757234462.8116243 1757234483.8020852
1757234483.8021264 1757234513.2844057
1757234519.2876883 1757234545.5856924
1757234555.5957751 1757234571.4443798
1757234572.4454558 1757234600.55728
1757234606.5634058 1757234631.510351
1757234639.5157146 1757234654.9053848
1757234658.90951 1757234686.3230367
1757234688.3236651 1757234712.8709764
1757234716.8716152 1757234741.792259
1757234742.7933884 1757234770.5790565
1757234780.5892127 1757234802.5770628
1757234809.583614 1757234830.2254584
1757234835.2305644 1757234856.4122016
1757234859.4151545 1757234882.5441897
1757234891.5517132 1757234906.6452994
1757234910.6491 1757234939.4375427
1757234944.4426262 1757234967.2252553
1757234977.2316082 1757235000.36194
1757235009.3710434 1757235034.344027
1757235037.347173 1757235067.2027566
1757235076.2119052 1757235093.3055785
1757235100.311706 1757235126.3227482
1757235129.3258822 1757235155.2022476
1757235156.2032812 1757235181.0723257
1757235186.0756216 1757235215.3271742
1757235220.3319745 1757235239.4943385
1757235241.495839 1757235275.7675376
1757235281.7716746 1757235302.8615112
1757235312.8716753 1757235330.7444546
1757235339.7516785 1757235360.3828888
1757235368.3910122 1757235394.2870646
1757235399.2916079 1757235420.817448
1757235430.8236697 1757235450.2561214
1757235456.2622008 1757235487.7278848
1757235491.7316103 1757235518.5472722
1757235520.5476146 1757235548.4465487
1757235555.4536643 1757235575.3587437
1757235585.3676965 1757235602.9502704
1757235606.9518526 1757235631.791295
1757235640.7996774 1757235655.0276957
1757235655.0277262 1757235686.2946033
1757235694.2996647 1757235720.8682048
1757235725.8717663 1757235752.260401
1757235761.2677138 1757235780.3614476
1757235781.3625672 1757235811.6270819
1757235821.6357098 1757235841.6892116
1757235842.6903484 1757235867.470416
1757235867.4704485 1757235892.2345538
1757235898.2396557 1757235926.0500233
1757235927.0510983 1757235950.053014
1757235953.0561166 1757235981.4344304
1757235985.4385626 1757236011.16041
1757236020.1677265 1757236044.6161995
1757236052.623661 1757236074.1475208
1757236074.1475577 1757236100.3985808
1757236104.399654 1757236134.4157104
1757236139.4199452 1757236165.2603502
1757236166.2605186 1757236203.6390057
1757236204.639669 1757236225.720786
1757236229.7236197 1757236262.982502
1757236267.9842567 1757236295.818998
1757236302.8261747 1757236322.2900364
1757236327.2951698 1757236353.0939753
1757236354.0942864 1757236384.4825938
1757236394.4917119 1757236413.4972727
1757236414.4984279 1757236444.7730732
1757236454.7832239 1757236467.0024798
1757236475.0076113 1757236495.420073
1757236503.4277809 1757236538.3150167
1757236545.319646 1757236560.2269864
1757236564.2276716 1757236602.6141655
1757236611.6232696 1757236631.6991768
1757236636.7042673 1757236657.3076112
