1757233679.955986 1757233708.1344385
1757233714.1396582 1757233741.3697956
1757233751.3796706 1757233767.918659
1757233769.9196122 1757233803.976309
1757233812.9836648 1757233838.0417373
1757233841.0436444 1757233866.880822
1757233868.8829572 1757233896.6885738
1757233904.6966653 1757233919.0263968
1757233921.027678 1757233952.6362526
1757233962.6464922 1757233978.8416018
1757233985.847668 1757234007.126936
1757234008.128024 1757234030.97996
1757234038.987676 1757234061.6356242
1757234070.6447573 1757234092.8670194
1757234095.8676765 1757234125.2410414
1757234126.2421172 1757234158.401797
1757234158.4018528 1757234184.7353992
1757234194.7455492 1757234218.334778
1757234220.3368757 1757234249.7627017
1757234251.7647915 1757234272.1729515
1757234274.1750262 1757234305.5487413
1757234314.5556524 1757234336.2980065
1757234342.3036752 1757234363.6232965
1757234364.6236286 1757234392.1272056
1757234396.1313736 1757234422.66859
1757234422.6686459 1757234454.765705
1757234456.767709 1757234483.5527809
1757234487.5569277 1757234514.0428703
1757234516.043621 1757234544.8121283
1757234548.81561 1757234569.609476
1757234576.6156301 1757234601.7533784
1757234607.7595198 1757234630.2190082
1757234634.2230968 1757234657.612533
1757234664.6196725 1757234684.7383275
1757234686.7404215 1757234710.5175397
1757234716.5236666 1757234740.7096615
1757234745.7148395 1757234771.0506365
1757234779.0557063 1757234802.6121657
1757234804.6142695 1757234832.3445663
1757234837.3496583 1757234862.6702492
1757234868.6763651 1757234884.0908024
1757234890.0956318 1757234908.9828017
1757234909.9836211 1757234941.4003634
1757234944.4034936 1757234967.6785347
1757234975.6837811 1757235000.642601
1757235005.6475978 1757235035.408531
1757235038.411609 1757235067.2851627
1757235070.2877307 1757235091.9889128
1757235100.9980848 1757235128.160549
1757235135.1676674 1757235154.5814042
1757235154.5814338 1757235188.4341974
1757235196.4423356 1757235218.0738828
1757235223.0756142 1757235248.9781246
1757235258.9882834 1757235280.7238414
1757235284.7279963 1757235304.060289
1757235305.0613925 1757235332.7048528
1757235341.7140098 1757235362.2189867
1757235371.227617 1757235393.1498365
1757235403.1596675 1757235422.4493275
1757235422.449368 1757235452.1971114
1757235458.1997542 1757235488.9413328
1757235489.9424212 1757235518.6992314
1757235518.6992588 1757235547.7026134
1757235555.7076764 1757235576.5168867
1757235579.5196166 1757235603.4827533
1757235611.4876628 1757235631.9332278
1757235632.9343002 1757235658.8322372
1757235658.832269 1757235690.7994828
1757235695.8046198 1757235722.5486968
1757235730.5568972 1757235754.471824
1757235764.479907 1757235783.4440198
1757235784.4451478 1757235810.2349164
1757235818.2431483 1757235842.1799397
1757235844.1820674 1757235866.8594615
1757235868.8615437 1757235894.130112
1757235904.139614 1757235924.7571516
1757235925.758233 1757235948.0141637
1757235953.019249 1757235983.7170293
1757235983.7170565 1757236013.5468855
1757236022.5556738 1757236042.4745436
1757236043.4756687 1757236077.80516
1757236086.8116353 1757236105.7584314
1757236112.7655227 1757236140.8879666
1757236144.8921554 1757236169.6423817
1757236169.6424255 1757236203.763679
1757236205.7657616 1757236232.629362
1757236239.6364844 1757236266.1856875
1757236266.1857119 1757236298.054327
1757236302.0556915 1757236323.973387
1757236324.9744747 1757236354.7601562
1757236356.7622485 1757236383.162393
1757236388.1636167 1757236410.267825
1757236417.2716215 1757236446.3869154
1757236452.393045 1757236474.8955512
1757236474.895601 1757236502.562925
1757236507.5676548 1757236535.8225064
1757236536.822784 1757236570.421952
1757236580.4321032 1757236603.2057803
1757236604.2069159 1757236629.368573
1757236638.3756201 1757236659.317975
