1765180322.9132824 1765180372.2776346
1765180372.2776585 1765180425.3030274
1765180425.3030984 1765180466.8537226
1765180466.8537433 1765180509.1815054
1765180509.181532 1765180555.8747096
1765180555.8747318 1765180599.0513499
1765180599.0513763 1765180646.043616
1765180646.0436356 1765180692.1989596
1765180692.1989858 1765180736.5419686
1765180736.5419905 1765180779.9722245
1765180779.9722521 1765180825.8791625
1765180825.8792005 1765180873.58236
1765180873.5823858 1765180917.5906599
1765180917.5906806 1765180956.990376
1765180956.9904134 1765180993.3306787
1765180993.3306994 1765181038.9628544
1765181038.962888 1765181075.165845
1765181075.165879 1765181125.635387
1765181125.6354117 1765181181.5836897
1765181181.583712 1765181233.260881
1765181233.260908 1765181278.9717562
1765181278.971777 1765181330.8224618
1765181330.8224874 1765181383.1405604
1765181383.1405818 1765181423.4540715
1765181423.4540968 1765181475.7309995
1765181475.7310302 1765181540.4733207
1765181540.4733493 1765181580.116883
1765181580.1169121 1765181639.5515583
1765181639.5515852 1765181700.3902888
1765181700.3903093 1765181774.622436
1765181774.622464 1765181850.4463787
1765181850.4464037 1765181912.1302998
1765181912.1303241 1765181955.3961082
1765181955.3961313 1765181995.4725397
1765181995.47256 1765182030.346148
1765182030.346171 1765182065.9538188
1765182065.953841 1765182125.0739179
1765182125.073956 1765182195.752329
1765182195.7523463 1765182251.1453652
1765182251.1453953 1765182303.865025
1765182303.865046 1765182357.3520195
1765182357.3520508 1765182396.3159752
1765182396.3159957 1765182434.5565484
1765182434.5565994 1765182472.1767347
1765182472.176761 1765182510.1962934
1765182510.1963203 1765182537.489433
1765182537.489453 1765182571.9550776
1765182571.9551044 1765182604.702287
1765182604.702308 1765182655.2680776
1765182655.268104 1765182702.7429295
1765182702.7429585 1765182734.0019345
1765182734.0019698 1765182779.3968256
1765182779.3968456 1765182809.6833162
1765182809.6833427 1765182849.9043484
1765182849.9043686 1765182893.1080258
1765182893.1080463 1765182935.8730412
1765182935.873073 1765182990.434578
1765182990.4345996 1765183046.0370126
1765183046.037055 1765183094.2462401
1765183094.2462678 1765183147.1638646
1765183147.163908 1765183194.4809892
1765183194.4810166 1765183250.4789712
1765183250.4789972 1765183309.735317
1765183309.7353384 1765183363.4062757
1765183363.4063063 1765183412.1350796
1765183412.1351104 1765183479.9241474
1765183479.9241738 1765183531.7422705
1765183531.7422984 1765183583.6531162
1765183583.6531365 1765183623.134762
1765183623.1347861 1765183678.0821939
1765183678.082224 1765183731.6859684
1765183731.6860166 1765183780.3066843
1765183780.3067153 1765183827.9284985
1765183827.928519 1765183877.6402593
1765183877.6402898 1765183918.6443443
1765183918.6443799 1765183961.1159341
1765183961.1159558 1765184006.289938
1765184006.2899675 1765184050.5955904
1765184050.5956116 1765184093.9271638
1765184093.927194 1765184144.3825324
1765184144.3825533 1765184208.403605
1765184208.403636 1765184241.623991
1765184241.6240115 1765184279.1664762
1765184279.166504 1765184317.9685116
1765184317.968544 1765184345.0520792
1765184345.052113 1765184382.945452
1765184382.945479 1765184415.503253
1765184415.50328 1765184457.6788917
1765184457.678912 1765184496.641077
1765184496.6411042 1765184538.0376549
1765184538.0376775 1765184579.3131547
1765184579.3131814 1765184618.7194765
1765184618.719509 1765184657.8927646
1765184657.8927948 1765184699.7807088
1765184699.7807333 1765184756.128264
1765184756.1282964 1765184808.0032966
1765184808.0033166 1765184864.778768
1765184864.778796 1765184923.3062894
1765184923.3063185 1765184976.18874
1765184976.1887665 1765185026.0828676
