1756567115.5556936 1756567164.4840548
1756567164.4840746 1756567194.011954
1756567194.011978 1756567226.8483438
1756567226.8483717 1756567261.1680984
1756567261.1681213 1756567294.002923
1756567294.002943 1756567315.7230093
1756567315.723027 1756567355.5464678
1756567355.54649 1756567397.2777703
1756567397.2777884 1756567438.9165401
1756567438.916557 1756567477.1948035
1756567477.194825 1756567515.156354
1756567515.1563766 1756567555.1801383
1756567555.1801553 1756567595.1030617
1756567595.103082 1756567627.7369032
1756567627.7369213 1756567663.0828707
1756567663.0828965 1756567693.629332
1756567693.6293592 1756567724.1146224
1756567724.114658 1756567756.3285863
1756567756.3286264 1756567785.327999
1756567785.3280191 1756567814.461112
1756567814.4611413 1756567848.6689856
1756567848.6690059 1756567867.7199621
1756567867.7199807 1756567900.5428395
1756567900.5428655 1756567940.0392816
1756567940.0393038 1756567972.5409784
1756567972.5410035 1756568012.190135
1756568012.1901557 1756568039.5500798
1756568039.5501008 1756568082.9598212
1756568082.9598434 1756568142.4131105
1756568142.4131331 1756568196.9949718
1756568196.9950004 1756568243.0292985
1756568243.0293224 1756568289.232962
1756568289.2329848 1756568347.466743
1756568347.466766 1756568403.6455042
1756568403.6455355 1756568457.7068703
1756568457.7069042 1756568503.0235882
1756568503.0236132 1756568541.3084533
1756568541.3084795 1756568575.5676405
1756568575.5676606 1756568616.82809
1756568616.8281286 1756568654.339979
1756568654.3400059 1756568680.472891
1756568680.472908 1756568713.4542396
1756568713.4542627 1756568746.7458115
1756568746.745832 1756568775.269115
1756568775.2691317 1756568801.2587216
1756568801.2587478 1756568833.6545348
1756568833.6545615 1756568868.0916774
1756568868.0917013 1756568897.4032097
1756568897.4032319 1756568927.7907555
1756568927.7907727 1756568957.4652455
1756568957.465268 1756568986.4313262
1756568986.4313443 1756569006.972719
1756569006.972744 1756569036.3411083
1756569036.3411245 1756569068.1696627
1756569068.1696842 1756569102.4183066
1756569102.4183235 1756569138.5687451
1756569138.568765 1756569170.7531223
1756569170.7531466 1756569205.0107002
1756569205.0107265 1756569252.692583
1756569252.6926084 1756569300.5943081
1756569300.5943396 1756569345.4632342
1756569345.4632635 1756569391.5552301
1756569391.555259 1756569424.7877214
1756569424.7877438 1756569461.0956929
1756569461.0957115 1756569508.244886
1756569508.2449126 1756569547.944727
1756569547.9447536 1756569573.972384
1756569573.9724052 1756569604.755515
1756569604.7555363 1756569633.185484
1756569633.1855009 1756569659.556949
1756569659.5569744 1756569689.1774275
1756569689.1774504 1756569714.3703353
1756569714.3703609 1756569758.097342
1756569758.0973628 1756569804.3291557
1756569804.3291752 1756569845.9595735
1756569845.9596198 1756569877.8718436
1756569877.8718631 1756569914.526005
1756569914.5260293 1756569944.770785
1756569944.7708018 1756569982.0949275
1756569982.094953 1756570025.6105857
1756570025.6106038 1756570062.1986601
1756570062.198684 1756570108.6261988
1756570108.6262228 1756570156.7969491
1756570156.7969713 1756570212.7426636
1756570212.742687 1756570262.687086
1756570262.687107 1756570297.9882271
1756570297.9882517 1756570330.3394716
1756570330.339492 1756570353.5864556
1756570353.5864742 1756570385.1759744
1756570385.175992 1756570415.659018
1756570415.6590374 1756570441.9174926
1756570441.9175124 1756570474.8630044
1756570474.8630223 1756570536.9598553
1756570536.9598784 1756570582.8321822
1756570582.832218 1756570630.3741894
1756570630.3742154 1756570675.1077948
1756570675.107814 1756570712.639338
1756570712.6393623 1756570757.9967747
1756570757.996792 1756570795.4018471
1756570795.4018717 1756570840.8475308
