1756567118.1257982 1756567160.0118434
1756567160.0118914 1756567191.1260595
1756567191.126083 1756567217.6168509
1756567217.6168885 1756567257.7491562
1756567257.7491832 1756567291.4419496
1756567291.4420094 1756567318.9444368
1756567318.9444616 1756567352.3637612
1756567352.3637881 1756567391.5465188
1756567391.5465422 1756567431.8208916
1756567431.8209147 1756567475.5295765
1756567475.529607 1756567516.441464
1756567516.4414842 1756567552.1058223
1756567552.1058455 1756567594.4073822
1756567594.4074066 1756567623.8194015
1756567623.8194225 1756567658.0867558
1756567658.086775 1756567685.4510322
1756567685.4510539 1756567717.9611783
1756567717.9612048 1756567751.5329933
1756567751.533015 1756567783.453159
1756567783.4531798 1756567813.741836
1756567813.741861 1756567844.1363585
1756567844.1363847 1756567868.2300882
1756567868.230108 1756567900.1327531
1756567900.1327746 1756567936.8716216
1756567936.87165 1756567969.6282732
1756567969.6282907 1756568005.1243398
1756568005.1243565 1756568035.4784899
1756568035.4785306 1756568079.867725
1756568079.867752 1756568137.8926907
1756568137.8927119 1756568195.5496762
1756568195.5496945 1756568241.3722928
1756568241.3723218 1756568291.721831
1756568291.7218535 1756568347.2844021
1756568347.2844265 1756568404.118075
1756568404.1181 1756568451.6117945
1756568451.611812 1756568499.3053749
1756568499.3054016 1756568540.778813
1756568540.7788296 1756568576.7222652
1756568576.7222908 1756568612.380989
1756568612.381008 1756568653.525361
1756568653.5253801 1756568685.2273035
1756568685.2273302 1756568714.2609413
1756568714.2609625 1756568741.168759
1756568741.1687799 1756568768.8972337
1756568768.8972547 1756568798.9814668
1756568798.9814992 1756568834.5688207
1756568834.568858 1756568867.9798644
1756568867.979894 1756568894.2978644
1756568894.2978895 1756568925.7523692
1756568925.7524 1756568956.2567425
1756568956.2567616 1756568985.0957544
1756568985.0957813 1756569012.296045
1756569012.2960694 1756569039.7410262
1756569039.7410505 1756569066.5705535
1756569066.5705721 1756569100.4187055
1756569100.4187331 1756569140.052491
1756569140.0525117 1756569171.3129456
1756569171.3129833 1756569206.9769845
1756569206.9770093 1756569255.182357
1756569255.1823783 1756569300.770301
1756569300.770348 1756569343.7744331
1756569343.7744513 1756569389.4900749
1756569389.490098 1756569420.4215493
1756569420.4215734 1756569458.0972743
1756569458.0973003 1756569508.222119
1756569508.2221453 1756569550.662605
1756569550.662623 1756569571.3261213
1756569571.326145 1756569605.0995584
1756569605.0996041 1756569635.7220402
1756569635.7220638 1756569663.1107183
1756569663.1107566 1756569691.701725
1756569691.701749 1756569714.910636
1756569714.910654 1756569754.239139
1756569754.2391577 1756569803.3652368
1756569803.3652647 1756569844.8199563
1756569844.8199804 1756569876.9519188
1756569876.9519398 1756569913.3910987
1756569913.3911254 1756569942.4501617
1756569942.4501843 1756569981.730286
1756569981.7303088 1756570023.2921567
1756570023.2921784 1756570062.7486234
1756570062.7486756 1756570109.552588
1756570109.5526094 1756570156.519673
1756570156.5197113 1756570206.8242843
1756570206.824303 1756570264.0812466
1756570264.0812664 1756570294.2960846
1756570294.2961118 1756570327.0713384
1756570327.0713584 1756570354.4782596
1756570354.4782863 1756570381.9843898
1756570381.98441 1756570409.104994
1756570409.1050172 1756570435.5642474
1756570435.564266 1756570469.428003
1756570469.4280279 1756570531.331989
1756570531.332014 1756570587.249726
1756570587.2497437 1756570625.4307446
1756570625.4307714 1756570676.8062303
1756570676.806249 1756570712.5655463
1756570712.5656471 1756570755.1763334
1756570755.176352 1756570797.5249386
1756570797.5249631 1756570841.0611093
