1764225594.3584695 1764225632.207358
1764225632.207391 1764225674.7728097
1764225674.7728288 1764225711.244146
1764225711.2441707 1764225742.941576
1764225742.9415998 1764225774.4723964
1764225774.4724162 1764225803.934155
1764225803.934179 1764225834.9398978
1764225834.9399204 1764225866.4817114
1764225866.4817357 1764225906.1785192
1764225906.1785421 1764225945.4668992
1764225945.46692 1764225988.2467191
1764225988.246742 1764226031.8201067
1764226031.8201272 1764226079.3686848
1764226079.3687086 1764226110.6478472
1764226110.647871 1764226143.926903
1764226143.9269233 1764226177.1328063
1764226177.132837 1764226219.515566
1764226219.5155911 1764226256.2186859
1764226256.2187068 1764226301.9757388
1764226301.9757648 1764226344.2339354
1764226344.2339594 1764226385.091918
1764226385.091937 1764226428.9169629
1764226428.916987 1764226459.1570506
1764226459.157069 1764226492.6455886
1764226492.6456127 1764226534.3038425
1764226534.3038623 1764226583.6447606
1764226583.644785 1764226636.883127
1764226636.8831468 1764226685.1949885
1764226685.195012 1764226721.0920734
1764226721.0920925 1764226760.1947849
1764226760.1948094 1764226794.60449
1764226794.6045086 1764226823.0902169
1764226823.090236 1764226868.4587677
1764226868.4587917 1764226911.3692555
1764226911.3692744 1764226954.3641112
1764226954.3641336 1764227001.8254328
1764227001.825454 1764227044.6698883
1764227044.669907 1764227096.424768
1764227096.424794 1764227143.7403824
1764227143.7404013 1764227185.3041017
1764227185.3041267 1764227235.546418
1764227235.5464373 1764227276.5510082
1764227276.551032 1764227320.157398
1764227320.1574244 1764227356.1627703
1764227356.1627884 1764227393.5783138
1764227393.5783393 1764227433.24469
1764227433.2447102 1764227463.0511801
1764227463.0512047 1764227502.8289804
1764227502.8290017 1764227543.1293883
1764227543.1294138 1764227578.616154
1764227578.6161773 1764227614.5781763
1764227614.5781975 1764227650.6864882
1764227650.6865058 1764227678.4944448
1764227678.4944704 1764227715.0890021
1764227715.0890226 1764227759.9774723
1764227759.9774973 1764227790.3875036
1764227790.3875234 1764227832.390916
1764227832.3909345 1764227870.3145902
1764227870.3146155 1764227903.2170222
1764227903.2170408 1764227940.4538534
1764227940.4538786 1764227976.8969662
1764227976.8969855 1764228005.4235177
1764228005.4235437 1764228045.9340827
1764228045.9341178 1764228085.4771574
1764228085.477178 1764228127.8847623
1764228127.8847878 1764228164.6926708
1764228164.6926901 1764228211.6835513
1764228211.6835763 1764228245.8571723
1764228245.8571916 1764228276.0923946
1764228276.0924191 1764228308.5858374
1764228308.58586 1764228340.2677786
1764228340.2677991 1764228377.221085
1764228377.2211041 1764228419.7881668
1764228419.7881918 1764228447.9811249
1764228447.9811435 1764228490.6898396
1764228490.6898646 1764228525.5612435
1764228525.5612626 1764228552.8895597
1764228552.8895857 1764228589.1660423
1764228589.1660619 1764228615.2120764
1764228615.2121017 1764228647.29725
1764228647.2972686 1764228684.2447665
1764228684.2447915 1764228715.9757652
1764228715.9757853 1764228758.366184
1764228758.3662093 1764228790.3832023
1764228790.383223 1764228833.4685276
1764228833.468554 1764228863.997547
1764228863.997566 1764228901.6095781
1764228901.609604 1764228939.5311623
1764228939.5311825 1764228980.3467188
1764228980.3467445 1764229017.9413917
1764229017.9414105 1764229050.6013114
1764229050.601336 1764229096.256295
1764229096.256317 1764229125.9345057
1764229125.934524 1764229164.1796436
1764229164.1796706 1764229192.3797247
1764229192.3797476 1764229234.8201377
1764229234.8201587 1764229264.4370542
1764229264.4370737 1764229301.8284256
1764229301.8284512 1764229335.9033062
1764229335.9033396 1764229378.6336143
