1764666843.6310105 1764666866.767788
1764666866.7678099 1764666874.779218
1764666874.7792397 1764666908.7180839
1764666908.7181091 1764667048.7300317
1764667048.7300518 1764667266.5909805
1764667266.5910175 1764667420.9771216
1764667420.97714 1764667724.7388842
1764667724.738908 1764667811.6496832
1764667811.649705 1764667957.275592
1764667957.2756116 1764668132.9840302
1764668132.9840548 1764668347.8289928
1764668347.8290122 1764668741.7333767
1764668741.7334006 1764668975.779382
1764668975.779406 1764669104.4339957
1764669104.4340162 1764669323.4193811
1764669323.419405 1764669535.162164
1764669535.1621861 1764669701.441611
1764669701.4416354 1764669786.450165
1764669786.4501853 1764669969.229439
1764669969.229462 1764670110.2652292
1764670110.2652597 1764670219.44501
1764670219.4450297 1764670352.6442833
1764670352.6443062 1764670539.5189598
1764670539.5189795 1764670872.673589
1764670872.6736124 1764671205.0008786
1764671205.0009024 1764671424.6133592
1764671424.6133788 1764671647.1919422
1764671647.1919641 1764671872.2684586
1764671872.2684815 1764672045.3864808
1764672045.3865016 1764672183.036076
1764672183.0361009 1764672354.6593254
1764672354.6593516 1764672537.4114969
1764672537.4115436 1764672702.492066
1764672702.4920878 1764672826.0142813
1764672826.0142999 1764673053.7960708
1764673053.7961044 1764673231.7039025
1764673231.703925 1764673426.1045473
1764673426.1045709 1764673593.5229812
1764673593.5230021 1764673774.8286493
1764673774.8286736 1764673920.9228413
1764673920.922866 1764674085.1476936
1764674085.1477141 1764674247.855226
1764674247.8552504 1764674399.890763
1764674399.8907876 1764674585.5177493
1764674585.5177689 1764674676.3037632
1764674676.303787 1764674860.8359463
1764674860.8359654 1764675169.528961
1764675169.528995 1764675425.2482932
1764675425.2483172 1764675674.3760238
1764675674.376048 1764675938.494369
1764675938.4943924 1764676244.8782177
1764676244.8782418 1764676422.344337
1764676422.3443604 1764676653.7722878
1764676653.772306 1764676876.3201857
1764676876.3202112 1764676985.8433743
1764676985.843395 1764677217.179413
1764677217.1794355 1764677378.8630993
1764677378.8631234 1764677569.730213
1764677569.730231 1764677782.9021251
1764677782.902149 1764678109.547728
1764678109.547752 1764678369.0974312
1764678369.0974562 1764678613.9742944
1764678613.9743185 1764679007.259697
1764679007.2597163 1764679370.7384932
1764679370.7385187 1764679545.992834
1764679545.9928584 1764679834.6618085
1764679834.6618338 1764680006.2088985
1764680006.2089229 1764680198.0213494
1764680198.02137 1764680532.7279367
1764680532.7279623 1764680875.1159046
1764680875.1159291 1764681018.1351142
1764681018.1351383 1764681158.2891076
1764681158.2891269 1764681375.4319274
1764681375.4319518 1764681653.7428734
1764681653.7428982 1764681988.8870857
1764681988.8871112 1764682264.7738292
1764682264.7738543 1764682494.3742359
1764682494.3742604 1764682759.0483673
1764682759.0483856 1764683038.0973186
1764683038.0973442 1764683269.4738092
1764683269.4738328 1764683461.951727
1764683461.9517505 1764683772.872447
1764683772.8724723 1764683968.431354
1764683968.431378 1764684215.7933831
1764684215.7934077 1764684467.0643148
1764684467.0643349 1764684676.9967823
1764684676.9968064 1764684999.438951
1764684999.438976 1764685242.8114333
1764685242.8114593 1764685407.8797824
1764685407.8798022 1764685571.4959066
1764685571.4959307 1764685823.532501
1764685823.5325248 1764686128.4533253
1764686128.453349 1764686312.034275
1764686312.0342987 1764686462.7181613
1764686462.7181804 1764686690.5647433
1764686690.5647688 1764686817.4099848
1764686817.4100032 1764687029.510241
1764687029.5102663 1764687244.2614627
1764687244.261488 1764687453.3061378
1764687453.306158 1764687716.1019824
