1764666821.3090887 1764666846.0019472
1764666846.0019653 1764666869.9255161
1764666869.9255352 1764666901.379297
1764666901.3793283 1764667049.073374
1764667049.0733917 1764667277.376414
1764667277.3764973 1764667458.6285348
1764667458.6285565 1764667706.0044434
1764667706.00446 1764667843.7018244
1764667843.7018461 1764667994.809013
1764667994.8090332 1764668212.535845
1764668212.5358622 1764668483.1724448
1764668483.1724668 1764668758.6853147
1764668758.685336 1764668949.8423293
1764668949.8423514 1764669173.0484285
1764669173.04845 1764669384.7721894
1764669384.772212 1764669555.1819274
1764669555.1819491 1764669655.6150339
1764669655.6150513 1764669843.1650836
1764669843.165105 1764669939.1566975
1764669939.156715 1764670122.2347836
1764670122.2348075 1764670257.481983
1764670257.4819987 1764670370.8790092
1764670370.8790293 1764670497.8621953
1764670497.862213 1764670868.284491
1764670868.2845118 1764671239.4201262
1764671239.4201481 1764671473.1339757
1764671473.133996 1764671690.1030169
1764671690.1030393 1764671863.261851
1764671863.2618735 1764671998.6794932
1764671998.679512 1764672145.0008242
1764672145.0008411 1764672293.2177463
1764672293.2177682 1764672532.3499405
1764672532.3499613 1764672663.210985
1764672663.2110026 1764672898.81526
1764672898.8152812 1764673039.3470428
1764673039.3470607 1764673240.2186763
1764673240.218699 1764673369.3892488
1764673369.3892705 1764673590.9336748
1764673590.9336977 1764673761.6484022
1764673761.6484208 1764673929.31625
1764673929.316273 1764674079.1134675
1764674079.113491 1764674261.696883
1764674261.6969008 1764674375.4089823
1764674375.409004 1764674549.552916
1764674549.5529394 1764674743.8421552
1764674743.8421724 1764674986.802828
1764674986.8028605 1764675216.086323
1764675216.0863445 1764675448.4777756
1764675448.477794 1764675597.1174233
1764675597.1174452 1764675834.7745008
1764675834.7745185 1764676224.649388
1764676224.649412 1764676548.5858319
1764676548.585855 1764676707.6856403
1764676707.685659 1764676871.0290458
1764676871.0290685 1764677036.4160569
1764677036.4160757 1764677230.108938
1764677230.1089602 1764677408.592086
1764677408.592109 1764677578.743844
1764677578.7438617 1764677814.4235616
1764677814.4235845 1764677918.3874705
1764677918.3874931 1764678288.7005115
1764678288.7005286 1764678788.548804
1764678788.5488274 1764679175.3182006
1764679175.318224 1764679380.7587883
1764679380.758807 1764679623.288444
1764679623.2884672 1764679804.8323882
1764679804.8324106 1764680011.8692563
1764680011.8692799 1764680297.3995268
1764680297.3995454 1764680574.5880036
1764680574.5880275 1764680711.8255248
1764680711.8255453 1764680978.7499526
1764680978.7499719 1764681127.0342443
1764681127.0342636 1764681357.0679414
1764681357.067965 1764681714.3320076
1764681714.3320315 1764681990.6919208
1764681990.6919444 1764682124.4870908
1764682124.4871087 1764682496.7512014
1764682496.7512193 1764682768.235456
1764682768.2354777 1764683046.1455758
1764683046.145601 1764683208.352415
1764683208.3524346 1764683522.4460394
1764683522.4460695 1764683719.118946
1764683719.1189694 1764683916.6414795
1764683916.6414983 1764684118.5744228
1764684118.5744457 1764684472.144997
1764684472.1450205 1764684773.5683582
1764684773.5683815 1764684977.3674054
1764684977.3674235 1764685223.6340008
1764685223.6340246 1764685410.9482486
1764685410.9482663 1764685554.971017
1764685554.9710402 1764685767.126362
1764685767.1263797 1764686115.038606
1764686115.038629 1764686350.7999659
1764686350.7999885 1764686529.3731117
1764686529.3731356 1764686715.7934484
1764686715.7934706 1764686876.9415193
1764686876.9415383 1764686976.491432
1764686976.4914546 1764687254.3247628
1764687254.3247857 1764687436.2738845
1764687436.2739036 1764687639.1554315
