1764666828.2488515 1764666860.8529088
1764666860.8529263 1764666882.9053717
1764666882.905401 1764666907.9299464
1764666907.9299667 1764666992.3854334
1764666992.3854527 1764667283.4259193
1764667283.4259567 1764667415.6106517
1764667415.6106768 1764667625.6929016
1764667625.6929252 1764667827.4708512
1764667827.4708714 1764667971.7576206
1764667971.757644 1764668191.725713
1764668191.7257366 1764668367.550174
1764668367.550194 1764668758.7178333
1764668758.717856 1764668992.5156016
1764668992.5156262 1764669140.3185456
1764669140.3185687 1764669376.796193
1764669376.7962167 1764669548.8216236
1764669548.8216465 1764669654.537869
1764669654.5378888 1764669811.8080702
1764669811.8080943 1764669991.977041
1764669991.9770634 1764670127.6036513
1764670127.6036718 1764670240.3935108
1764670240.3935347 1764670374.0168695
1764670374.016889 1764670570.8276062
1764670570.8276298 1764670875.1865718
1764670875.186597 1764671070.9021597
1764671070.9021802 1764671455.2695756
1764671455.2695997 1764671666.9230886
1764671666.9231122 1764671851.3735898
1764671851.373612 1764672039.8590045
1764672039.8590245 1764672195.5586958
1764672195.5587173 1764672356.9561913
1764672356.9562168 1764672508.5221543
1764672508.522174 1764672705.8492408
1764672705.8492646 1764672923.8415077
1764672923.8415325 1764673120.9235232
1764673120.923543 1764673188.508884
1764673188.5089076 1764673371.462066
1764673371.462085 1764673541.3932805
1764673541.393306 1764673744.5849993
1764673744.5850186 1764673875.2971652
1764673875.2971892 1764674038.9812956
1764674038.981316 1764674204.667441
1764674204.6674647 1764674393.2873435
1764674393.2873676 1764674582.032507
1764674582.0325313 1764674686.8539271
1764674686.8539484 1764674980.2771587
1764674980.277183 1764675213.3630111
1764675213.3630326 1764675500.549813
1764675500.5498383 1764675682.7175457
1764675682.7175665 1764675926.7563374
1764675926.7563615 1764676077.2691662
1764676077.269191 1764676422.3047523
1764676422.3047738 1764676671.9922798
1764676671.9923046 1764676867.0724642
1764676867.0724835 1764677038.3638494
1764677038.3638742 1764677208.2650046
1764677208.2650287 1764677400.3323672
1764677400.3323896 1764677573.3275418
1764677573.3275661 1764677659.1375444
1764677659.1375687 1764678073.8119516
1764678073.8119762 1764678449.3831196
1764678449.383144 1764678784.3573136
1764678784.3573394 1764679173.7366574
1764679173.7366822 1764679401.0970259
1764679401.097047 1764679604.3106077
1764679604.3106334 1764679699.60674
1764679699.6067653 1764679974.0706785
1764679974.0706995 1764680298.2340658
1764680298.2340906 1764680369.1708186
1764680369.1708505 1764680730.742995
1764680730.7430172 1764680981.7185593
1764680981.7185843 1764681126.4988508
1764681126.4988744 1764681327.899075
1764681327.8991027 1764681698.7877283
1764681698.7877555 1764681988.1230154
1764681988.1230428 1764682195.4701092
1764682195.4701364 1764682501.777594
1764682501.7776191 1764682752.1373224
1764682752.137346 1764682900.71151
1764682900.7115362 1764683297.9319284
1764683297.931964 1764683452.2793493
1764683452.2793756 1764683744.2445185
1764683744.244542 1764683996.7931566
1764683996.7931838 1764684110.884919
1764684110.8849423 1764684466.2442741
1764684466.244302 1764684682.9176474
1764684682.9176774 1764685013.3131406
1764685013.313167 1764685183.3136852
1764685183.3137088 1764685431.9723835
1764685431.9724107 1764685572.7617507
1764685572.7617784 1764685823.9240246
1764685823.924052 1764686126.40983
1764686126.4098577 1764686311.144909
1764686311.1449356 1764686473.3295784
1764686473.3295991 1764686690.1195111
1764686690.1195393 1764686838.5879169
1764686838.5879395 1764687026.8866684
1764687026.886695 1764687237.016088
1764687237.0161142 1764687516.928432
1764687516.928461 1764687774.9960697
