1764666838.97898 1764666853.8831124
1764666853.883132 1764666877.7697449
1764666877.7697647 1764666912.9975688
1764666912.9975922 1764667049.2762039
1764667049.276223 1764667231.4264052
1764667231.42644 1764667385.1208107
1764667385.1208334 1764667624.7222095
1764667624.72223 1764667811.149523
1764667811.1495528 1764667958.2191594
1764667958.2191813 1764668166.6813364
1764668166.681355 1764668345.919054
1764668345.9190807 1764668708.380232
1764668708.380267 1764668955.2503285
1764668955.250352 1764669173.601244
1764669173.6012688 1764669336.0438151
1764669336.0438411 1764669478.028471
1764669478.0284967 1764669684.2798872
1764669684.2799115 1764669851.6659586
1764669851.6659832 1764669949.2588801
1764669949.2589004 1764670099.8392572
1764670099.8392775 1764670233.7577426
1764670233.7577667 1764670350.5928795
1764670350.5928993 1764670509.9293265
1764670509.929351 1764670871.96968
1764670871.9697146 1764671224.8405592
1764671224.840583 1764671482.8365676
1764671482.836591 1764671655.3565543
1764671655.3565764 1764671890.6580393
1764671890.6580632 1764672032.3401268
1764672032.3401477 1764672186.9919097
1764672186.9919333 1764672354.88998
1764672354.8900044 1764672543.5920515
1764672543.5920827 1764672677.1217253
1764672677.1217449 1764672806.2246184
1764672806.224642 1764673041.8131397
1764673041.8131588 1764673231.679568
1764673231.6795921 1764673425.388139
1764673425.3881614 1764673593.248685
1764673593.248706 1764673773.7287028
1764673773.7287269 1764673928.2424655
1764673928.2424898 1764674103.2879353
1764674103.2879593 1764674258.4423845
1764674258.4424052 1764674418.5617073
1764674418.5617344 1764674554.616979
1764674554.6169991 1764674721.5719202
1764674721.5719452 1764674924.3249002
1764674924.324925 1764675133.9996257
1764675133.9996462 1764675433.872798
1764675433.8728225 1764675681.4916375
1764675681.4916637 1764675887.0972283
1764675887.0972526 1764676243.3538058
1764676243.3538308 1764676531.072119
1764676531.0721421 1764676714.451825
1764676714.4518461 1764676872.1149163
1764676872.1149404 1764677052.1851418
1764677052.185166 1764677237.7364976
1764677237.7365208 1764677386.9406133
1764677386.940638 1764677558.095616
1764677558.0956404 1764677784.5911255
1764677784.591146 1764678012.1526678
1764678012.1526926 1764678457.533496
1764678457.5335207 1764678796.8037696
1764678796.8037949 1764679172.6387
1764679172.6387236 1764679379.406399
1764679379.40642 1764679603.8865075
1764679603.886534 1764679816.8241339
1764679816.824157 1764680028.2879224
1764680028.2879465 1764680275.8293157
1764680275.829337 1764680570.1547964
1764680570.154822 1764680861.1515188
1764680861.1515477 1764681002.746978
1764681002.7470002 1764681126.4373713
1764681126.4373937 1764681403.679326
1764681403.6793644 1764681695.1309087
1764681695.1309335 1764681962.902173
1764681962.902199 1764682328.7688642
1764682328.7688897 1764682567.390874
1764682567.3909009 1764682763.9729528
1764682763.9729745 1764683035.6610694
1764683035.6610954 1764683270.192569
1764683270.1925948 1764683513.9199848
1764683513.92001 1764683736.5350673
1764683736.535093 1764683994.0666926
1764683994.0667188 1764684231.1251473
1764684231.125172 1764684434.782221
1764684434.7822464 1764684726.5460978
1764684726.5461233 1764684985.3170357
1764684985.3170612 1764685161.0010672
1764685161.001088 1764685430.023058
1764685430.0230823 1764685529.2620938
1764685529.2621188 1764685807.6749442
1764685807.6749706 1764686079.4214382
1764686079.4214628 1764686269.8585136
1764686269.8585393 1764686522.6774418
1764686522.677466 1764686719.6989982
1764686719.6990242 1764686865.42147
1764686865.421495 1764686966.5454037
1764686966.5454257 1764687154.1136796
1764687154.1137316 1764687496.9985626
1764687496.9985876 1764687740.3099308
