1764666821.4847403 1764666860.2127216
1764666860.2127402 1764666888.545708
1764666888.545725 1764666911.4697914
1764666911.4698107 1764666999.9969397
1764666999.9969566 1764667248.4815462
1764667248.481569 1764667357.0844712
1764667357.0844896 1764667623.060228
1764667623.0602455 1764667809.885736
1764667809.8857574 1764667958.846396
1764667958.846418 1764668190.845087
1764668190.8451042 1764668482.671526
1764668482.6715498 1764668806.1994514
1764668806.1994739 1764668934.5359592
1764668934.5359762 1764669176.6425838
1764669176.6426082 1764669349.8572285
1764669349.8572512 1764669556.615107
1764669556.615131 1764669660.9366229
1764669660.9366412 1764669848.6651125
1764669848.6651347 1764669992.1432126
1764669992.143235 1764670110.4329858
1764670110.433003 1764670261.541799
1764670261.5418227 1764670373.2805278
1764670373.280546 1764670568.5987701
1764670568.5987926 1764670838.95262
1764670838.9526415 1764671241.6838243
1764671241.6838462 1764671409.2403975
1764671409.2404144 1764671656.3561206
1764671656.356143 1764671868.1597018
1764671868.159719 1764672026.9603007
1764672026.9603238 1764672192.7016487
1764672192.7016711 1764672280.9265478
1764672280.926567 1764672530.9523885
1764672530.952411 1764672720.1730452
1764672720.1730685 1764672896.372283
1764672896.3723006 1764673114.3573575
1764673114.35738 1764673251.9067109
1764673251.9067318 1764673411.1261141
1764673411.1261313 1764673606.158659
1764673606.1586807 1764673740.1023932
1764673740.1024158 1764673930.2403612
1764673930.24038 1764674086.788629
1764674086.788651 1764674247.8847644
1764674247.884783 1764674414.599424
1764674414.5994473 1764674563.1788306
1764674563.1788611 1764674734.4913814
1764674734.491406 1764674900.4641674
1764674900.464187 1764675158.1659734
1764675158.1659958 1764675499.000917
1764675499.0009403 1764675655.207338
1764675655.207361 1764675918.0484989
1764675918.0485218 1764676241.8242168
1764676241.8242402 1764676552.6663506
1764676552.6663723 1764676696.3747118
1764676696.3747313 1764676860.3748698
1764676860.3748927 1764677014.1899254
1764677014.1899447 1764677162.4244864
1764677162.424505 1764677382.844891
1764677382.8449137 1764677502.3079681
1764677502.3079903 1764677787.913929
1764677787.9139466 1764678107.5579083
1764678107.5579312 1764678460.291921
1764678460.2919433 1764678714.311202
1764678714.3112254 1764679168.2750895
1764679168.2751124 1764679417.00111
1764679417.0011322 1764679636.2712514
1764679636.271275 1764679809.7993352
1764679809.7993584 1764680034.9163237
1764680034.9163415 1764680275.6507084
1764680275.650739 1764680577.6873462
1764680577.6873708 1764680858.728422
1764680858.728444 1764681019.3637586
1764681019.3637784 1764681149.3263962
1764681149.3264153 1764681412.8462203
1764681412.8462436 1764681562.5801656
1764681562.5801883 1764681855.321748
1764681855.3217664 1764682267.7294128
1764682267.7294424 1764682591.4764206
1764682591.476444 1764682786.089403
1764682786.0894248 1764683046.0989182
1764683046.0989425 1764683262.0609665
1764683262.0609841 1764683518.0118
1764683518.0118232 1764683738.995762
1764683738.995789 1764683941.173504
1764683941.1735227 1764684209.538412
1764684209.538434 1764684481.2517364
1764684481.2517571 1764684697.9921563
1764684697.9921792 1764684983.6211212
1764684983.621144 1764685254.3117802
1764685254.3117986 1764685354.256704
1764685354.2567225 1764685530.0072634
1764685530.0072858 1764685766.0526543
1764685766.0526774 1764686133.352066
1764686133.3520887 1764686350.433828
1764686350.4338472 1764686486.9011762
1764686486.901199 1764686719.0937824
1764686719.0938015 1764686876.143998
1764686876.1440208 1764687019.7967618
1764687019.7967808 1764687265.6474612
1764687265.6474843 1764687514.8761914
1764687514.8762116 1764687687.4885585
