1722215336.9568846 1722215357.8077674
1722215360.6587548 1722215399.357065
1722215399.7663772 1722215439.7579954
1722215446.7196803 1722215484.9072163
1722215487.8107433 1722215521.7586038
1722215525.7700443 1722215574.5104592
1722215582.381578 1722215612.6070714
1722215615.9199421 1722215654.607226
1722215660.9379766 1722215698.8073936
1722215700.22585 1722215732.9569776
1722215742.8798838 1722215769.8606744
1722215773.1587782 1722215812.8585258
1722215823.266802 1722215858.9566393
1722215860.5084946 1722215893.7070003
1722215901.2628033 1722215929.156851
1722215934.516871 1722215965.2614403
1722215976.3317835 1722216007.1625907
1722216011.2707908 1722216051.9100313
1722216059.0190275 1722216098.3568182
1722216101.3759189 1722216141.2584708
1722216148.6270313 1722216180.408772
1722216183.1105483 1722216218.5570757
1722216219.6206658 1722216265.5568275
1722216273.3262222 1722216297.609628
1722216305.7805448 1722216345.0585818
1722216355.2191885 1722216386.8570752
1722216396.020615 1722216423.510631
1722216427.8241935 1722216471.9094858
1722216473.6673248 1722216517.9613035
1722216525.9780028 1722216552.656798
1722216553.4224787 1722216595.2090516
1722216601.9667835 1722216634.8072863
1722216639.2204707 1722216670.6609046
1722216677.928623 1722216715.6566267
1722216723.4229736 1722216754.4583676
1722216765.475247 1722216790.206935
1722216798.023155 1722216823.2100418
1722216832.281693 1722216865.657711
1722216874.0664704 1722216908.6597605
1722216911.11009 1722216938.65677
1722216944.4107852 1722216974.4090242
1722216980.7854588 1722217019.9065802
1722217029.3796294 1722217060.4568238
1722217069.7317095 1722217098.559264
1722217105.5804846 1722217138.8096755
1722217143.7244482 1722217184.9070234
1722217195.3730996 1722217228.0585825
1722217236.4148014 1722217266.3071969
1722217270.8627841 1722217308.4568298
1722217312.6618752 1722217347.4073002
1722217347.6754115 1722217387.9113398
1722217397.3671575 1722217429.866595
1722217438.0718625 1722217475.8617122
1722217480.2227805 1722217517.0095887
1722217524.2246594 1722217553.0569124
1722217556.8716288 1722217593.4088485
1722217603.0223005 1722217635.2607646
1722217635.623408 1722217679.7568457
1722217683.71479 1722217725.158343
1722217732.570769 1722217759.36173
1722217769.5310318 1722217800.3586113
1722217811.3339996 1722217842.356905
1722217853.2767618 1722217879.1091754
1722217884.0204723 1722217916.307391
1722217925.1764264 1722217951.0604355
1722217960.1667836 1722217995.161536
1722218003.0268745 1722218035.5072637
1722218044.5778966 1722218079.85687
1722218086.9109416 1722218121.4118538
1722218123.5625377 1722218161.2622392
1722218166.426334 1722218203.7568514
1722218206.6133723 1722218239.2087796
1722218245.423454 1722218283.4616575
1722218292.728573 1722218328.2106426
1722218336.630791 1722218362.506532
1722218371.6788008 1722218405.6621983
1722218412.878884 1722218445.0574098
1722218448.578801 1722218483.1623187
1722218489.625767 1722218516.1086106
1722218517.171767 1722218559.0092804
1722218565.414848 1722218600.6570892
1722218606.0184321 1722218636.956874
1722218641.9637275 1722218677.3081212
1722218683.411104 1722218715.4566305
1722218715.972706 1722218752.9066503
1722218755.765187 1722218788.6581137
1722218795.521116 1722218823.0590334
1722218824.0586512 1722218867.3620613
1722218874.369109 1722218901.4656546
1722218912.44076 1722218940.2618477
1722218946.4669352 1722218983.9098074
1722218988.2260027 1722219023.3610108
1722219031.6214747 1722219075.4565842
1722219082.0737994 1722219124.257954
1722219130.4663017 1722219151.559204
1722219160.5859833 1722219195.5099623
1722219198.0276852 1722219227.6066406
1722219229.4182627 1722219277.3607998
1722219284.6347356 1722219327.3568993
1722219335.2187495 1722219364.562339
1722219373.8195214 1722219402.6569853
1722219411.2215774 1722219441.260079
1722219449.4711874 1722219481.361142
1722219481.514554 1722219528.9086037
1722219531.109063 1722219568.45914
1722219575.1307826 1722219600.9066415
1722219609.5357156 1722219642.108665
1722219652.8278806 1722219695.856972
1722219696.8190453 1722219732.159233
1722219737.9715912 1722219772.9577518
1722219781.016986 1722219814.659074
1722219816.183417 1722219864.2569504
1722219873.8340895 1722219893.2094145
1722219895.3111095 1722219942.1566558
1722219951.6707385 1722219979.9610248
1722219983.2181547 1722220028.4590626
1722220031.0590172 1722220060.909553
1722220061.918537 1722220098.008803
1722220100.2744076 1722220148.4589906
1722220151.3260095 1722220182.856974
1722220185.1162002 1722220233.4102361
1722220238.8835857 1722220286.6567652
1722220290.4255652 1722220311.6654513
1722220321.7823014 1722220364.6068265
1722220373.982733 1722220402.9573174
1722220409.170443 1722220445.4066594
1722220452.262781 1722220483.5569143
1722220484.61926 1722220520.0068583
1722220524.430915 1722220560.7611132
1722220565.8662708 1722220601.506967
1722220608.3676884 1722220634.1567879
1722220639.6747832 1722220667.859613
1722220668.4224875 1722220706.0090647
1722220708.8667626 1722220755.3066447
1722220758.1219385 1722220792.406624
1722220801.0766954 1722220834.4066484
1722220841.9754686 1722220864.709992
1722220868.8721673 1722220901.708683
1722220908.7229254 1722220937.0067847
1722220941.0187786 1722220968.1574128
1722220975.6718917 1722221004.2569044
1722221007.213608 1722221041.6593287
1722221046.030866 1722221082.508285
1722221084.6176395 1722221118.9602325
1722221125.0250833 1722221157.4569244
1722221166.7697127 1722221197.1066473
1722221204.819979 1722221232.9626205
1722221235.222728 1722221281.6570017
1722221290.3820033 1722221333.8567753
1722221339.7216065 1722221363.059211
1722221374.2316628 1722221408.5567338
1722221413.5669484 1722221428.8069599
1722221433.5709474 1722221467.1569378
1722221478.1239557 1722221507.0617294
1722221516.318907 1722221543.1071043
1722221553.7308536 1722221585.7066634
1722221589.3252752 1722221618.9069808
1722221622.2149506 1722221650.557054
1722221659.6747205 1722221695.458968
1722221702.7197967 1722221748.3569777
1722221752.272539 1722221784.9621205
1722221794.2307446 1722221830.15836
1722221838.2156491 1722221865.409933
1722221873.5817049 1722221903.8573587
1722221909.6215835 1722221943.0072355
1722221951.684668 1722221978.3104298
1722221981.4800668 1722222025.756859
1722222026.6181126 1722222054.0569992
1722222055.960335 1722222087.8070061
1722222097.6162615 1722222129.058323
1722222135.974433 1722222164.456677
1722222170.2707806 1722222208.0099914
1722222209.1085844 1722222245.5071735
1722222254.37686 1722222290.0070622
1722222296.9239924 1722222324.310628
1722222325.465052 1722222371.3609746
1722222380.4229555 1722222406.757046
1722222414.7347507 1722222448.3567953
1722222455.9741051 1722222495.558199
1722222501.7109802 1722222536.2566254
1722222540.869952 1722222575.9571042
1722222584.034789 1722222616.761305
1722222627.774012 1722222667.0585666
1722222671.0625453 1722222713.7619739
1722222716.906798 1722222745.9064736
1722222752.9107387 1722222787.2092443
1722222790.114734 1722222834.4570665
1722222835.2246866 1722222874.5589032
1722222885.1825387 1722222914.6068573
1722222921.4296775 1722222957.4568655
1722222963.4783518 1722222984.1089864
1722222989.9268663 1722223030.656884
1722223033.0182595 1722223067.1566014
1722223072.62702 1722223111.6569738
1722223121.0147772 1722223142.55725
1722223146.4271286 1722223183.0567095
1722223192.9204798 1722223226.2621014
1722223231.5222423 1722223263.756814
1722223274.6342487 1722223320.658572
1722223321.4639068 1722223361.6566303
