1761403247.6576188 1761403306.4055796
1761403314.4116843 1761403362.7725692
1761403366.7756634 1761403412.6369376
1761403417.6400282 1761403460.164095
1761403468.1722064 1761403510.8205698
1761403512.8226988 1761403556.63885
1761403559.6396685 1761403606.3953376
1761403612.399628 1761403651.292915
1761403658.299641 1761403698.6793878
1761403699.6804638 1761403738.974365
1761403739.97548 1761403807.703618
1761403814.7053447 1761403871.1360247
1761403878.143154 1761403917.5705628
1761403924.5755928 1761403966.6220908
1761403976.631723 1761404039.6744006
1761404040.6747246 1761404090.854907
1761404100.8650506 1761404136.875631
1761404143.8827593 1761404188.5396206
1761404198.5497687 1761404237.8445475
1761404245.8516655 1761404286.0181596
1761404288.0196614 1761404342.8264742
1761404348.8317115 1761404400.3802547
1761404410.3904052 1761404450.4861112
1761404452.4876733 1761404508.6028686
1761404511.6036236 1761404567.3342865
1761404570.3356862 1761404621.8080754
1761404628.8116624 1761404666.4930892
1761404667.4942174 1761404716.4471626
1761404721.451636 1761404761.2315032
1761404770.2396626 1761404815.857968
1761404823.8636642 1761404867.1135948
1761404869.1157882 1761404916.884237
1761404923.887275 1761404977.3097274
1761404979.3116193 1761405030.3669767
1761405037.3716767 1761405085.0492241
1761405094.0583816 1761405149.5664487
1761405154.5716224 1761405209.2440777
1761405211.246159 1761405260.3952293
1761405264.3993294 1761405309.4900744
1761405309.4901278 1761405350.2909813
1761405352.293112 1761405399.4570794
1761405400.4581952 1761405441.4437902
1761405447.4477088 1761405514.020826
1761405521.0277417 1761405576.819413
1761405586.8276677 1761405622.5216699
1761405628.5276723 1761405679.1777055
1761405689.1876671 1761405734.5827045
1761405735.5836184 1761405791.8281412
1761405796.8332646 1761405846.1777043
1761405848.1796181 1761405902.139859
1761405904.1419609 1761405951.115523
1761405951.1155524 1761406011.6552048
1761406015.6556766 1761406077.081557
1761406081.0857058 1761406127.3039112
1761406130.3070335 1761406182.4757864
1761406192.4859138 1761406244.238429
1761406252.2436075 1761406294.6967921
1761406303.7059221 1761406354.7177093
1761406356.719601 1761406408.4235768
1761406418.4336605 1761406454.1869302
1761406457.1876814 1761406507.186657
1761406510.18979 1761406558.1184185
1761406563.123586 1761406624.2009063
1761406630.2036695 1761406683.7910187
1761406689.797089 1761406728.637297
1761406737.64368 1761406778.4658155
1761406785.471667 1761406841.3719773
1761406843.372531 1761406880.373376
1761406880.373406 1761406942.7881086
1761406951.797274 1761406988.8862448
1761406991.8876774 1761407030.7498453
1761407030.749873 1761407071.3532922
1761407073.355405 1761407122.549323
1761407132.5556185 1761407173.7016692
1761407175.7036867 1761407215.2073252
1761407217.2094738 1761407257.4251816
1761407266.4316092 1761407322.2129695
1761407329.2200878 1761407371.7852402
1761407378.7923224 1761407422.3502505
1761407431.3556898 1761407472.7645288
1761407478.7676744 1761407529.184099
1761407529.184128 1761407582.6893039
1761407590.695628 1761407635.9759145
1761407642.9829917 1761407697.1690948
1761407702.1716168 1761407756.0751452
1761407763.08227 1761407803.9262912
1761407805.9276938 1761407859.7742147
1761407861.775593 1761407915.9350197
1761407924.944094 1761407962.756767
1761407965.7599154 1761408031.5433393
1761408032.5444617 1761408079.6088035
1761408089.6189437 1761408148.2524946
1761408154.2555993 1761408216.2438986
1761408219.247018 1761408274.9192677
1761408283.9277248 1761408329.0116925
1761408335.0178132 1761408393.9078333
1761408398.91167 1761408452.1822867
1761408460.1876838 1761408500.6691043
1761408508.675715 1761408560.2463412
1761408567.2521 1761408611.4219024
