1756781657.334737 1756781708.582175
1756781708.5821965 1756781755.160921
1756781755.1609416 1756781813.8889258
1756781813.888956 1756781857.3925447
1756781857.3925717 1756781916.9465017
1756781916.9465296 1756781980.4897296
1756781980.489751 1756782050.7179403
1756782050.71799 1756782114.5324368
1756782114.5324628 1756782161.8092732
1756782161.8092926 1756782208.5173984
1756782208.5174243 1756782268.3346148
1756782268.3346477 1756782307.8038414
1756782307.8038657 1756782374.3838668
1756782374.3839061 1756782435.2668626
1756782435.2668836 1756782506.2623231
1756782506.2623453 1756782566.2487311
1756782566.24875 1756782613.636939
1756782613.6369693 1756782675.001439
1756782675.0014622 1756782745.7186604
1756782745.7186813 1756782808.0761
1756782808.076128 1756782855.0855045
1756782855.0855253 1756782907.337257
1756782907.3372808 1756782987.6943386
1756782987.6943686 1756783060.2733698
1756783060.2733927 1756783116.6959882
1756783116.6960115 1756783178.7811754
1756783178.7811966 1756783240.604011
1756783240.6040373 1756783297.4337277
1756783297.4337552 1756783335.6658723
1756783335.6659005 1756783374.1706536
1756783374.1706765 1756783438.6245642
1756783438.6245866 1756783514.994367
1756783514.9943936 1756783560.0349166
1756783560.0349367 1756783610.7150214
1756783610.715044 1756783658.4072747
1756783658.4073057 1756783707.6813614
1756783707.6813831 1756783752.168849
1756783752.1688712 1756783817.3112333
1756783817.3112543 1756783866.3906345
1756783866.39066 1756783926.17695
1756783926.1769698 1756783982.652115
1756783982.6521418 1756784028.9020019
1756784028.9020224 1756784074.9682412
1756784074.9682674 1756784134.0103686
1756784134.0103974 1756784197.3449595
1756784197.3449814 1756784248.2763228
1756784248.2763462 1756784287.998203
1756784287.9982305 1756784332.987282
1756784332.9873056 1756784405.6198702
1756784405.6198945 1756784453.5227358
1756784453.5227594 1756784526.6628554
1756784526.6628757 1756784575.857454
1756784575.8574789 1756784647.1484451
1756784647.1484656 1756784708.0160341
1756784708.0160604 1756784766.4128072
1756784766.4128323 1756784831.2563105
1756784831.256342 1756784874.2611494
1756784874.26118 1756784916.5451238
1756784916.5451505 1756784972.6982174
1756784972.6982474 1756785033.8499079
1756785033.849941 1756785092.8569336
1756785092.856955 1756785160.4987855
1756785160.4988103 1756785223.0118248
1756785223.011854 1756785281.9882233
1756785281.9882462 1756785343.6961658
1756785343.696193 1756785405.4046855
1756785405.404707 1756785469.4704785
1756785469.470506 1756785516.3701
1756785516.370123 1756785581.9704921
1756785581.970517 1756785646.2241867
1756785646.2242105 1756785705.9522712
1756785705.9522972 1756785755.2215006
1756785755.2215188 1756785802.5558994
1756785802.5559278 1756785844.3963747
1756785844.396395 1756785913.287679
1756785913.2877073 1756785987.6799486
1756785987.6799731 1756786042.3190663
1756786042.3190897 1756786090.1750178
1756786090.1750379 1756786176.6406736
1756786176.640698 1756786224.86868
1756786224.868703 1756786278.451463
1756786278.4514952 1756786326.4544535
1756786326.454474 1756786374.2787874
1756786374.2788143 1756786424.876574
1756786424.8765967 1756786467.4314854
1756786467.431507 1756786535.9591238
1756786535.9591484 1756786581.1319926
1756786581.1320167 1756786631.5340269
1756786631.5340505 1756786694.1225255
1756786694.1225576 1756786748.420614
1756786748.4206371 1756786819.2822132
1756786819.2822328 1756786902.1219919
1756786902.1220133 1756786954.660736
1756786954.6607647 1756787018.798911
1756787018.7989364 1756787056.451649
1756787056.4516687 1756787114.2230117
1756787114.223034 1756787178.6648932
1756787178.664911 1756787235.5211675
1756787235.5211914 1756787307.5331256
1756787307.5331476 1756787359.923857
