1761321977.0927567 1761322019.3105073
1761322026.3156524 1761322076.934922
1761322084.9431052 1761322116.0836651
1761322121.0887823 1761322162.8589709
1761322172.8676858 1761322194.361889
1761322204.3719652 1761322268.674704
1761322274.6807797 1761322321.4916344
1761322321.4916642 1761322372.558034
1761322372.5580716 1761322440.262507
1761322447.269634 1761322478.2589226
1761322479.2600682 1761322524.6750185
1761322529.6801436 1761322560.7394936
1761322561.7396648 1761322598.5552647
1761322601.5584261 1761322634.9625
1761322644.9716988 1761322686.799902
1761322689.8030202 1761322730.5107174
1761322733.5137777 1761322772.325323
1761322781.3316777 1761322823.4671905
1761322823.467217 1761322866.2595544
1761322868.2596714 1761322912.024602
1761322918.0307393 1761322965.706351
1761322975.7164755 1761323027.4198506
1761323036.4289954 1761323071.8971024
1761323079.9052136 1761323107.6225328
1761323110.6256194 1761323143.7921586
1761323149.7982957 1761323204.8832574
1761323206.8836699 1761323251.9897568
1761323252.9908772 1761323283.5358262
1761323290.5396662 1761323326.6124103
1761323328.6145234 1761323377.9467385
1761323384.9516098 1761323432.5231242
1761323441.532205 1761323488.7992394
1761323497.8083615 1761323538.1694143
1761323542.1735494 1761323589.610736
1761323589.6107554 1761323636.1608539
1761323640.164687 1761323704.2894957
1761323710.291608 1761323745.9068756
1761323754.9160254 1761323788.7030427
1761323792.7071517 1761323842.25277
1761323843.253934 1761323893.683534
1761323895.6856508 1761323944.3835785
1761323952.3916984 1761323982.6452649
1761323984.647385 1761324025.8977275
1761324025.897756 1761324074.511371
1761324075.5117924 1761324115.320682
1761324122.3276236 1761324168.0887911
1761324168.0888155 1761324215.5749328
1761324224.5840192 1761324263.258651
1761324263.2586915 1761324302.9022937
1761324302.9023247 1761324361.0765803
1761324362.0777085 1761324395.1941204
1761324405.2036889 1761324459.545425
1761324466.5524857 1761324506.9507544
1761324512.9568794 1761324561.7912886
1761324561.7913194 1761324606.7388272
1761324609.7419505 1761324653.944252
1761324660.9479508 1761324706.8526723
1761324715.8618104 1761324775.00093
1761324779.0050588 1761324820.0950627
1761324825.1001875 1761324857.3924956
1761324867.4026353 1761324914.3858354
1761324922.3916798 1761324957.4719796
1761324964.479104 1761325016.0102398
1761325022.0163198 1761325051.1286016
1761325059.1356554 1761325088.9522276
1761325098.9623458 1761325128.0407434
1761325135.0478344 1761325162.5977662
1761325168.603618 1761325203.2010005
1761325212.2076118 1761325240.8949637
1761325242.8956344 1761325289.374038
1761325290.375162 1761325344.297818
1761325345.298937 1761325397.3829522
1761325401.3870745 1761325459.9461014
1761325464.9475965 1761325523.6317255
1761325525.633815 1761325577.2917788
1761325584.298916 1761325636.811984
1761325639.8150997 1761325675.980723
1761325676.9818735 1761325711.368289
1761325719.3764062 1761325767.9090085
1761325768.9091105 1761325836.7957244
1761325836.7957559 1761325891.703855
1761325894.706981 1761325927.186638
1761325934.1916606 1761325963.6999047
1761325965.7019875 1761326023.6205544
1761326027.6236725 1761326076.3051097
1761326082.3112414 1761326132.8412924
1761326136.8454392 1761326191.263716
1761326195.2678213 1761326230.3003848
1761326238.307612 1761326265.5864978
1761326265.5865183 1761326298.917952
1761326308.928032 1761326346.7256217
1761326348.7277453 1761326390.5509799
1761326392.5516782 1761326430.9389567
1761326438.9436667 1761326472.343483
1761326473.3436103 1761326587.8130178
1761326588.8140743 1761326652.5121179
1761326653.5132382 1761326707.1249375
1761326707.1249623 1761326764.8845382
1761326764.8845854 1761326827.8003252
1761326831.8044443 1761326867.8452961
