1761321976.8775902 1761322018.6456573
1761322026.6516283 1761322076.0753474
1761322080.0794523 1761322114.3866951
1761322124.3968217 1761322155.8909824
1761322155.89101 1761322202.8906755
1761322211.89972 1761322268.0353136
1761322273.040412 1761322321.44781
1761322330.4569342 1761322369.158372
1761322375.163596 1761322436.2467647
1761322437.2478802 1761322474.9154696
1761322483.9236073 1761322521.3873718
1761322524.3904448 1761322557.9568672
1761322566.9659867 1761322598.3594515
1761322608.3677013 1761322635.6485753
1761322645.6587064 1761322686.2329836
1761322695.2420597 1761322727.6615248
1761322737.6716135 1761322767.5738666
1761322773.580007 1761322818.431632
1761322824.4356225 1761322860.936875
1761322870.9469695 1761322909.8620012
1761322915.868122 1761322957.8866668
1761322962.8916 1761323017.035985
1761323017.0360126 1761323071.49796
1761323081.50761 1761323107.0604632
1761323116.067744 1761323145.8008401
1761323149.8049228 1761323206.1543267
1761323207.1554568 1761323250.6349812
1761323255.6396756 1761323285.1717644
1761323292.1788902 1761323324.6760411
1761323329.6796703 1761323377.986158
1761323385.9943042 1761323432.0562556
1761323434.0583131 1761323490.370481
1761323497.3775623 1761323538.114575
1761323539.1156118 1761323594.4861875
1761323598.4903266 1761323639.6418874
1761323643.6459677 1761323698.914988
1761323700.9156098 1761323747.0390763
1761323752.0436635 1761323788.404167
1761323798.411686 1761323840.9523067
1761323846.9583902 1761323890.1754994
1761323900.1836395 1761323939.6554255
1761323945.6615531 1761323976.7149692
1761323982.7196765 1761324023.39748
1761324033.3997731 1761324074.2630782
1761324075.2636707 1761324113.7913108
1761324120.7984316 1761324164.4228082
1761324172.4309466 1761324216.0497012
1761324225.0556214 1761324255.833991
1761324262.839626 1761324304.6618767
1761324313.6710055 1761324359.6332312
1761324360.6343195 1761324398.1825905
1761324407.1916833 1761324463.5757883
1761324465.577918 1761324505.7807403
1761324513.788873 1761324556.8990834
1761324566.907668 1761324602.6752555
1761324612.6836245 1761324657.3970273
1761324660.4001615 1761324707.295777
1761324716.3036702 1761324770.9866345
1761324773.9876373 1761324818.0833004
1761324822.0836766 1761324853.458625
1761324853.458649 1761324909.138866
1761324916.145987 1761324955.3656456
1761324963.3717153 1761325015.1390922
1761325022.143613 1761325049.5866425
1761325052.5876167 1761325088.0135682
1761325090.0156739 1761325123.758772
1761325129.7636766 1761325159.915931
1761325161.918007 1761325195.252111
1761325200.2558649 1761325241.0322497
1761325242.033322 1761325284.062187
1761325289.0636048 1761325340.2091637
1761325348.2156773 1761325392.86689
1761325392.8669124 1761325449.6045632
1761325452.6076088 1761325516.8642063
1761325522.867599 1761325571.1203678
1761325580.1276782 1761325632.5312865
1761325638.5373538 1761325674.3693454
1761325680.375477 1761325709.8055646
1761325717.811621 1761325765.578176
1761325769.5822618 1761325830.3421826
1761325835.3472676 1761325885.49241
1761325887.4944615 1761325925.3093023
1761325933.317378 1761325961.6457207
1761325964.6488092 1761326021.3644605
1761326025.3676767 1761326075.590306
1761326079.59165 1761326133.773416
1761326138.7756152 1761326188.5071836
1761326197.5156167 1761326228.6688514
1761326234.6716716 1761326265.1193166
1761326275.1276152 1761326301.2628372
1761326306.2676032 1761326346.3364878
1761326348.3385816 1761326393.0942585
1761326393.094286 1761326431.5097651
1761326435.5139048 1761326475.7450926
1761326479.7476907 1761326586.735876
1761326587.7360384 1761326653.860048
1761326661.867613 1761326707.1301572
1761326715.1356044 1761326764.5634196
1761326765.5636117 1761326824.7952764
1761326825.7956102 1761326871.565015
