1776439243.9436452 1776439338.79966
1776439338.799683 1776439504.038905
1776439504.0390468 1776439612.674584
1776439612.6746027 1776439758.6592455
1776439758.6592703 1776439884.7714155
1776439884.7714407 1776440013.8577974
1776440013.8578155 1776440167.8686051
1776440167.8686304 1776440306.9290848
1776440306.929109 1776440461.151964
1776440461.1519885 1776440605.4930303
1776440605.4930542 1776440696.3283591
1776440696.3283772 1776440864.4278133
1776440864.4278371 1776440985.7937648
1776440985.7937937 1776441120.4847004
1776441120.484733 1776441205.633724
1776441205.6337469 1776441360.6934938
1776441360.6935246 1776441484.7436776
1776441484.7437015 1776441629.0079706
1776441629.0080156 1776441752.200106
1776441752.2001295 1776441885.459042
1776441885.459064 1776442013.5315561
1776442013.5315843 1776442118.3841279
1776442118.3841522 1776442260.3881502
1776442260.3881736 1776442384.9384732
1776442384.9384956 1776442479.6427922
1776442479.6428106 1776442647.389591
1776442647.389616 1776442780.0988557
1776442780.0988925 1776442904.3256538
1776442904.3256783 1776443030.7173705
1776443030.7173944 1776443173.6243844
1776443173.6244075 1776443318.050071
1776443318.0500958 1776443430.3493755
1776443430.3493993 1776443544.4983337
1776443544.4983575 1776443643.651396
1776443643.6514196 1776443796.5013769
1776443796.5013998 1776443942.5118463
1776443942.511864 1776444079.0599344
1776444079.059959 1776444193.9707654
1776444193.9707901 1776444327.455306
1776444327.4553251 1776444443.4769843
1776444443.4770079 1776444550.3898737
1776444550.3898969 1776444674.337278
1776444674.337302 1776444832.8555753
1776444832.855599 1776444957.4476023
1776444957.4476283 1776445091.2115376
1776445091.211557 1776445187.5937848
1776445187.5938091 1776445322.1939075
1776445322.1939263 1776445438.5910728
1776445438.5910969 1776445567.1797965
1776445567.1798246 1776445675.9294481
1776445675.9294703 1776445807.5269592
1776445807.5269997 1776445944.0457733
1776445944.045798 1776446074.900713
1776446074.9007325 1776446217.390156
1776446217.3901737 1776446337.2779803
1776446337.278004 1776446452.038402
1776446452.0384243 1776446566.9564157
1776446566.9564352 1776446678.2590773
1776446678.2591004 1776446837.253379
1776446837.2534032 1776446940.749878
1776446940.7499022 1776447085.3458977
1776447085.3459213 1776447170.603784
1776447170.603808 1776447325.6432934
1776447325.6433177 1776447443.73671
1776447443.7367303 1776447560.5584023
1776447560.558426 1776447682.3959816
1776447682.3960042 1776447830.5784411
1776447830.578465 1776447940.6614685
1776447940.661487 1776448075.7160091
1776448075.7160344 1776448192.7595375
1776448192.7595603 1776448364.4374533
1776448364.4374733 1776448484.9227486
1776448484.9227734 1776448642.7544372
1776448642.7544556 1776448774.1178937
1776448774.11792 1776448900.9994175
1776448900.9994433 1776449033.7151973
1776449033.7152216 1776449169.836328
1776449169.8363514 1776449278.6221993
1776449278.6222231 1776449413.8265784
1776449413.8265975 1776449494.204483
1776449494.2045069 1776449640.3640196
1776449640.3640435 1776449778.841666
1776449778.841685 1776449897.0094934
1776449897.0095177 1776450010.720495
1776450010.720514 1776450152.5175977
1776450152.5176215 1776450261.8561184
1776450261.8561358 1776450409.3414383
1776450409.3414638 1776450525.6771314
1776450525.6771562 1776450669.5589938
1776450669.5590208 1776450764.7870376
1776450764.7870584 1776450887.5522513
1776450887.5522828 1776451034.9453876
1776451034.9454143 1776451164.7797985
1776451164.7798169 1776451284.348143
1776451284.3481684 1776451361.6318896
1776451361.6319125 1776451510.1775439
1776451510.1775684 1776451632.0477629
1776451632.0477903 1776451752.29703
1776451752.2970545 1776451875.615767
1776451875.6157913 1776451994.9127495
