1763705161.6014104 1763705189.844049
1763705197.8474276 1763705221.1086302
1763705228.1149743 1763705254.9432511
1763705264.9534101 1763705286.561313
1763705286.5613408 1763705326.2906733
1763705329.2937434 1763705359.7301397
1763705361.73221 1763705393.0532196
1763705395.055284 1763705427.9756143
1763705428.9766774 1763705463.334716
1763705466.3377855 1763705497.5759535
1763705499.5780208 1763705528.0487196
1763705531.0514605 1763705559.1192567
1763705562.122325 1763705588.468683
1763705592.4709036 1763705625.148476
1763705633.1565464 1763705657.25161
1763705659.2520611 1763705687.6060402
1763705690.608259 1763705718.4576359
1763705721.460808 1763705751.637426
1763705756.6389585 1763705789.1162174
1763705789.1162505 1763705827.2955327
1763705836.3017972 1763705861.0790594
1763705870.0873172 1763705897.0443628
1763705901.0468864 1763705931.9650555
1763705941.9749951 1763705965.253543
1763705969.2576106 1763706000.2039735
1763706005.2090337 1763706035.197788
1763706042.1989028 1763706065.6885352
1763706072.6887362 1763706094.6804156
1763706094.68044 1763706125.7192798
1763706127.7213514 1763706157.8960252
1763706164.9030979 1763706189.477409
1763706195.478921 1763706216.9917507
1763706222.9978244 1763706247.8056116
1763706249.8076816 1763706281.7571404
1763706282.758212 1763706310.6933339
1763706319.7024922 1763706342.278782
1763706350.286871 1763706375.489997
1763706384.493037 1763706407.122533
1763706415.1305966 1763706439.1550748
1763706444.1588871 1763706472.0001156
1763706479.0071876 1763706504.8179743
1763706511.8250422 1763706537.8439991
1763706544.8508792 1763706570.395786
1763706578.4028893 1763706600.991365
1763706608.9988794 1763706632.1150682
1763706640.1231444 1763706663.7242517
1763706667.7283256 1763706698.5933182
1763706701.594287 1763706728.2165892
1763706735.223656 1763706760.406412
1763706766.4124887 1763706792.7149634
1763706802.725039 1763706829.1842945
1763706834.186926 1763706862.620106
1763706869.6268828 1763706893.3016174
1763706898.3028839 1763706922.3707056
1763706925.3737733 1763706955.0753658
1763706963.0834336 1763706980.0699162
1763706981.0709949 1763707011.7236848
1763707017.726875 1763707048.5807586
1763707053.5858395 1763707080.914626
1763707089.923487 1763707112.15787
1763707121.1668909 1763707142.8954487
1763707143.8962305 1763707177.3837342
1763707177.3837585 1763707214.1458888
1763707221.1529675 1763707247.419655
1763707250.422717 1763707278.212751
1763707286.218889 1763707312.3942564
1763707312.3942804 1763707346.4189332
1763707350.4222002 1763707380.8421984
1763707390.8496056 1763707412.4824378
1763707412.482472 1763707447.2515996
1763707451.2556834 1763707481.8073845
1763707486.8083174 1763707512.2617075
1763707521.2669375 1763707549.606307
1763707558.6153812 1763707589.4480693
1763707591.4501505 1763707625.2357955
1763707635.2428815 1763707662.5515883
1763707663.5526633 1763707694.3325434
1763707697.3356154 1763707729.5974705
1763707736.5989146 1763707763.6336205
1763707772.6389253 1763707795.0142853
1763707803.0223575 1763707826.1840415
1763707835.1931646 1763707856.7775934
1763707856.7776194 1763707887.7144027
1763707889.7164757 1763707921.041281
1763707930.0504448 1763707959.9175186
1763707965.9228895 1763708005.1786883
1763708013.1867695 1763708042.1510472
1763708047.1561067 1763708079.9609864
1763708080.9620526 1763708109.8463953
1763708116.8534663 1763708141.2306106
1763708141.230634 1763708179.7238872
1763708182.726966 1763708213.9958715
1763708214.9969385 1763708243.3879406
1763708244.3890166 1763708272.0661027
1763708277.0708828 1763708298.0830724
1763708301.086139 1763708327.2832222
1763708337.2932954 1763708355.7231312
1763708362.7269757 1763708389.5065093
1763708392.5068815 1763708432.5451574
1763708442.5485198 1763708467.3244026
