1763705166.7010903 1763705194.2680137
1763705202.2762012 1763705228.6993918
1763705234.7028742 1763705260.0516803
1763705261.0527716 1763705293.9762046
1763705299.9767022 1763705330.2354178
1763705336.2415345 1763705365.1607375
1763705369.1648107 1763705396.7859097
1763705406.795972 1763705431.6965253
1763705438.7028766 1763705467.4463613
1763705469.4468784 1763705502.2710438
1763705507.2748778 1763705528.118264
1763705528.1182883 1763705564.0854914
1763705568.0861597 1763705593.226801
1763705593.2268302 1763705628.6841173
1763705629.6851838 1763705662.2031662
1763705666.2068794 1763705689.9014907
1763705699.9116144 1763705721.7565017
1763705724.7595713 1763705755.8303714
1763705760.8351114 1763705792.7426047
1763705802.7527196 1763705829.7459924
1763705835.7463088 1763705863.7711527
1763705873.7812588 1763705900.275909
1763705907.2829733 1763705935.7349966
1763705939.7390547 1763705970.7123525
1763705977.7188895 1763706007.25229
1763706007.2523248 1763706039.3751657
1763706046.3788793 1763706070.2838252
1763706080.2939892 1763706099.333611
1763706103.337686 1763706126.2767434
1763706127.2769175 1763706161.1239536
1763706168.130895 1763706193.7496755
1763706199.755793 1763706222.2184243
1763706227.2229052 1763706251.0699012
1763706255.0708795 1763706282.0942023
1763706284.0948606 1763706312.8902812
1763706317.895352 1763706344.9029043
1763706347.9059715 1763706378.5262969
1763706380.5283647 1763706408.7799683
1763706409.7802925 1763706442.6907701
1763706447.6946428 1763706475.5279183
1763706483.5360043 1763706508.32778
1763706509.3285336 1763706542.2928224
1763706549.2998893 1763706573.4141443
1763706581.422207 1763706603.0952203
1763706611.1029222 1763706634.2519112
1763706641.2589934 1763706665.1584566
1763706668.1615195 1763706696.0339742
1763706704.0389452 1763706727.5774188
1763706731.5788848 1763706757.5244815
1763706767.534556 1763706791.1494586
1763706799.1575272 1763706828.6123984
1763706838.6188846 1763706861.270539
1763706863.2709172 1763706894.9462614
1763706903.9553237 1763706924.5634303
1763706933.5710666 1763706955.4947107
1763706958.4977813 1763706979.9644032
1763706988.9735093 1763707011.8373
1763707011.8373322 1763707048.2956688
1763707048.295691 1763707082.686857
1763707092.696968 1763707112.1096792
1763707116.1109335 1763707141.2633467
1763707141.2633803 1763707176.5393329
1763707185.5483997 1763707214.9181159
1763707224.9281988 1763707245.5784802
1763707252.585547 1763707279.4199016
1763707286.4269733 1763707314.8558102
1763707319.8608835 1763707346.4469814
1763707354.4548805 1763707381.699175
1763707387.7052472 1763707415.8236933
1763707419.8268762 1763707446.9589806
1763707451.9640481 1763707482.1679957
1763707489.175073 1763707518.3594494
1763707527.3669345 1763707551.6926067
1763707557.6948872 1763707591.7081609
1763707597.71087 1763707624.459184
1763707627.4622562 1763707663.6556306
1763707663.655654 1763707699.3370612
1763707708.3461385 1763707732.4994678
1763707739.5065365 1763707763.610086
1763707763.6101122 1763707794.5684652
1763707796.5705478 1763707828.9455986
1763707837.9547184 1763707861.8570504
1763707869.8651264 1763707896.3527954
1763707896.3528264 1763707928.011182
1763707937.018969 1763707961.7123759
1763707961.7124069 1763708005.5633664
1763708014.5725317 1763708042.4235382
1763708047.428617 1763708080.139871
1763708089.1489553 1763708111.117675
1763708120.1267467 1763708143.3044834
1763708145.306534 1763708180.9701972
1763708187.975215 1763708213.1928878
1763708213.192926 1763708239.675775
1763708246.6829395 1763708269.6026504
1763708272.6057322 1763708298.4843948
1763708305.4868917 1763708326.5801754
1763708332.5828838 1763708354.9902344
1763708358.990735 1763708386.5629678
1763708386.5629919 1763708429.7305338
1763708436.730895 1763708466.9308763
