1763555124.003382 1763555157.3191311
1763555157.319154 1763555197.1881423
1763555197.1881595 1763555229.4971333
1763555229.4971662 1763555262.5128353
1763555262.5128644 1763555292.6610837
1763555292.6611063 1763555322.5428326
1763555322.5428593 1763555352.4050415
1763555352.4050643 1763555382.2373734
1763555382.2373908 1763555412.9281955
1763555412.9282186 1763555443.660891
1763555443.6609137 1763555480.311825
1763555480.3118439 1763555516.3973908
1763555516.397409 1763555562.6322243
1763555562.632248 1763555600.0535476
1763555600.053571 1763555637.8100228
1763555637.8100405 1763555677.623545
1763555677.6235774 1763555711.660865
1763555711.660886 1763555751.4148328
1763555751.4148598 1763555788.8028724
1763555788.8028946 1763555826.0544484
1763555826.0544665 1763555867.1227615
1763555867.1227832 1763555902.348765
1763555902.3487844 1763555943.4449172
1763555943.4449394 1763555982.3929386
1763555982.3929553 1763556023.7873936
1763556023.7874165 1763556056.0622663
1763556056.0622838 1763556090.856795
1763556090.8568182 1763556126.6996903
1763556126.699708 1763556152.7168205
1763556152.7168427 1763556179.6776686
1763556179.6776876 1763556203.9271228
1763556203.927148 1763556233.1557655
1763556233.1558015 1763556264.852634
1763556264.8526602 1763556300.8542554
1763556300.8542771 1763556332.8374074
1763556332.8374484 1763556376.5186253
1763556376.518648 1763556415.9557436
1763556415.9557645 1763556461.7694745
1763556461.7694933 1763556505.4756951
1763556505.47572 1763556544.537935
1763556544.5379543 1763556587.4504287
1763556587.4504538 1763556617.684517
1763556617.684534 1763556648.8157964
1763556648.8158195 1763556682.0162737
1763556682.0162945 1763556713.0408716
1763556713.0408967 1763556736.4698014
1763556736.4698205 1763556765.0390275
1763556765.0390537 1763556790.404415
1763556790.4044304 1763556818.5940857
1763556818.594108 1763556846.9267905
1763556846.9268115 1763556883.6080415
1763556883.608061 1763556919.3379624
1763556919.3379872 1763556955.3534427
1763556955.353461 1763556983.1120765
1763556983.1120942 1763557009.564888
1763557009.5649135 1763557045.782469
1763557045.7824917 1763557073.0898125
1763557073.0898323 1763557102.933895
1763557102.9339201 1763557132.8068647
1763557132.8068845 1763557164.3114367
1763557164.3114805 1763557197.0181386
1763557197.0181582 1763557235.6874247
1763557235.6874487 1763557262.0729458
1763557262.072964 1763557285.0474114
1763557285.047436 1763557315.609986
1763557315.6100056 1763557352.2208848
1763557352.2209024 1763557406.1755273
1763557406.1755517 1763557451.303484
1763557451.3035102 1763557493.1758938
1763557493.175914 1763557531.8924677
1763557531.892492 1763557568.288294
1763557568.2883139 1763557604.7055213
1763557604.7055476 1763557647.2866943
1763557647.286718 1763557675.9756386
1763557675.9756653 1763557706.025528
1763557706.025553 1763557728.4696643
1763557728.469689 1763557754.136367
1763557754.1363924 1763557781.92941
1763557781.9294677 1763557809.6756554
1763557809.6756797 1763557840.8701472
1763557840.8701706 1763557862.3276932
1763557862.3277152 1763557889.3829572
1763557889.3829849 1763557910.8209283
1763557910.8209522 1763557947.3522618
1763557947.3522873 1763557967.915176
1763557967.9151986 1763557996.2070131
1763557996.2070334 1763558026.668884
1763558026.6689067 1763558057.378784
1763558057.3788102 1763558084.1874251
1763558084.1874452 1763558113.6033661
1763558113.6033926 1763558147.0844119
1763558147.084434 1763558176.9656534
1763558176.9656773 1763558206.8679442
1763558206.8679647 1763558233.310696
1763558233.3107204 1763558265.3307335
1763558265.3307528 1763558287.4871237
1763558287.4871483 1763558321.2573965
1763558321.2574148 1763558343.8444505
1763558343.8444736 1763558393.49358
1763558393.4936006 1763558416.2874985
