1763555127.0322974 1763555160.517971
1763555160.5180037 1763555197.7743466
1763555197.7743652 1763555223.8694801
1763555223.8695042 1763555263.2723935
1763555263.2724185 1763555289.2536185
1763555289.2536619 1763555323.9500268
1763555323.9500532 1763555352.2797434
1763555352.279767 1763555383.4574304
1763555383.4574559 1763555415.47332
1763555415.473339 1763555445.3377388
1763555445.3377655 1763555482.0635026
1763555482.0635283 1763555519.6835883
1763555519.6836102 1763555563.3854387
1763555563.385475 1763555601.6829793
1763555601.6830027 1763555640.3129919
1763555640.3130116 1763555679.4568913
1763555679.4569175 1763555707.9088778
1763555707.9089024 1763555755.1499553
1763555755.1499746 1763555790.0367923
1763555790.0368187 1763555830.2734363
1763555830.273472 1763555870.8332577
1763555870.833284 1763555905.9684217
1763555905.9684432 1763555947.498095
1763555947.4981494 1763555985.6200476
1763555985.6200662 1763556028.4629521
1763556028.4629765 1763556061.0886774
1763556061.088698 1763556093.008302
1763556093.0083241 1763556126.789262
1763556126.7892818 1763556156.1085896
1763556156.1086144 1763556177.0169053
1763556177.0169234 1763556208.9157321
1763556208.9157538 1763556235.87601
1763556235.87603 1763556263.5793264
1763556263.579345 1763556306.0295484
1763556306.0295715 1763556339.9844725
1763556339.9844947 1763556376.710283
1763556376.7103028 1763556420.9092739
1763556420.909298 1763556465.287832
1763556465.2878497 1763556507.4258413
1763556507.4258657 1763556542.6089795
1763556542.6089983 1763556590.8781865
1763556590.8782122 1763556619.5187545
1763556619.5187724 1763556656.9533477
1763556656.9533727 1763556683.8773117
1763556683.8773365 1763556709.911076
1763556709.911094 1763556735.7057683
1763556735.7057924 1763556766.6775022
1763556766.677528 1763556791.4034183
1763556791.4034362 1763556815.2262647
1763556815.2262874 1763556849.9814734
1763556849.981496 1763556878.5118978
1763556878.5119216 1763556921.2392817
1763556921.2393043 1763556958.5010316
1763556958.501052 1763556985.9228818
1763556985.9228997 1763557012.0626097
1763557012.0626347 1763557042.8727665
1763557042.8727953 1763557076.974932
1763557076.974957 1763557102.1610413
1763557102.1610599 1763557133.526574
1763557133.526596 1763557164.9632776
1763557164.9632967 1763557198.085199
1763557198.085218 1763557235.359505
1763557235.359529 1763557263.8706598
1763557263.8706791 1763557293.770596
1763557293.7706196 1763557319.6316943
1763557319.6317186 1763557360.283392
1763557360.2834105 1763557405.0971842
1763557405.0972075 1763557451.3260016
1763557451.3260262 1763557492.1808958
1763557492.1809163 1763557534.7543793
1763557534.7544053 1763557569.8546433
1763557569.8546631 1763557609.547526
1763557609.5475514 1763557650.6335413
1763557650.6335614 1763557677.6515274
1763557677.651552 1763557708.1797576
1763557708.1797774 1763557730.0927713
1763557730.0927954 1763557759.395484
1763557759.395502 1763557779.8680212
1763557779.8680477 1763557812.8306463
1763557812.8306658 1763557839.4954455
1763557839.49547 1763557866.463559
1763557866.4635782 1763557889.50137
1763557889.5013952 1763557918.7313426
1763557918.7313626 1763557945.9056814
1763557945.9057057 1763557969.2535787
1763557969.2535996 1763557992.099546
1763557992.0995696 1763558023.918914
1763558023.9189372 1763558051.854421
1763558051.854445 1763558087.2556016
1763558087.255622 1763558121.2955453
1763558121.2955675 1763558147.7187436
1763558147.7187645 1763558176.2419753
1763558176.2420003 1763558203.005824
1763558203.0058439 1763558238.2546344
1763558238.2546582 1763558263.5243018
1763558263.5243204 1763558290.383518
1763558290.383538 1763558310.7922041
1763558310.7922273 1763558352.4694142
1763558352.4694402 1763558386.6139307
1763558386.6139488 1763558418.2399023
