1720398004.7610106 1720398035.2569644
1720398037.1779358 1720398075.5618181
1720398082.2821436 1720398114.459995
1720398118.6312735 1720398152.1575022
1720398162.3293412 1720398192.560892
1720398198.3707817 1720398234.0125668
1720398243.9148896 1720398271.362214
1720398275.6181226 1720398312.0570269
1720398321.7759748 1720398349.8086703
1720398360.6896827 1720398377.0569377
1720398387.5206814 1720398423.9580405
1720398425.8632538 1720398451.4660397
1720398458.582837 1720398492.8083816
1720398500.2794662 1720398537.765978
1720398545.7215714 1720398566.5604658
1720398570.5720086 1720398600.7106013
1720398606.5798655 1720398640.0581827
1720398648.624163 1720398659.7567527
1720398664.1681163 1720398692.8567076
1720398694.1276212 1720398736.3615565
1720398746.732989 1720398764.4569497
1720398764.7770288 1720398801.357061
1720398808.9147744 1720398837.9571908
1720398844.8636513 1720398878.357573
1720398886.8175106 1720398918.0065556
1720398926.7342658 1720398965.9570413
1720398967.466535 1720398999.2568061
1720399006.0708332 1720399043.656824
1720399044.860119 1720399081.3569381
1720399086.8745325 1720399120.8607955
1720399121.1258016 1720399154.1591954
1720399164.4217987 1720399191.9065793
1720399195.2588198 1720399231.3066568
1720399234.973894 1720399259.514363
1720399264.3842566 1720399286.0578392
1720399294.766789 1720399327.3592868
1720399330.5187724 1720399358.6570702
1720399363.365255 1720399392.6617124
1720399403.5834134 1720399425.2098472
1720399434.4803584 1720399465.0609016
1720399469.8740256 1720399491.8572252
1720399500.3307922 1720399535.2621865
1720399537.1711721 1720399559.956835
1720399570.6302912 1720399601.7568583
1720399612.4667368 1720399638.7569833
1720399643.5785162 1720399676.9617434
1720399687.9347925 1720399714.5600536
1720399723.4265103 1720399754.4066062
1720399759.569267 1720399788.9585526
1720399796.8325279 1720399827.0568805
1720399827.962284 1720399854.5583284
1720399857.4181914 1720399889.806647
1720399892.5587225 1720399920.0588932
1720399925.582142 1720399961.9568746
1720399972.7309694 1720399994.1069455
1720399999.2321377 1720400031.7579994
1720400042.5296383 1720400063.557699
1720400069.9864433 1720400107.857505
1720400117.823962 1720400141.1569006
1720400142.565751 1720400177.8570502
1720400179.1217563 1720400202.6607106
1720400206.517831 1720400244.3569336
1720400251.5659902 1720400276.9087112
1720400280.914759 1720400309.408655
1720400315.533526 1720400339.3085978
1720400346.2707999 1720400363.1580338
1720400373.0267975 1720400401.710469
1720400408.114777 1720400438.7570689
1720400439.66823 1720400475.6103413
1720400485.615259 1720400507.0593507
1720400513.5801084 1720400546.2585704
1720400552.5693212 1720400576.0589533
1720400585.3662267 1720400606.6089978
1720400612.6871686 1720400647.9568012
1720400655.485188 1720400683.7565813
1720400686.5187826 1720400709.4081845
1720400713.269894 1720400746.3590684
1720400757.074811 1720400783.4583426
1720400794.1221633 1720400817.8589277
1720400826.0218768 1720400844.8570678
1720400850.621849 1720400884.1068537
1720400886.62549 1720400920.7087848
1720400931.4799345 1720400951.9572897
1720400953.5147135 1720400988.262616
1720400998.186159 1720401022.757079
1720401029.268786 1720401052.8581967
1720401059.114955 1720401080.7567787
1720401085.3110762 1720401111.4095147
1720401114.0780575 1720401148.5580037
1720401157.3147273 1720401177.3590207
1720401183.630723 1720401208.5098271
1720401210.6666536 1720401250.2568502
1720401256.8661144 1720401274.5571513
1720401276.8779023 1720401313.6085045
1720401324.3721318 1720401345.20879
1720401349.8820515 1720401382.9571712
1720401389.7253046 1720401411.7068992
1720401412.5246265 1720401453.4567785
1720401460.9344392 1720401480.356932
1720401486.7738996 1720401524.1584136
1720401526.8701026 1720401553.8567493
1720401559.6224353 1720401591.8580983
1720401595.6588302 1720401622.2577324
1720401632.9189131 1720401651.757272
1720401653.6089017 1720401692.85661
1720401693.572379 1720401718.9621813
1720401720.1652489 1720401750.9569645
1720401752.4814305 1720401774.9601293
1720401775.420086 1720401806.7105298
1720401809.777245 1720401851.2599812
1720401853.818025 1720401873.5088203
1720401883.475347 1720401908.0568569
1720401913.8350546 1720401944.857095
1720401955.1797345 1720401978.9093738
1720401982.8660192 1720402013.3610654
1720402014.0700758 1720402050.6568027
1720402054.9220939 1720402078.957165
1720402087.216334 1720402120.3568146
1720402122.4825494 1720402152.05835
1720402157.8147855 1720402190.008277
1720402190.8715315 1720402225.6081753
1720402236.4197965 1720402263.2574797
1720402264.1094983 1720402311.5568266
1720402317.7144794 1720402331.557036
1720402333.22425 1720402371.5580773
1720402377.2177281 1720402415.0568023
1720402415.7182283 1720402451.6618817
1720402458.7748578 1720402489.759994
1720402492.2107944 1720402521.860727
1720402526.6680274 1720402555.6601787
1720402560.8787956 1720402593.8585255
1720402597.8187497 1720402619.4157279
1720402623.5683453 1720402651.76211
1720402658.8238833 1720402688.6602538
1720402692.5281777 1720402721.8575368
1720402728.970727 1720402757.457202
1720402758.6762614 1720402792.957482
1720402795.7102304 1720402826.1090927
1720402834.6312442 1720402865.6583107
1720402869.4304996 1720402897.358336
1720402903.078802 1720402932.5080013
1720402943.3227286 1720402970.710134
1720402980.529429 1720403002.814455
1720403009.8228002 1720403033.5098343
1720403038.5171 1720403059.5569165
1720403064.5107327 1720403098.3116121
1720403101.0770264 1720403126.9566884
1720403130.62049 1720403163.959542
1720403170.3147173 1720403205.1103585
1720403213.3185158 1720403237.0085948
1720403246.921348 1720403268.3599472
1720403269.916904 1720403300.760687
1720403306.674846 1720403330.3090932
1720403334.863093 1720403369.8577552
1720403371.070241 1720403394.9576247
1720403405.579458 1720403431.958411
1720403437.7649913 1720403471.2570837
1720403480.770768 1720403509.458432
1720403514.7852535 1720403551.5580015
1720403558.8108 1720403579.1566732
1720403584.779039 1720403616.010249
1720403621.8217518 1720403651.5073397
1720403654.7627466 1720403689.3583972
1720403692.3587162 1720403722.4067502
1720403722.9711475 1720403753.9615421
1720403754.9206944 1720403791.2087977
1720403792.2119 1720403828.660854
1720403837.6204402 1720403867.756811
1720403872.4852946 1720403907.958083
1720403913.323069 1720403935.2073565
1720403938.966801 1720403973.7582834
1720403981.1205723 1720404013.258591
1720404016.82815 1720404046.1583548
1720404054.33073 1720404081.4566576
1720404089.014902 1720404116.167403
1720404118.2712405 1720404150.1568217
1720404159.7777908 1720404183.1069756
1720404185.6138234 1720404221.4590309
1720404231.2256715 1720404250.0567641
1720404252.0187254 1720404290.0589578
1720404292.3088267 1720404334.8582134
1720404341.2704682 1720404379.356946
1720404380.8698628 1720404410.0566323
1720404412.973992 1720404441.7093031
1720404450.93078 1720404481.1583347
1720404481.8628466 1720404515.2070684
1720404515.5201526 1720404540.6567907
1720404551.3227222 1720404579.956474
1720404581.6218548 1720404617.7068272
1720404624.8227482 1720404641.5071766
1720404650.7310472 1720404668.9606345
1720404674.8249922 1720404703.1616664
1720404703.5702739 1720404743.1589515
1720404748.9269881 1720404780.358928
1720404781.024653 1720404817.5105197
1720404823.4782927 1720404850.8566597
1720404857.4153264 1720404886.4586217
1720404895.7656202 1720404919.5569046
1720404926.1763518 1720404945.7569435
1720404951.4268982 1720404985.8626583
1720404995.7787454 1720405032.0567553
1720405032.5233362 1720405056.2579412
1720405062.8242912 1720405082.1087704
1720405087.8742464 1720405113.6569672
1720405117.9267747 1720405148.8068805
1720405152.411677 1720405189.1094334
1720405189.7183368 1720405223.7579484
1720405232.6375737 1720405258.8569472
1720405259.4643567 1720405296.0617802
1720405305.0720377 1720405340.009688
1720405350.8778021 1720405373.156723
1720405375.0129871 1720405408.714845
1720405415.866802 1720405451.8091896
1720405461.8707383 1720405482.4072177
1720405485.7147918 1720405512.9567535
1720405515.770399 1720405535.5084777
1720405544.9779341 1720405577.7087758
1720405578.5151353 1720405605.3580043
1720405616.1221569 1720405640.7612295
1720405649.4756703 1720405672.7065895
1720405681.3788524 1720405708.8083394
1720405710.6686363 1720405732.0566828
1720405737.4260545 1720405774.2698166
1720405774.3606951 1720405805.2582896
1720405815.126583 1720405838.6571686
1720405840.3180199 1720405881.4569108
1720405886.9587562 1720405916.9071352
1720405926.0166903 1720405942.1086032
1720405948.877632 1720405978.8570778
1720405981.6642206 1720406017.2569296
1720406021.474587 1720406054.6583114
1720406063.7709296 1720406081.5567043
1720406084.9188235 1720406113.4609156
1720406122.1724749 1720406143.9573877
1720406152.374777 1720406181.3569372
1720406191.980301 1720406205.9567552
1720406208.6623292 1720406236.660359
1720406242.6627831 1720406270.759011
1720406277.2867832 1720406307.9097404
1720406314.7736962 1720406343.3066738
1720406353.927714 1720406379.5617685
1720406387.6750948 1720406411.5069125
1720406417.2249818 1720406447.5089011
1720406450.410739 1720406482.8609588
1720406493.4837039 1720406513.1146717
1720406513.2654366 1720406548.9621792
1720406560.0279489 1720406586.210057
1720406595.1285646 1720406623.7611935
1720406631.7769175 1720406658.0570083
1720406658.7718244 1720406695.208411
1720406700.6722982 1720406729.4092607
1720406730.2725804 1720406775.7585268
1720406778.6216528 1720406805.7570832
1720406806.1207807 1720406841.0100582
1720406845.922799 1720406884.0065365
1720406891.9286983 1720406912.960817
1720406919.8199399 1720406951.7583675
1720406954.026914 1720406986.8581738
1720406997.926794 1720407021.4578485
1720407031.8875513 1720407070.4065537
1720407075.0107884 1720407102.265748
1720407111.115642 1720407144.210245
1720407146.0111394 1720407182.5079675
1720407193.6172936 1720407221.8080926
1720407226.67052 1720407258.5572402
1720407265.9707944 1720407297.658517
1720407301.2225025 1720407335.1567228
1720407341.8747833 1720407359.961941
1720407363.0100863 1720407398.4566846
1720407399.2141461 1720407432.0567582
1720407436.6677876 1720407461.4566295
1720407465.8736067 1720407498.9066708
1720407505.7311025 1720407535.262287
1720407543.266789 1720407577.3099844
1720407585.8773296 1720407612.7567992
1720407616.9776993 1720407647.6567698
1720407650.3277957 1720407680.0092785
1720407686.922783 1720407725.7099843
1720407727.4664564 1720407756.2601054
1720407762.170768 1720407799.5589852
1720407802.72042 1720407830.3586311
1720407835.1633725 1720407860.8102987
1720407867.8290184 1720407898.2069027
1720407900.6747844 1720407932.8066711
1720407943.0178277 1720407964.4589884
1720407975.225744 1720408005.0569088
1720408006.3285742 1720408039.9569416
1720408042.3147957 1720408070.2085526
1720408077.1627817 1720408109.5607655
1720408117.4780898 1720408141.556601
1720408144.1188293 1720408176.7086318
1720408186.514787 1720408210.608145
1720408216.4798415 1720408243.6072855
1720408247.4813037 1720408284.5086026
1720408293.0147314 1720408318.7070522
1720408321.921671 1720408355.8596869
1720408359.6191177 1720408387.4589133
1720408389.0785334 1720408416.2620268
1720408422.122181 1720408453.6570747
1720408460.182822 1720408475.807538
1720408484.4227965 1720408518.1573253
1720408521.7689512 1720408548.3066342
1720408549.9107683 1720408575.9096
1720408576.272436 1720408606.6593843
1720408610.416579 1720408655.1566472
1720408661.5667756 1720408686.5084405
1720408696.6307855 1720408729.6617749
1720408735.7717037 1720408760.9592378
1720408763.126771 1720408789.1567204
1720408792.8260891 1720408821.261032
1720408828.8149064 1720408853.6568446
1720408859.1225626 1720408892.1569433
1720408902.5641367 1720408932.7568724
1720408936.171461 1720408966.3589437
1720408971.0753984 1720408998.2066064
1720409005.82512 1720409050.2566924
1720409060.7747364 1720409080.0582986
1720409087.979955 1720409128.6605878
1720409137.324436 1720409159.407159
1720409159.8669176 1720409193.5071478
1720409199.973818 1720409242.2611053
1720409245.3204908 1720409269.0577447
1720409277.8707788 1720409298.1613026
1720409300.112839 1720409338.2577639
1720409344.7587698 1720409363.8091002
1720409373.7187846 1720409405.9098458
1720409408.9167037 1720409442.7104886
1720409445.567838 1720409476.6085496
1720409479.713969 1720409500.1066704
1720409509.7658486 1720409536.061959
1720409543.5227802 1720409576.75663
1720409578.469656 1720409620.3122962
1720409627.1192994 1720409652.8085039
1720409662.5815897 1720409700.408063
1720409711.1201613 1720409742.3068764
1720409752.4272711 1720409773.5612943
1720409784.3827708 1720409811.3088338
1720409813.2153869 1720409837.4580536
1720409839.222636 1720409874.258088
1720409884.2237265 1720409901.761572
1720409912.4234838 1720409936.261176
1720409937.2274308 1720409965.6138456
1720409968.5202303 1720410006.7079577
1720410017.1667805 1720410043.5075843
1720410051.1699893 1720410080.0569928
1720410085.5707667 1720410120.8072808
1720410126.4667091 1720410159.85688
1720410160.5620668 1720410198.308731
1720410200.267168 1720410237.7102127
1720410248.4792705 1720410271.1066325
1720410280.870758 1720410309.207216
1720410315.674808 1720410352.3604622
1720410353.3155148 1720410392.0073571
1720410401.237577 1720410427.657112
1720410433.8747797 1720410460.3569164
1720410470.6272192 1720410483.5583417
1720410485.3067958 1720410521.7568374
1720410526.3628325 1720410575.2569933
1720410576.625413 1720410607.807165
1720410611.032283 1720410643.1098003
1720410650.0770376 1720410684.0566816
1720410689.86536 1720410711.358565
1720410718.2323337 1720410749.7089884
1720410755.6144207 1720410775.85708
1720410785.6327803 1720410816.962276
1720410825.9154153 1720410865.3100424
1720410866.2617164 1720410892.708501
1720410895.3623836 1720410928.8566618
1720410930.361494 1720410953.5569727
1720410963.987501 1720410988.7089376
1720410989.2750838 1720411024.959245
1720411035.9309049 1720411057.0618136
1720411062.0201395 1720411088.4079528
1720411089.065387 1720411126.107209
1720411127.6646426 1720411152.6569552
1720411158.9237645 1720411181.656696
1720411187.8307762 1720411215.9583938
1720411220.7658482 1720411249.458366
1720411255.316068 1720411282.610598
1720411284.4734938 1720411320.8569582
1720411328.2108114 1720411357.109338
1720411366.9788618 1720411390.3612375
1720411392.1757789 1720411428.9606044
1720411434.8682165 1720411463.15699
1720411464.7649271 1720411487.7617595
1720411494.7276795 1720411523.9578266
1720411528.4667845 1720411559.610562
1720411561.6627786 1720411583.8572657
1720411591.0667822 1720411622.659075
1720411633.4368002 1720411654.7092643
1720411658.3749366 1720411690.2097566
1720411696.8257174 1720411732.3579392
1720411737.0673633 1720411761.4069028
1720411769.0839753 1720411786.4084349
1720411796.3716917 1720411824.66205
1720411833.6282322 1720411855.2617114
1720411857.3202674 1720411888.706895
1720411899.4321616 1720411923.9570544
1720411931.124405 1720411958.9602077
1720411965.869931 1720411992.9581342
1720411998.572974 1720412024.0573032
1720412030.363115 1720412056.1568358
1720412063.0187423 1720412097.1605844
1720412106.0707982 1720412134.7615976
1720412139.7227185 1720412172.0569963
1720412182.779515 1720412203.710653
1720412211.580832 1720412234.5599923
1720412234.7703865 1720412276.061292
1720412286.9422307 1720412318.8066547
1720412319.366451 1720412352.058297
1720412354.7224143 1720412376.5066695
1720412377.9781334 1720412418.9609058
1720412424.927645 1720412451.5570529
1720412459.384404 1720412481.9092865
1720412489.774729 1720412524.5619123
1720412531.2314258 1720412571.3620677
1720412576.5767295 1720412605.3583455
1720412615.2667828 1720412644.1581917
1720412653.016173 1720412679.6122441
1720412684.7267401 1720412715.5565627
1720412722.870721 1720412755.1569421
1720412755.3161721 1720412791.5071883
1720412792.073406 1720412828.4086058
1720412836.3707945 1720412860.6097507
1720412861.6729186 1720412897.2567494
1720412901.5187192 1720412929.1097836
1720412933.9649687 1720412962.2568896
1720412965.472615 1720412997.9579508
1720413007.8708036 1720413033.5567153
1720413039.0688503 1720413061.0622163
1720413067.6747322 1720413087.056621
1720413096.627835 1720413122.558471
1720413127.9145453 1720413155.9079115
1720413162.7627854 1720413190.2569804
1720413194.8234959 1720413230.5613112
1720413237.4709883 1720413267.2582903
1720413274.766785 1720413299.9096975
1720413308.819116 1720413332.6567273
1720413335.929996 1720413369.6568274
1720413371.2158484 1720413401.5584078
1720413403.9189398 1720413437.0577195
1720413446.7827764 1720413464.1582887
1720413471.125217 1720413502.8071833
1720413512.278119 1720413549.0588055
1720413553.7717862 1720413575.8571541
1720413584.3776124 1720413620.3108935
1720413629.017854 1720413651.1082542
1720413661.4827802 1720413690.7075438
1720413694.1223855 1720413729.4567535
1720413740.0747921 1720413758.8605242
1720413766.5210743 1720413789.6614509
1720413790.5103073 1720413821.8066738
1720413827.4737291 1720413863.4565425
1720413870.368553 1720413887.4580407
1720413894.2777696 1720413916.4565847
1720413918.0134046 1720413951.0068305
1720413951.3741672 1720413976.261508
1720413976.368197 1720414010.9079626
1720414015.7157266 1720414036.6602833
1720414039.6621535 1720414077.8095043
1720414081.6227872 1720414108.8084912
1720414114.370727 1720414148.556941
1720414149.3146362 1720414175.1065922
1720414182.7747657 1720414210.3569794
1720414216.6281836 1720414244.6066277
1720414251.5660007 1720414280.4568143
1720414291.0291789 1720414316.4066653
1720414326.187027 1720414348.261136
1720414352.21881 1720414383.8608015
1720414388.8107364 1720414423.1585455
1720414431.7803319 1720414454.4570155
1720414465.1281805 1720414488.0070193
1720414498.1314356 1720414517.7100334
1720414527.4180074 1720414557.856733
1720414567.276577 1720414588.0623488
1720414594.7250965 1720414622.2574863
1720414623.9620361 1720414663.658886
1720414674.4787931 1720414703.4617813
1720414706.3726203 1720414732.6568286
1720414742.1745946 1720414769.006562
1720414770.6280615 1720414807.7618353
1720414813.5224519 1720414844.108149
1720414855.0779784 1720414877.0581741
1720414877.8159611 1720414910.757113
1720414921.0188694 1720414955.5567577
1720414963.2160766 1720414992.4570117
1720415000.9223533 1720415026.1615577
1720415031.9267523 1720415064.357968
1720415064.5207157 1720415094.8095324
1720415096.6276808 1720415127.558888
1720415131.407523 1720415166.5569592
1720415169.3086784 1720415198.7568846
1720415201.4677074 1720415237.9128551
1720415240.8103166 1720415272.161473
1720415273.1664433 1720415301.9085023
1720415305.3148675 1720415336.1092749
1720415338.9650176 1720415367.8068092
1720415377.6762595 1720415405.558233
1720415413.674816 1720415439.7588964
1720415440.4175744 1720415464.7065785
1720415466.1121087 1720415504.0579023
1720415514.8877401 1720415530.7619355
1720415541.4267235 1720415563.2607076
1720415570.7772784 1720415590.9567537
1720415599.8300674 1720415630.861637
1720415640.4230313 1720415663.2098594
1720415665.0766118 1720415706.5569568
1720415717.0184937 1720415746.658974
1720415753.1628494 1720415774.0664525
1720415781.9703722 1720415813.256871
1720415820.8707383 1720415842.5612245
1720415852.5827727 1720415870.1095767
1720415875.0185623 1720415903.260624
1720415912.1213393 1720415933.0568738
1720415941.2769794 1720415963.6113696
1720415965.9200532 1720415986.7568035
1720415993.9253898 1720416018.6065245
1720416024.3787339 1720416059.757053
1720416065.3678055 1720416092.909722
1720416097.776081 1720416131.156753
1720416134.0721889 1720416166.8068957
1720416172.6700451 1720416209.3608587
1720416214.3190706 1720416237.6567597
1720416241.925059 1720416273.3592038
1720416280.9305925 1720416315.8079984
1720416326.4227855 1720416352.6570504
1720416360.9810379 1720416386.4566743
1720416389.7174096 1720416420.861489
1720416429.8789506 1720416457.3109446
1720416464.0189266 1720416498.1093242
1720416507.916106 1720416529.2068245
1720416537.8240435 1720416568.3124213
1720416578.2755177 1720416609.0583649
1720416614.9718661 1720416641.4573827
1720416646.3698857 1720416680.4585392
1720416684.926486 1720416703.0066526
1720416707.6786532 1720416746.0565279
1720416747.5139484 1720416767.461458
1720416770.3262007 1720416802.508327
1720416810.8285213 1720416844.2095122
1720416853.0743356 1720416892.4580445
1720416903.0723128 1720416921.3070354
1720416932.082662 1720416950.4570951
1720416961.0817127 1720416990.6585395
1720417000.0221467 1720417023.3104188
1720417032.1249185 1720417060.2090814
1720417062.1729486 1720417097.3603945
1720417101.1677775 1720417133.5567892
1720417137.4155378 1720417163.0098736
1720417168.274046 1720417201.2568092
1720417206.0742884 1720417230.3616748
1720417233.313868 1720417271.2584815
1720417279.3193314 1720417298.958899
1720417303.7747436 1720417337.310662
1720417342.2142916 1720417366.2065897
1720417374.7799819 1720417395.3089077
1720417402.0232434 1720417423.16113
1720417425.1257646 1720417457.6094859
1720417461.4748495 1720417490.9566324
1720417495.6166651 1720417525.9566689
1720417526.658713 1720417563.8567967
1720417568.5179334 1720417596.758983
1720417600.4273775 1720417623.1571803
1720417633.4179451 1720417657.4567537
1720417663.0789561 1720417697.5583851
1720417707.2751842 1720417741.5611894
1720417751.3741639 1720417780.2078876
1720417787.0189016 1720417813.1128602
1720417815.8259122 1720417848.2078214
1720417848.569348 1720417885.1580648
1720417888.9720192 1720417921.2611902
1720417921.865003 1720417960.3586645
1720417968.5147943 1720417984.5567114
1720417995.3790774 1720418029.8071065
1720418035.6708415 1720418055.706665
1720418058.128438 1720418088.209828
1720418097.7827983 1720418119.0614626
1720418127.0840273 1720418154.4568317
1720418160.117493 1720418192.3125434
1720418202.1267247 1720418219.8619008
1720418223.9707243 1720418263.0642295
1720418267.0201073 1720418294.6611197
1720418304.579366 1720418332.5569117
1720418339.5808542 1720418360.0567257
1720418363.9187133 1720418399.408701
1720418405.0302382 1720418437.4066675
1720418445.070364 1720418474.560862
1720418479.7246268 1720418514.8080788
1720418516.710869 1720418546.807037
1720418554.5227969 1720418579.6065202
1720418585.1818645 1720418618.3065398
1720418625.9748456 1720418655.9566946
1720418663.9713943 1720418685.4568472
1720418694.0825431 1720418715.3569643
1720418726.13087 1720418751.5567935
1720418761.0422237 1720418787.5571392
1720418793.2748718 1720418819.0066447
1720418826.6857948 1720418847.962629
1720418853.0158834 1720418885.2580926
1720418888.2667382 1720418916.5566893
1720418921.214784 1720418953.060236
1720418956.9732323 1720418992.4091454
1720419002.1270528 1720419022.4588058
1720419026.0183659 1720419063.90911
1720419071.7664807 1720419102.156814
1720419107.6281161 1720419130.8100307
1720419132.2157583 1720419172.8081152
1720419183.3927438 1720419201.1611838
1720419205.119695 1720419243.7603524
1720419245.7309513 1720419276.306595
1720419278.0084915 1720419319.0566113
1720419324.8668454 1720419348.206675
1720419353.4627779 1720419383.456962
1720419388.7722125 1720419417.261677
1720419419.2258596 1720419459.6070156
1720419461.8747294 1720419501.156922
1720419509.7787833 1720419528.7088773
1720419536.46383 1720419562.7619014
1720419564.9272177 1720419600.6602504
1720419611.5863721 1720419633.0602481
1720419643.4707236 1720419678.1569674
1720419681.5105634 1720419705.9565334
1720419715.824969 1720419742.6567333
1720419748.1286483 1720419773.4579988
1720419776.32711 1720419791.2567472
1720419794.7739463 1720419826.7080724
1720419831.0707812 1720419865.9576342
1720419866.571598 1720419897.6578531
1720419903.8262107 1720419924.8566737
1720419931.7186222 1720419962.360186
1720419968.9168303 1720419991.4606438
1720419992.908959 1720420016.409406
1720420022.282386 1720420054.8571782
1720420065.0283906 1720420102.0607896
1720420102.9701147 1720420117.362096
1720420122.3707857 1720420169.1566567
1720420176.930816 1720420191.107734
1720420192.7231538 1720420233.4069057
1720420241.3147895 1720420269.358284
1720420277.2176712 1720420307.0567646
1720420316.5781727 1720420342.0564713
1720420342.7162173 1720420376.0626504
1720420380.918778 1720420420.558272
1720420422.4222188 1720420454.961229
1720420465.9147978 1720420487.6570525
1720420493.026894 1720420532.856643
1720420542.6221037 1720420565.4099417
1720420574.4239948 1720420590.1572669
1720420596.3312173 1720420620.456693
1720420630.877059 1720420652.6081765
1720420662.3792377 1720420682.361447
1720420686.266734 1720420716.5570455
1720420727.332476 1720420750.356915
1720420758.6690044 1720420799.8585896
1720420801.7252903 1720420830.9098787
1720420839.931686 1720420870.9068842
1720420880.622507 1720420908.8066037
1720420912.766735 1720420940.2590044
1720420950.019167 1720420975.8622267
1720420986.7724202 1720421011.8084216
1720421021.6282203 1720421039.456827
1720421047.3290975 1720421073.1567187
1720421083.0313714 1720421106.7578206
1720421106.8618824 1720421142.0585241
1720421146.8234713 1720421171.6589413
1720421181.0835829 1720421205.3571587
1720421205.9727383 1720421248.9568617
1720421253.5137806 1720421271.107273
1720421275.7659314 1720421303.5568187
1720421308.0107493 1720421346.4569864
1720421355.2183785 1720421381.8098514
1720421384.8158486 1720421416.3581178
1720421423.1873884 1720421451.060876
1720421453.1178253 1720421491.5568762
1720421492.067185 1720421531.8597615
1720421535.9198406 1720421557.5072663
1720421562.9267867 1720421591.458592
1720421593.3665426 1720421621.657019
1720421628.4271874 1720421658.9084241
1720421664.8678575 1720421686.4568863
1720421688.3700726 1720421723.2568238
1720421723.8623953 1720421754.0069745
1720421757.7184951 1720421791.1590307
1720421797.8707874 1720421833.306793
1720421843.9801784 1720421872.5103288
1720421875.4118638 1720421913.1585853
1720421923.7811959 1720421949.7580147
1720421954.722795 1720421988.9567711
1720421993.715411 1720422023.9567735
1720422024.5167983 1720422055.6568222
1720422057.5201783 1720422094.956579
1720422096.219019 1720422117.2606668
1720422121.9587517 1720422158.5569134
1720422161.2132905 1720422192.809572
1720422194.7748814 1720422223.4603958
1720422225.5648525 1720422249.6611593
1720422253.5203018 1720422286.7591026
1720422289.3747277 1720422306.3586574
1720422317.4207647 1720422336.3585117
1720422340.1192188 1720422368.1583688
1720422372.7158754 1720422407.0095801
1720422415.8712761 1720422442.5094347
1720422446.1819112 1720422470.711118
1720422474.822768 1720422511.860638
1720422522.8227875 1720422549.3570385
1720422558.1307049 1720422590.6566894
1720422599.1827981 1720422624.2600353
1720422625.37315 1720422659.2622178
1720422660.1269975 1720422689.0606854
1720422691.9249277 1720422726.0065808
1720422734.0317142 1720422765.856918
1720422766.621882 1720422801.50692
1720422802.2218447 1720422844.158148
1720422849.8202293 1720422875.0065827
1720422875.460306 1720422910.0583918
1720422912.5624611 1720422941.208638
1720422950.018845 1720422975.6620014
1720422980.5817795 1720423008.4570768
1720423017.0681791 1720423054.7567208
1720423064.0787916 1720423090.5081825
1720423096.9270504 1720423124.6570663
1720423126.3726223 1720423163.9609575
1720423171.666761 1720423196.5068793
1720423207.0874827 1720423238.0091228
1720423247.8758209 1720423273.709219
1720423282.7314594 1720423313.7621777
1720423319.6148853 1720423353.1580982
1720423362.8817966 1720423386.0098417
1720423386.9638612 1720423426.0567646
1720423434.8235784 1720423460.756749
1720423466.6191232 1720423502.256581
1720423508.7709908 1720423538.4567397
1720423543.2186055 1720423575.5081933
1720423583.2267876 1720423613.55677
1720423624.172941 1720423659.9065793
1720423666.5769577 1720423679.1580496
1720423683.0172129 1720423722.407605
1720423723.5146022 1720423758.6579926
1720423766.5157638 1720423791.1569333
1720423797.9667184 1720423831.5066621
1720423842.2667353 1720423865.0087764
1720423875.8785255 1720423904.656708
1720423906.2199473 1720423933.3069255
1720423937.0662374 1720423970.3602371
1720423977.2190502 1720424007.15686
1720424014.7731636 1720424040.6650405
1720424042.5623674 1720424069.7567644
1720424080.537629 1720424103.706939
1720424110.4187262 1720424138.6580477
1720424148.4228733 1720424168.4090915
1720424177.3295765 1720424206.6626391
1720424211.5149443 1720424227.0101502
1720424231.9826365 1720424259.2607286
1720424268.9215038 1720424298.1583395
1720424299.6769211 1720424326.8083732
1720424332.5323503 1720424357.758578
1720424362.6233072 1720424394.061185
1720424396.9713187 1720424429.756608
1720424437.327776 1720424456.5069723
1720424466.085121 1720424486.0619793
1720424496.925526 1720424520.4618433
1720424522.9789045 1720424552.806547
1720424555.2788045 1720424595.4564385
1720424597.8748248 1720424626.8614082
1720424637.8799381 1720424662.3589065
1720424670.070548 1720424690.9084568
1720424693.6787653 1720424728.30828
1720424735.770591 1720424768.0608091
1720424769.8661885 1720424804.0609934
1720424811.9235032 1720424842.1606693
1720424845.7165112 1720424883.6567416
1720424888.26275 1720424918.0087383
1720424922.9731185 1720424947.8624218
1720424951.7740262 1720424982.656777
1720424986.0627904 1720425017.9066136
1720425028.6198447 1720425063.2578244
1720425068.16278 1720425085.056957
1720425093.7147923 1720425118.9612222
1720425122.8781927 1720425154.9090617
1720425162.8694806 1720425191.2602038
1720425202.1308703 1720425229.157697
1720425231.7587476 1720425260.1609826
1720425265.2730258 1720425298.864369
1720425305.8155038 1720425335.057412
1720425338.8183265 1720425381.8580024
1720425383.724164 1720425412.7583454
1720425415.3597271 1720425450.4097743
1720425458.6213322 1720425481.3572335
1720425482.9125469 1720425525.7583902
1720425527.2710183 1720425565.6067045
1720425567.016762 1720425589.2580614
1720425598.0803156 1720425629.0567062
1720425639.5187907 1720425667.261751
1720425669.2231944 1720425712.2069337
1720425717.0147893 1720425743.757769
1720425743.9668298 1720425777.160841
1720425777.8178456 1720425816.4065955
1720425826.1241944 1720425848.3069007
1720425851.97207 1720425881.0585387
1720425890.9747977 1720425930.656576
1720425939.2352855 1720425964.8613238
1720425969.9256942 1720426010.8100452
1720426017.5803573 1720426044.7085316
1720426045.4222772 1720426078.6067688
1720426082.2767422 1720426109.9586506
1720426118.8587253 1720426137.9622867
1720426144.9305656 1720426169.9101248
1720426176.874841 1720426209.15806
1720426219.174255 1720426237.6614416
1720426241.4768944 1720426264.6089036
1720426275.567436 1720426297.1066012
1720426303.77842 1720426331.7081175
1720426339.0220356 1720426366.656672
1720426375.133518 1720426402.8083854
1720426411.62483 1720426427.7609975
1720426431.7174113 1720426460.2567153
1720426471.1226606 1720426496.1567452
1720426499.0166037 1720426533.0095227
1720426541.0245273 1720426576.2586048
1720426579.0251226 1720426617.8583605
1720426620.7699125 1720426655.3077285
1720426664.2244933 1720426687.4604266
1720426698.2326825 1720426726.2589898
1720426736.1239512 1720426764.8585413
1720426773.7649465 1720426795.4568827
1720426797.4217303 1720426830.6070695
1720426836.8697245 1720426868.5625615
1720426878.578777 1720426902.2103589
1720426902.9172506 1720426943.25666
1720426947.8667676 1720426976.3094592
1720426983.8707242 1720427012.5089488
1720427018.93077 1720427048.6092062
1720427052.4679842 1720427088.3094196
1720427095.2747872 1720427116.556971
1720427117.1737823 1720427155.8569584
1720427160.1587882 1720427188.7568712
1720427194.3317015 1720427232.9586594
1720427243.414778 1720427264.2089958
1720427266.1158512 1720427308.0582132
1720427310.070772 1720427340.1566243
1720427340.9605246 1720427381.8576043
1720427392.6707783 1720427417.0564718
1720427421.631986 1720427450.162248
1720427454.966485 1720427488.9085073
1720427495.7755804 1720427521.959751
1720427528.8148377 1720427558.8102689
1720427562.6190252 1720427589.409906
1720427595.329819 1720427634.2590187
1720427644.7400537 1720427671.4580154
1720427682.1904726 1720427711.6083338
1720427720.5184543 1720427744.8611906
1720427752.4787922 1720427785.1569917
1720427795.0290868 1720427829.6080992
1720427837.6215374 1720427854.9567091
1720427859.1758118 1720427895.158244
1720427895.6754172 1720427930.158676
1720427934.9187202 1720427967.808368
1720427973.6656291 1720428006.2569473
1720428016.025165 1720428044.656669
1720428045.3233016 1720428066.7567103
1720428069.3802576 1720428093.8602002
1720428100.762745 1720428125.7597191
1720428131.6628032 1720428171.3599315
1720428178.1651466 1720428196.2068093
1720428200.77341 1720428235.0589392
1720428236.8754194 1720428267.358492
1720428269.961068 1720428311.358652
1720428312.3258202 1720428337.0087023
1720428341.914864 1720428365.458567
1720428371.3804877 1720428391.7624888
1720428401.37086 1720428426.2093823
1720428432.2667997 1720428462.0580537
1720428471.6147459 1720428487.856968
1720428496.4758608 1720428527.860169
1720428534.777465 1720428557.3589396
1720428566.683195 1720428590.1569614
1720428600.0148017 1720428625.4603283
1720428632.2826433 1720428653.9571295
1720428662.4347818 1720428688.2070653
1720428695.0699432 1720428714.5066216
1720428718.9676178 1720428756.7566783
1720428766.334093 1720428801.257957
1720428803.9253569 1720428839.6584349
1720428847.4731934 1720428877.0608518
1720428879.862147 1720428913.40859
1720428921.0328555 1720428947.1567972
1720428953.370788 1720428988.060269
1720428992.874407 1720429029.106871
1720429035.6787207 1720429063.9568942
1720429069.7300332 1720429108.258617
1720429113.8690925 1720429144.456939
1720429147.274847 1720429167.656911
1720429177.5747385 1720429213.9568007
1720429214.7109456 1720429247.0585432
1720429256.7747898 1720429292.956661
1720429300.7244833 1720429322.5570748
1720429327.0747423 1720429359.558164
1720429368.1855638 1720429390.706623
1720429396.525487 1720429426.0608258
1720429430.9381638 1720429463.0069323
1720429469.3223944 1720429496.510255
1720429501.3215373 1720429533.0566523
1720429535.8674514 1720429563.0615275
1720429564.9257548 1720429596.312733
1720429602.2227767 1720429622.5567992
1720429622.9628642 1720429673.3582726
1720429680.7805052 1720429701.4567297
1720429706.3149269 1720429733.756539
1720429741.331954 1720429771.3568845
1720429779.2678664 1720429799.5569317
1720429805.422739 1720429835.3603148
1720429840.9708014 1720429857.9577622
1720429860.77027 1720429889.7065835
1720429892.0227292 1720429928.4571235
1720429935.6748853 1720429958.608731
1720429962.57079 1720429994.3095634
1720430005.2258286 1720430029.6590397
1720430030.211605 1720430067.756765
1720430073.1871626 1720430101.7586496
1720430106.6750607 1720430128.1569912
1720430133.4216194 1720430165.1087534
1720430176.1327653 1720430198.957038
1720430205.7354174 1720430232.0567338
1720430240.9328425 1720430266.0620458
1720430271.0191224 1720430301.756849
1720430309.4267461 1720430336.3586183
1720430340.0786712 1720430368.6568398
1720430379.4328187 1720430406.0588458
1720430409.8107452 1720430437.5065458
1720430444.8788378 1720430473.856719
1720430478.5587761 1720430497.6085308
1720430507.4234335 1720430539.8568075
1720430540.4223874 1720430570.4614427
1720430575.425855 1720430607.2626216
1720430613.5256073 1720430633.5603514
1720430642.4212258 1720430674.058424
1720430680.966735 1720430714.2085962
1720430723.2705905 1720430756.0567536
1720430763.6319404 1720430794.6567078
1720430802.1187341 1720430830.4586163
1720430835.1747322 1720430868.5590928
1720430877.228287 1720430908.2098105
1720430917.171742 1720430938.5568879
1720430947.4179878 1720430972.1065316
1720430973.7195313 1720431007.0118778
1720431009.1227415 1720431043.956842
1720431052.6229548 1720431074.0066106
1720431079.6200235 1720431104.6080647
1720431110.7306964 1720431142.0613534
1720431149.062775 1720431175.55666
1720431183.326781 1720431207.9610965
1720431212.778938 1720431235.6603851
1720431238.5310922 1720431268.1580925
1720431274.1131907 1720431286.4571157
1720431293.1834466 1720431319.4604428
1720431320.421179 1720431363.2584267
1720431367.0260758 1720431388.5581965
1720431389.2735431 1720431413.9075663
1720431417.5122998 1720431463.0585387
1720431468.4701762 1720431495.9084198
1720431499.569616 1720431538.662347
1720431546.6650517 1720431575.8566763
1720431581.5315535 1720431612.456579
1720431616.7787817 1720431642.908781
1720431646.527047 1720431678.0608773
1720431678.974603 1720431712.1602385
1720431716.9786704 1720431737.9649436
1720431748.8805273 1720431779.507
1720431789.17075 1720431815.5065758
1720431821.874721 1720431855.2581718
1720431859.110714 1720431895.8095176
1720431899.5219982 1720431929.156674
1720431934.8787878 1720431969.8598006
1720431980.7820835 1720432006.856642
1720432012.3287547 1720432036.362506
1720432046.3661833 1720432073.7084186
1720432084.6271799 1720432105.3066046
1720432112.2108023 1720432144.3580406
1720432154.2719898 1720432176.5590763
1720432181.9757407 1720432222.2066689
1720432230.0183158 1720432266.1567047
1720432272.9705849 1720432296.9575205
1720432304.5280147 1720432330.7101405
1720432332.579191 1720432364.5066462
1720432370.072192 1720432405.507816
1720432414.9834816 1720432438.0610576
1720432442.9267638 1720432462.8088691
1720432471.7719073 1720432509.9565802
1720432520.531545 1720432540.1578584
1720432549.9307966 1720432575.3565109
1720432577.072653 1720432611.360984
1720432622.282813 1720432652.560765
1720432662.5352762 1720432685.9567811
1720432688.625587 1720432721.0067902
1720432728.6750152 1720432747.8071527
1720432758.6738255 1720432787.6566021
1720432795.4276338 1720432824.1567822
1720432833.669944 1720432858.4577181
1720432864.3224888 1720432891.3080509
1720432896.018937 1720432927.7585244
