1720398000.3071127 1720398035.7658215
1720398036.7279158 1720398072.7076833
1720398080.5701902 1720398110.761998
1720398111.727537 1720398149.1568825
1720398157.8780115 1720398190.3583508
1720398197.6775532 1720398229.3573043
1720398236.7262251 1720398270.1083047
1720398270.9267507 1720398308.6577554
1720398318.2201588 1720398346.1568282
1720398351.9778337 1720398384.2065697
1720398392.5268314 1720398417.108907
1720398417.714995 1720398448.1127048
1720398457.3187165 1720398490.056641
1720398492.6147218 1720398530.8581374
1720398535.3179343 1720398564.107039
1720398568.6741807 1720398601.5569391
1720398609.9232728 1720398630.3071263
1720398631.8190458 1720398660.3065712
1720398666.972843 1720398699.2578743
1720398703.6740923 1720398737.4600391
1720398740.9667664 1720398765.6065419
1720398773.4203618 1720398804.1093707
1720398809.5803869 1720398839.456869
1720398843.0147119 1720398881.558373
1720398887.8319337 1720398921.5070062
1720398927.8189392 1720398971.0567563
1720398973.5757663 1720398993.5567157
1720398999.6633189 1720399037.6064696
1720399045.084365 1720399076.6566803
1720399086.3778312 1720399122.1569657
1720399123.0614123 1720399158.6078806
1720399168.3821335 1720399193.908244
1720399198.6186419 1720399228.85892
1720399234.0287302 1720399258.5064378
1720399264.1236901 1720399293.0657036
1720399299.975572 1720399324.506841
1720399328.367828 1720399351.4135964
1720399359.4232848 1720399397.0583565
1720399405.4732988 1720399424.512721
1720399434.326777 1720399459.2588055
1720399459.825536 1720399499.6070507
1720399506.466799 1720399531.3086393
1720399542.1309333 1720399563.3573422
1720399573.1738992 1720399599.4100552
1720399601.6236072 1720399635.2608578
1720399638.7194445 1720399676.458851
1720399682.873465 1720399726.5065355
1720399727.9178138 1720399762.3568106
1720399764.762721 1720399790.9568615
1720399799.4302776 1720399835.3567302
1720399839.1149118 1720399864.106831
1720399872.5192468 1720399889.0105803
1720399895.0627797 1720399916.5612366
1720399925.9148247 1720399958.0096903
1720399968.981588 1720399997.4568796
1720400000.8667924 1720400026.556669
1720400034.4261374 1720400073.261048
1720400083.0793517 1720400102.75684
1720400111.728132 1720400140.8578417
1720400151.3187943 1720400170.1095855
1720400174.9192884 1720400207.4568386
1720400212.1743848 1720400241.3089113
1720400250.3210645 1720400280.2571268
1720400288.9776318 1720400307.4102569
1720400312.98031 1720400345.8586328
1720400347.421429 1720400374.25982
1720400381.2180943 1720400396.7581267
1720400407.4247086 1720400433.2581987
1720400437.521455 1720400468.358737
1720400473.3160565 1720400503.3584397
1720400510.1787786 1720400534.910024
1720400545.8267891 1720400573.8098297
1720400576.6728911 1720400601.7069538
1720400609.3751705 1720400636.8077497
1720400642.6703835 1720400677.8566434
1720400688.4215126 1720400704.0066142
1720400714.7307281 1720400741.558644
1720400752.5787518 1720400771.6599956
1720400782.4707897 1720400809.6065695
1720400811.316454 1720400840.706762
1720400845.9687097 1720400877.56293
1720400886.3364086 1720400916.2615805
1720400917.2122886 1720400948.613834
1720400958.8267157 1720400982.4070725
1720400992.0267406 1720401010.558083
1720401014.3691726 1720401042.6104057
1720401051.526787 1720401075.3615046
1720401083.4294045 1720401108.7566679
1720401110.1163173 1720401143.359996
1720401154.114794 1720401174.9566867
1720401179.622717 1720401207.3566008
1720401216.741322 1720401245.4657123
1720401247.312058 1720401276.3570104
1720401284.7312143 1720401308.6600766
1720401316.3233492 1720401346.7090442
1720401357.0283718 1720401380.307856
1720401386.17136 1720401414.457066
1720401416.1147926 1720401448.565901
1720401455.4667184 1720401485.2066352
1720401490.912888 1720401521.6571798
1720401526.1315017 1720401551.7585104
1720401554.6637971 1720401587.061
1720401592.0198066 1720401620.7625263
1720401622.520338 1720401658.7566621
1720401669.5187106 1720401689.0569663
1720401698.8666236 1720401717.960443
1720401728.7854962 1720401753.6565888
1720401756.4674177 1720401768.7584023
1720401776.7147658 1720401812.756783
1720401817.5276692 1720401849.7615771
1720401850.9097667 1720401878.058016
1720401879.9608707 1720401907.2570796
1720401918.0405216 1720401949.0566173
1720401955.2763813 1720401983.807869
1720401994.3816085 1720402019.9566612
1720402023.2104979 1720402054.6569037
1720402057.5133796 1720402083.7100124
1720402087.8190606 1720402112.5569963
1720402116.370286 1720402145.109267
1720402150.82813 1720402185.3606012
1720402196.3778346 1720402224.2568555
1720402233.0267577 1720402261.5624075
1720402267.421573 1720402304.4565217
1720402315.2252054 1720402336.8567898
1720402344.4306955 1720402366.6123602
1720402370.5667787 1720402411.657024
1720402420.4670444 1720402449.0606973
1720402456.9784043 1720402483.4580941
1720402492.3747287 1720402525.1084657
1720402536.070815 1720402556.8607025
1720402559.7587729 1720402587.5085511
1720402592.471356 1720402623.4122403
1720402626.1229827 1720402661.2586172
1720402661.8579984 1720402696.9569657
1720402705.46836 1720402731.7086508
1720402741.4747462 1720402767.057819
1720402769.322812 1720402794.957444
1720402798.3636894 1720402827.5582736
1720402830.427712 1720402860.7567165
1720402861.515007 1720402898.6586607
1720402904.5245733 1720402921.708056
1720402923.6598237 1720402961.1570044
1720402967.817118 1720403002.2624974
1720403013.2307808 1720403030.1065924
1720403039.92973 1720403064.2135878
1720403073.2687814 1720403101.05673
1720403105.6716008 1720403133.0068488
1720403133.7619884 1720403159.4068253
1720403165.7782223 1720403191.856603
1720403194.4793606 1720403232.4591706
1720403242.23847 1720403271.7077837
1720403277.1148882 1720403300.406596
1720403304.1368127 1720403331.556735
1720403342.1853209 1720403362.5102384
1720403367.418731 1720403397.6565986
1720403405.570792 1720403427.3566315
1720403429.0778081 1720403466.8569803
1720403477.483346 1720403505.7584972
1720403508.5667753 1720403539.161492
1720403544.1681917 1720403579.8583615
1720403583.714127 1720403616.909139
1720403627.8707182 1720403661.3583088
1720403668.7808342 1720403690.5613534
1720403692.423467 1720403726.3568852
1720403729.5329516 1720403756.6579099
1720403767.270796 1720403790.6579604
1720403796.070774 1720403833.0071082
1720403835.7103314 1720403870.9566402
1720403880.4869242 1720403903.4071798
1720403903.519447 1720403938.0573032
1720403948.8786924 1720403966.7568848
1720403974.4297786 1720404004.1564925
1720404006.4637778 1720404040.0567696
1720404048.9212258 1720404072.7567132
1720404082.7767558 1720404107.206652
1720404109.8107347 1720404139.0575554
1720404142.9665823 1720404177.058362
1720404179.9654014 1720404218.8589373
1720404228.4279656 1720404257.1587691
1720404263.2813027 1720404289.8590462
1720404295.8144991 1720404329.0570126
1720404337.379315 1720404369.7568192
1720404370.217552 1720404408.3090656
1720404411.1677508 1720404440.6567652
1720404447.8274162 1720404472.9571514
1720404478.4627836 1720404515.85826
1720404526.4897692 1720404545.3579478
1720404547.0133698 1720404582.6622815
1720404584.56883 1720404612.3620076
1720404622.2227433 1720404644.9088635
1720404648.775841 1720404679.4568021
1720404689.2187903 1720404707.7618585
1720404717.7771828 1720404738.308786
1720404740.1670227 1720404778.8565469
1720404788.1227725 1720404814.3591132
1720404819.768483 1720404850.0607398
1720404854.8655381 1720404885.4070818
1720404888.7160032 1720404916.6579874
1720404924.0187755 1720404950.5091188
1720404957.6141787 1720404990.3569467
1720404993.2669683 1720405026.956963
1720405028.4787123 1720405058.2088912
1720405064.5227761 1720405090.9614174
1720405093.9107437 1720405121.2626479
1720405127.2224731 1720405150.0618863
1720405160.028506 1720405190.561335
1720405199.4269555 1720405227.308268
1720405232.0787675 1720405270.4066277
1720405272.25878 1720405301.5585213
1720405309.3732831 1720405334.4099324
1720405337.377129 1720405372.0609944
1720405375.0667355 1720405405.557179
1720405411.1685448 1720405444.9086819
1720405448.7707887 1720405485.0616448
1720405486.0069127 1720405509.058852
1720405512.685198 1720405540.6566787
1720405544.2178688 1720405576.2591732
1720405577.9707108 1720405603.8612099
1720405611.865398 1720405636.1620576
1720405642.6724339 1720405676.8577135
1720405686.7668884 1720405698.1066267
1720405704.883484 1720405730.0601463
1720405741.0227969 1720405763.3100924
1720405766.1709764 1720405803.009786
1720405809.6807203 1720405843.50916
1720405845.8824701 1720405872.4138136
1720405882.5280297 1720405914.4090455
1720405916.3141584 1720405953.2565317
1720405958.1112854 1720405977.3070226
1720405982.822039 1720406013.5566976
1720406021.5304377 1720406050.061392
1720406060.8787906 1720406079.8104808
1720406082.8680086 1720406117.857744
1720406120.6227803 1720406147.9138744
1720406157.9227884 1720406179.6567194
1720406182.5202563 1720406214.8587856
1720406221.4707346 1720406234.358999
1720406235.2262373 1720406268.4588945
1720406275.0310512 1720406311.5066652
1720406311.9695408 1720406339.1567698
1720406345.9762437 1720406379.91013
1720406387.862775 1720406410.8138435
1720406413.6694102 1720406444.4567657
1720406447.3697312 1720406474.7090452
1720406481.7722518 1720406521.0566611
1720406531.8759427 1720406553.1590023
1720406559.8705108 1720406589.357159
1720406595.777729 1720406623.7086155
1720406629.6153433 1720406664.0590613
1720406669.3214633 1720406688.556862
1720406689.2673357 1720406725.2566185
1720406728.9211633 1720406762.4068496
1720406765.9690094 1720406795.910133
1720406800.4780524 1720406831.30813
1720406842.1267912 1720406870.6098545
1720406875.5747287 1720406917.95917
1720406928.771223 1720406949.4575858
1720406954.9147103 1720406981.956514
1720406984.7144318 1720407021.1093926
1720407026.9339373 1720407064.2064912
1720407073.2229013 1720407100.3568907
1720407107.5627832 1720407141.1096551
1720407147.010757 1720407177.2573137
1720407180.7205918 1720407225.0066369
1720407228.7187774 1720407263.7567449
1720407270.7136939 1720407298.1087055
1720407298.8183272 1720407329.8569057
1720407335.6667867 1720407365.6098714
1720407374.5268316 1720407409.3579657
1720407413.2716193 1720407436.46195
1720407437.3744347 1720407463.5611525
1720407473.016297 1720407506.0092995
1720407506.8193624 1720407537.457042
1720407543.2748387 1720407572.5568142
1720407581.0827749 1720407611.861796
1720407613.7272708 1720407646.8615084
1720407650.7739246 1720407684.0583858
1720407686.0239964 1720407727.6069338
1720407732.2717192 1720407757.8141906
1720407764.670927 1720407797.7588058
1720407798.4722579 1720407835.6607816
1720407839.6159055 1720407867.4619699
1720407876.2683082 1720407909.0571089
1720407909.869323 1720407942.6567473
1720407949.481277 1720407975.256633
1720407983.7207272 1720407996.6583521
1720407999.4586196 1720408043.9566493
1720408044.7248144 1720408076.356759
1720408079.8787394 1720408108.4578984
1720408115.466805 1720408135.6583447
1720408139.2765489 1720408169.6585705
1720408172.3765337 1720408198.9568126
1720408207.7769008 1720408244.7579622
1720408249.5667708 1720408276.8066268
1720408281.7758934 1720408312.0066733
1720408322.7307198 1720408350.4095206
1720408352.3102388 1720408377.9583797
1720408386.6759102 1720408408.3083422
1720408416.7807896 1720408443.8566868
1720408452.5290618 1720408477.009898
1720408479.913581 1720408518.008474
1720408528.8148422 1720408545.0568173
1720408552.8747976 1720408574.1082604
1720408576.9169786 1720408602.2604795
1720408609.268152 1720408648.908249
1720408650.8188574 1720408683.2656817
1720408693.2328467 1720408725.7625828
1720408730.9867098 1720408756.0580819
1720408766.779531 1720408788.611411
1720408796.5668871 1720408820.0100179
1720408823.3743613 1720408850.9651966
1720408852.8800845 1720408886.406958
1720408895.2667775 1720408926.257727
1720408937.121708 1720408969.40656
1720408980.1747797 1720409004.5095685
1720409005.2655234 1720409046.1583939
1720409049.4739158 1720409092.0083363
1720409095.9267454 1720409120.3066502
1720409129.970493 1720409156.108771
1720409161.8787892 1720409195.810238
1720409205.6748524 1720409230.161934
1720409237.0655372 1720409262.9100974
1720409270.7201529 1720409296.2566478
1720409303.0667737 1720409335.2614315
1720409340.2627816 1720409370.0069232
1720409373.514421 1720409407.159991
1720409412.6267815 1720409443.4571884
1720409446.0185282 1720409474.257199
1720409479.1109412 1720409497.9577172
1720409504.52537 1720409535.4588692
1720409544.0707893 1720409567.5619507
1720409568.6148705 1720409614.9570057
1720409622.718771 1720409647.76029
1720409654.778771 1720409690.2591827
1720409700.134379 1720409729.0572636
1720409736.4301744 1720409773.3100564
1720409782.7662106 1720409809.3568435
1720409811.9746206 1720409834.456917
1720409835.0232913 1720409873.1091874
1720409880.274802 1720409903.010114
1720409912.1795988 1720409936.166008
1720409944.136336 1720409971.5602903
1720409978.3797302 1720410008.26218
1720410019.275368 1720410044.0609055
1720410045.7313151 1720410089.857531
1720410098.6167378 1720410115.2568052
1720410125.7813153 1720410153.0571213
1720410159.4144073 1720410190.5577714
1720410191.5635197 1720410232.1071663
1720410234.6704347 1720410271.409622
1720410275.8207917 1720410306.4602094
1720410316.7168403 1720410345.8589747
1720410353.027455 1720410392.1567714
1720410394.8707924 1720410421.858318
1720410431.7176347 1720410464.6616058
1720410469.6611881 1720410493.6605332
1720410494.6658015 1720410524.8574865
1720410535.6748202 1720410569.707008
1720410573.276545 1720410602.9621623
1720410613.9779565 1720410646.1081753
1720410654.8155756 1720410676.4616768
1720410677.1116154 1720410713.2065883
1720410716.5222015 1720410745.4566648
1720410753.8307283 1720410781.660696
1720410782.4133737 1720410821.3582594
1720410827.8668597 1720410862.462514
1720410873.422356 1720410891.6086316
1720410902.2227485 1720410922.806793
1720410931.460858 1720410956.9584565
1720410966.6788368 1720410984.2599862
1720410991.1192932 1720411027.8606498
1720411038.714751 1720411061.3606
1720411070.9784203 1720411091.4565973
1720411100.1814835 1720411123.7068312
1720411125.4187834 1720411151.8072612
1720411159.625672 1720411188.3591166
1720411188.6209877 1720411226.3569183
1720411236.7355866 1720411259.3565593
1720411261.7321937 1720411287.6567826
1720411291.2627869 1720411316.5612133
1720411317.5107758 1720411354.4069378
1720411361.2156274 1720411387.36132
1720411394.277749 1720411410.3566542
1720411412.1197186 1720411444.7097123
1720411447.6725166 1720411482.3568947
1720411483.165218 1720411516.6066244
1720411519.2146692 1720411545.4567692
1720411554.4187682 1720411578.256881
1720411584.7277436 1720411615.4066122
1720411623.9160123 1720411658.360828
1720411663.3706205 1720411686.2581499
1720411697.1798053 1720411721.9567368
1720411727.814786 1720411758.8127358
1720411765.6323354 1720411790.1066713
1720411795.6180027 1720411828.45858
1720411837.2245557 1720411859.0091856
1720411869.5690658 1720411893.7567554
1720411895.6178832 1720411937.3585067
1720411948.135168 1720411970.5570564
1720411971.77201 1720411999.656561
1720412005.225611 1720412033.4624982
1720412040.3675573 1720412064.0065844
1720412072.6218283 1720412107.656673
1720412113.4804773 1720412134.9617355
1720412137.824573 1720412172.456549
1720412175.061863 1720412196.056653
1720412198.7198472 1720412231.6605535
1720412240.2181606 1720412274.908209
1720412282.465214 1720412307.6567738
1720412314.2238839 1720412345.9571335
1720412350.8187146 1720412378.3615844
1720412388.329286 1720412414.3080277
1720412423.0261338 1720412459.7593856
1720412465.719672 1720412486.9568875
1720412497.878762 1720412518.256538
1720412526.9733667 1720412558.657842
1720412562.71078 1720412597.4568212
1720412598.0666652 1720412633.958604
1720412635.7219572 1720412669.6584413
1720412679.2694254 1720412712.0098603
1720412714.9303231 1720412749.2569022
1720412750.5587344 1720412783.9567094
1720412784.7112908 1720412824.56497
1720412828.5754163 1720412866.0071008
1720412871.77077 1720412899.0070136
1720412909.9672663 1720412933.0621269
1720412934.5730734 1720412962.0620584
1720412964.021544 1720413004.4066498
1720413014.1687596 1720413031.5085285
1720413042.3271918 1720413053.760901
1720413064.7801723 1720413080.109402
1720413081.1112106 1720413119.4599454
1720413125.3627827 1720413161.0095022
1720413163.7683623 1720413191.7567596
1720413196.0667806 1720413223.95882
1720413234.7705112 1720413261.8590221
1720413268.1227806 1720413294.5566332
1720413303.9708402 1720413330.6087897
1720413338.4786236 1720413373.5660517
1720413380.7241335 1720413407.2569406
1720413415.6276596 1720413435.0566804
1720413440.626782 1720413481.2585216
1720413487.1780014 1720413509.4606335
1720413511.2277393 1720413544.8065743
1720413547.3147898 1720413592.0066416
1720413595.6197934 1720413612.7602668
1720413615.3135636 1720413653.561984
1720413654.473077 1720413694.7607145
1720413702.818237 1720413730.1068947
1720413740.9267263 1720413757.959946
1720413760.7285726 1720413784.4566913
1720413792.1165888 1720413821.2606094
1720413829.176614 1720413864.5566304
1720413873.3743756 1720413892.6583443
1720413898.926244 1720413925.656732
1720413929.4627898 1720413946.3620448
1720413955.230824 1720413984.9585621
1720413993.8265977 1720414011.3617156
1720414022.3187878 1720414048.558497
1720414051.8160417 1720414078.5087626
1720414089.0755372 1720414113.1589136
1720414117.8770878 1720414145.8628259
1720414147.0204988 1720414173.2581747
1720414173.7706323 1720414215.4569032
1720414218.278712 1720414255.5597467
1720414256.6166713 1720414291.957514
1720414297.9673157 1720414324.6607664
1720414334.723424 1720414356.1568592
1720414356.7100463 1720414393.6566434
1720414394.3154006 1720414421.3069174
1720414421.97096 1720414449.1588876
1720414450.8713515 1720414486.1585603
1720414495.7300258 1720414525.1067371
1720414531.8701475 1720414562.4568896
1720414564.0660772 1720414592.4585068
1720414595.2732258 1720414626.6097016
1720414630.5107799 1720414663.558417
1720414674.474952 1720414699.6065772
1720414710.318726 1720414740.308311
1720414749.522775 1720414779.2064784
1720414789.9670668 1720414816.0589778
1720414824.1787848 1720414858.657917
1720414861.6178732 1720414886.458795
1720414895.1707673 1720414917.306569
1720414919.8722947 1720414960.2587948
1720414965.6707945 1720414995.2066612
1720414999.0220215 1720415025.7589142
1720415035.515951 1720415060.8613892
1720415061.862179 1720415086.256744
1720415094.0747786 1720415120.2604997
1720415122.0603497 1720415159.6573007
1720415164.4304173 1720415200.3567271
1720415205.2747924 1720415230.4607377
1720415241.370034 1720415266.1095
1720415267.0647092 1720415303.1093957
1720415305.1235573 1720415334.4588122
1720415342.130602 1720415374.0574787
1720415379.862786 1720415399.361531
1720415409.3227499 1720415436.1568446
1720415439.91879 1720415463.2065701
1720415465.0078325 1720415492.1081405
1720415502.7327383 1720415540.158502
1720415549.6187787 1720415572.7066283
1720415576.2641346 1720415600.3582184
1720415609.1783938 1720415630.9094746
1720415637.829631 1720415672.5580473
1720415683.472339 1720415695.4610972
1720415705.4231212 1720415736.2569065
1720415738.8707724 1720415770.8566809
1720415778.666799 1720415808.5066686
1720415818.4769437 1720415839.656779
1720415849.2707736 1720415868.9096096
1720415871.3698347 1720415904.1089225
1720415913.0707793 1720415933.3585162
1720415935.9155798 1720415967.2104573
1720415975.118394 1720415992.6575866
1720415995.4772217 1720416024.6583595
1720416025.5083299 1720416056.3589087
1720416056.9258022 1720416101.2585855
1720416110.2187812 1720416124.0583858
1720416124.6687627 1720416162.1071098
1720416169.0170362 1720416207.1580853
1720416212.579427 1720416233.9584875
1720416239.6170428 1720416269.3070235
1720416276.5187433 1720416310.3606305
1720416315.26274 1720416351.1607192
1720416352.0114398 1720416385.4606621
1720416386.1199636 1720416422.9071522
1720416423.4195597 1720416458.0607672
1720416460.1259272 1720416491.0590503
1720416494.8176022 1720416526.362608
1720416531.370245 1720416564.856647
1720416574.0267818 1720416603.9087956
1720416606.8164155 1720416638.756749
1720416642.41476 1720416672.9585977
1720416675.7760086 1720416708.4587672
1720416712.9188092 1720416735.5568867
1720416745.470502 1720416766.7606883
1720416767.6671834 1720416800.306669
1720416808.1286645 1720416837.8601677
1720416838.8122144 1720416880.4649742
1720416886.4142015 1720416918.812809
1720416924.8250735 1720416958.6066635
1720416967.2731388 1720416988.3621738
1720416994.270713 1720417028.9578023
1720417039.8747349 1720417063.5583162
1720417069.5267375 1720417088.7604983
1720417098.7147326 1720417132.4627678
1720417133.0302267 1720417162.456587
1720417170.1737134 1720417197.8069248
1720417204.6644876 1720417232.6583774
1720417235.4147892 1720417267.0593462
1720417275.63434 1720417299.7586508
1720417304.718788 1720417328.0608954
1720417337.9825323 1720417361.0620694
1720417361.9656272 1720417391.0589933
1720417392.7707741 1720417421.7600508
1720417422.6712697 1720417458.2584946
1720417462.1187656 1720417487.2567759
1720417492.0272088 1720417518.2570355
1720417523.0347779 1720417556.9572642
1720417560.6238978 1720417586.3571074
1720417597.0687973 1720417628.1589816
1720417633.6147113 1720417660.856765
1720417663.2107341 1720417701.6612968
1720417706.8325016 1720417748.658378
1720417757.4794426 1720417780.2568676
1720417785.0738106 1720417824.3578644
1720417827.314735 1720417850.5101154
1720417857.4587755 1720417883.6093462
1720417890.4669726 1720417916.461393
1720417918.4166455 1720417956.4088547
1720417957.4212947 1720417990.0069497
1720417997.8227165 1720418024.1566288
1720418033.7834516 1720418052.913357
1720418059.5147865 1720418092.6608963
1720418099.418622 1720418120.8566022
1720418122.5243788 1720418156.0096192
1720418160.914622 1720418192.1567214
1720418199.3240895 1720418224.5081222
1720418224.915841 1720418267.6588228
1720418270.9725585 1720418292.160619
1720418293.8202293 1720418331.5084476
1720418337.3311007 1720418363.3589897
1720418374.0707302 1720418398.7567747
1720418409.7168868 1720418439.2568305
1720418440.8213155 1720418475.712044
1720418479.51449 1720418517.2086895
1720418518.8216355 1720418555.0586035
1720418563.1627786 1720418581.7118568
1720418590.4788005 1720418619.756577
1720418623.2268033 1720418651.5606487
1720418653.5148454 1720418681.2608728
1720418689.279132 1720418714.5088289
1720418717.3240843 1720418752.4070404
1720418756.2227745 1720418785.8069723
1720418792.9759014 1720418819.8612852
1720418826.8192174 1720418850.7108593
1720418859.5754774 1720418886.3568366
1720418889.219996 1720418922.1583946
1720418926.1304555 1720418967.058055
1720418975.8737996 1720418989.458465
1720418991.6653621 1720419031.3584309
1720419038.228391 1720419061.3623965
1720419071.3210351 1720419096.7099094
1720419101.16274 1720419132.4073477
1720419136.782889 1720419161.5583487
1720419165.4749553 1720419200.261206
1720419206.2667806 1720419239.7140293
1720419248.6656628 1720419273.8146544
1720419274.710759 1720419306.1069307
1720419307.9245276 1720419345.558514
1720419350.1267924 1720419378.4574401
1720419384.2147408 1720419415.706607
1720419420.4310458 1720419458.1590054
1720419460.584393 1720419496.6065724
1720419502.0178552 1720419535.7065723
1720419540.4707832 1720419562.7608135
1720419563.5686398 1720419598.862025
1720419603.8587785 1720419633.2066627
1720419642.7787817 1720419665.356986
1720419668.160692 1720419704.6566255
1720419713.5268748 1720419737.160619
1720419740.1689038 1720419765.6598287
1720419769.413916 1720419793.256664
1720419803.016308 1720419822.0087624
1720419833.026892 1720419855.362202
1720419863.9183702 1720419887.6568873
1720419888.20855 1720419922.4612153
1720419924.3801084 1720419952.2581246
1720419962.527509 1720419987.25667
1720419994.574214 1720420016.6566005
1720420016.8691192 1720420050.306627
1720420056.8707895 1720420086.8567939
1720420097.1268811 1720420123.3071363
1720420127.1253104 1720420154.909815
1720420158.8201144 1720420198.8585227
1720420202.7233016 1720420234.4595942
1720420245.4723487 1720420263.7608473
1720420273.6227212 1720420304.6591763
1720420314.2165504 1720420346.9565408
1720420352.5707757 1720420380.1581237
1720420389.8816876 1720420415.2567618
1720420415.9641488 1720420452.8581362
1720420459.726791 1720420487.3069375
1720420493.0284324 1720420525.2600162
1720420535.177436 1720420568.7586174
1720420570.712004 1720420587.7065594
1720420590.216354 1720420625.4081144
1720420635.9227884 1720420655.7567608
1720420656.4632106 1720420689.0105996
1720420698.9174747 1720420727.9578393
1720420736.977836 1720420755.35674
1720420764.1707318 1720420798.506617
1720420809.070035 1720420826.858104
1720420831.8787937 1720420869.1567168
1720420874.0692887 1720420905.106765
1720420905.6711998 1720420936.0090992
1720420942.0210724 1720420972.9568071
1720420973.681569 1720421010.0092285
1720421016.8650544 1720421044.7105634
1720421049.6147122 1720421079.7565823
1720421082.271396 1720421106.4611847
1720421116.8180804 1720421136.3616185
1720421144.2678587 1720421177.1146004
1720421181.214782 1720421203.5614483
1720421208.4220526 1720421234.3080397
1720421238.0208344 1720421276.2586586
1720421278.2143407 1720421308.8591151
1720421317.675908 1720421339.4608521
1720421350.0319073 1720421378.2569366
1720421387.6234236 1720421412.661181
1720421418.4769607 1720421453.2069597
1720421462.4308708 1720421485.1087642
1720421493.9348261 1720421528.8099556
1720421533.7147195 1720421562.0577629
1720421562.8701038 1720421592.659074
1720421599.0660686 1720421620.4084332
1720421625.223608 1720421659.4079535
1720421665.919356 1720421696.8590145
1720421702.166808 1720421728.0584128
1720421738.9757607 1720421762.3091226
1720421772.270117 1720421794.0615716
1720421795.0111666 1720421840.7566116
1720421850.2787702 1720421872.6578555
1720421878.521945 1720421907.1095512
1720421910.025652 1720421939.45678
1720421946.2267776 1720421982.1589563
1720421991.9307163 1720422020.6065624
1720422025.213483 1720422056.0579193
1720422056.6272593 1720422090.6617162
1720422094.526744 1720422123.706628
1720422131.1768591 1720422152.8086197
1720422159.0653062 1720422191.4614856
1720422195.3107905 1720422214.158895
1720422215.8197591 1720422255.1578069
1720422264.9720843 1720422278.5084677
1720422282.466781 1720422316.5605433
1720422320.5697277 1720422347.9566529
1720422353.2227783 1720422374.6085386
1720422378.3680222 1720422409.8568103
1720422410.5632095 1720422434.456886
1720422445.114785 1720422472.9066224
1720422473.5241077 1720422513.658919
1720422516.121094 1720422549.3570275
1720422559.581073 1720422582.1567388
1720422590.921949 1720422619.6104007
1720422627.8160937 1720422654.0095327
1720422661.070737 1720422690.858656
1720422699.78144 1720422737.0567076
1720422744.6177096 1720422772.8084805
1720422776.3751342 1720422803.9612079
1720422815.0754366 1720422841.456594
1720422843.1226196 1720422877.056759
1720422887.9147294 1720422911.6566503
1720422915.6111393 1720422945.4610798
1720422954.426558 1720422974.165039
1720422983.373317 1720423015.7611406
1720423020.6667783 1720423057.16086
1720423060.9740133 1720423091.506654
1720423099.266865 1720423126.5069928
1720423131.9349487 1720423162.6567023
1720423165.321887 1720423200.2570186
1720423211.0299284 1720423236.460979
1720423241.31475 1720423267.0066595
1720423271.915774 1720423308.0609136
1720423319.0214744 1720423347.7092562
1720423348.513407 1720423384.0573595
1720423392.3759003 1720423423.5095375
1720423431.3850603 1720423460.1604643
1720423466.2128549 1720423493.5566678
1720423502.0821815 1720423528.4569433
1720423537.2827125 1720423569.456973
1720423571.1593552 1720423606.3566785
1720423608.9280124 1720423646.758944
1720423650.5721643 1720423684.8570616
1720423690.8627841 1720423720.9585655
1720423730.5734613 1720423756.156908
1720423760.9775605 1720423799.8566322
1720423808.6667545 1720423828.907776
1720423834.2712958 1720423869.8578632
1720423872.410402 1720423897.0594568
1720423898.6175294 1720423945.156733
1720423950.9255533 1720423975.3578742
1720423985.0811994 1720424005.9608843
1720424009.0340252 1720424042.4600945
1720424044.3787928 1720424079.1565447
1720424086.7344105 1720424104.8614023
1720424108.7805476 1720424139.3582416
1720424144.1267304 1720424174.2605882
1720424179.8746579 1720424201.7590265
1720424207.2747822 1720424230.5565805
1720424239.2842267 1720424265.7606301
1720424276.6787288 1720424296.2070389
1720424298.9608793 1720424322.860759
1720424323.3644454 1720424350.9567902
1720424352.3229163 1720424384.8066087
1720424393.3147166 1720424423.6134682
1720424424.4214923 1720424455.861457
1720424466.8227353 1720424491.2105634
1720424500.8911214 1720424525.9088538
1720424533.5221894 1720424560.2568974
1720424568.0221846 1720424589.5570016
1720424598.4810452 1720424627.6565511
1720424636.3187842 1720424663.558429
1720424664.3279421 1720424686.2611222
1720424695.2667832 1720424723.2623634
1720424724.2072308 1720424764.9615211
1720424775.919233 1720424804.008694
1720424804.825698 1720424840.4085865
1720424840.9696364 1720424875.5603914
1720424883.4650123 1720424911.7566767
1720424917.4749913 1720424946.1065543
1720424946.7657034 1720424988.0578394
1720424988.8763778 1720425018.3587794
1720425027.9714909 1720425052.6577377
1720425055.4220915 1720425097.0066416
1720425097.766493 1720425121.1617095
1720425122.0167494 1720425157.60661
1720425165.2801085 1720425195.4567277
1720425206.1875525 1720425240.7567217
1720425242.5643003 1720425262.5065355
1720425270.1290214 1720425304.8581445
1720425312.626924 1720425339.9066558
1720425344.6158178 1720425372.5570037
1720425375.0611784 1720425410.356704
1720425412.0718277 1720425444.956823
1720425454.5812426 1720425481.2581656
1720425483.775849 1720425522.1568658
1720425530.022297 1720425558.2066324
1720425561.8192525 1720425594.4604685
1720425597.4685967 1720425630.2608364
1720425632.1744764 1720425671.4566092
1720425676.2674553 1720425712.9613543
1720425720.8747923 1720425745.806802
1720425754.475483 1720425782.6095483
1720425792.3707292 1720425814.9088717
1720425820.722782 1720425840.0583754
1720425844.9227235 1720425888.008303
1720425893.1296391 1720425925.306648
1720425931.7242558 1720425978.5566998
1720425984.3708086 1720426008.6614656
1720426018.6676748 1720426043.557478
1720426050.4176657 1720426072.2589211
1720426078.121114 1720426111.558367
1720426116.3184135 1720426136.1588967
1720426137.9237196 1720426175.2579606
1720426180.7707794 1720426204.206641
1720426209.9303646 1720426233.0066285
1720426234.865642 1720426271.2611384
1720426277.1180918 1720426308.9567733
1720426315.720184 1720426343.2565372
1720426347.8674078 1720426364.660275
1720426375.4187195 1720426398.3589048
1720426399.1683235 1720426436.7579448
1720426445.7207224 1720426465.7588441
1720426469.4107945 1720426515.8066082
1720426516.5732343 1720426542.7604325
1720426551.7148461 1720426586.656767
1720426597.4787743 1720426624.758211
1720426627.1291413 1720426660.4569144
1720426666.2682426 1720426682.3566556
1720426692.1247382 1720426724.06071
1720426734.971433 1720426769.0567925
1720426773.9638073 1720426804.8071306
1720426807.2153022 1720426838.606816
1720426842.212633 1720426875.0066187
1720426876.8168917 1720426906.3079827
1720426911.110718 1720426937.0586672
1720426940.9701033 1720426984.3579273
1720426993.4745917 1720427017.1070588
1720427018.6706653 1720427048.1094759
1720427050.980671 1720427090.6069808
1720427097.2346597 1720427118.8066473
1720427127.46491 1720427152.6570399
1720427157.4209504 1720427183.2581947
1720427184.11161 1720427220.4649966
1720427222.4588485 1720427266.2566159
1720427267.813473 1720427293.5095086
1720427299.421568 1720427330.2588658
1720427336.8788664 1720427369.262394
1720427376.134776 1720427412.8097446
1720427414.4749398 1720427451.0568523
1720427458.3267438 1720427481.658424
1720427483.5193512 1720427523.210028
1720427528.314779 1720427556.6565585
1720427556.729906 1720427595.958156
1720427597.96325 1720427631.1077366
1720427632.5114527 1720427669.1572218
1720427671.5730884 1720427707.3082507
1720427716.9309566 1720427743.910306
1720427751.8206627 1720427778.760802
1720427786.8197157 1720427816.808663
1720427817.767446 1720427856.4066694
1720427863.031582 1720427898.5585492
1720427908.27748 1720427929.1102502
1720427936.1307495 1720427965.0064647
1720427973.7147748 1720428002.4606798
1720428009.413179 1720428037.7565365
1720428045.01704 1720428066.5069733
1720428069.9226568 1720428099.258802
1720428100.7120585 1720428129.4567437
1720428138.2227778 1720428164.7567077
1720428167.4107277 1720428196.409963
1720428202.314737 1720428237.1581655
1720428247.0187962 1720428266.4567754
1720428269.8224776 1720428297.762497
1720428300.5601275 1720428340.1070068
1720428344.7307923 1720428370.4066224
1720428376.022208 1720428397.1588085
1720428402.6627197 1720428426.1568866
1720428427.330472 1720428459.260728
1720428459.4761872 1720428500.26207
1720428509.3812373 1720428530.8080993
1720428537.5642195 1720428562.8105547
1720428569.7284532 1720428584.8569157
1720428593.4862936 1720428617.0137098
1720428619.8767219 1720428647.906862
1720428650.617846 1720428681.3580468
1720428684.2098715 1720428718.1082394
1720428719.9723446 1720428754.9566636
1720428755.8089385 1720428793.7568188
1720428799.6107714 1720428837.7098038
1720428847.421609 1720428877.1606631
1720428883.109528 1720428917.3566163
1720428921.266718 1720428949.5569558
1720428951.212231 1720428996.6568174
1720428997.3168697 1720429029.5085158
1720429035.2205565 1720429065.7083778
1720429066.517605 1720429108.2576666
1720429109.9250662 1720429140.2604687
1720429145.1307294 1720429173.7566805
1720429175.222172 1720429207.5567763
1720429213.075594 1720429249.00689
1720429250.9190514 1720429288.65803
1720429291.617623 1720429331.706672
1720429338.5659583 1720429351.2066498
1720429360.9260073 1720429384.6576822
1720429388.377528 1720429420.8066633
1720429427.718777 1720429455.7069187
1720429465.5707753 1720429489.2584736
1720429491.9734216 1720429522.2588189
1720429531.9147897 1720429556.506585
1720429561.2248359 1720429592.508634
1720429601.4279482 1720429627.5584843
1720429632.4787145 1720429664.8068933
1720429675.577848 1720429697.112529
1720429702.926728 1720429724.1567633
1720429727.77295 1720429765.1609097
1720429776.269086 1720429791.3066483
1720429792.2198436 1720429824.2598908
1720429829.9748135 1720429865.1589062
1720429868.814531 1720429896.5096905
1720429901.4187896 1720429932.1130612
1720429932.9172132 1720429966.5580723
1720429968.0645745 1720430006.058354
1720430015.0227935 1720430041.8601136
1720430043.6689525 1720430067.410461
1720430075.3295035 1720430103.2567506
1720430107.8312259 1720430135.9582078
1720430143.82171 1720430162.5578468
1720430170.2787824 1720430201.7608387
1720430211.573258 1720430237.306886
1720430238.0166032 1720430268.5615776
1720430276.365817 1720430303.1608164
1720430312.0269408 1720430341.4068923
1720430346.1724238 1720430371.7066731
1720430379.4187894 1720430403.7565522
1720430405.5182269 1720430442.8605356
1720430448.7813175 1720430462.9588375
1720430471.7267141 1720430495.5093417
1720430497.424881 1720430531.606657
1720430538.5218208 1720430566.4604266
1720430569.3710146 1720430602.4589791
1720430611.2806792 1720430639.0608075
1720430639.7252307 1720430678.9617407
1720430687.87609 1720430711.2613716
1720430721.1283941 1720430753.9617774
1720430754.1087873 1720430792.7616138
1720430797.6147313 1720430835.40875
1720430840.6747403 1720430868.3614974
1720430871.3628783 1720430902.3567536
1720430912.1798294 1720430939.3604453
1720430943.2147899 1720430970.6569746
1720430971.1160963 1720431006.4567487
1720431013.328575 1720431030.7068791
1720431031.4602287 1720431074.6567304
1720431076.5195081 1720431099.7080295
1720431100.6158078 1720431144.2566252
1720431155.0736248 1720431170.710232
1720431176.81381 1720431204.106607
1720431212.572865 1720431230.2066665
1720431230.6656904 1720431261.8567288
1720431268.581271 1720431292.906909
1720431295.1765518 1720431322.0089204
1720431332.7747793 1720431356.8068895
1720431359.5282354 1720431382.4065292
1720431386.9107404 1720431419.1611192
1720431430.1267786 1720431458.608686
1720431461.6094983 1720431493.0097578
1720431501.9344866 1720431537.7588243
1720431544.5787885 1720431572.808693
1720431581.7307122 1720431609.4624805
1720431620.477626 1720431644.0619845
1720431648.162722 1720431686.158072
1720431687.0170522 1720431714.806654
1720431724.6709611 1720431744.2569647
1720431746.824526 1720431782.506981
1720431787.8267293 1720431825.1586592
1720431834.9829547 1720431854.1069357
1720431863.8669932 1720431899.2567096
1720431904.0772707 1720431930.5602
1720431931.4649885 1720431970.9065094
1720431974.7641385 1720432007.0581934
1720432015.771563 1720432033.4099267
1720432042.2763004 1720432069.8612015
1720432080.6686723 1720432103.10673
1720432112.5776534 1720432139.058422
1720432139.7069156 1720432181.5605395
1720432190.6698325 1720432220.3566818
1720432223.1761546 1720432257.5569143
1720432261.0301034 1720432294.5085158
1720432299.9765725 1720432329.01025
1720432329.9674907 1720432364.708283
1720432368.366789 1720432405.9567227
1720432412.2273798 1720432434.7066152
1720432443.1825864 1720432469.1081808
1720432470.2218513 1720432504.8664382
1720432515.7228792 1720432537.108595
1720432538.9238849 1720432572.2570918
1720432574.514791 1720432613.8624113
1720432624.5258577 1720432648.1070457
1720432657.3212075 1720432689.8586287
1720432690.7578497 1720432714.4570367
1720432720.736296 1720432752.2098114
1720432753.167406 1720432791.1585817
1720432798.317968 1720432826.657925
1720432832.5716567 1720432865.6098504
1720432875.379371 1720432898.4583535
1720432901.2187822 1720432932.2567358
