1757227889.446134 1757227911.9134161
1757227914.9166799 1757227940.9594986
1757227940.9595234 1757227972.289794
1757227980.2979422 1757228007.118911
1757228016.1275938 1757228037.322591
1757228043.32845 1757228065.11133
1757228067.1134608 1757228092.7892573
1757228098.7916942 1757228119.8571389
1757228119.857163 1757228152.1617894
1757228154.1636357 1757228184.9406147
1757228184.9406471 1757228214.5880768
1757228224.5956826 1757228245.5024197
1757228254.5076153 1757228280.6311636
1757228287.635624 1757228309.891532
1757228316.8986602 1757228344.9170747
1757228353.923716 1757228373.291296
1757228376.2916117 1757228402.9913735
1757228404.9916806 1757228431.953348
1757228441.9596677 1757228463.9379947
1757228473.9463575 1757228496.5535734
1757228506.5636873 1757228523.4205956
1757228532.4276245 1757228558.7691245
1757228562.7716408 1757228589.2148912
1757228592.21797 1757228618.1960945
1757228620.1982477 1757228646.467813
1757228656.478026 1757228675.6519585
1757228675.6519902 1757228702.7802753
1757228705.7830648 1757228736.2573571
1757228743.2635994 1757228761.7440584
1757228761.7441058 1757228786.2709663
1757228795.2800894 1757228816.8536935
1757228822.8596673 1757228844.01532
1757228851.0224483 1757228870.3742402
1757228880.383714 1757228906.3855348
1757228907.3866713 1757228943.8126814
1757228947.8157413 1757228970.5069253
1757228973.508071 1757228998.3764007
1757228998.3764315 1757229028.2320824
1757229037.2412179 1757229062.4699123
1757229067.4750028 1757229092.381663
1757229095.3848097 1757229121.8051596
1757229124.808251 1757229156.085461
1757229161.0876577 1757229185.0706694
1757229193.0756295 1757229212.5694983
1757229215.5716176 1757229250.2983973
1757229257.3036258 1757229280.9733007
1757229284.9756565 1757229308.8391469
1757229308.8391764 1757229343.2375925
1757229345.239675 1757229373.238927
1757229377.2397175 1757229400.191838
1757229407.195674 1757229426.5601637
1757229436.5624273 1757229460.9240036
1757229460.9240294 1757229484.749656
1757229487.7516813 1757229513.4754205
1757229517.4756434 1757229549.5068781
1757229558.5156822 1757229572.3332543
1757229578.3393793 1757229601.1813395
1757229610.1876776 1757229633.5925078
1757229639.5956614 1757229658.9209447
1757229661.924027 1757229678.219148
1757229686.2236454 1757229719.0083027
1757229728.0174365 1757229748.9417293
1757229756.9498904 1757229774.8151014
1757229776.815621 1757229804.0710313
1757229813.071671 1757229831.0990152
1757229841.1091363 1757229863.4745512
1757229865.4766333 1757229898.6165664
1757229906.6246526 1757229931.6614287
1757229934.6636531 1757229960.6341212
1757229966.6396751 1757229987.6731858
1757229987.6732101 1757230016.736361
1757230026.7437305 1757230052.1484506
1757230054.1505756 1757230075.3983505
1757230079.4024765 1757230114.2547307
1757230114.2547565 1757230138.278206
1757230139.2793307 1757230170.2483091
1757230180.2584376 1757230193.437816
1757230203.4476821 1757230227.1301289
1757230236.1356983 1757230252.8924174
1757230257.895676 1757230283.4791765
1757230283.4792106 1757230314.5682855
1757230324.5784156 1757230342.7214823
1757230349.727663 1757230370.1824226
1757230379.191507 1757230400.4577582
1757230409.4636245 1757230431.8326988
1757230433.8348281 1757230463.5174556
1757230473.524033 1757230496.6971562
1757230497.6976576 1757230519.3250215
1757230519.325044 1757230548.557742
1757230548.557787 1757230578.8311439
1757230581.8342519 1757230610.2524629
1757230612.2545295 1757230645.2340872
1757230646.2351592 1757230672.7479088
1757230678.751709 1757230695.3070123
1757230704.3156118 1757230723.8177445
1757230730.8248832 1757230755.0976632
1757230761.1037564 1757230784.752231
1757230790.758364 1757230818.7469332
1757230823.7516565 1757230844.6026673
1757230847.6040108 1757230881.836244
