1767018962.412083 1767019207.8469377
1767019207.8469596 1767019745.187687
1767019745.1877105 1767020062.824797
1767020062.8248277 1767020480.6317043
1767020480.6317286 1767020704.926046
1767020704.9260702 1767021097.5209084
1767021097.520931 1767021517.4208443
1767021517.4208684 1767021899.957862
1767021899.957885 1767022258.9097815
1767022258.9098048 1767022535.6649997
1767022535.6650162 1767023104.7595205
1767023104.7595448 1767023398.9273508
1767023398.9273736 1767023801.1687279
1767023801.1687486 1767024202.766964
1767024202.7669878 1767024535.6473367
1767024535.6473532 1767025105.323029
1767025105.3230534 1767025435.5852416
1767025435.585263 1767025682.4641736
1767025682.4641922 1767025983.0769632
1767025983.0769868 1767026418.3529215
1767026418.352945 1767026777.6233494
1767026777.6233728 1767027094.504394
1767027094.504418 1767027467.007697
1767027467.007721 1767027680.3503876
1767027680.350405 1767028007.119283
1767028007.119306 1767028523.4169674
1767028523.4169908 1767028903.1278448
1767028903.1278622 1767029119.6118515
1767029119.6118753 1767029544.0633502
1767029544.063375 1767029856.62663
1767029856.6266522 1767030189.074863
1767030189.0748827 1767030464.2200012
1767030464.2200253 1767031031.7695687
1767031031.7695923 1767031199.129459
1767031199.1294825 1767031611.2815163
1767031611.28154 1767032052.5578935
1767032052.5579176 1767032335.025175
1767032335.0251982 1767032740.9660642
1767032740.9660888 1767033112.2819567
1767033112.2819777 1767033272.7467647
1767033272.7467844 1767033587.327047
1767033587.3270707 1767033951.9086797
1767033951.9086964 1767034345.981079
1767034345.9811034 1767034869.1473324
1767034869.1473558 1767035135.2785573
1767035135.27858 1767035425.5786285
1767035425.5786517 1767035797.3090816
1767035797.3091063 1767036140.5860033
1767036140.5860271 1767036418.0619364
1767036418.0619595 1767036867.2720315
1767036867.2720563 1767037083.2116337
1767037083.211651 1767037423.931439
1767037423.931463 1767037706.1983206
1767037706.198345 1767037990.272648
1767037990.2726722 1767038399.4197686
1767038399.4197924 1767038827.598221
1767038827.5982451 1767039210.4356134
1767039210.4356341 1767039553.5447993
1767039553.5448227 1767039798.9067783
1767039798.9068027 1767040042.6553319
1767040042.6553488 1767040543.2749653
1767040543.274997 1767040874.6804075
1767040874.6804316 1767041072.0852048
1767041072.0852242 1767041394.2492764
1767041394.2493 1767041741.0426886
1767041741.0427115 1767042311.1566386
1767042311.1566625 1767042543.9103868
1767042543.9104044 1767042814.1048925
1767042814.1049163 1767043355.4991567
1767043355.499181 1767043704.9480653
1767043704.948089 1767044035.3316286
1767044035.3316536 1767044434.426763
1767044434.426788 1767044741.8479548
1767044741.8479774 1767045017.138072
1767045017.1380951 1767045537.562594
1767045537.5626118 1767045966.7090685
1767045966.7090929 1767046354.5415344
1767046354.5415583 1767046692.1103184
1767046692.1103425 1767047179.0743265
1767047179.0743425 1767047589.4008539
1767047589.400877 1767047949.1033313
1767047949.1033554 1767048418.773574
1767048418.7735984 1767048591.4843695
1767048591.4843874 1767049025.3638995
1767049025.3639233 1767049514.0591512
1767049514.0591762 1767049797.6376915
1767049797.6377096 1767050156.085418
1767050156.0854404 1767050531.139253
1767050531.1392765 1767050981.7336125
1767050981.7336364 1767051319.0074277
1767051319.0074508 1767051600.719142
1767051600.7191658 1767051889.8213525
1767051889.8213737 1767052251.6508543
1767052251.6508784 1767052804.5830162
1767052804.58304 1767053166.2742486
1767053166.2742727 1767053493.4763346
1767053493.4763565 1767053989.6818554
1767053989.681879 1767054534.8307724
1767054534.830796 1767054809.7304118
1767054809.7304358 1767055341.0978281
