1767018899.5795536 1767019245.1224875
1767019245.1225307 1767019757.3842988
1767019757.3843257 1767020004.0350418
1767020004.0350673 1767020410.0652606
1767020410.0652869 1767020830.531928
1767020830.5319545 1767021173.5276065
1767021173.5276477 1767021627.9699633
1767021627.969987 1767022032.6727328
1767022032.672756 1767022225.6462383
1767022225.6462626 1767022596.8934336
1767022596.893458 1767023086.7898278
1767023086.7898514 1767023492.877862
1767023492.8778863 1767023937.765732
1767023937.765756 1767024257.2909927
1767024257.2910163 1767024642.974481
1767024642.9745038 1767025141.676957
1767025141.67698 1767025476.7315457
1767025476.7315705 1767025701.3725195
1767025701.3725388 1767026033.365843
1767026033.3658686 1767026460.3509734
1767026460.3509974 1767026666.5562372
1767026666.5562618 1767027112.6322184
1767027112.6322432 1767027493.0676076
1767027493.0676305 1767027746.3498695
1767027746.3498936 1767028009.7794511
1767028009.7794747 1767028442.519949
1767028442.5199718 1767029010.0032609
1767029010.0032861 1767029271.2067487
1767029271.2067726 1767029546.6487799
1767029546.6488044 1767029932.0994444
1767029932.0994663 1767030192.4993153
1767030192.499336 1767030486.3792403
1767030486.379264 1767031002.357561
1767031002.3575857 1767031337.3991609
1767031337.399185 1767031643.6395254
1767031643.6395476 1767032043.5894723
1767032043.5894957 1767032429.1744306
1767032429.1744556 1767032810.5236757
1767032810.5236993 1767033044.0902326
1767033044.09025 1767033397.3135462
1767033397.3135695 1767033648.814991
1767033648.815015 1767033974.3465912
1767033974.3466156 1767034277.5461204
1767034277.5461376 1767034671.807173
1767034671.807196 1767035096.649423
1767035096.6494422 1767035431.591383
1767035431.5914059 1767035816.4942243
1767035816.494244 1767036161.3138614
1767036161.313885 1767036390.4632094
1767036390.4632328 1767036837.1750815
1767036837.1751063 1767037179.5059211
1767037179.505944 1767037444.2044716
1767037444.2044952 1767037664.053445
1767037664.053465 1767037982.9017026
1767037982.9017265 1767038353.8444214
1767038353.8444526 1767038764.0648365
1767038764.0648594 1767039258.543036
1767039258.54306 1767039532.6222363
1767039532.6222594 1767039772.2419813
1767039772.2419984 1767040121.995191
1767040121.9952142 1767040420.2959368
1767040420.2959619 1767040851.7801707
1767040851.7801943 1767041117.269493
1767041117.2695155 1767041417.207483
1767041417.2075052 1767041761.7516608
1767041761.7516854 1767042278.9011326
1767042278.901155 1767042558.3227262
1767042558.3227496 1767042910.8134456
1767042910.81347 1767043462.2443695
1767043462.2443926 1767043724.5946326
1767043724.5946562 1767044082.0838687
1767044082.083894 1767044362.482729
1767044362.4827535 1767044757.972372
1767044757.9723952 1767045292.1858447
1767045292.1858695 1767045700.2081592
1767045700.2081835 1767045972.0168176
1767045972.0168345 1767046367.5334723
1767046367.5334964 1767046684.0288718
1767046684.0288963 1767047209.152481
1767047209.152504 1767047659.2764194
1767047659.2764442 1767047964.446669
1767047964.4466867 1767048290.7371714
1767048290.7371967 1767048590.622533
1767048590.6225574 1767049002.6794322
1767049002.6794558 1767049479.6096156
1767049479.6096394 1767049879.183281
1767049879.1833053 1767050257.4617457
1767050257.4617698 1767050655.1008193
1767050655.1008432 1767050993.1896026
1767050993.1896248 1767051322.2790787
1767051322.279098 1767051574.8019812
1767051574.8020058 1767051902.8687923
1767051902.8688135 1767052372.4231477
1767052372.4231715 1767052650.6596322
1767052650.6596513 1767053181.9458117
1767053181.945836 1767053625.3895786
1767053625.3896027 1767053863.7582078
1767053863.7582328 1767054446.8727624
1767054446.8727877 1767054873.2995112
1767054873.2995348 1767055280.2571115
