1764314092.8341334 1764314335.4237456
1764314335.423765 1764314462.4264011
1764314462.4264393 1764314718.774938
1764314718.7749913 1764314897.6662076
1764314897.6662254 1764314996.3819227
1764314996.3819463 1764315254.4862108
1764315254.486229 1764315611.389795
1764315611.3898184 1764315751.9989452
1764315751.998963 1764315977.832872
1764315977.8328946 1764316172.5346103
1764316172.534633 1764316382.1378355
1764316382.1378536 1764316557.8054423
1764316557.805467 1764316785.23826
1764316785.2382832 1764316955.1142693
1764316955.114288 1764317233.2414176
1764317233.24144 1764317457.803119
1764317457.8031414 1764317592.091959
1764317592.091977 1764317818.2888775
1764317818.2889023 1764318058.789831
1764318058.7898688 1764318425.570385
1764318425.5704021 1764318687.622259
1764318687.62229 1764318857.603289
1764318857.603308 1764319154.0292015
1764319154.0292242 1764319339.2045777
1764319339.2046013 1764319531.21955
1764319531.2195737 1764319646.0685246
1764319646.0685465 1764319852.3755949
1764319852.3756146 1764319983.387065
1764319983.387088 1764320151.0515914
1764320151.0516093 1764320424.9152985
1764320424.9153225 1764320600.1823347
1764320600.1823573 1764320740.9158654
1764320740.9158874 1764320970.1544795
1764320970.154501 1764321087.2739763
1764321087.2739947 1764321332.8538604
1764321332.8538854 1764321626.20137
1764321626.2013953 1764321877.9511368
1764321877.9511623 1764322053.7934654
1764322053.7934852 1764322286.7247286
1764322286.724754 1764322554.6534524
1764322554.6534824 1764322874.886333
1764322874.886358 1764323045.1411004
1764323045.1411202 1764323291.5220363
1764323291.5220616 1764323597.8953574
1764323597.895382 1764323796.1471057
1764323796.1471274 1764323899.0905452
1764323899.0905704 1764324077.5632498
1764324077.5632758 1764324199.6428957
1764324199.6429157 1764324375.5918744
1764324375.591903 1764324523.391943
1764324523.3919642 1764324672.5200353
1764324672.5200603 1764324809.8539698
1764324809.85399 1764324905.3840177
1764324905.384039 1764325079.6962492
1764325079.696275 1764325236.9657164
1764325236.9657352 1764325394.471482
1764325394.4715068 1764325575.0715961
1764325575.0716166 1764325738.032869
1764325738.0328894 1764325908.9058712
1764325908.9058971 1764326079.956531
1764326079.9565518 1764326350.9065382
1764326350.906562 1764326500.324578
1764326500.3246024 1764326606.0795572
1764326606.0795753 1764326774.2531538
1764326774.2531762 1764326915.6176922
1764326915.617714 1764327099.6394029
1764327099.6394238 1764327236.2354996
1764327236.2355232 1764327484.8256528
1764327484.8256764 1764327654.49683
1764327654.496856 1764327838.0890777
1764327838.0891016 1764328090.4512153
1764328090.4512408 1764328219.0787432
1764328219.0787628 1764328440.4126334
1764328440.4126592 1764328617.0926898
1764328617.0927117 1764328749.3802364
1764328749.3802598 1764328982.0503874
1764328982.0504115 1764329121.7896311
1764329121.7896512 1764329339.6306603
1764329339.6306841 1764329546.5565104
1764329546.5565338 1764329707.1259472
1764329707.1259825 1764329951.7132478
1764329951.7132719 1764330137.125976
1764330137.1259978 1764330341.117189
1764330341.117214 1764330521.4514873
1764330521.4515111 1764330661.391274
1764330661.391292 1764330828.1538384
1764330828.1538637 1764331030.2949543
1764331030.2949739 1764331248.2355802
1764331248.2356045 1764331428.0442178
1764331428.0442524 1764331503.2533722
1764331503.253397 1764331856.3739877
1764331856.3740084 1764332063.6402998
1764332063.6403234 1764332320.3464203
1764332320.3464446 1764332420.1841233
1764332420.184148 1764332651.5977733
1764332651.597797 1764332786.8350644
1764332786.8350844 1764333019.74206
1764333019.742083 1764333225.8980532
1764333225.8980753 1764333368.602135
1764333368.6021574 1764333548.533837
