1764314103.1096015 1764314330.9659438
1764314330.965961 1764314472.1209788
1764314472.1210105 1764314742.4810946
1764314742.481116 1764314894.9285731
1764314894.9285922 1764315096.741124
1764315096.7411456 1764315258.4506857
1764315258.450703 1764315520.7728143
1764315520.7728362 1764315825.019483
1764315825.0195048 1764315954.4943733
1764315954.494391 1764316174.993491
1764316174.993512 1764316369.7319388
1764316369.731959 1764316605.4322264
1764316605.4322464 1764316722.8730285
1764316722.8730466 1764317027.3248675
1764317027.3248885 1764317199.240573
1764317199.2405946 1764317481.1039498
1764317481.1039712 1764317688.5289807
1764317688.5290027 1764317909.0835536
1764317909.0835743 1764318062.7625093
1764318062.762528 1764318324.0844655
1764318324.0844858 1764318676.6979384
1764318676.6979563 1764318892.2505524
1764318892.2505727 1764319135.1501155
1764319135.1501331 1764319371.9974692
1764319371.9974906 1764319549.035589
1764319549.0356064 1764319698.3515491
1764319698.3515708 1764319863.5977182
1764319863.5977385 1764319991.6200802
1764319991.620098 1764320145.267167
1764320145.2671885 1764320336.7885332
1764320336.788551 1764320521.7824018
1764320521.7824223 1764320704.7042818
1764320704.7043 1764320929.7798185
1764320929.7798407 1764321161.6974475
1764321161.6974688 1764321375.9601374
1764321375.9601593 1764321524.1862164
1764321524.1862333 1764321752.7629588
1764321752.7629797 1764322016.0075881
1764322016.0076063 1764322388.5630295
1764322388.563052 1764322615.521303
1764322615.5213258 1764322906.283912
1764322906.2839365 1764323044.6439881
1764323044.6440098 1764323261.1614456
1764323261.161464 1764323569.2514882
1764323569.2515106 1764323772.449058
1764323772.4490802 1764323910.1646867
1764323910.1647089 1764324047.8140213
1764324047.8140395 1764324155.677633
1764324155.677651 1764324356.993845
1764324356.9938672 1764324520.0424943
1764324520.0425117 1764324671.124772
1764324671.1247933 1764324806.24416
1764324806.2441785 1764324945.3162673
1764324945.3162854 1764325125.6277215
1764325125.6277425 1764325232.9539435
1764325232.9539645 1764325402.8168616
1764325402.8168807 1764325567.1509993
1764325567.1510212 1764325728.4789383
1764325728.478955 1764325954.6233966
1764325954.6234186 1764326079.4829378
1764326079.4829552 1764326308.4038084
1764326308.4038293 1764326487.1686637
1764326487.1686816 1764326630.1697855
1764326630.1698074 1764326755.9128933
1764326755.9129176 1764326826.0010056
1764326826.0010233 1764327036.5623355
1764327036.562358 1764327246.8460853
1764327246.8461046 1764327488.5492501
1764327488.5492728 1764327664.6035638
1764327664.6035843 1764327760.123689
1764327760.1237106 1764327973.9241047
1764327973.9241223 1764328162.6006062
1764328162.600625 1764328346.8408434
1764328346.8408659 1764328537.4793675
1764328537.4793859 1764328773.584196
1764328773.584219 1764328978.7815375
1764328978.781569 1764329140.647669
1764329140.6476905 1764329382.6507509
1764329382.6507738 1764329490.852673
1764329490.8526917 1764329687.1893866
1764329687.1894095 1764329979.7911952
1764329979.7912147 1764330152.991239
1764330152.991261 1764330292.5376313
1764330292.537654 1764330496.308557
1764330496.308576 1764330700.6036174
1764330700.6036391 1764330833.0670228
1764330833.067045 1764331029.889916
1764331029.8899353 1764331243.21451
1764331243.2145326 1764331390.219577
1764331390.2195964 1764331569.036484
1764331569.0365078 1764331845.9999597
1764331845.999979 1764332058.0426044
1764332058.0426345 1764332291.5682535
1764332291.5682755 1764332509.560482
1764332509.5605035 1764332649.4316735
1764332649.431693 1764332867.1255147
1764332867.125538 1764333024.324853
1764333024.3248708 1764333225.9208374
1764333225.9208593 1764333376.7343442
1764333376.734367 1764333537.5223799
