1754964353.987548 1754964382.4583802
1754964382.4584072 1754964414.505614
1754964414.505635 1754964440.280743
1754964440.2807875 1754964465.4624135
1754964465.4624362 1754964492.91183
1754964492.9118633 1754964522.1253936
1754964522.125419 1754964550.5625033
1754964550.5625324 1754964573.4591188
1754964573.4591453 1754964607.4057462
1754964607.405769 1754964634.8321717
1754964634.8321927 1754964671.824408
1754964671.8244503 1754964695.929093
1754964695.9291136 1754964729.5609121
1754964729.5609434 1754964760.8924441
1754964760.8924696 1754964793.3607595
1754964793.3607807 1754964819.982457
1754964819.982483 1754964852.4923317
1754964852.4923565 1754964881.7317758
1754964881.7317994 1754964907.0972967
1754964907.0973232 1754964943.0043721
1754964943.0043993 1754964967.6704562
1754964967.6704845 1754964990.0930305
1754964990.093063 1754965027.7274802
1754965027.7275052 1754965064.9737291
1754965064.9737523 1754965091.2699368
1754965091.2699618 1754965133.5162425
1754965133.5162668 1754965155.0807683
1754965155.0808098 1754965176.2509933
1754965176.2510118 1754965205.6905262
1754965205.6905491 1754965242.7204533
1754965242.720484 1754965269.6419132
1754965269.6419394 1754965303.2001085
1754965303.200143 1754965330.591082
1754965330.5911086 1754965368.346748
1754965368.3467724 1754965395.2089138
1754965395.2089357 1754965422.798017
1754965422.7980375 1754965456.8002508
1754965456.800277 1754965493.9066179
1754965493.9066358 1754965529.877342
1754965529.87737 1754965551.681389
1754965551.6814117 1754965579.4883404
1754965579.4883678 1754965611.2334502
1754965611.2334716 1754965636.54944
1754965636.5494628 1754965685.6826577
1754965685.6826801 1754965725.584441
1754965725.5844688 1754965758.5871565
1754965758.587182 1754965785.8513086
1754965785.8513308 1754965815.49329
1754965815.4933236 1754965843.7043664
1754965843.7043872 1754965875.0311353
1754965875.031157 1754965914.5492272
1754965914.549248 1754965944.3424635
1754965944.3424907 1754965976.1635551
1754965976.1636093 1754966003.7527254
1754966003.75275 1754966041.9894512
1754966041.9894726 1754966069.461856
1754966069.461882 1754966097.717516
1754966097.717545 1754966133.628672
1754966133.628693 1754966163.274549
1754966163.2745748 1754966188.9044654
1754966188.904489 1754966211.6384504
1754966211.6384778 1754966234.8858187
1754966234.885842 1754966271.0405853
1754966271.0406048 1754966303.6385303
1754966303.638555 1754966328.5458531
1754966328.5458782 1754966365.6567943
1754966365.6568322 1754966398.060549
1754966398.0605721 1754966420.7017186
1754966420.7017434 1754966457.8442209
1754966457.8442416 1754966480.0348
1754966480.0348237 1754966521.4988656
1754966521.498887 1754966544.3195746
1754966544.3196335 1754966580.4316888
1754966580.4317179 1754966608.0808628
1754966608.0808818 1754966644.4932437
1754966644.4932697 1754966680.936287
1754966680.9363134 1754966712.6526637
1754966712.6526902 1754966738.3260796
1754966738.3261068 1754966776.6332216
1754966776.633246 1754966804.478211
1754966804.478241 1754966826.7220774
1754966826.7221029 1754966849.647428
1754966849.6474519 1754966878.9274826
1754966878.9275038 1754966903.76606
1754966903.7660847 1754966932.9280393
1754966932.9280617 1754966964.977748
1754966964.977772 1754967003.14677
1754967003.1467974 1754967024.7310212
1754967024.7310457 1754967051.3274503
1754967051.3274736 1754967096.4226346
1754967096.4226553 1754967110.945404
1754967110.9454281 1754967142.1679797
1754967142.1679993 1754967187.609118
1754967187.6091442 1754967215.4546835
1754967215.4547102 1754967245.757404
1754967245.757429 1754967273.2171783
1754967273.2172008 1754967302.292052
1754967302.2920802 1754967337.3877563
1754967337.387781 1754967366.151351
1754967366.1513748 1754967386.8211205
