1754964353.5296843 1754964377.8260856
1754964377.8261054 1754964411.741885
1754964411.7419238 1754964441.4136992
1754964441.4137213 1754964466.9591584
1754964466.959184 1754964500.497981
1754964500.498003 1754964523.764901
1754964523.7649236 1754964552.7968209
1754964552.7968547 1754964579.657282
1754964579.6573079 1754964613.001968
1754964613.001987 1754964636.0088813
1754964636.0089152 1754964669.5040283
1754964669.5040517 1754964700.1628108
1754964700.1628442 1754964731.5156858
1754964731.5157084 1754964761.1871426
1754964761.187163 1754964796.5934205
1754964796.5934427 1754964818.1298478
1754964818.1298668 1754964854.2937202
1754964854.293745 1754964877.847
1754964877.8470232 1754964910.80682
1754964910.8068447 1754964942.5901015
1754964942.5901284 1754964965.541005
1754964965.5410235 1754964984.607939
1754964984.60796 1754965027.0479152
1754965027.0479403 1754965055.3765936
1754965055.3766153 1754965089.3990295
1754965089.3990479 1754965130.1565955
1754965130.1566257 1754965155.3948767
1754965155.3949027 1754965183.113291
1754965183.113315 1754965215.1350248
1754965215.135047 1754965237.6427376
1754965237.642755 1754965274.274215
1754965274.2742398 1754965303.3315163
1754965303.3315377 1754965333.4362009
1754965333.436228 1754965359.9843836
1754965359.984403 1754965394.231128
1754965394.231153 1754965419.4378388
1754965419.4378579 1754965464.2828143
1754965464.282844 1754965493.2131252
1754965493.2131505 1754965524.702108
1754965524.7021263 1754965553.710642
1754965553.7106655 1754965582.9836366
1754965582.9836638 1754965611.107368
1754965611.1073875 1754965651.3492987
1754965651.3493423 1754965688.4777703
1754965688.477794 1754965724.695303
1754965724.6953287 1754965754.0360007
1754965754.0360208 1754965785.5604024
1754965785.560427 1754965811.6855032
1754965811.685528 1754965837.4104087
1754965837.4104288 1754965882.2204387
1754965882.220465 1754965911.7991889
1754965911.7992175 1754965948.3895407
1754965948.3895652 1754965976.4805725
1754965976.4805958 1754965995.1748362
1754965995.1748588 1754966043.892268
1754966043.8922915 1754966068.27899
1754966068.2790325 1754966090.0149925
1754966090.015012 1754966131.338909
1754966131.338934 1754966158.7625349
1754966158.762565 1754966192.1547308
1754966192.1547532 1754966204.4620278
1754966204.462049 1754966243.545513
1754966243.5455344 1754966271.95621
1754966271.9562285 1754966297.1755366
1754966297.1755607 1754966322.5373323
1754966322.5373547 1754966365.6413803
1754966365.6414077 1754966401.2612152
1754966401.2612348 1754966428.0262249
1754966428.0262496 1754966455.2545643
1754966455.2545927 1754966484.271462
1754966484.2714906 1754966517.8063655
1754966517.806392 1754966549.1502602
1754966549.1502798 1754966582.739453
1754966582.7394783 1754966614.138036
1754966614.138059 1754966642.786909
1754966642.7869313 1754966683.1900616
1754966683.1900861 1754966714.5701532
1754966714.5701785 1754966736.1065009
1754966736.1065226 1754966774.852787
1754966774.8528094 1754966807.4345868
1754966807.4346092 1754966832.78746
1754966832.7874813 1754966851.3650146
1754966851.3650408 1754966880.11658
1754966880.1166024 1754966903.9606037
1754966903.9606292 1754966932.737626
1754966932.7376451 1754966968.0382025
1754966968.0382235 1754966998.1251407
1754966998.125168 1754967036.6671138
1754967036.6671395 1754967049.5268767
1754967049.5268958 1754967090.620776
1754967090.6208038 1754967120.267173
1754967120.2672331 1754967152.574874
1754967152.574892 1754967183.518184
1754967183.5182133 1754967212.7901235
1754967212.7901444 1754967243.3762574
1754967243.3762887 1754967277.1058106
1754967277.105832 1754967307.696744
1754967307.6967742 1754967334.0519228
1754967334.0519593 1754967369.0528677
1754967369.0528934 1754967388.6704123
