104.23830032348633
85.14087986946106
87.75180268287659
85.86319494247437
92.39719557762146
94.60663843154907
87.15794920921326
93.55953168869019
87.12959098815918
90.55272769927979
124.74140810966492
131.2804136276245
125.10542321205139
100.21274399757385
163.5926067829132
128.68107891082764
169.84751296043396
118.39492607116699
101.35696530342102
84.78202152252197
97.4675498008728
99.42870163917542
91.39060592651367
86.60430979728699
111.5345504283905
156.28691792488098
163.66176199913025
158.02719640731812
135.2462294101715
139.158438205719
178.92020344734192
152.48584246635437
135.37972116470337
105.36889863014221
69.56205582618713
73.67410778999329
190.22418594360352
132.2261791229248
104.49285101890564
135.50484704971313
107.1748251914978
95.51148104667664
91.66338658332825
91.21810150146484
102.20604634284973
97.67572379112244
94.42622923851013
87.30831122398376
112.55918383598328
106.26757311820984
102.41172790527344
93.17999219894409
134.44793367385864
144.62568283081055
113.36217308044434
145.64450001716614
168.02715611457825
112.19667530059814
102.33659958839417
113.03747057914734
82.09044027328491
160.62130856513977
119.83638644218445
142.19529390335083
105.00321173667908
95.04337763786316
94.80848956108093
118.03100848197937
122.59220290184021
116.36957693099976
112.0566565990448
111.43818926811218
103.01588129997253
92.71247005462646
123.55645442008972
99.00636029243469
115.94123649597168
110.9286904335022
125.63618016242981
105.5531415939331
106.47979354858398
98.43362498283386
125.8485586643219
107.03624701499939
98.22842383384705
92.50069260597229
163.94347548484802
112.68270206451416
117.86032581329346
131.77183651924133
113.7030246257782
74.74918937683105
143.48963046073914
120.029048204422
127.63489699363708
140.88097310066223
120.37409329414368
111.80779385566711
107.52703380584717
130.26362490653992
12179.976054668427
