1762778846.361902 1762778960.1359806
1762778967.1396246 1762779032.9055638
1762779033.9066713 1762779111.7618024
1762779116.763636 1762779204.4723635
1762779204.4724588 1762779345.3681958
1762779345.3684912 1762779431.9493268
1762779440.9556231 1762779541.4869752
1762779547.4916027 1762779629.061795
1762779639.07161 1762779723.8308158
1762779732.8399506 1762779813.8343565
1762779813.8344953 1762779938.7969866
1762779938.797123 1762780100.160151
1762780101.161383 1762780204.9398355
1762780205.941013 1762780323.9323773
1762780323.932531 1762780517.7785518
1762780522.783677 1762780645.481761
1762780646.4829457 1762780790.8315582
1762780792.833774 1762780918.2922702
1762780927.299659 1762781037.056587
1762781046.0612535 1762781136.3377619
1762781145.3436172 1762781242.685754
1762781247.6883123 1762781345.3629591
1762781350.368133 1762781455.3212686
1762781457.323386 1762781548.2482193
1762781548.2483628 1762781640.4581332
1762781642.4596722 1762781819.0097804
1762781825.0156426 1762782008.844588
1762782010.8467925 1762782139.1562088
1762782142.1594002 1762782314.442253
1762782318.4436162 1762782463.9605808
1762782473.9676023 1762782628.2386382
1762782633.2436676 1762782747.7961705
1762782753.8023655 1762782893.6792443
1762782894.6796668 1762783021.9465904
1762783026.951621 1762783130.5474882
1762783137.55167 1762783207.417909
1762783214.4236283 1762783419.5340762
1762783420.5353065 1762783560.4707317
1762783560.4708555 1762783655.0114195
1762783661.0176466 1762783799.2634008
1762783809.2716944 1762783936.144572
1762783941.1476717 1762784028.6862886
1762784034.6916268 1762784124.1697419
1762784128.1716275 1762784210.2449136
1762784214.2476768 1762784331.364447
1762784334.3676107 1762784415.1403422
1762784420.1436236 1762784542.5232255
1762784552.5334506 1762784639.4375103
1762784644.439623 1762784701.7351944
1762784710.7436693 1762784867.4701731
1762784869.4716175 1762784970.3294482
1762784976.3356683 1762785060.8555703
1762785060.8556952 1762785187.262109
1762785192.2636552 1762785356.965049
1762785358.9672709 1762785475.0771446
1762785484.08636 1762785567.5882514
1762785577.5956142 1762785766.2365804
1762785773.2436845 1762785909.8054008
1762785915.8103747 1762786009.9011366
1762786019.9034662 1762786135.848052
1762786145.858216 1762786221.1631193
1762786222.1636515 1762786395.8974824
1762786403.9036603 1762786537.339345
1762786541.3396783 1762786649.4512827
1762786655.455667 1762786771.9232476
1762786774.9241996 1762786885.236459
1762786886.2376118 1762786978.9627643
1762786981.9659472 1762787134.602119
1762787135.6032858 1762787213.6805005
1762787221.6829486 1762787359.3557806
1762787366.359619 1762787486.0997145
1762787495.107671 1762787554.3351648
1762787559.3396144 1762787734.2585094
1762787736.2607298 1762787835.5183995
1762787840.5235894 1762787938.7449179
1762787939.746042 1762788076.8219023
1762788080.8241537 1762788183.0151913
1762788188.0195992 1762788267.778003
1762788277.7876134 1762788452.7752063
1762788458.7796707 1762788539.6630778
1762788549.6716166 1762788659.1007824
1762788666.1076155 1762788767.6635096
1762788767.663664 1762788884.9182224
1762788894.9276247 1762789014.8227012
1762789020.82371 1762789099.119549
1762789103.1236687 1762789219.4530137
1762789225.4556096 1762789404.1473682
1762789404.1474884 1762789478.3757513
1762789487.383667 1762789584.2990482
1762789592.3072813 1762789735.5289445
1762789741.535115 1762789876.531374
1762789885.5366504 1762789958.1400769
1762789968.1476514 1762790121.6832397
1762790121.6833594 1762790220.5294898
1762790220.529605 1762790383.6841125
1762790389.6876245 1762790495.0315404
1762790499.0356154 1762790621.0910828
1762790623.091638 1762790748.6771324
1762790756.683598 1762790886.4326665
1762790891.4356554 1762790983.854921
