1762778850.5174067 1762778969.1224494
1762778970.1236737 1762779043.6151042
1762779052.6242704 1762779128.452806
1762779135.459953 1762779235.4910154
1762779245.4956896 1762779353.2488008
1762779353.2488883 1762779439.7906187
1762779448.799811 1762779524.6387699
1762779528.6429446 1762779649.8345325
1762779656.8396778 1762779742.575101
1762779747.5802927 1762779815.9092267
1762779817.911404 1762779956.013341
1762779963.0196893 1762780073.204868
1762780073.204976 1762780234.18416
1762780243.19168 1762780294.601939
1762780299.6036253 1762780481.3291516
1762780484.331625 1762780647.388285
1762780651.3916109 1762780819.7373848
1762780826.744612 1762780949.456088
1762780951.458273 1762781013.6975565
1762781020.7047582 1762781159.1945748
1762781163.195675 1762781245.8218539
1762781250.8236756 1762781347.6634495
1762781349.663954 1762781451.5036714
1762781456.5088904 1762781553.9694595
1762781557.9737375 1762781671.5371933
1762781681.5473924 1762781833.5798254
1762781837.5836196 1762781995.7182307
1762781996.7194142 1762782150.629787
1762782150.629915 1762782323.8416417
1762782327.8458636 1762782419.5808702
1762782426.588014 1762782642.0545692
1762782646.0556772 1762782793.8917046
1762782795.893937 1762782923.7225657
1762782923.7226999 1762783036.9435308
1762783042.9476306 1762783125.512485
1762783131.5156665 1762783217.1605444
1762783225.168717 1762783387.527918
1762783394.5316646 1762783561.96456
1762783565.9687543 1762783656.8577216
1762783657.8588643 1762783769.2553341
1762783777.2635493 1762783925.2172916
1762783925.217425 1762784001.9125984
1762784003.9147482 1762784118.0603561
1762784125.065603 1762784217.812161
1762784225.8196127 1762784319.3894572
1762784323.3936834 1762784442.9772716
1762784443.9779217 1762784529.4010494
1762784530.4021726 1762784641.3786519
1762784651.388907 1762784715.926545
1762784715.92668 1762784851.483746
1762784861.4916222 1762784970.5829322
1762784977.5901253 1762785021.9417067
1762785027.947675 1762785141.873746
1762785141.8738422 1762785344.439973
1762785348.4436133 1762785457.763508
1762785467.773703 1762785635.491046
1762785645.5012228 1762785779.7219338
1762785788.7276123 1762785903.671934
1762785903.672035 1762786027.8618596
1762786036.871142 1762786144.2503912
1762786153.255606 1762786236.0212264
1762786242.0274916 1762786355.6495748
1762786358.652788 1762786527.6690044
1762786530.6716137 1762786685.8300273
1762786689.8342557 1762786774.874243
1762786778.878449 1762786901.7739422
1762786911.7840333 1762786985.4848208
1762786993.49163 1762787116.43983
1762787126.4476771 1762787231.4551272
1762787235.455613 1762787367.9729776
1762787371.9756668 1762787490.6529205
1762787499.6596737 1762787600.586698
1762787601.5876234 1762787704.8244333
1762787714.8316367 1762787839.2695487
1762787841.2716663 1762787950.3984156
1762787950.398561 1762788048.392437
1762788056.400623 1762788170.4455478
1762788177.4516687 1762788291.2793443
1762788297.2836235 1762788454.3215098
1762788454.3216474 1762788533.808618
1762788537.8127549 1762788666.167951
1762788667.1691387 1762788771.1331806
1762788776.1379478 1762788901.130756
1762788901.1308572 1762789026.1735678
1762789035.179716 1762789132.2876432
1762789137.2916486 1762789217.8696241
1762789221.8716393 1762789346.801022
1762789348.803186 1762789497.9676008
1762789507.9778543 1762789638.0553708
1762789639.055623 1762789765.9877226
1762789774.9969506 1762789882.2121263
1762789892.2196357 1762789969.0546541
1762789977.0596764 1762790088.9306662
1762790097.939612 1762790242.9644213
1762790245.9676843 1762790356.0793939
1762790356.0795066 1762790498.7062879
1762790505.713517 1762790626.1942334
1762790633.1996799 1762790766.6202133
1762790768.622426 1762790880.3053944
1762790880.3055158 1762791002.1948202
