1756806612.9616482 1756806650.5542767
1756806650.5543036 1756806679.631011
1756806679.6310306 1756806707.2088919
1756806707.208918 1756806736.9392183
1756806736.939247 1756806760.0858862
1756806760.0859067 1756806785.961696
1756806785.9617262 1756806809.7089188
1756806809.7089581 1756806836.4177651
1756806836.4177876 1756806861.1110096
1756806861.1110368 1756806881.227375
1756806881.227398 1756806917.6724374
1756806917.6724582 1756806943.0340521
1756806943.034081 1756806970.7858393
1756806970.7858655 1756807000.5186617
1756807000.5186913 1756807028.3516505
1756807028.3516765 1756807055.752613
1756807055.752641 1756807081.5768375
1756807081.576865 1756807109.4107122
1756807109.4107313 1756807134.9064043
1756807134.90643 1756807163.5641134
1756807163.5641398 1756807194.6589258
1756807194.6589508 1756807222.3719213
1756807222.371947 1756807256.591352
1756807256.5913854 1756807282.2170765
1756807282.217105 1756807308.9980564
1756807308.9980783 1756807331.880638
1756807331.8806565 1756807368.075863
1756807368.0758886 1756807393.5729208
1756807393.572953 1756807419.2140958
1756807419.2141185 1756807448.5202637
1756807448.520289 1756807477.0182776
1756807477.0183036 1756807510.9154224
1756807510.915443 1756807533.136696
1756807533.1367238 1756807557.9828196
1756807557.9828496 1756807586.2641237
1756807586.2641492 1756807618.189419
1756807618.1894393 1756807645.6497788
1756807645.6498098 1756807671.2790217
1756807671.2790456 1756807703.1578426
1756807703.1578662 1756807722.5932682
1756807722.5932913 1756807753.3126047
1756807753.3126254 1756807779.302105
1756807779.3021293 1756807806.0425231
1756807806.0425434 1756807833.046788
1756807833.0468218 1756807855.759251
1756807855.75927 1756807883.7110376
1756807883.7110646 1756807912.4019606
1756807912.4019835 1756807934.3072643
1756807934.3072872 1756807961.442163
1756807961.4421854 1756807985.9583168
1756807985.9583411 1756808017.5836809
1756808017.58371 1756808037.6322868
1756808037.6323085 1756808066.8308437
1756808066.8308744 1756808092.9027648
1756808092.9027815 1756808125.8608687
1756808125.860894 1756808153.1385152
1756808153.1385355 1756808186.7814658
1756808186.781495 1756808216.4641058
1756808216.4641287 1756808245.459805
1756808245.4598255 1756808270.8156204
1756808270.815648 1756808300.66678
1756808300.6668065 1756808328.0455303
1756808328.0455546 1756808352.5481992
1756808352.548231 1756808380.255786
1756808380.2558072 1756808406.210856
1756808406.2108793 1756808426.8345034
1756808426.8345273 1756808447.6167426
1756808447.6167614 1756808482.929159
1756808482.9291878 1756808522.676803
1756808522.6768398 1756808538.9393907
1756808538.9394176 1756808563.8617072
1756808563.8617249 1756808589.7644792
1756808589.7645097 1756808617.0448096
1756808617.044848 1756808641.511867
1756808641.5118945 1756808673.7801075
1756808673.780129 1756808700.9774902
1756808700.9775262 1756808728.8960946
1756808728.896125 1756808755.893468
1756808755.8934987 1756808786.4848318
1756808786.484848 1756808817.2269928
1756808817.2270188 1756808835.8077128
1756808835.8077314 1756808869.6318133
1756808869.63184 1756808898.5479226
1756808898.5479472 1756808916.6098044
1756808916.6098309 1756808951.0701993
1756808951.070218 1756808968.7968297
1756808968.7968762 1756808997.7913902
1756808997.7914197 1756809018.5325491
1756809018.5325735 1756809046.445643
1756809046.4456604 1756809076.2784705
1756809076.2785017 1756809103.3965337
1756809103.396566 1756809126.6047893
1756809126.6048129 1756809156.5565732
1756809156.5566 1756809189.3833356
1756809189.38336 1756809215.7714672
1756809215.771493 1756809248.596409
1756809248.5964367 1756809270.7204456
1756809270.7204695 1756809311.3382595
1756809311.3382823 1756809329.9290102
1756809329.9290342 1756809360.5719895
