1764775407.7793167 1764775449.5268068
1764775449.526885 1764775495.7970362
1764775496.798163 1764775541.4238577
1764775541.423886 1764775581.8013225
1764775591.8114688 1764775623.1845853
1764775631.190961 1764775665.9896672
1764775674.9949274 1764775705.8047717
1764775710.809846 1764775744.0310915
1764775748.0348933 1764775782.7128408
1764775783.7138975 1764775822.4513109
1764775826.451897 1764775859.92695
1764775867.9350429 1764775912.6051838
1764775919.6055064 1764775958.2509375
1764775960.2530165 1764776000.3602333
1764776005.3635602 1764776038.4214773
1764776039.4219286 1764776072.0877607
1764776075.088296 1764776105.4024463
1764776111.4085143 1764776135.966109
1764776138.9691908 1764776170.970033
1764776177.9748783 1764776203.5037181
1764776209.5069497 1764776258.0201511
1764776261.0228777 1764776305.3434718
1764776312.3505425 1764776356.1941202
1764776362.1978965 1764776392.355789
1764776398.3589368 1764776429.3075337
1764776436.3146076 1764776466.518784
1764776467.5198543 1764776501.8591468
1764776508.862929 1764776541.2974832
1764776546.301824 1764776581.8057675
1764776589.809681 1764776620.3005338
1764776626.3007598 1764776665.4256973
1764776670.4307675 1764776697.864971
1764776703.8709016 1764776744.0077956
1764776753.016553 1764776787.2301505
1764776788.2308872 1764776830.3399868
1764776836.3404388 1764776874.6491594
1764776877.6522353 1764776917.8968
1764776917.8968296 1764776970.0189562
1764776973.0220087 1764777016.521216
1764777019.5242891 1764777057.6805446
1764777066.686881 1764777105.2179124
1764777106.2187452 1764777150.7804155
1764777155.780941 1764777192.6322627
1764777199.6388898 1764777241.393293
1764777245.394881 1764777293.0151918
1764777300.0179121 1764777328.7183383
1764777335.7229283 1764777361.8499043
1764777364.8529797 1764777395.7516856
1764777398.7548096 1764777428.247815
1764777435.2549775 1764777469.129039
1764777478.134984 1764777504.5527637
1764777509.5578387 1764777542.7000923
1764777546.7028792 1764777583.3215263
1764777593.3268926 1764777617.344297
1764777622.3493679 1764777656.8605924
1764777662.8628912 1764777688.2315574
1764777692.2356267 1764777728.7157102
1764777731.7163618 1764777769.285019
1764777773.2890494 1764777811.8597522
1764777815.8629293 1764777852.6339478
1764777861.6349087 1764777893.6636226
1764777898.6668916 1764777929.771715
1764777929.77174 1764777958.2219186
1764777967.2236116 1764777999.6408486
1764778003.6428728 1764778034.8208506
1764778035.8219225 1764778077.7065778
1764778084.706715 1764778117.254164
1764778123.2589693 1764778157.6965227
1764778167.706608 1764778188.1251397
1764778189.1262248 1764778221.3473868
1764778227.3535414 1764778256.8518646
1764778261.856922 1764778292.7726877
1764778299.7795186 1764778340.1767488
1764778346.1828125 1764778392.8944602
1764778397.8991463 1764778433.72799
1764778439.7309353 1764778488.5194023
1764778492.5229516 1764778529.2690783
1764778533.2711456 1764778580.376764
1764778580.3767974 1764778630.8496983
1764778639.8548856 1764778666.5862677
1764778675.587328 1764778718.0766394
1764778727.0857208 1764778750.0245266
1764778757.0316455 1764778784.234642
1764778794.2448194 1764778814.080767
1764778824.090782 1764778854.4691634
1764778860.4696074 1764778907.894535
1764778914.9016054 1764778951.3107727
1764778955.3148546 1764778983.0087943
1764778987.0110123 1764779033.5896032
1764779035.5916765 1764779082.054847
1764779091.0634406 1764779125.9596922
1764779134.966919 1764779172.9457965
1764779182.9559085 1764779215.377503
1764779217.3795698 1764779248.6487243
1764779250.650811 1764779271.3483243
1764779280.3554366 1764779311.3864062
1764779313.3870971 1764779343.544797
1764779353.5548685 1764779374.4973695
1764779384.5074391 1764779416.2035983
1764779421.2068844 1764779466.789237
