1764775417.035975 1764775456.8209894
1764775464.8241065 1764775500.678143
1764775508.6862085 1764775547.789149
1764775553.7949243 1764775588.5215356
1764775589.5225952 1764775629.4151742
1764775631.417325 1764775671.5134788
1764775681.5229032 1764775713.8559635
1764775715.8564157 1764775751.2530696
1764775753.2548926 1764775789.1873343
1764775799.1974175 1764775828.3653586
1764775832.3669033 1764775858.3567755
1764775861.359898 1764775921.9796712
1764775928.9868102 1764775963.959806
1764775963.9598284 1764776000.435004
1764776008.4428842 1764776043.1226196
1764776050.1228917 1764776078.2557814
1764776084.259952 1764776110.6609192
1764776114.66499 1764776144.3807514
1764776154.3836014 1764776172.777863
1764776178.782885 1764776209.6185997
1764776218.6276817 1764776262.3843327
1764776266.387019 1764776314.3308208
1764776315.3313122 1764776359.476708
1764776359.47674 1764776397.9858518
1764776401.9868884 1764776433.232436
1764776440.2395856 1764776469.9349692
1764776472.9352043 1764776507.2059667
1764776516.2150438 1764776546.335278
1764776548.3373523 1764776585.305975
1764776586.307044 1764776625.9755056
1764776632.982626 1764776660.8679895
1764776661.8690634 1764776705.8563385
1764776712.8634274 1764776748.101873
1764776756.1068792 1764776789.4525158
1764776790.4532914 1764776834.6375222
1764776835.6386302 1764776882.9339643
1764776884.936041 1764776923.2163074
1764776925.21838 1764776975.8128905
1764776985.822908 1764777021.755841
1764777031.762948 1764777060.1704745
1764777065.174883 1764777110.1196053
1764777115.124686 1764777156.1047482
1764777160.1068833 1764777195.0299075
1764777200.0349832 1764777242.878437
1764777250.8865151 1764777296.2445867
1764777297.2447517 1764777332.51471
1764777338.5208468 1764777368.4110694
1764777368.4110947 1764777400.6114652
1764777401.6125333 1764777435.1209455
1764777442.1268888 1764777472.4934056
1764777473.4941442 1764777511.7922285
1764777521.7960787 1764777544.8699617
1764777554.8788874 1764777582.2831874
1764777587.287208 1764777622.5111718
1764777631.5202787 1764777662.357474
1764777665.3605585 1764777697.0610967
1764777704.0681612 1764777735.0836508
1764777741.089723 1764777777.4897134
1764777779.4908836 1764777818.7080743
1764777825.7151358 1764777857.6220496
1764777865.626884 1764777897.2983472
1764777897.2983794 1764777934.2190955
1764777937.2221627 1764777964.617914
1764777967.6188745 1764778002.2517712
1764778002.2517943 1764778036.2165775
1764778040.2206566 1764778081.525073
1764778083.526886 1764778119.3864253
1764778119.3864532 1764778159.5716486
1764778164.576723 1764778189.371791
1764778197.3737504 1764778222.6095436
1764778224.610287 1764778257.933873
1764778257.9339037 1764778294.2900915
1764778303.2905455 1764778343.3050916
1764778345.3071766 1764778392.9793375
1764778400.9874115 1764778439.7587342
1764778440.759805 1764778490.557353
1764778491.5584195 1764778532.503235
1764778538.5093 1764778583.1234827
1764778588.1268866 1764778632.8768063
1764778641.885869 1764778665.6848993
1764778670.689982 1764778719.5686092
1764778725.574518 1764778751.199824
1764778760.2002735 1764778783.0311732
1764778789.034888 1764778812.8683152
1764778820.876391 1764778856.8822534
1764778865.890883 1764778906.7636073
1764778909.7666728 1764778952.079611
1764778956.07999 1764778987.4772983
1764778996.4863753 1764779036.156853
1764779046.161989 1764779081.5486996
1764779082.5497758 1764779131.5117817
1764779138.5155861 1764779178.0449648
1764779184.0508962 1764779215.3813424
1764779215.3813727 1764779247.3040345
1764779252.309091 1764779278.3393707
1764779285.34289 1764779312.0904057
1764779313.0914702 1764779341.083767
1764779349.0918686 1764779372.6095858
1764779380.6149075 1764779417.7945828
1764779417.7946222 1764779467.4358952
