1764775413.104873 1764775453.2277603
1764775455.2299054 1764775497.2233024
1764775506.230899 1764775544.2189481
1764775546.2210479 1764775584.5137832
1764775594.5228963 1764775625.2724218
1764775632.2794993 1764775668.4641294
1764775671.4645703 1764775710.871136
1764775710.8711581 1764775748.507926
1764775750.5100038 1764775785.6881394
1764775791.6909392 1764775826.926949
1764775831.9320414 1764775865.2660747
1764775867.2681522 1764775917.2068202
1764775917.2068515 1764775963.1109939
1764775966.114062 1764776004.7383099
1764776011.7428887 1764776040.2430863
1764776042.245155 1764776076.1654823
1764776080.1668868 1764776108.7835948
1764776109.784659 1764776139.4135158
1764776147.4215934 1764776174.2203877
1764776177.2234674 1764776208.4061494
1764776209.407233 1764776257.4485273
1764776264.4555938 1764776304.4866555
1764776305.4868863 1764776362.871613
1764776371.87889 1764776396.962542
1764776403.9696162 1764776432.817042
1764776440.8251138 1764776468.0891013
1764776474.0952249 1764776506.38546
1764776508.3875313 1764776543.6522632
1764776546.6548712 1764776583.7079287
1764776586.7109091 1764776624.8753772
1764776634.8828804 1764776665.55038
1764776671.556462 1764776703.2352276
1764776713.2428784 1764776743.519408
1764776748.5244904 1764776784.0159197
1764776784.015949 1764776830.8339925
1764776839.8430796 1764776876.2274544
1764776880.23098 1764776923.4060743
1764776925.4081905 1764776973.653574
1764776983.6636515 1764777016.3280559
1764777022.3308783 1764777057.0487528
1764777065.0549693 1764777105.7331033
1764777112.7388704 1764777151.7131221
1764777158.7202065 1764777189.4799933
1764777189.4800153 1764777241.0314405
1764777244.0345109 1764777292.7232769
1764777294.725341 1764777325.8319657
1764777332.8388932 1764777360.114311
1764777367.1188943 1764777397.5696616
1764777407.571532 1764777431.1063955
1764777439.1108875 1764777472.7140265
1764777476.7148778 1764777510.9012427
1764777512.9028835 1764777547.1683621
1764777556.1748867 1764777584.445228
1764777591.4508922 1764777620.0527189
1764777627.0529923 1764777658.3413997
1764777665.341718 1764777695.6840296
1764777699.686938 1764777726.1748073
1764777736.1828892 1764777774.6940916
1764777774.6941197 1764777817.8767483
1764777819.8788278 1764777856.0802104
1764777865.0828862 1764777894.435898
1764777897.438971 1764777931.7450085
1764777938.7509053 1764777956.9642181
1764777963.970919 1764777997.8512979
1764777997.851324 1764778035.0549703
1764778042.0620465 1764778078.8212943
1764778085.8268864 1764778110.06492
1764778115.0700054 1764778150.1191328
1764778151.1201942 1764778183.159766
1764778192.1669014 1764778216.3534985
1764778221.3585715 1764778250.3333318
1764778252.3353956 1764778286.6755831
1764778287.6766737 1764778341.4141119
1764778342.41518 1764778386.0911164
1764778392.0948982 1764778436.0300539
1764778438.0308795 1764778488.0373232
1764778494.0428846 1764778527.5300806
1764778537.5388894 1764778577.664802
1764778587.6748815 1764778626.9365122
1764778629.939596 1764778665.617126
1764778671.6228817 1764778715.3320456
1764778722.3389373 1764778748.7204206
1764778749.7215023 1764778778.784543
1764778783.7869148 1764778807.8233001
1764778816.8323722 1764778850.785988
1764778859.7949104 1764778902.1254425
1764778912.1355178 1764778944.4225154
1764778954.4309123 1764778982.3313787
1764778984.3334968 1764779029.0807652
1764779039.0908568 1764779074.3497307
1764779084.3588731 1764779127.2242136
1764779133.2302825 1764779168.3145998
1764779178.32479 1764779208.8955183
1764779210.8975968 1764779243.4489934
1764779247.4509864 1764779275.3802423
1764779279.3843129 1764779307.1083994
1764779312.1108825 1764779339.8099723
1764779344.8148775 1764779371.3985438
1764779378.405612 1764779413.8851993
1764779416.8868797 1764779465.6780753
