1719154671.9568942 1719154695.8221927
1719154696.5749576 1719154724.7570999
1719154724.966537 1719154762.7568097
1719154763.219015 1719154802.3567376
1719154802.558385 1719154833.5071487
1719154833.863461 1719154863.360926
1719154864.0782692 1719154898.1568573
1719154898.822468 1719154931.2571166
1719154931.8662324 1719154964.7664
1719154965.5594897 1719154986.7607734
1719154987.5657363 1719155015.4624238
1719155016.0150635 1719155041.4580345
1719155041.8122854 1719155067.357581
1719155067.6122732 1719155092.2592354
1719155092.5710547 1719155117.8581147
1719155118.612761 1719155146.5576553
1719155147.0649471 1719155174.7576993
1719155175.0146046 1719155201.6133165
1719155202.2273545 1719155227.2070382
1719155227.3249295 1719155252.5086255
1719155253.267515 1719155275.161476
1719155275.6697047 1719155302.7662485
1719155303.60823 1719155328.5131307
1719155329.213451 1719155355.6607628
1719155356.3631346 1719155383.1586359
1719155383.8779268 1719155409.3592074
1719155410.1238415 1719155435.760898
1719155436.12894 1719155463.4106054
1719155464.2138126 1719155497.161603
1719155497.7640407 1719155535.558544
1719155536.3199308 1719155566.1567838
1719155566.4175317 1719155595.2570186
1719155595.5261056 1719155627.8103871
1719155628.1289606 1719155660.457042
1719155660.7741187 1719155690.6077416
1719155691.266021 1719155727.9568067
1719155728.1704853 1719155753.8664436
1719155754.0259304 1719155786.9066644
1719155787.7629604 1719155818.5098767
1719155819.0719101 1719155847.0621514
1719155847.3223176 1719155874.957467
1719155875.6102266 1719155894.4576678
1719155894.7602062 1719155928.3585117
1719155928.579483 1719155950.3133612
1719155951.1163883 1719155979.357029
1719155979.6116612 1719156002.560397
1719156003.2722707 1719156031.1074026
1719156031.3130202 1719156060.3566835
1719156060.8261225 1719156084.8600147
1719156085.0090609 1719156109.7569902
1719156110.4571846 1719156136.656583
1719156137.1730494 1719156161.7131767
1719156162.4647205 1719156194.957097
1719156195.3293743 1719156229.51378
1719156230.326463 1719156258.9615428
1719156259.865263 1719156285.1083152
1719156285.3217287 1719156311.05708
1719156311.678249 1719156349.9567814
1719156350.513943 1719156372.456891
1719156372.977663 1719156400.2070618
1719156400.5253627 1719156434.0582058
1719156434.5200534 1719156460.65914
1719156460.9684222 1719156490.15656
1719156490.4736161 1719156515.7071831
1719156516.3767066 1719156543.3612075
1719156543.8207598 1719156571.665654
1719156571.811415 1719156598.1589537
1719156598.6608162 1719156624.159449
1719156624.5235512 1719156648.9618516
1719156649.7668192 1719156675.8072946
1719156676.0598319 1719156700.0625827
1719156700.1760805 1719156726.5099082
1719156727.219039 1719156750.464546
1719156750.66601 1719156778.2594895
1719156778.6156874 1719156806.456954
1719156806.8163702 1719156834.6590326
1719156835.4285989 1719156861.9580135
1719156862.171071 1719156887.5078087
1719156888.0208125 1719156916.7585008
1719156917.0654109 1719156943.8105183
1719156944.7099075 1719156976.9615734
1719156977.7073286 1719157009.0576358
1719157009.5592415 1719157029.5066092
1719157030.11031 1719157056.7100406
1719157057.4180331 1719157082.4567432
1719157082.7734072 1719157110.5566852
1719157110.7805674 1719157134.758096
1719157135.0206966 1719157157.4620283
1719157158.3675609 1719157184.5105836
1719157185.264477 1719157218.7591887
1719157219.212015 1719157242.7565186
1719157243.3605387 1719157269.7090309
1719157269.9245374 1719157296.4102983
1719157297.0782294 1719157322.8601093
1719157323.5657067 1719157348.3097312
1719157348.9682832 1719157375.0605636
1719157375.261389 1719157405.4090936
1719157405.923821 1719157432.0612128
1719157432.822394 1719157459.0649679
1719157459.6256022 1719157483.3569531
1719157483.814803 1719157511.2573967
1719157511.8254085 1719157536.6093333
1719157536.8760476 1719157560.6609688
1719157560.9716256 1719157591.9567938
1719157592.6736069 1719157614.3084831
1719157614.5716152 1719157640.3139017
1719157641.0202262 1719157667.0580692
1719157667.713469 1719157688.9092922
1719157689.528371 1719157708.8080103
1719157709.5692918 1719157735.6611593
1719157736.3809059 1719157759.0570493
1719157759.6716456 1719157781.3611856
1719157782.2704039 1719157810.9624057
1719157811.9639103 1719157831.2093194
1719157831.4697711 1719157852.3574731
1719157853.0128803 1719157881.2604332
1719157881.5209131 1719157899.9570055
1719157900.667613 1719157925.85902
1719157926.6163366 1719157955.2094061
1719157956.0171824 1719157986.206674
1719157986.9754062 1719158013.1573863
1719158013.6133893 1719158042.7072763
1719158043.116892 1719158068.1626682
1719158068.965198 1719158095.9569871
1719158096.3694143 1719158122.2623105
1719158122.7208767 1719158148.6584983
1719158149.1070216 1719158177.5699162
1719158178.368928 1719158205.2568812
1719158205.7711842 1719158230.6567273
1719158231.42086 1719158261.0618248
1719158261.8734705 1719158280.5622418
1719158281.1249 1719158306.8600237
1719158307.1177044 1719158335.058063
1719158335.5733535 1719158359.4571643
1719158360.108426 1719158389.261054
1719158389.6607795 1719158418.961897
1719158419.6172862 1719158446.1591349
1719158446.5771756 1719158474.2566965
1719158474.613387 1719158500.2656446
1719158501.2134733 1719158534.5570033
1719158535.0172133 1719158562.3618345
1719158563.1094096 1719158594.2695005
1719158595.0672255 1719158622.0072377
1719158622.6260307 1719158646.1123917
1719158646.8676171 1719158686.058507
1719158686.8196378 1719158712.060305
1719158712.6753876 1719158747.3569126
1719158747.9088728 1719158774.0604737
1719158774.8109128 1719158801.1567168
1719158801.7132406 1719158829.2567358
1719158829.7693105 1719158862.3075256
1719158862.9636636 1719158884.7066555
1719158885.3572705 1719158916.7570238
1719158917.3613548 1719158939.0567358
1719158939.2694035 1719158965.109657
1719158965.9622688 1719159007.5585277
1719159008.0120015 1719159039.760294
1719159040.7083414 1719159067.6569178
1719159068.3712332 1719159092.8091004
1719159093.6638234 1719159119.8598528
1719159120.3231888 1719159152.2097788
1719159153.0160275 1719159188.761429
1719159189.6138983 1719159218.056671
1719159218.75854 1719159250.3581562
1719159251.1657062 1719159279.2609546
1719159280.1226025 1719159310.7570667
1719159311.4260464 1719159335.0704997
1719159335.9673672 1719159359.7095964
1719159360.5570931 1719159393.8664942
1719159394.7645888 1719159420.8615675
1719159421.6706922 1719159449.959293
1719159450.7171178 1719159475.3664615
1719159476.1621132 1719159507.1566505
1719159507.508972 1719159533.2616236
1719159534.0664601 1719159567.156584
1719159567.663345 1719159599.35667
1719159599.9198065 1719159626.8576965
1719159627.1638064 1719159654.9572155
1719159655.6729524 1719159681.2596333
1719159681.4241066 1719159708.8568704
1719159709.6067655 1719159730.6589518
1719159731.373039 1719159758.662088
1719159759.5215445 1719159782.5622973
1719159783.168921 1719159810.2621877
1719159810.6257575 1719159839.758077
1719159840.320829 1719159872.057739
1719159872.872606 1719159894.5584073
1719159895.3611948 1719159919.4087825
1719159920.1076713 1719159950.2613292
1719159951.118051 1719159969.5099485
1719159970.4592693 1719159994.8569093
1719159995.3229449 1719160031.9577866
1719160032.7194283 1719160050.9620352
1719160051.7781694 1719160084.8566914
1719160085.4186516 1719160119.309922
1719160120.210413 1719160138.862579
1719160139.667701 1719160165.5567577
1719160166.214425 1719160200.110628
1719160200.461831 1719160224.757079
1719160225.1302598 1719160256.8071353
1719160257.31223 1719160285.85702
1719160286.212663 1719160317.7641878
1719160318.7177114 1719160349.556707
1719160350.315569 1719160376.2663097
1719160377.2148669 1719160408.0565488
1719160408.5178728 1719160435.107025
1719160435.6201913 1719160461.8565466
1719160462.4167993 1719160491.5569372
1719160492.0101585 1719160519.1615357
1719160519.9773614 1719160558.3565187
1719160558.914278 1719160588.460191
1719160588.9180002 1719160616.3566616
1719160616.7293322 1719160648.4570196
1719160649.0081468 1719160677.656792
1719160678.1592054 1719160703.609147
1719160704.4690185 1719160737.4567237
1719160738.2101307 1719160760.5095167
1719160761.368173 1719160792.9567192
1719160793.6626308 1719160821.8592124
1719160822.418212 1719160853.9103665
1719160854.7184167 1719160887.9096289
1719160888.366269 1719160917.9590478
1719160918.7127607 1719160949.4583888
1719160950.013493 1719160977.306654
1719160978.0583313 1719161011.2565935
1719161012.015593 1719161041.3065124
1719161041.879679 1719161076.4083612
1719161077.0783617 1719161101.5584297
1719161102.1170251 1719161126.31004
1719161127.1136105 1719161166.0569193
1719161166.773285 1719161195.5569255
1719161195.763225 1719161216.8567214
1719161217.3137028 1719161240.8567982
1719161241.5623784 1719161273.3086534
1719161274.020373 1719161304.9586003
1719161305.8113928 1719161323.4069815
1719161323.7739644 1719161352.256623
1719161352.620236 1719161380.562623
1719161381.2197375 1719161409.956604
1719161410.3701932 1719161438.258657
1719161439.3594613 1719161470.7092862
1719161471.0184317 1719161497.1092315
1719161497.9704983 1719161531.8578901
1719161532.620268 1719161555.1565163
1719161555.3222153 1719161582.118623
1719161582.8634317 1719161611.1074312
1719161611.3612263 1719161636.5630925
1719161637.3229766 1719161661.6676784
1719161662.3670626 1719161690.2582178
1719161690.6822743 1719161714.1613452
1719161715.0664973 1719161746.0570006
1719161746.6616235 1719161769.707287
1719161770.4285648 1719161797.2623808
1719161797.9804604 1719161823.9100158
1719161824.6272233 1719161852.2566636
1719161853.0080857 1719161875.8612106
1719161876.6277878 1719161904.5566797
1719161904.9733918 1719161933.5593626
1719161934.01254 1719161962.3070872
1719161962.9265876 1719161989.7123852
1719161990.4700909 1719162019.7596867
1719162019.8831148 1719162045.5600834
1719162046.2714672 1719162074.9613132
1719162075.7253864 1719162104.9590144
1719162105.613299 1719162126.0091486
1719162126.6134064 1719162150.7626662
1719162151.411489 1719162176.6071682
1719162177.2152379 1719162207.158622
1719162207.7266958 1719162230.157177
1719162230.4072788 1719162257.7136128
1719162257.8184948 1719162283.507763
1719162283.9198995 1719162315.3591855
1719162315.9209502 1719162338.3076608
1719162339.1172948 1719162366.5570202
1719162366.8676546 1719162388.2574432
1719162389.0249932 1719162425.5066495
1719162426.2648144 1719162444.9569712
1719162445.3743043 1719162479.008241
1719162479.376291 1719162501.357415
1719162501.7600367 1719162535.1584625
1719162535.619537 1719162561.4584816
1719162561.9144423 1719162589.1087615
1719162589.9196682 1719162619.1091754
1719162619.8620467 1719162648.5569003
1719162649.072809 1719162674.556862
1719162674.7154906 1719162701.9072974
1719162702.2737603 1719162730.2590194
1719162730.7292206 1719162753.0608537
1719162753.4588554 1719162774.856712
1719162775.711002 1719162800.3133593
1719162801.066128 1719162826.7592568
1719162827.1568975 1719162854.6621356
1719162855.4700205 1719162877.8103695
1719162878.707214 1719162903.0610833
1719162903.8222501 1719162930.6567237
1719162930.9248545 1719162955.8081427
1719162956.1114244 1719162983.8093636
1719162984.5306098 1719163005.7662914
1719163005.9166613 1719163041.760118
1719163042.5627325 1719163063.757122
1719163064.2725496 1719163083.9066484
1719163084.3207967 1719163113.7136536
1719163114.4633317 1719163141.8145356
1719163142.6148849 1719163170.3601987
1719163170.8215303 1719163205.3625019
1719163206.112112 1719163238.4605267
1719163238.9597278 1719163265.707193
1719163266.319326 1719163298.7610579
1719163299.6170547 1719163321.8607347
1719163322.7078679 1719163349.656744
1719163350.225119 1719163383.05673
1719163383.5200906 1719163412.2568064
1719163412.807079 1719163440.0568755
1719163440.7611532 1719163466.457918
1719163467.264499 1719163490.6082618
1719163491.3102546 1719163519.9614487
1719163520.7177904 1719163549.959525
1719163550.76596 1719163577.8625097
1719163578.5205727 1719163607.4566357
1719163608.1634703 1719163636.5095437
1719163637.3679445 1719163665.3570347
1719163665.6627305 1719163700.2567024
1719163700.519561 1719163736.0642219
1719163737.021548 1719163764.4571605
1719163764.9087164 1719163802.4569635
1719163802.62227 1719163831.1580536
1719163831.7207265 1719163857.6072586
1719163858.120117 1719163886.2622921
1719163886.4164264 1719163919.9586143
1719163920.7099001 1719163956.164617
1719163956.9287767 1719163986.70844
1719163987.0652423 1719164017.706648
1719164017.9069426 1719164047.1065469
1719164047.5612469 1719164076.7569237
1719164077.1701164 1719164096.6571412
1719164097.0637782 1719164124.308066
1719164124.5081363 1719164155.9176161
1719164156.716627 1719164178.2070916
1719164178.6748416 1719164212.6615229
1719164213.4699059 1719164237.957001
1719164238.2203977 1719164262.8573408
1719164263.2745855 1719164293.2585537
1719164293.3722987 1719164318.0094595
1719164318.7734292 1719164349.356701
1719164349.5567935 1719164383.4584632
1719164384.0299435 1719164414.160885
1719164415.0674796 1719164438.2574675
1719164439.0202599 1719164470.7565525
1719164470.9772286 1719164496.9616683
1719164497.7592428 1719164533.4076352
1719164533.9733374 1719164561.9753993
1719164562.169965 1719164590.2088413
1719164591.0167549 1719164614.2642913
1719164615.0637631 1719164644.1104445
1719164644.8746674 1719164666.0095766
1719164666.5098338 1719164689.9566927
1719164690.4697785 1719164716.5567613
1719164717.1720266 1719164747.4069211
1719164747.6635714 1719164774.6071188
1719164775.270578 1719164804.3616138
1719164804.765888 1719164829.3614192
1719164829.5676181 1719164853.0099022
1719164853.6263268 1719164874.2616892
1719164875.0681374 1719164908.6584065
1719164909.4675689 1719164928.7617886
1719164929.515998 1719164951.3571544
1719164951.7185204 1719164979.2072082
1719164979.7598746 1719165002.7569392
1719165003.163289 1719165031.6071
1719165032.2167282 1719165055.461497
1719165056.2743213 1719165082.7569246
1719165083.4612932 1719165108.906986
1719165109.6089413 1719165132.1647952
1719165133.0633125 1719165158.2103994
1719165159.0248156 1719165185.7088988
1719165186.4679115 1719165216.507572
1719165216.920544 1719165246.4080765
1719165247.360482 1719165273.4593048
1719165274.0786734 1719165305.814173
1719165306.6647124 1719165333.706801
1719165334.4073148 1719165354.10698
1719165354.7693126 1719165388.2566817
1719165388.9703176 1719165411.6071498
1719165411.9678864 1719165438.3572514
1719165438.9255867 1719165463.1573603
1719165463.3639646 1719165490.9089859
1719165491.1243653 1719165523.958562
1719165524.4183493 1719165557.9585285
1719165558.7565913 1719165582.6137266
1719165583.4126663 1719165617.159196
1719165617.525483 1719165655.3568041
1719165655.5633082 1719165684.7571354
1719165684.9784806 1719165714.5579267
1719165714.8171134 1719165747.2591174
1719165747.4087574 1719165778.456595
1719165778.6670628 1719165807.3116493
1719165807.4712062 1719165835.8094978
1719165836.6187851 1719165865.6566858
1719165866.028284 1719165894.2080207
1719165895.2124593 1719165920.9610238
1719165921.7173724 1719165947.6569035
1719165947.9745753 1719165975.1608713
1719165975.7675738 1719166004.4625213
1719166005.5092092 1719166030.9070373
1719166031.460404 1719166054.0103507
1719166054.8226337 1719166081.1102788
1719166082.0576324 1719166105.5569212
1719166105.930611 1719166129.156696
1719166129.6675107 1719166154.3609748
1719166155.1598444 1719166180.760206
1719166181.4654765 1719166208.857301
1719166209.523194 1719166241.956755
1719166242.5078673 1719166274.6571405
1719166275.1208348 1719166305.8569448
1719166306.123247 1719166339.2592647
1719166339.6222308 1719166364.4574592
1719166364.8077931 1719166394.209719
1719166395.0091214 1719166428.9602878
1719166429.2718039 1719166457.3110948
1719166457.6173136 1719166480.2566438
1719166480.8161793 1719166500.8103306
1719166501.6138923 1719166526.4103098
1719166527.1257546 1719166553.4575367
1719166553.724089 1719166575.709873
1719166576.1128778 1719166607.3143344
1719166608.067097 1719166639.8589852
1719166640.0293725 1719166669.6070316
1719166670.0567796 1719166694.909331
1719166695.5673127 1719166727.361004
1719166727.5790415 1719166758.156945
1719166758.8685257 1719166790.856942
1719166791.471881 1719166815.3624551
1719166816.1177638 1719166854.0614383
1719166854.7732124 1719166890.4570284
1719166890.9716756 1719166915.5618377
1719166916.3163433 1719166945.4567916
1719166946.1146028 1719166976.6593142
1719166977.2742326 1719167004.1569197
1719167004.411225 1719167037.760656
1719167038.5743854 1719167069.056912
1719167069.7129517 1719167092.5611835
1719167093.4074333 1719167124.7569065
1719167125.1265998 1719167155.2566736
1719167155.91424 1719167190.0616102
1719167190.8083746 1719167217.708284
1719167218.463663 1719167245.0578647
1719167245.7212098 1719167281.762969
1719167282.2778893 1719167310.4070487
1719167311.1114826 1719167336.9071248
1719167337.273118 1719167369.7573972
1719167370.128037 1719167398.9106283
1719167399.764412 1719167424.509701
1719167425.2639966 1719167450.958401
1719167451.5587554 1719167485.7121382
1719167486.561037 1719167517.259128
1719167518.0718408 1719167540.356815
1719167540.6774056 1719167567.107074
1719167567.4688346 1719167592.5097299
1719167593.3683393 1719167625.1566756
1719167625.7270515 1719167650.0090463
1719167650.272524 1719167679.1571836
1719167679.8722942 1719167714.7566514
1719167715.0783293 1719167744.6070313
1719167745.315364 1719167770.1605787
1719167770.5150175 1719167799.6100829
1719167800.357334 1719167821.0129511
1719167821.7169123 1719167848.9590194
1719167849.8140497 1719167883.2570121
1719167883.9110925 1719167910.3644755
1719167911.1142619 1719167934.4074583
1719167935.117495 1719167961.556761
1719167962.1776035 1719167989.4565701
1719167989.8169322 1719168015.5584846
1719168016.3618329 1719168041.8579998
1719168042.2193632 1719168068.757264
1719168069.228006 1719168101.5616684
1719168101.9207191 1719168134.410417
1719168135.314706 1719168161.1570199
1719168161.365647 1719168191.8620458
1719168192.7148352 1719168220.6567283
1719168221.3570828 1719168242.0585191
1719168242.4575014 1719168267.5103319
1719168268.2752223 1719168298.9580638
1719168299.5723712 1719168333.6566234
1719168334.0655315 1719168354.9080935
1719168355.6158185 1719168384.3617063
1719168384.7184675 1719168413.758593
1719168414.6598828 1719168438.3071454
1719168438.672661 1719168462.5567033
1719168463.2817292 1719168489.1569715
1719168489.4214146 1719168515.5569205
1719168516.1181066 1719168542.857376
1719168543.2205627 1719168564.5091991
1719168565.227994 1719168589.4583173
1719168590.1630676 1719168619.657609
1719168619.9652247 1719168651.3606403
1719168651.669612 1719168672.6621816
1719168673.4616122 1719168698.6569114
1719168699.364453 1719168729.3567853
1719168730.060409 1719168764.60708
1719168765.0290532 1719168792.1573002
1719168792.724368 1719168823.5105462
1719168824.3641562 1719168848.0088654
1719168848.6252398 1719168876.6080914
1719168877.1105444 1719168911.7568552
1719168912.3135643 1719168940.5623503
1719168941.012336 1719168971.8100417
1719168972.274088 1719168995.5620184
1719168996.3252728 1719169027.108529
1719169027.71341 1719169058.8071659
1719169059.222973 1719169086.3567233
1719169086.674407 1719169119.057317
1719169119.3156388 1719169144.6583247
1719169145.0609288 1719169170.757234
1719169171.3218067 1719169203.8569875
1719169204.4129374 1719169237.358293
1719169238.0230732 1719169265.3569722
1719169265.770797 1719169295.3602436
1719169296.0697405 1719169324.9567688
1719169325.4133224 1719169360.5103936
1719169361.2712088 1719169390.0565648
1719169390.6639824 1719169415.5581334
1719169416.2204382 1719169444.613752
1719169445.3704896 1719169478.606499
1719169479.1069207 1719169508.057393
1719169508.5165603 1719169527.660311
1719169528.4194317 1719169556.5592606
1719169556.8683665 1719169583.2568617
1719169583.812441 1719169609.5068643
1719169609.865552 1719169634.961722
1719169635.8215568 1719169660.4574523
1719169660.7700918 1719169685.009072
1719169685.6201503 1719169709.2094662
1719169710.0231516 1719169732.3618052
1719169733.215605 1719169754.0613832
1719169754.616816 1719169782.8072758
1719169783.017152 1719169813.459011
1719169813.6579475 1719169843.2604032
1719169843.821763 1719169867.558879
1719169868.3623605 1719169896.4579265
1719169897.1575344 1719169922.509351
1719169923.2076104 1719169949.256965
1719169949.477178 1719169975.0567858
1719169975.674842 1719170004.5566719
1719170004.8754365 1719170030.4583178
1719170031.0793054 1719170058.8572254
1719170059.3137221 1719170090.757059
1719170091.4126408 1719170119.2581322
1719170119.916471 1719170149.2570062
1719170149.8267288 1719170175.5615158
1719170176.3662522 1719170199.8094826
1719170200.558953 1719170230.556692
1719170231.3113863 1719170264.709467
1719170265.6076381 1719170298.8678672
1719170299.2133198 1719170330.3100214
1719170331.0791433 1719170359.8067617
1719170360.0084455 1719170394.562211
1719170395.3654351 1719170419.0624197
1719170419.856769 1719170457.956609
1719170458.6590097 1719170474.5596182
1719170475.4586701 1719170501.2625713
1719170502.1170177 1719170537.2584043
1719170538.0643976 1719170572.6566792
1719170572.963678 1719170593.4070976
1719170593.8748004 1719170621.660367
1719170622.4715354 1719170650.956896
1719170651.5070844 1719170674.1087568
1719170674.779872 1719170701.958048
1719170702.5656304 1719170732.2065198
1719170732.8329916 1719170764.4609635
1719170765.4136422 1719170792.7066069
1719170793.272249 1719170817.1068556
1719170817.264174 1719170847.0600486
1719170847.863553 1719170872.7567475
1719170873.3204253 1719170899.7568426
1719170900.4185526 1719170928.109254
1719170928.9691389 1719170953.9612675
1719170954.6745713 1719170979.010151
1719170979.8150814 1719171006.162068
1719171006.875396 1719171028.609301
1719171029.4129653 1719171062.2085187
1719171062.9153035 1719171091.5609455
1719171092.3677733 1719171125.5100634
1719171126.4224198 1719171152.8567529
1719171153.261136 1719171181.15894
1719171181.757019 1719171216.2567914
1719171216.7779522 1719171244.056995
1719171244.668948 1719171273.9569478
1719171274.307637 1719171302.4572463
1719171302.977543 1719171338.6068366
1719171338.8312228 1719171363.3072233
1719171363.710647 1719171396.4585261
1719171397.261577 1719171426.4570842
1719171426.809111 1719171459.7566392
1719171460.2714434 1719171488.656663
1719171489.4145555 1719171520.7073145
1719171521.360422 1719171552.3578694
1719171552.5250478 1719171580.2566633
1719171580.6177301 1719171613.3571227
1719171614.0093935 1719171648.55691
1719171649.0634644 1719171673.0072556
1719171673.7156131 1719171703.90695
1719171704.1272767 1719171737.0065787
1719171737.5191455 1719171762.657548
1719171763.1243095 1719171799.960501
1719171800.6208901 1719171828.6073928
1719171828.863601 1719171858.7606797
1719171859.3070982 1719171892.1093533
1719171892.5675275 1719171922.157045
1719171922.4671326 1719171949.161345
1719171949.965176 1719171972.0096395
1719171972.910607 1719172001.708709
1719172002.610655 1719172027.1571298
1719172027.4191892 1719172054.9070837
1719172055.4231195 1719172081.4652286
1719172082.3630495 1719172107.009544
1719172107.7225547 1719172135.660686
1719172136.1164563 1719172160.6620255
1719172161.3752356 1719172189.3575213
1719172190.1070175 1719172217.157106
1719172217.864702 1719172246.308217
1719172246.4798257 1719172275.4591799
1719172275.9146585 1719172306.5102658
1719172306.808159 1719172340.65988
1719172341.2711775 1719172365.6085298
1719172366.0218887 1719172394.5565653
1719172394.7607353 1719172421.5571475
1719172422.2674608 1719172449.20652
1719172449.867325 1719172476.059132
1719172476.5147083 1719172501.3578947
1719172501.721174 1719172525.056833
1719172525.6567767 1719172546.7694814
1719172547.5203786 1719172575.9584885
1719172576.370416 1719172607.056938
1719172607.6259742 1719172630.0572226
1719172630.7196748 1719172655.8066332
1719172656.713002 1719172679.0571623
1719172679.4239886 1719172702.6651452
1719172703.5303004 1719172737.7579954
1719172738.4639404 1719172754.5104158
1719172755.311512 1719172780.8567061
1719172781.2135777 1719172810.6571796
1719172811.1693215 1719172836.4570801
1719172836.7255929 1719172862.5570564
1719172863.0745547 1719172894.257196
1719172894.86016 1719172919.6569676
1719172920.2636793 1719172945.356683
1719172945.9236887 1719172970.4604192
1719172971.121009 1719172999.5144057
1719173000.2775152 1719173026.2570112
1719173026.774666 1719173054.6612406
1719173055.3282342 1719173082.5093155
1719173083.310832 1719173110.6619687
1719173111.3189547 1719173140.9580038
1719173141.667126 1719173166.262386
1719173167.2076044 1719173196.3584745
1719173196.9587324 1719173219.4610522
1719173220.3700597 1719173249.2074127
1719173249.6227171 1719173278.4070084
1719173278.9652817 1719173302.757905
1719173303.2605414 1719173328.462321
1719173329.4248211 1719173361.9069607
1719173362.3812008 1719173384.9610116
1719173385.2228053 1719173409.9566114
1719173410.32405 1719173435.7569792
1719173436.3616743 1719173478.362373
1719173479.1176326 1719173502.1574779
1719173502.6171021 1719173525.9065375
1719173526.5221398 1719173554.9602098
1719173555.618004 1719173581.9567556
1719173582.8185477 1719173605.9093268
1719173606.3610716 1719173628.711631
1719173629.3678775 1719173652.356734
1719173653.0093708 1719173683.8615146
1719173684.118249 1719173714.1610415
1719173715.0598912 1719173747.609729
1719173748.2695475 1719173770.9615114
1719173771.7171898 1719173801.1070971
1719173801.7244635 1719173835.6622193
1719173836.4723916 1719173860.360762
1719173861.0690064 1719173887.3100984
1719173888.1194613 1719173920.2122169
1719173920.5214856 1719173950.2585862
1719173950.7733064 1719173973.460848
1719173974.3627956 1719174011.7568407
1719174012.360494 1719174028.5585349
1719174029.0161374 1719174053.1567192
1719174053.5652614 1719174073.2132843
1719174074.1116798 1719174099.9601803
1719174100.8155699 1719174132.9567928
1719174133.6700647 1719174161.406622
1719174161.9688783 1719174187.8261166
1719174188.7076888 1719174213.4571857
1719174213.813535 1719174245.1567194
1719174245.874251 1719174263.7585027
1719174264.2774878 1719174292.5616298
1719174293.3747663 1719174323.36063
1719174324.2577353 1719174351.6568434
1719174352.3662148 1719174381.6095135
1719174382.4688113 1719174412.1084473
1719174412.6595411 1719174441.309942
1719174442.075063 1719174474.356995
1719174474.8747258 1719174504.0580654
1719174504.3759234 1719174531.2580326
1719174531.8168356 1719174560.8602881
1719174561.5700555 1719174589.6584735
1719174590.3139584 1719174617.8605642
1719174618.522912 1719174644.3614428
1719174644.9824843 1719174676.2080345
1719174677.0254548 1719174705.5608532
1719174706.3644001 1719174730.8610291
1719174731.5673723 1719174756.4566548
1719174756.717632 1719174782.458231
1719174782.9728339 1719174813.106636
1719174813.5264664 1719174839.4568567
1719174840.214538 1719174872.356498
1719174872.8115287 1719174903.3567586
1719174903.769047 1719174929.8657765
1719174930.7236767 1719174961.957088
1719174962.076165 1719174990.458126
1719174991.2126858 1719175019.9567583
1719175020.5721345 1719175050.2567058
1719175050.912616 1719175082.409913
1719175082.7136054 1719175112.3089676
1719175113.2600615 1719175143.7104566
1719175144.4720602 1719175173.2082624
1719175173.869316 1719175200.8621304
1719175201.7677374 1719175229.5069132
1719175229.8624825 1719175259.7616668
1719175260.6622753 1719175288.1565678
1719175288.8628411 1719175312.459212
1719175313.210923 1719175338.6613739
1719175339.371937 1719175364.1568146
1719175364.871488 1719175392.5612562
1719175393.4677446 1719175425.1588976
1719175425.7186084 1719175459.2605739
1719175459.8738103 1719175485.9566445
1719175486.5079527 1719175515.3602371
1719175515.9721339 1719175538.6077437
1719175539.27086 1719175570.260579
1719175571.1238472 1719175597.956723
1719175598.4665477 1719175624.9607136
1719175625.315901 1719175661.4569323
1719175662.0686233 1719175682.3066301
1719175682.8231058 1719175708.9066715
1719175709.5777028 1719175745.2568908
1719175745.7200782 1719175776.1077175
1719175776.7589822 1719175806.1570325
1719175806.7600935 1719175830.5090015
1719175830.7725801 1719175856.6569517
1719175857.223217 1719175888.6072834
1719175889.1817915 1719175913.1567943
1719175913.823592 1719175940.55927
1719175941.2630196 1719175970.2573683
1719175970.76981 1719175999.8569396
1719176000.4285495 1719176026.906668
1719176027.6171367 1719176054.056648
1719176054.8146331 1719176085.356598
1719176085.8620698 1719176122.1568136
1719176122.8708436 1719176149.558216
1719176150.0631032 1719176178.360281
1719176178.9211175 1719176208.5613585
1719176209.3670764 1719176237.8100324
1719176238.1166427 1719176266.362403
1719176267.1654623 1719176299.5101671
1719176300.0212543 1719176333.1068263
1719176333.8093765 1719176353.2567604
1719176353.9098275 1719176382.1574836
1719176382.3664792 1719176406.3072355
1719176406.9692338 1719176429.4066548
1719176430.0310395 1719176456.0579972
1719176456.172495 1719176483.7574499
1719176484.0245583 1719176507.9064527
1719176508.4286141 1719176533.25805
1719176534.0688932 1719176555.6570683
1719176556.3129141 1719176581.0583134
1719176581.8196588 1719176611.2602458
1719176611.5207634 1719176638.1602988
1719176638.8738356 1719176664.4572976
1719176664.763353 1719176695.9568474
1719176696.6082783 1719176721.5105324
1719176722.0806475 1719176754.956909
1719176755.7284303 1719176777.8575873
1719176778.66172 1719176802.262382
1719176802.968481 1719176830.3096325
1719176831.110163 1719176866.5579534
1719176866.7709217 1719176886.3623397
1719176886.9288864 1719176917.2571404
1719176917.9236724 1719176942.7583842
1719176943.27539 1719176980.9570162
1719176981.7259269 1719177007.3611386
1719177008.1089253 1719177034.5613048
1719177035.31592 1719177066.0568647
1719177066.7230535 1719177094.5570033
1719177095.2223146 1719177125.961097
1719177126.7754931 1719177153.6068058
1719177154.165714 1719177183.3127658
1719177184.1635149 1719177207.4567335
1719177207.8161557 1719177236.3612342
1719177237.0647357 1719177269.1584744
1719177270.0223715 1719177294.1066473
1719177294.5709717 1719177319.3082924
1719177320.010382 1719177348.7638242
1719177349.0737476 1719177377.7567759
1719177378.3169951 1719177404.7579195
1719177405.112152 1719177428.807092
1719177429.3649294 1719177452.2173657
1719177453.019863 1719177485.1584322
1719177485.7179756 1719177509.7095149
1719177510.369455 1719177541.5571074
1719177542.0642514 1719177575.156856
1719177575.6603231 1719177604.4098232
1719177605.3173606 1719177630.009212
1719177630.7653449 1719177662.5085201
1719177663.1180744 1719177683.2616305
1719177683.42157 1719177711.4566553
1719177711.969324 1719177736.3091226
1719177737.116408 1719177760.760728
1719177761.1705227 1719177793.2095563
1719177794.1166372 1719177815.9566736
1719177816.3091824 1719177845.8584661
1719177846.3218975 1719177865.9069943
1719177866.5712903 1719177898.4585803
1719177899.1715448 1719177921.760193
1719177922.5589578 1719177946.556771
1719177947.0653915 1719177974.558564
1719177975.20759 1719178003.7571397
1719178004.4157777 1719178030.707718
1719178031.0654287 1719178057.108526
1719178057.8158133 1719178089.5579383
1719178090.1099925 1719178121.8566592
1719178122.4141862 1719178146.4590533
1719178147.1670518 1719178174.0132022
1719178174.7268975 1719178203.508901
1719178204.4134839 1719178225.8101091
1719178226.6741102 1719178257.3084388
1719178258.0671868 1719178295.9104528
1719178296.8634446 1719178320.7091043
1719178321.474653 1719178350.4072628
1719178351.0576587 1719178375.25835
1719178375.9621463 1719178400.2615685
1719178400.4153488 1719178429.658307
1719178430.1157262 1719178456.7589273
1719178457.3704638 1719178495.3068745
1719178495.9731407 1719178519.8602993
1719178520.6648037 1719178550.456898
1719178551.1161892 1719178574.6100004
1719178575.5171418 1719178599.959018
1719178600.5748796 1719178629.1093986
1719178629.9711409 1719178658.256754
1719178658.6190622 1719178684.9066627
1719178685.4203653 1719178718.0589597
1719178718.3678555 1719178747.7100332
1719178748.6155863 1719178775.9066148
1719178776.029016 1719178799.256739
1719178799.7689698 1719178827.3133402
1719178828.2166247 1719178850.8606846
1719178851.7581475 1719178880.05684
1719178880.7164307 1719178917.6568263
1719178918.165253 1719178934.8569775
1719178935.3634257 1719178961.8568385
1719178962.308288 1719178989.66248
1719178990.5225043 1719179014.4568696
1719179014.9679058 1719179042.3601298
1719179042.976566 1719179074.158083
1719179074.6238694 1719179105.866021
1719179106.7191029 1719179132.5573454
1719179132.769817 1719179170.1617112
1719179171.1150432 1719179196.0098221
1719179196.4705353 1719179228.6579273
1719179229.3668368 1719179252.7096763
1719179253.5219846 1719179281.7086601
1719179282.469077 1719179310.756771
1719179311.2121592 1719179345.1624806
1719179345.9739835 1719179378.457083
1719179378.6301033 1719179409.0107791
1719179409.819438 1719179440.963813
1719179441.7613227 1719179467.261318
1719179468.057688 1719179496.7616901
1719179497.5202863 1719179525.6570132
1719179526.2149916 1719179554.6570597
1719179554.9699123 1719179586.3591642
1719179587.0174024 1719179614.9101272
1719179615.7198453 1719179644.4644694
1719179645.0174417 1719179669.9588883
1719179670.5241234 1719179703.4133239
1719179704.2197704 1719179733.1568093
1719179733.927201 1719179764.0581532
1719179764.4724107 1719179791.0603912
1719179791.8169346 1719179823.159112
1719179823.9582121 1719179855.7065535
1719179856.460188 1719179888.8572884
1719179889.4074674 1719179920.96156
1719179921.7246623 1719179951.356763
1719179951.7147708 1719179985.5601223
1719179985.7168374 1719180015.1133387
1719180015.8639352 1719180045.261218
1719180046.0231097 1719180074.3136177
1719180075.1069047 1719180104.1570735
1719180104.817573 1719180137.5093172
1719180138.307633 1719180168.6570618
1719180169.3201768 1719180198.6640134
1719180199.4139388 1719180228.8566403
1719180229.3641117 1719180258.7609744
1719180259.5659385 1719180290.4121075
1719180291.3089435 1719180326.7609417
1719180327.4671307 1719180353.8102944
1719180354.5629313 1719180387.3570902
1719180387.7646773 1719180420.161363
1719180421.0693796 1719180445.357505
1719180445.663416 1719180475.0569923
1719180475.3139133 1719180497.858488
1719180498.5114875 1719180524.4583988
1719180525.3182437 1719180547.6615448
1719180548.4701996 1719180576.606979
1719180577.2229803 1719180607.7571971
1719180608.461029 1719180631.7102811
1719180632.617145 1719180656.0566964
1719180656.2620196 1719180680.7127075
1719180681.4251404 1719180708.357066
1719180708.8178039 1719180734.1066313
1719180734.7097743 1719180769.4065082
1719180769.6222098 1719180791.107186
1719180791.8103852 1719180818.2088256
1719180819.1611319 1719180849.6074169
1719180850.2192013 1719180871.0604532
1719180871.5701187 1719180897.0070217
1719180897.515451 1719180924.3097532
1719180925.1127195 1719180953.1570582
1719180953.557617 1719180978.707082
1719180979.3660016 1719181007.4572356
1719181007.9687538 1719181034.461559
1719181035.3229449 1719181059.1174545
1719181059.921967 1719181084.7568038
1719181085.166413 1719181112.4100857
1719181113.1747713 1719181139.1076117
1719181139.673146 1719181173.7567635
1719181174.4140537 1719181200.8579776
1719181201.357116 1719181222.809314
1719181223.058304 1719181250.1604955
1719181250.7150345 1719181278.6566982
1719181279.1575944 1719181307.2603545
1719181308.022693 1719181337.5570788
1719181338.0695996 1719181364.9616191
1719181365.6675615 1719181394.5583308
1719181395.2752957 1719181424.6567311
1719181425.11143 1719181453.357004
1719181453.6695426 1719181486.2583592
1719181486.829835 1719181512.507208
1719181512.7256832 1719181539.256674
1719181540.1223474 1719181573.057028
1719181573.6779366 1719181605.0104403
1719181605.8074293 1719181633.1065283
1719181633.6283653 1719181659.1641946
1719181659.8787315 1719181685.8571355
1719181686.5215216 1719181715.709849
1719181716.3583791 1719181744.2606983
1719181744.9657357 1719181773.3069599
1719181773.7790012 1719181806.4599183
1719181806.6264362 1719181835.0601895
1719181835.4203126 1719181860.3075461
1719181860.967687 1719181890.4565694
1719181890.712519 1719181920.7583325
1719181921.4619865 1719181944.3606896
1719181944.615495 1719181968.0569844
1719181968.618805 1719181996.5096152
1719181997.3123834 1719182032.5614226
1719182033.3174224 1719182062.109331
1719182062.9204025 1719182092.759281
1719182093.2661965 1719182119.256805
1719182119.8305452 1719182146.66509
1719182147.375778 1719182179.9085178
1719182180.472643 1719182212.3567643
1719182212.9719152 1719182238.508548
1719182238.9657605 1719182276.4589942
1719182277.216279 1719182299.062116
1719182299.9616146 1719182330.260542
1719182331.064569 1719182363.0568664
1719182363.4784837 1719182393.8610818
1719182394.7152557 1719182423.556916
1719182424.2192357 1719182453.7589939
1719182454.4748213 1719182479.4065993
1719182480.2698112 1719182505.5568976
1719182506.1235743 1719182535.5569606
1719182536.2133696 1719182572.5066555
1719182573.268325 1719182601.7136672
1719182602.6211877 1719182637.3086944
1719182637.8627398 1719182672.8582244
1719182673.3679254 1719182701.9085782
1719182702.2818313 1719182723.6604087
1719182724.5174224 1719182755.857763
1719182756.50809 1719182795.3066747
1719182796.009383 1719182819.7621162
1719182820.5715005 1719182851.4069018
1719182852.1174552 1719182874.863094
1719182875.577562 1719182903.8585927
1719182904.361149 1719182935.2580025
1719182935.5572834 1719182961.658343
1719182962.3632631 1719182982.908008
1719182983.4294112 1719183010.7576282
