52.53565526008606
37.93686604499817
39.89548182487488
43.884098052978516
43.5832302570343
34.81122303009033
43.73190259933472
42.05574178695679
35.50756335258484
32.458693504333496
42.148407220840454
32.36284518241882
32.91508936882019
27.11020302772522
27.049063682556152
28.117948532104492
31.506713390350342
30.280637502670288
32.176923990249634
31.827351570129395
31.560051441192627
37.66004538536072
29.580822944641113
39.091631174087524
27.660014629364014
30.909647941589355
29.246570110321045
34.38922190666199
37.306724071502686
30.28831672668457
29.089482069015503
36.25056481361389
37.81855297088623
33.17913269996643
33.9844286441803
31.587634801864624
38.89867830276489
40.445876121520996
26.45589542388916
37.32412266731262
38.304410457611084
25.543896913528442
35.26867914199829
26.11597490310669
34.42997932434082
25.172305583953857
35.222503662109375
39.552685499191284
36.15150856971741
40.38949179649353
47.147286891937256
36.794174671173096
38.288495779037476
48.769816160202026
35.79664158821106
46.31721353530884
38.41145157814026
29.093337774276733
39.142773151397705
41.324734687805176
41.477479696273804
33.73149609565735
28.526386976242065
35.93198251724243
31.639739513397217
35.45927381515503
27.933539628982544
34.757081747055054
50.990145444869995
35.96656537055969
35.20687937736511
41.80657482147217
38.68993782997131
37.074849128723145
44.22019410133362
33.27701759338379
30.28541612625122
29.923277854919434
29.055771112442017
27.609879970550537
32.670867919921875
43.08535695075989
28.055547952651978
34.47412657737732
33.35329079627991
48.43905186653137
42.00912523269653
37.7921028137207
43.81644153594971
38.71507120132446
42.189953088760376
34.548317193984985
35.10145807266235
40.319971799850464
41.87906622886658
44.479374408721924
44.208290815353394
49.066120624542236
21.11330556869507
28.78440499305725
3601.9079093933105
