1764824885.774653 1764824927.5962725
1764824927.5962937 1764824963.9662516
1764824963.9662716 1764825008.9982114
1764825008.9982386 1764825050.8841853
1764825050.8842087 1764825090.6807957
1764825090.6808178 1764825132.9613433
1764825132.9613652 1764825178.8147526
1764825178.8147783 1764825221.2836528
1764825221.2836819 1764825252.9239023
1764825252.9239254 1764825286.1696398
1764825286.1696625 1764825307.7319922
1764825307.732017 1764825357.6787894
1764825357.6788127 1764825408.7448816
1764825408.744907 1764825465.2305121
1764825465.230538 1764825529.639515
1764825529.6395411 1764825576.1249573
1764825576.1249769 1764825612.2732995
1764825612.2733238 1764825642.748186
1764825642.7482061 1764825680.8214371
1764825680.821464 1764825717.3792043
1764825717.3792279 1764825746.8915236
1764825746.8915515 1764825798.9707603
1764825798.9707797 1764825852.8822649
1764825852.8822906 1764825913.6570303
1764825913.6570609 1764825969.416008
1764825969.4160326 1764826000.8705373
1764826000.8705661 1764826051.2777479
1764826051.2777724 1764826079.090197
1764826079.0902183 1764826110.1326377
1764826110.1326647 1764826144.2615397
1764826144.261559 1764826172.8040028
1764826172.8040278 1764826207.4228072
1764826207.422827 1764826249.5576131
1764826249.557638 1764826299.7466094
1764826299.7466288 1764826338.5619476
1764826338.5619721 1764826385.7536259
1764826385.753646 1764826428.3434243
1764826428.343446 1764826471.0171716
1764826471.0171971 1764826516.848966
1764826516.8489907 1764826556.041017
1764826556.0410383 1764826592.7789886
1764826592.7790077 1764826632.6055005
1764826632.6055286 1764826672.1457996
1764826672.1458268 1764826720.7704341
1764826720.7704537 1764826764.2502522
1764826764.250291 1764826799.1885505
1764826799.18857 1764826827.593696
1764826827.5937226 1764826864.1226456
1764826864.1226723 1764826900.6212265
1764826900.6212559 1764826930.039625
1764826930.0396454 1764826959.7250817
1764826959.7251077 1764826992.9888358
1764826992.9888618 1764827028.9357364
1764827028.9357557 1764827062.037706
1764827062.037734 1764827097.2937024
1764827097.2937272 1764827130.8215919
1764827130.8216147 1764827163.751335
1764827163.7513554 1764827195.2639334
1764827195.263957 1764827237.502818
1764827237.502851 1764827273.9004872
1764827273.9005141 1764827314.3696313
1764827314.3696516 1764827352.104769
1764827352.1047943 1764827396.975314
1764827396.9753358 1764827432.919803
1764827432.9198248 1764827473.3172278
1764827473.317247 1764827503.1755455
1764827503.1755724 1764827531.3278065
1764827531.3278263 1764827563.961469
1764827563.9614954 1764827601.3150737
1764827601.3150976 1764827635.0836844
1764827635.08371 1764827674.6118138
1764827674.6118343 1764827710.9109645
1764827710.910989 1764827753.191045
1764827753.1910968 1764827797.8697724
1764827797.869793 1764827832.7568836
1764827832.756923 1764827865.5337324
1764827865.533751 1764827895.9700205
1764827895.9700572 1764827929.6887217
1764827929.6887584 1764827962.5610924
1764827962.5611136 1764827993.0969474
1764827993.0969734 1764828018.284202
1764828018.2842317 1764828043.6508422
1764828043.6508656 1764828078.4233422
1764828078.4233649 1764828112.3181279
1764828112.3181467 1764828150.5665588
1764828150.5665994 1764828180.0683832
1764828180.068407 1764828211.4227219
1764828211.4227438 1764828240.2527974
1764828240.2528243 1764828269.7740097
1764828269.77403 1764828287.369393
1764828287.3694289 1764828325.9322667
1764828325.9322872 1764828357.173088
1764828357.1731133 1764828388.7056425
1764828388.7056673 1764828423.4966047
1764828423.496627 1764828477.0362432
1764828477.0362678 1764828519.5737076
1764828519.5737405 1764828559.7759056
1764828559.7759333 1764828599.6636002
1764828599.66362 1764828645.163501
1764828645.1635263 1764828691.1232128
