1764824881.4961548 1764824920.391287
1764824920.3913133 1764824957.54405
1764824957.5440693 1764825004.031862
1764825004.0319002 1764825046.1719363
1764825046.1719544 1764825084.3971019
1764825084.397126 1764825127.4929616
1764825127.4929862 1764825173.1696334
1764825173.1696558 1764825212.347961
1764825212.3479824 1764825248.4084752
1764825248.408495 1764825279.2945032
1764825279.2945268 1764825311.1814659
1764825311.1814854 1764825354.0455048
1764825354.0455287 1764825405.1456785
1764825405.1457012 1764825459.2267497
1764825459.2267725 1764825525.2942257
1764825525.294244 1764825575.6658792
1764825575.665904 1764825614.720031
1764825614.7200537 1764825647.170426
1764825647.1704435 1764825676.6731265
1764825676.673149 1764825710.7447407
1764825710.7447577 1764825744.975144
1764825744.9751687 1764825792.2238727
1764825792.2238936 1764825850.1352775
1764825850.1352973 1764825910.3206947
1764825910.3207178 1764825961.2989287
1764825961.2989469 1764826000.284433
1764826000.284456 1764826045.1609986
1764826045.1610196 1764826076.6621463
1764826076.6621668 1764826105.778641
1764826105.7786627 1764826141.2486205
1764826141.248643 1764826175.4432497
1764826175.4432733 1764826209.8127983
1764826209.8128161 1764826251.1667166
1764826251.1667416 1764826299.5247812
1764826299.5247993 1764826339.1365793
1764826339.1366029 1764826386.4687433
1764826386.4687617 1764826426.9177222
1764826426.9177468 1764826468.9277697
1764826468.9277928 1764826509.93245
1764826509.9324708 1764826554.4428742
1764826554.4428973 1764826591.0287004
1764826591.0287209 1764826631.7728918
1764826631.7729154 1764826668.0529287
1764826668.052954 1764826715.7953913
1764826715.7954156 1764826763.7676377
1764826763.767656 1764826795.6201766
1764826795.6202004 1764826826.6549792
1764826826.6549978 1764826860.6958098
1764826860.695834 1764826897.785722
1764826897.7857478 1764826922.689713
1764826922.6897368 1764826957.0640943
1764826957.0641131 1764826989.911593
1764826989.9116437 1764827023.1577237
1764827023.1577415 1764827058.266991
1764827058.2670155 1764827089.03936
1764827089.0393777 1764827128.2760687
1764827128.2760925 1764827164.3471336
1764827164.3471603 1764827198.2705545
1764827198.2705798 1764827237.1938574
1764827237.1938806 1764827269.9000611
1764827269.9000802 1764827314.2137542
1764827314.2137768 1764827349.3089902
1764827349.3090146 1764827393.2130876
1764827393.2131054 1764827428.1538146
1764827428.1538365 1764827471.0637028
1764827471.063728 1764827501.6442685
1764827501.6443002 1764827536.4603238
1764827536.4603467 1764827567.864412
1764827567.8644316 1764827600.8620672
1764827600.8620863 1764827633.7030916
1764827633.7031147 1764827666.992807
1764827666.9928243 1764827707.5952203
1764827707.5952451 1764827752.8908122
1764827752.8908477 1764827796.4236114
1764827796.4236302 1764827835.7879312
1764827835.787956 1764827863.3559983
1764827863.356023 1764827890.9025602
1764827890.9025793 1764827926.282563
1764827926.2825868 1764827959.991438
1764827959.9914575 1764827990.1900954
1764827990.1901135 1764828015.9882286
1764828015.9882555 1764828049.1020834
1764828049.1021092 1764828079.0327191
1764828079.032738 1764828110.1996343
1764828110.1996536 1764828149.7462366
1764828149.7462626 1764828178.4774652
1764828178.477489 1764828207.8728576
1764828207.8728752 1764828239.0111969
1764828239.0112202 1764828268.2633042
1764828268.2633257 1764828298.1368995
1764828298.1369245 1764828331.9240587
1764828331.9240847 1764828366.676298
1764828366.6763165 1764828394.8970263
1764828394.89705 1764828435.78646
1764828435.7864778 1764828475.7756822
1764828475.7757084 1764828517.3704407
1764828517.3704603 1764828560.9219198
1764828560.9219398 1764828592.8404155
1764828592.84044 1764828636.3556728
1764828636.355691 1764828689.5957453
