1764824887.3988774 1764824928.4702454
1764824928.4702716 1764824966.9900913
1764824966.9901307 1764825009.1298826
1764825009.129914 1764825052.6927078
1764825052.692725 1764825095.0705004
1764825095.0705228 1764825133.5623915
1764825133.5624151 1764825178.5832195
1764825178.5832438 1764825217.5904298
1764825217.590448 1764825252.1432579
1764825252.143287 1764825284.531581
1764825284.5315986 1764825316.3357327
1764825316.3357606 1764825350.1378021
1764825350.1378205 1764825408.475224
1764825408.4752457 1764825465.0608282
1764825465.0608482 1764825526.1698816
1764825526.1699035 1764825578.9283335
1764825578.9283545 1764825619.6131248
1764825619.6131475 1764825649.899796
1764825649.8998146 1764825678.615897
1764825678.615919 1764825719.849204
1764825719.8492248 1764825746.3694305
1764825746.3694527 1764825795.7430444
1764825795.743066 1764825856.392477
1764825856.3925023 1764825907.4246287
1764825907.4246476 1764825962.26529
1764825962.2653108 1764826011.885449
1764826011.8854673 1764826048.1121497
1764826048.1121736 1764826077.1851168
1764826077.1851397 1764826116.2525504
1764826116.2525735 1764826144.8931134
1764826144.8931303 1764826177.6846876
1764826177.6847117 1764826213.4918454
1764826213.4918628 1764826255.4994612
1764826255.4994848 1764826302.6258767
1764826302.6258945 1764826340.4950604
1764826340.4950845 1764826384.7958903
1764826384.7959082 1764826432.6455045
1764826432.645529 1764826474.7205968
1764826474.7206204 1764826525.911256
1764826525.911277 1764826554.0617878
1764826554.0618074 1764826596.7245252
1764826596.7245471 1764826637.89006
1764826637.8900795 1764826670.2487752
1764826670.2487993 1764826722.242739
1764826722.2427635 1764826764.667086
1764826764.6671019 1764826798.3371341
1764826798.3371584 1764826830.1191711
1764826830.1191897 1764826863.0580688
1764826863.0580943 1764826902.7616062
1764826902.7616289 1764826927.5395353
1764826927.539553 1764826960.3540258
1764826960.3540504 1764826995.3063414
1764826995.306364 1764827033.6646369
1764827033.6646605 1764827061.609854
1764827061.609873 1764827097.4632115
1764827097.4632392 1764827130.8300598
1764827130.8300827 1764827167.0424423
1764827167.0424592 1764827202.522492
1764827202.5225153 1764827240.7553687
1764827240.755385 1764827273.3251622
1764827273.3251855 1764827313.9754598
1764827313.9754767 1764827351.3586
1764827351.3586242 1764827396.7826202
1764827396.7826376 1764827434.4467902
1764827434.4468133 1764827471.9633987
1764827471.9634285 1764827500.8575914
1764827500.8576071 1764827540.7115684
1764827540.7115922 1764827571.972218
1764827571.972236 1764827603.9184604
1764827603.9184844 1764827634.5326724
1764827634.5326967 1764827671.50581
1764827671.5058389 1764827711.9071898
1764827711.907208 1764827752.9665637
1764827752.966589 1764827797.8343408
1764827797.8343654 1764827827.8601785
1764827827.860201 1764827857.0990477
1764827857.0990686 1764827891.235641
1764827891.2356603 1764827923.55176
1764827923.5517771 1764827956.1519294
1764827956.1519518 1764827988.7394943
1764827988.7395163 1764828014.9290202
1764828014.9290435 1764828043.8556147
1764828043.8556335 1764828077.6149087
1764828077.6149337 1764828108.0753424
1764828108.0753605 1764828146.1575568
1764828146.1575816 1764828179.553265
1764828179.5532959 1764828208.4480906
1764828208.4481106 1764828240.2304008
1764828240.230425 1764828263.449515
1764828263.4495323 1764828293.9234028
1764828293.9234376 1764828335.4064357
1764828335.4064572 1764828365.87997
1764828365.879994 1764828399.6326642
1764828399.6326873 1764828433.3832302
1764828433.383248 1764828475.0936255
1764828475.0936482 1764828519.833274
1764828519.8332932 1764828559.2802775
1764828559.2803042 1764828599.1727
1764828599.1727262 1764828642.9894872
1764828642.9895113 1764828689.399626
