1756644530.7618477 1756644565.4432328
1756644565.4432523 1756644604.0128021
1756644604.0128212 1756644639.8133917
1756644639.8134139 1756644682.242069
1756644682.2420852 1756644724.2707298
1756644724.2707567 1756644756.3021579
1756644756.3021796 1756644801.8183043
1756644801.8183212 1756644831.8194532
1756644831.8194754 1756644895.7095156
1756644895.7095406 1756644942.9745686
1756644942.9745858 1756644974.3672562
1756644974.3672783 1756645005.2907867
1756645005.2908053 1756645039.5643783
1756645039.5644057 1756645084.8721693
1756645084.8721843 1756645124.5159962
1756645124.5160193 1756645168.961641
1756645168.9616683 1756645206.0054991
1756645206.0055249 1756645252.1388137
1756645252.1388454 1756645283.9722872
1756645283.9723105 1756645319.0970623
1756645319.0970926 1756645355.8434935
1756645355.8435156 1756645403.172069
1756645403.1720905 1756645445.8556716
1756645445.8556967 1756645484.0816875
1756645484.0817044 1756645527.6704323
1756645527.6704538 1756645567.733142
1756645567.7331605 1756645611.3475413
1756645611.3475704 1756645660.7144833
1756645660.714504 1756645695.3218083
1756645695.321827 1756645730.5767505
1756645730.576777 1756645762.4300694
1756645762.4300988 1756645802.1980877
1756645802.1981082 1756645858.0694153
1756645858.0694327 1756645906.5215034
1756645906.5215309 1756645963.2314143
1756645963.231436 1756646010.2171106
1756646010.2171366 1756646044.9125443
1756646044.9125707 1756646081.1060429
1756646081.1060734 1756646114.3197129
1756646114.3197353 1756646155.9650161
1756646155.9650478 1756646200.7955375
1756646200.7955964 1756646241.0014172
1756646241.001442 1756646274.1373546
1756646274.1373777 1756646320.3644485
1756646320.3644688 1756646370.5882125
1756646370.5882368 1756646410.0720146
1756646410.0720391 1756646446.4720426
1756646446.4720612 1756646479.2055306
1756646479.2055554 1756646526.3097064
1756646526.3097324 1756646566.812104
1756646566.812124 1756646592.0499475
1756646592.0499709 1756646621.0225987
1756646621.0226204 1756646661.7949557
1756646661.7949781 1756646700.132951
1756646700.132976 1756646753.8394198
1756646753.8394375 1756646803.1281269
1756646803.1281528 1756646837.5234253
1756646837.523451 1756646882.1245816
1756646882.1246028 1756646934.4866517
1756646934.486682 1756646971.0365744
1756646971.0365977 1756647010.410388
1756647010.4104083 1756647055.792361
1756647055.7923856 1756647092.0592265
1756647092.0592527 1756647130.8215559
1756647130.8215744 1756647169.3621333
1756647169.362155 1756647219.9599445
1756647219.959982 1756647273.647337
1756647273.6473553 1756647331.6696532
1756647331.6696706 1756647383.0010583
1756647383.0010898 1756647435.0234249
1756647435.023463 1756647474.737172
1756647474.7371893 1756647513.2019215
1756647513.2019527 1756647553.0819297
1756647553.0819502 1756647592.2031534
1756647592.203176 1756647613.5899942
1756647613.5900114 1756647641.693347
1756647641.6933708 1756647663.226225
1756647663.2262418 1756647720.1021316
1756647720.1021593 1756647781.0026617
1756647781.0026832 1756647846.522248
1756647846.522267 1756647907.324725
1756647907.3247495 1756647948.3091147
1756647948.3091333 1756647979.0217166
1756647979.0217412 1756648022.06321
1756648022.063229 1756648074.1656425
1756648074.1656647 1756648122.791101
1756648122.7911205 1756648176.419027
1756648176.4190738 1756648209.384963
1756648209.3849924 1756648237.476864
1756648237.4768946 1756648267.4970288
1756648267.4970553 1756648308.2468553
1756648308.2468762 1756648350.636368
1756648350.6363924 1756648384.3639944
1756648384.3640177 1756648422.357813
1756648422.3578312 1756648455.8258739
1756648455.825907 1756648503.8155444
1756648503.815573 1756648541.4530926
1756648541.4531174 1756648581.4625998
1756648581.4626172 1756648624.1889405
1756648624.188964 1756648658.6211102
