1761456024.6417398 1761456068.8844686
1761456072.8886786 1761456120.2618418
1761456128.269911 1761456166.935112
1761456168.937257 1761456223.2113264
1761456231.215662 1761456276.9016707
1761456281.9036105 1761456336.5677817
1761456340.571626 1761456398.329708
1761456401.331615 1761456454.6704903
1761456454.670517 1761456503.960359
1761456505.9624653 1761456578.2962558
1761456578.2962925 1761456638.1777828
1761456647.186926 1761456690.623963
1761456699.6316693 1761456746.6022208
1761456747.6033473 1761456789.4183338
1761456794.4234586 1761456851.830705
1761456860.8396056 1761456914.39371
1761456919.3956091 1761456979.7521944
1761456986.75935 1761457037.5972316
1761457046.6063645 1761457099.1607444
1761457108.1698673 1761457150.9880707
1761457150.9880931 1761457208.5391436
1761457213.5436742 1761457263.2840548
1761457273.2916152 1761457317.0719626
1761457324.0756595 1761457361.0424612
1761457361.0424929 1761457424.9526289
1761457432.9596362 1761457475.1648908
1761457479.1689699 1761457524.1233974
1761457533.1324692 1761457579.5226212
1761457584.5276687 1761457649.51564
1761457651.5177526 1761457718.035872
1761457725.0430038 1761457774.1287677
1761457780.1316483 1761457836.1719368
1761457837.1730464 1761457903.1528506
1761457913.1596735 1761457960.1880145
1761457963.1911137 1761458006.5543525
1761458008.5556228 1761458061.241582
1761458064.2447278 1761458115.9145854
1761458118.9156785 1761458162.5002856
1761458163.5014067 1761458222.6362615
1761458226.640356 1761458292.698739
1761458293.6998172 1761458344.4240162
1761458350.4277081 1761458407.5785906
1761458417.5887125 1761458484.5492759
1761458488.551752 1761458561.8493195
1761458565.8533924 1761458617.88145
1761458625.8895712 1761458671.6925323
1761458676.697682 1761458718.185633
1761458719.1867273 1761458786.2241704
1761458795.233356 1761458847.4697478
1761458857.4798832 1761458903.348455
1761458907.3516004 1761458949.0431108
1761458956.0501754 1761459005.9735277
1761459013.979681 1761459053.3941975
1761459062.4033294 1761459105.090265
1761459105.0902946 1761459159.4753475
1761459162.4784775 1761459204.5141156
1761459208.5182526 1761459266.352885
1761459274.3596785 1761459319.6733809
1761459323.675608 1761459385.2069407
1761459388.2079113 1761459433.288568
1761459440.2956033 1761459511.0056214
1761459517.0117528 1761459557.467343
1761459560.4704747 1761459642.1579492
1761459644.159701 1761459710.8198373
1761459712.8211844 1761459769.7229676
1761459777.7276752 1761459818.8259473
1761459822.8300705 1761459887.913475
1761459890.9165757 1761459933.76585
1761459934.7669153 1761459988.448198
1761459991.4513066 1761460043.4866502
1761460046.4897926 1761460081.004845
1761460086.0099173 1761460127.0273426
1761460130.027667 1761460187.1697376
1761460197.179831 1761460239.6135035
1761460244.6186256 1761460287.7383473
1761460294.74361 1761460345.5483038
1761460353.5563855 1761460401.0245922
1761460401.024617 1761460472.682621
1761460480.6907442 1761460530.400146
1761460530.4001677 1761460595.3034832
1761460605.3103426 1761460660.2533994
1761460661.253478 1761460721.3233087
1761460730.3324292 1761460786.3034256
1761460794.3115458 1761460834.1087315
1761460841.1156857 1761460890.2973351
1761460891.2983944 1761460950.576493
1761460957.5836265 1761461016.3214498
1761461016.3214707 1761461066.44505
1761461075.4516065 1761461124.4831097
1761461133.4922824 1761461167.8670943
1761461171.8712153 1761461233.958751
1761461241.9668312 1761461293.9240718
1761461300.927671 1761461362.660831
1761461369.6679466 1761461424.1793175
1761461430.1836782 1761461487.333554
1761461492.3356357 1761461543.78484
1761461550.7919128 1761461598.936414
1761461599.9375443 1761461654.6372242
1761461660.6396673 1761461719.7967832
1761461720.7979171 1761461764.7496617
