1761829181.617869 1761829239.1030543
1761829239.1030788 1761829281.3570704
1761829281.3570929 1761829322.638623
1761829322.638643 1761829369.7002244
1761829369.700261 1761829415.2448964
1761829415.2449186 1761829462.2807076
1761829462.2807283 1761829511.3932295
1761829511.3932498 1761829553.8615396
1761829553.8615634 1761829608.7896266
1761829608.7896478 1761829662.5154917
1761829662.515517 1761829730.2863061
1761829730.286327 1761829805.4068997
1761829805.406927 1761829855.3622017
1761829855.362221 1761829947.739224
1761829947.7392457 1761830016.920646
1761830016.9206722 1761830083.8978193
1761830083.897844 1761830156.2640777
1761830156.264102 1761830213.0828857
1761830213.0829072 1761830289.695409
1761830289.695432 1761830350.0546718
1761830350.0546942 1761830403.742766
1761830403.74279 1761830448.9267583
1761830448.9267802 1761830484.6292787
1761830484.6292982 1761830516.2862444
1761830516.2862644 1761830547.0510802
1761830547.0511026 1761830580.1886978
1761830580.188721 1761830615.6875272
1761830615.6875489 1761830650.4404902
1761830650.4405105 1761830683.9039845
1761830683.9040053 1761830717.4610658
1761830717.4610848 1761830756.441815
1761830756.4418395 1761830792.601708
1761830792.60173 1761830815.87545
1761830815.87547 1761830852.6106691
1761830852.6106944 1761830883.5992806
1761830883.5993004 1761830916.2370458
1761830916.2370696 1761830956.9560394
1761830956.9560652 1761830994.908548
1761830994.9085681 1761831035.2346597
1761831035.2346795 1761831077.164885
1761831077.164913 1761831106.7678332
1761831106.7678545 1761831184.0305989
1761831184.0306227 1761831264.7836645
1761831264.7836905 1761831323.991021
1761831323.9910421 1761831392.5287156
1761831392.5287437 1761831452.2378001
1761831452.2378333 1761831515.3244298
1761831515.3244567 1761831598.9366498
1761831598.9366748 1761831665.889613
1761831665.8896356 1761831707.445229
1761831707.4452617 1761831750.3799021
1761831750.379922 1761831790.3150938
1761831790.315114 1761831831.7674997
1761831831.7675252 1761831868.7360878
1761831868.736109 1761831916.014788
1761831916.0148077 1761831972.7591093
1761831972.759132 1761832011.67237
1761832011.6723945 1761832082.7578228
1761832082.7578437 1761832137.5040526
1761832137.5040736 1761832180.5736187
1761832180.57364 1761832243.0242999
1761832243.0243278 1761832284.312118
1761832284.3121393 1761832350.9375885
1761832350.9376118 1761832389.6622686
1761832389.6622918 1761832454.7980995
1761832454.7981288 1761832506.9809797
1761832506.9810038 1761832556.9319015
1761832556.9319224 1761832600.0898352
1761832600.089858 1761832649.7486355
1761832649.7486618 1761832701.582288
1761832701.5823097 1761832730.4540431
1761832730.4540646 1761832773.6830077
1761832773.6830304 1761832812.9838586
1761832812.9838846 1761832865.4244123
1761832865.4244335 1761832930.7913077
1761832930.7913299 1761833011.470798
1761833011.4708211 1761833094.948365
1761833094.9483874 1761833183.4839222
1761833183.4839506 1761833267.2275789
1761833267.227617 1761833338.3347085
1761833338.3347347 1761833387.9850988
1761833387.9851184 1761833433.599724
1761833433.59975 1761833495.0573502
1761833495.0573733 1761833561.3701138
1761833561.3701532 1761833644.9464004
1761833644.9464247 1761833725.3238668
1761833725.3238888 1761833810.7354429
1761833810.7354722 1761833840.1356215
1761833840.1356437 1761833894.6619673
1761833894.661991 1761833942.330682
1761833942.3307014 1761833989.7377791
1761833989.7378163 1761834036.394119
1761834036.3941715 1761834083.0699134
1761834083.0699372 1761834130.0470564
1761834130.0470846 1761834177.4605303
1761834177.4605515 1761834204.9662256
1761834204.9662468 1761834270.2819502
1761834270.2819748 1761834331.9270625
1761834331.9270842 1761834370.5063162
1761834370.5063415 1761834434.1081908
