1752975576.8828309 1752975604.4388623
1752975604.4389205 1752975633.430131
1752975633.4301581 1752975670.7577667
1752975670.7577932 1752975701.7620034
1752975701.7620268 1752975729.6655364
1752975729.665564 1752975757.8044941
1752975757.8045225 1752975784.4712944
1752975784.4713194 1752975812.9215186
1752975812.9215446 1752975844.6356096
1752975844.6356301 1752975877.9790423
1752975877.979067 1752975906.9063694
1752975906.9064002 1752975942.112544
1752975942.1125731 1752975979.3948135
1752975979.3948386 1752976007.4942772
1752976007.4943004 1752976039.337365
1752976039.3373897 1752976067.2619727
1752976067.2619984 1752976095.4995205
1752976095.4995465 1752976122.6912487
1752976122.691271 1752976152.0610485
1752976152.0610754 1752976181.5928228
1752976181.5928464 1752976209.9135048
1752976209.913531 1752976234.2256083
1752976234.2256386 1752976259.6407292
1752976259.6407533 1752976286.1256711
1752976286.125695 1752976313.480187
1752976313.480219 1752976340.3749497
1752976340.3749712 1752976367.1321762
1752976367.1322055 1752976398.3814573
1752976398.381493 1752976424.4045582
1752976424.4045827 1752976452.0888004
1752976452.0888274 1752976483.1747184
1752976483.1747377 1752976507.0608451
1752976507.0608737 1752976535.2470865
1752976535.2471163 1752976568.3839407
1752976568.3839626 1752976599.6928637
1752976599.6928911 1752976627.6365683
1752976627.6365893 1752976661.6170132
1752976661.6170347 1752976693.3164337
1752976693.3164585 1752976727.5229518
1752976727.5229805 1752976760.119029
1752976760.119052 1752976797.2790782
1752976797.2791038 1752976828.977755
1752976828.9777858 1752976856.1090617
1752976856.1090846 1752976884.5530114
1752976884.5530393 1752976915.7574353
1752976915.757462 1752976948.172915
1752976948.1729403 1752976979.3560803
1752976979.3561108 1752977006.9212787
1752977006.921307 1752977035.2268393
1752977035.2268674 1752977066.3741744
1752977066.3742027 1752977095.9099522
1752977095.909974 1752977123.6242368
1752977123.6242576 1752977152.7539902
1752977152.754015 1752977186.3194897
1752977186.3195126 1752977220.2142875
1752977220.2143195 1752977255.571928
1752977255.5719652 1752977282.0404465
1752977282.0404747 1752977310.7301793
1752977310.7301993 1752977340.3524013
1752977340.3524292 1752977370.0326562
1752977370.032679 1752977401.0734696
1752977401.0734963 1752977428.842825
1752977428.842849 1752977456.5388093
1752977456.5388322 1752977482.862515
1752977482.862541 1752977505.6543949
1752977505.6544204 1752977532.897662
1752977532.8976812 1752977556.620347
1752977556.620373 1752977577.2830682
1752977577.2830896 1752977604.5181432
1752977604.5181649 1752977630.6538432
1752977630.6538713 1752977653.106571
1752977653.1065907 1752977682.5363739
1752977682.536396 1752977712.688606
1752977712.688641 1752977740.13879
1752977740.1388097 1752977766.8722458
1752977766.8722734 1752977792.780753
1752977792.7807722 1752977819.541537
1752977819.5415642 1752977848.2523384
1752977848.2523603 1752977876.6730618
1752977876.6730847 1752977907.586356
1752977907.5863843 1752977937.5674996
1752977937.5675242 1752977974.4024282
1752977974.4024549 1752978002.6808305
1752978002.6808522 1752978036.9596002
1752978036.9596298 1752978067.4401572
1752978067.4401872 1752978094.122152
1752978094.1221719 1752978121.9578269
1752978121.9578485 1752978152.427136
1752978152.4271622 1752978187.8642747
1752978187.8642986 1752978217.845885
1752978217.8459117 1752978245.8177829
1752978245.817812 1752978277.3327491
1752978277.332775 1752978302.2122567
1752978302.2122865 1752978337.6947834
1752978337.6948085 1752978369.1157703
1752978369.1157975 1752978405.5457642
1752978405.5457878 1752978432.8795145
1752978432.87954 1752978470.1337516
1752978470.133774 1752978497.751576
1752978497.7516198 1752978521.7522488
1752978521.7522876 1752978547.7599032
1752978547.7599292 1752978574.4076467
1752978574.4076722 1752978601.545196
1752978601.545218 1752978626.09241
1752978626.0924385 1752978645.0398638
1752978645.0398855 1752978668.613108
1752978668.6131365 1752978692.3833928
1752978692.3834145 1752978722.0453563
1752978722.0453963 1752978757.2803192
1752978757.2803419 1752978784.4440405
1752978784.444067 1752978816.8630326
1752978816.8630528 1752978846.481139
1752978846.4811645 1752978885.6855829
1752978885.685605 1752978921.240941
1752978921.2409713 1752978953.4538443
1752978953.45387 1752978989.2715497
1752978989.2715766 1752979016.5735588
1752979016.573584 1752979045.3921523
1752979045.3921854 1752979075.02793
1752979075.0279522 1752979099.3712103
1752979099.371235 1752979132.9648988
1752979132.9649222 1752979165.294816
1752979165.2948425 1752979195.3000104
1752979195.3000407 1752979215.3119752
1752979215.3119967 1752979249.1975262
1752979249.1975484 1752979271.9638739
1752979271.9639003 1752979297.0546281
1752979297.0546556 1752979320.7129161
1752979320.7129471 1752979348.4400358
1752979348.4400578 1752979375.1757731
1752979375.175798 1752979401.0985203
1752979401.0985417 1752979426.3885915
1752979426.3886192 1752979451.6067874
1752979451.6068106 1752979478.9601405
1752979478.9601734 1752979500.465717
1752979500.465742 1752979525.99248
1752979525.992503 1752979556.9271371
1752979556.9271655 1752979583.5796504
1752979583.5796773 1752979610.3104138
1752979610.3104367 1752979635.3716254
1752979635.371648 1752979661.4537544
1752979661.4537752 1752979687.9602103
1752979687.9602528 1752979714.8452938
1752979714.8453147 1752979741.8421392
1752979741.842167 1752979772.4164
1752979772.4164312 1752979797.1772718
1752979797.1773021 1752979824.7014143
1752979824.7014372 1752979853.6181445
1752979853.618173 1752979881.9708364
1752979881.9708588 1752979904.113237
1752979904.113258 1752979934.0274346
1752979934.0274644 1752979966.3562877
1752979966.3563082 1752979987.831098
1752979987.8311348 1752980014.2853687
1752980014.285389 1752980045.4320686
1752980045.432093 1752980075.9482262
1752980075.9482503 1752980113.5320275
1752980113.5320487 1752980138.5436382
1752980138.5436685 1752980165.418345
1752980165.41838 1752980189.997163
1752980189.9971838 1752980213.056819
1752980213.0568395 1752980243.9782565
1752980243.978286 1752980269.9621341
1752980269.9621558 1752980296.7810075
1752980296.7810378 1752980321.4988246
1752980321.4988472 1752980346.7436733
1752980346.7437034 1752980372.4242916
1752980372.4243126 1752980396.7376592
1752980396.7376888 1752980419.968113
1752980419.968151 1752980442.708899
1752980442.7089202 1752980471.7639537
1752980471.7639794 1752980501.791193
1752980501.7912135 1752980537.2141123
1752980537.2141404 1752980565.9288073
1752980565.9288316 1752980601.955633
1752980601.9556553 1752980619.471681
1752980619.4717062 1752980644.619454
1752980644.6194835 1752980672.029387
1752980672.0294116 1752980705.4516501
1752980705.451705 1752980734.844013
1752980734.8440409 1752980759.6293764
1752980759.6294203 1752980786.1937804
1752980786.1938064 1752980815.7751403
1752980815.7751632 1752980843.9537854
1752980843.9538066 1752980875.6861897
1752980875.6862166 1752980896.5214195
1752980896.521445 1752980930.815087
1752980930.815115 1752980961.404064
1752980961.4040895 1752980991.9185772
1752980991.918601 1752981016.6317902
1752981016.6318164 1752981045.170754
1752981045.1707888 1752981070.4786804
1752981070.4787064 1752981100.0752835
1752981100.0753124 1752981131.465885
1752981131.4659116 1752981155.570867
1752981155.5708933 1752981184.9962041
1752981184.996233 1752981212.631393
1752981212.6314163 1752981237.7464046
1752981237.7464273 1752981264.4445758
1752981264.444618 1752981292.1851902
1752981292.1852155 1752981318.8337848
1752981318.8338134 1752981345.6719158
1752981345.6719472 1752981372.5751684
1752981372.5751996 1752981396.9952066
1752981396.9952335 1752981425.6642022
1752981425.6642327 1752981449.9026299
1752981449.902657 1752981475.1146905
1752981475.1147165 1752981501.4987595
1752981501.4987943 1752981524.8169358
1752981524.8169615 1752981553.048665
1752981553.0486977 1752981579.841308
1752981579.8413315 1752981603.8005068
1752981603.8005278 1752981633.8713968
1752981633.8714254 1752981660.0338523
1752981660.0338721 1752981694.254859
1752981694.2548802 1752981723.0245037
1752981723.024539 1752981752.1628048
1752981752.162832 1752981781.4658456
1752981781.465869 1752981811.8280275
1752981811.8280604 1752981835.8278003
1752981835.8278308 1752981857.5739439
1752981857.573973 1752981886.8412669
1752981886.84131 1752981913.4727736
1752981913.4728172 1752981947.1607594
1752981947.160787 1752981976.3283918
1752981976.3284206 1752982007.0520182
1752982007.0520453 1752982036.9277663
1752982036.927795 1752982059.998825
1752982059.9988463 1752982087.7275524
1752982087.727602 1752982118.213688
1752982118.2137125 1752982147.5677133
1752982147.5677364 1752982178.1838233
1752982178.1838539 1752982207.1161966
1752982207.1162236 1752982232.324331
1752982232.3243685 1752982259.6019256
1752982259.601958 1752982286.0909994
1752982286.091028 1752982310.9477694
1752982310.9477901 1752982337.3176801
1752982337.3177047 1752982364.105125
1752982364.1051471 1752982393.2205105
1752982393.2205307 1752982420.8226225
1752982420.8226497 1752982449.6368763
1752982449.6368995 1752982480.743668
1752982480.7436912 1752982510.7624183
1752982510.7624433 1752982538.1771758
1752982538.1771972 1752982565.6047988
1752982565.6048198 1752982592.0711248
1752982592.0711498 1752982620.064362
1752982620.06439 1752982644.4159672
1752982644.4159882 1752982669.5757556
1752982669.5757818 1752982695.795714
1752982695.7957356 1752982726.0134132
1752982726.0134342 1752982752.9395497
1752982752.939581 1752982778.9840279
1752982778.9840543 1752982807.4011045
1752982807.4011269 1752982835.7619672
1752982835.7619925 1752982869.8035998
1752982869.803633 1752982897.7035375
1752982897.7035704 1752982929.1926212
1752982929.1926465 1752982954.5019374
1752982954.5019746 1752982987.260784
1752982987.2608228 1752983018.3136156
1752983018.313644 1752983053.1327887
1752983053.1328247 1752983087.5488267
1752983087.5488555 1752983118.3843493
1752983118.3843768 1752983146.4250145
1752983146.4250348 1752983176.8883781
1752983176.8884056 1752983207.5636399
1752983207.5636716 1752983229.8020616
1752983229.8020868 1752983257.1361992
1752983257.136225 1752983280.4367304
1752983280.436756 1752983300.69864
1752983300.6986628 1752983327.8168697
1752983327.8168957 1752983355.3086073
1752983355.3086302 1752983383.1166449
1752983383.116671 1752983413.7908158
1752983413.7908392 1752983439.491386
1752983439.4914205 1752983465.9321136
1752983465.9321444 1752983491.1197038
1752983491.119745 1752983521.0831606
1752983521.083187 1752983553.0502102
1752983553.0502434 1752983584.2253065
1752983584.2253315 1752983613.1972427
1752983613.1972733 1752983642.4490561
1752983642.4490848 1752983664.2429135
1752983664.2429385 1752983688.4508035
1752983688.4508345 1752983709.8543472
1752983709.8543713 1752983736.8650818
1752983736.8651083 1752983762.950753
1752983762.9507825 1752983793.2652802
1752983793.2653081 1752983817.3382492
1752983817.3382757 1752983846.9841456
1752983846.984181 1752983872.741332
1752983872.7413595 1752983907.112457
1752983907.112488 1752983933.5960333
1752983933.5960593 1752983959.452795
1752983959.4528224 1752983983.0472004
1752983983.0472214 1752984013.5495753
1752984013.5495992 1752984043.8615544
1752984043.8615758 1752984069.5622172
1752984069.5622377 1752984097.5572112
1752984097.557235 1752984131.652739
1752984131.65276 1752984165.6142087
1752984165.6142285 1752984196.0602636
1752984196.060291 1752984224.52226
1752984224.5222836 1752984255.5646646
1752984255.5646968 1752984284.2310874
1752984284.2311404 1752984313.57527
1752984313.5752914 1752984345.659618
1752984345.6596634 1752984372.6629076
1752984372.6629333 1752984402.2016573
1752984402.2016804 1752984434.7667391
1752984434.7667618 1752984466.2183917
1752984466.218421 1752984495.8286939
1752984495.8287272 1752984529.5859084
1752984529.5859313 1752984563.064673
1752984563.0647006 1752984592.952773
1752984592.9528067 1752984625.6658485
1752984625.6658754 1752984652.1939943
1752984652.194013 1752984679.9556096
1752984679.9556406 1752984704.4831533
1752984704.4831731 1752984733.2998774
1752984733.299917 1752984757.4885879
1752984757.4886062 1752984783.2671092
1752984783.267135 1752984812.2360778
1752984812.2361028 1752984837.5148778
1752984837.5149057 1752984864.475031
1752984864.4750552 1752984886.0685387
1752984886.068573 1752984912.5585992
1752984912.5586288 1752984942.286465
1752984942.2864885 1752984970.2960372
1752984970.29606 1752984997.88127
1752984997.8812895 1752985024.2094812
1752985024.2095087 1752985052.3150032
1752985052.315024 1752985077.4583683
1752985077.4584076 1752985106.206704
1752985106.2067316 1752985135.515906
1752985135.515934 1752985164.9552934
1752985164.955313 1752985191.515014
1752985191.5150433 1752985221.223811
1752985221.223842 1752985241.2945569
1752985241.294578 1752985266.7385354
1752985266.738561 1752985291.2232733
1752985291.2232964 1752985314.9040391
1752985314.904068 1752985342.5412524
1752985342.541273 1752985368.3331592
1752985368.3331864 1752985392.3928294
1752985392.3928561 1752985414.814906
1752985414.814927 1752985449.3018627
1752985449.301889 1752985489.2577121
1752985489.2577322 1752985517.7890027
1752985517.7890294 1752985552.0364883
1752985552.0365167 1752985580.5373847
1752985580.537411 1752985604.1786718
1752985604.1787107 1752985631.778942
1752985631.7789662 1752985659.4356136
1752985659.4356363 1752985695.1456764
1752985695.1457093 1752985728.6692133
1752985728.6692421 1752985758.782203
1752985758.7822218 1752985791.898088
1752985791.8981287 1752985836.1028216
1752985836.1028473 1752985870.1354816
1752985870.135508 1752985905.0037503
1752985905.003774 1752985936.8718038
1752985936.8718336 1752985963.6582813
1752985963.6583092 1752986001.7824361
1752986001.7824783 1752986032.223554
1752986032.2236097 1752986059.2677777
1752986059.2678 1752986092.0813038
1752986092.0813334 1752986114.5700061
1752986114.5700254 1752986143.2530982
1752986143.2531216 1752986175.8510165
1752986175.8510456 1752986201.0802093
1752986201.0802555 1752986231.0603693
1752986231.0603974 1752986254.2066834
1752986254.2067103 1752986279.1939542
1752986279.193979 1752986300.7835786
1752986300.7836115 1752986329.009669
1752986329.0096893 1752986348.8534393
1752986348.8534741 1752986366.231063
1752986366.2310853 1752986389.9679272
1752986389.967952 1752986415.6944802
1752986415.694505 1752986442.9066503
1752986442.9066708 1752986470.9215739
1752986470.9215984 1752986496.178191
1752986496.178213 1752986523.6051307
1752986523.6051536 1752986553.924118
1752986553.9241576 1752986587.2328625
1752986587.232882 1752986617.1708884
1752986617.1709113 1752986651.063126
1752986651.0631588 1752986680.541473
1752986680.541504 1752986706.7359145
1752986706.735936 1752986737.0012972
1752986737.0013254 1752986766.4698613
1752986766.469885 1752986787.9027379
1752986787.9027612 1752986814.635543
1752986814.6355822 1752986841.5764172
1752986841.5764406 1752986869.119789
1752986869.1198146 1752986903.876828
1752986903.876849 1752986930.999575
1752986930.9996204 1752986963.0236073
1752986963.023629 1752986995.105539
1752986995.1055682 1752987021.7640524
1752987021.764083 1752987046.765104
1752987046.7651236 1752987075.5448804
1752987075.544911 1752987102.1090462
1752987102.1090734 1752987130.310685
1752987130.3107138 1752987156.3204162
1752987156.3204439 1752987181.4498947
1752987181.449925 1752987211.2868626
1752987211.286883 1752987237.6822495
1752987237.682275 1752987265.5974822
1752987265.5975094 1752987294.3206954
1752987294.3207307 1752987328.5138052
1752987328.513832 1752987356.0755234
1752987356.075549 1752987392.3501701
1752987392.350195 1752987421.1008296
1752987421.1008523 1752987456.4703863
1752987456.4704168 1752987491.1637635
1752987491.1637857 1752987517.3724456
1752987517.3724797 1752987546.7959516
1752987546.7959838 1752987571.4477246
1752987571.4477654 1752987602.4514098
1752987602.4514334 1752987627.5966568
1752987627.5966854 1752987657.41676
1752987657.4167857 1752987686.0321968
1752987686.032247 1752987720.8026605
1752987720.802682 1752987744.5056784
1752987744.5057077 1752987771.2027292
1752987771.2027526 1752987801.7742493
1752987801.774278 1752987832.385115
1752987832.3851366 1752987852.8682733
1752987852.8683038 1752987882.7044766
1752987882.704502 1752987911.0051267
1752987911.005156 1752987936.4924748
1752987936.4924982 1752987972.3978798
1752987972.3979175 1752987997.3262377
1752987997.3262668 1752988024.8692858
1752988024.869311 1752988057.689265
1752988057.6893218 1752988084.9212363
1752988084.9212568 1752988113.573309
1752988113.573343 1752988141.7377684
1752988141.7377923 1752988169.7841868
1752988169.784215 1752988196.0712984
1752988196.0713177 1752988226.346265
1752988226.346294 1752988257.8395598
1752988257.8395967 1752988283.1431184
1752988283.1431472 1752988306.738751
1752988306.738771 1752988327.7562263
1752988327.7562587 1752988353.2529004
1752988353.2529216 1752988379.246787
1752988379.246812 1752988411.1240666
1752988411.1240947 1752988439.306005
1752988439.3060355 1752988465.8348873
1752988465.8349211 1752988494.4634955
1752988494.4635222 1752988522.7538455
1752988522.7538698 1752988553.6173449
1752988553.617368 1752988580.9584167
1752988580.9584384 1752988610.0487158
1752988610.048744 1752988643.4029467
1752988643.4029682 1752988677.4546325
1752988677.4546616 1752988707.3449602
1752988707.34498 1752988738.7755787
1752988738.7756214 1752988773.6368787
1752988773.6369035 1752988801.7258568
1752988801.725877 1752988832.5058265
1752988832.5058541 1752988866.9960194
1752988866.9960415 1752988894.8064334
1752988894.8064632 1752988920.0695093
1752988920.0695353 1752988951.6157963
1752988951.6158195 1752988982.5928495
1752988982.5928752 1752989019.6502495
1752989019.650289 1752989046.8723595
1752989046.8723884 1752989083.82647
1752989083.8265197 1752989112.8160121
1752989112.816045 1752989150.7204618
1752989150.7205064 1752989180.2171948
1752989180.217226 1752989207.834218
1752989207.8342485 1752989239.9184022
1752989239.9184294 1752989273.2254298
1752989273.2254612 1752989303.013311
1752989303.0133355 1752989326.9597144
1752989326.959746 1752989364.224849
1752989364.2248704 1752989394.1320434
1752989394.1320806 1752989422.61791
1752989422.617934 1752989457.6282349
1752989457.6282682 1752989487.8311884
1752989487.8312087 1752989516.0862207
1752989516.0862489 1752989546.1909866
1752989546.1910102 1752989575.7628589
1752989575.7628818 1752989601.6484206
1752989601.6484444 1752989627.507975
1752989627.5079992 1752989654.4913213
1752989654.4913418 1752989678.902431
1752989678.9024568 1752989704.1199484
1752989704.119972 1752989728.531307
1752989728.531332 1752989755.1059415
1752989755.1059618 1752989783.3221881
1752989783.3222144 1752989812.5608046
1752989812.5608246 1752989844.4784312
1752989844.4784565 1752989875.2311115
1752989875.2311325 1752989904.1459858
1752989904.1460104 1752989931.379618
1752989931.3796382 1752989962.3787556
1752989962.3787756 1752989994.9988282
1752989994.998849 1752990032.085948
1752990032.0859785 1752990062.8298075
1752990062.8298266 1752990102.859883
1752990102.8599148 1752990136.6881845
1752990136.6882074 1752990170.3303344
1752990170.3303602 1752990195.2574031
1752990195.2574322 1752990221.3292294
1752990221.329249 1752990246.5584147
1752990246.5584407 1752990275.887792
1752990275.887821 1752990305.0373147
1752990305.0373387 1752990326.3682637
1752990326.3682954 1752990355.2740774
1752990355.2741034 1752990386.5115995
1752990386.5116348 1752990414.951724
1752990414.9517465 1752990445.2695646
1752990445.2695897 1752990476.747121
1752990476.747141 1752990505.681076
1752990505.6811028 1752990530.1318588
1752990530.1318805 1752990562.8528304
1752990562.8528576 1752990597.7211607
1752990597.7211852 1752990635.6839275
1752990635.6839507 1752990664.6555035
1752990664.6555297 1752990694.818091
1752990694.8181174 1752990727.5942016
1752990727.5942245 1752990757.1492765
1752990757.149297 1752990782.5873508
1752990782.5873787 1752990816.1693704
1752990816.1693995 1752990844.4358933
1752990844.435915 1752990872.8145914
1752990872.8146179 1752990902.3604066
1752990902.3604295 1752990932.129546
1752990932.1295674 1752990960.523663
1752990960.523686 1752990986.3828943
1752990986.3829207 1752991015.6286578
1752991015.6286783 1752991041.9256437
1752991041.92567 1752991067.092023
1752991067.0920436 1752991098.3403175
1752991098.340346 1752991129.2319274
1752991129.231949 1752991158.803057
1752991158.803082 1752991185.4596756
1752991185.459696 1752991212.9709868
1752991212.9710336 1752991245.1435306
1752991245.1436005 1752991269.862886
1752991269.86291 1752991296.6638875
1752991296.6639168 1752991323.8821473
1752991323.8821728 1752991349.1998887
1752991349.1999176 1752991375.8950863
1752991375.8951178 1752991405.2699277
1752991405.269955 1752991434.7546895
1752991434.7547176 1752991465.4045973
1752991465.404621 1752991494.2773013
1752991494.2773252 1752991525.6679354
1752991525.6679587 1752991556.1563764
1752991556.1564012 1752991584.934446
1752991584.9344676 1752991617.5189626
1752991617.5189886 1752991646.640242
1752991646.640263 1752991673.7070096
1752991673.7070374 1752991700.3508885
1752991700.35091 1752991725.9658332
1752991725.9658558 1752991754.1196957
1752991754.1197207 1752991784.1378853
1752991784.1379058 1752991811.8087294
1752991811.8087547 1752991842.5290651
1752991842.5290937 1752991867.844975
1752991867.8449993 1752991897.7807906
1752991897.7808235 1752991931.9617732
1752991931.961802 1752991958.3524306
1752991958.3524501 1752991992.6461494
1752991992.6461704 1752992022.3488145
1752992022.3488402 1752992053.9336557
1752992053.9336762 1752992089.1331115
1752992089.1331382 1752992120.0389726
1752992120.0390024 1752992152.1513104
1752992152.1513376 1752992175.7394626
1752992175.7394907 1752992199.485301
1752992199.4853282 1752992222.753552
1752992222.7535913 1752992248.0658634
1752992248.065908 1752992268.8037653
1752992268.803793 1752992300.5383716
1752992300.538397 1752992322.0642421
1752992322.0642717 1752992349.526807
1752992349.5268342 1752992377.0007522
1752992377.0007749 1752992408.5583556
1752992408.5583868 1752992435.924749
1752992435.9247878 1752992463.540329
1752992463.5403538 1752992489.7540016
1752992489.7540226 1752992521.8423367
1752992521.842365 1752992551.8831286
1752992551.883156 1752992579.444641
1752992579.4446678 1752992609.8307948
1752992609.8308153 1752992637.479506
1752992637.4795327 1752992665.734282
1752992665.734303 1752992698.3187609
1752992698.3187947 1752992728.0101337
1752992728.0101588 1752992758.4525223
1752992758.4525518 1752992786.997327
1752992786.9973536 1752992815.4657164
1752992815.46574 1752992849.7495983
1752992849.749623 1752992882.2631435
1752992882.263174 1752992913.8873732
1752992913.8874068 1752992939.747271
1752992939.7472932 1752992970.0523937
1752992970.0524166 1752992997.776319
1752992997.776347 1752993032.2911732
1752993032.2911954 1752993064.9128523
1752993064.9128802 1752993099.0143628
1752993099.0143836 1752993131.7764535
1752993131.7764795 1752993161.848396
1752993161.8484213 1752993191.1503508
1752993191.1503732 1752993218.7292783
1752993218.7293003 1752993242.9948123
1752993242.9948375 1752993269.4057717
1752993269.4057934 1752993296.498687
1752993296.498711 1752993325.928874
1752993325.928895 1752993352.1325085
1752993352.1325388 1752993376.9773645
1752993376.9773912 1752993392.4764838
1752993392.4765089 1752993416.8024473
1752993416.8024685 1752993441.2456021
1752993441.2456286 1752993466.764867
1752993466.7648923 1752993493.6414497
1752993493.6414695 1752993519.9951534
1752993519.9951777 1752993544.7032132
1752993544.703235 1752993572.0872934
1752993572.0873144 1752993597.8367736
1752993597.8367994 1752993623.9855285
1752993623.9855518 1752993651.0856485
1752993651.0856705 1752993676.8016589
1752993676.8016858 1752993700.4992268
1752993700.4992497 1752993726.6812675
1752993726.6812935 1752993754.1954603
1752993754.1954803 1752993785.3207746
1752993785.3207984 1752993814.5567694
1752993814.5567951 1752993843.2268555
1752993843.2268777 1752993870.8586407
1752993870.85867 1752993894.4473088
1752993894.447337 1752993920.067718
1752993920.0677505 1752993947.5600023
1752993947.5600276 1752993974.061694
1752993974.0617225 1752994001.0940285
1752994001.0940595 1752994026.1104853
1752994026.1105144 1752994052.4221287
1752994052.4221532 1752994080.7762444
1752994080.7762742 1752994111.3563073
1752994111.3563304 1752994146.4854012
1752994146.4854307 1752994175.4984162
1752994175.4984446 1752994203.2977016
1752994203.2977297 1752994231.029585
1752994231.0296106 1752994261.457959
1752994261.4579892 1752994291.7441506
1752994291.744174 1752994320.5088718
1752994320.5089135 1752994349.9456692
1752994349.9456909 1752994377.9795058
1752994377.9795353 1752994404.5097365
1752994404.509757 1752994440.9094105
1752994440.9094393 1752994467.1175976
1752994467.117621 1752994495.1913157
1752994495.1913416 1752994524.5507553
1752994524.5507815 1752994552.0663645
1752994552.066393 1752994581.982925
1752994581.9829473 1752994614.3720167
1752994614.372045 1752994644.0953972
1752994644.0954256 1752994674.808906
1752994674.808927 1752994704.7047162
1752994704.7047517 1752994729.883992
1752994729.8840175 1752994756.0466108
1752994756.0466394 1752994780.9028926
1752994780.9029174 1752994805.5789444
1752994805.578967 1752994828.79899
1752994828.7990155 1752994858.4511805
1752994858.451203 1752994883.3193722
1752994883.3194299 1752994908.6804364
1752994908.6804674 1752994934.6486027
1752994934.6486287 1752994964.3253307
1752994964.3253567 1752994983.8765574
1752994983.8765814 1752995010.0229526
1752995010.0229745 1752995047.4903688
1752995047.4904034 1752995075.3935573
1752995075.3936167 1752995110.0060894
1752995110.0061142 1752995136.1601157
1752995136.1601455 1752995165.0938897
1752995165.0939198 1752995199.052709
1752995199.052769 1752995225.929359
1752995225.929382 1752995259.0214477
1752995259.0214777 1752995302.8451927
1752995302.8452296 1752995333.7604446
1752995333.7604666 1752995367.558987
1752995367.55902 1752995390.6461422
1752995390.646165 1752995425.2126534
1752995425.2126873 1752995457.7987046
1752995457.7987275 1752995491.560409
1752995491.56044 1752995519.0500612
1752995519.0500844 1752995547.6426883
1752995547.6427178 1752995563.223086
1752995563.2231064 1752995587.3069232
1752995587.3069456 1752995610.1587796
1752995610.1588092 1752995636.1543782
1752995636.1544044 1752995659.7571366
1752995659.757161 1752995684.0955296
1752995684.0955586 1752995707.188113
1752995707.188138 1752995731.3943787
1752995731.3944182 1752995755.7963235
1752995755.79635 1752995779.85036
1752995779.850383 1752995809.507863
1752995809.5078938 1752995841.818085
1752995841.8181071 1752995871.9523861
1752995871.9524183 1752995900.5310946
1752995900.5311155 1752995937.6194663
1752995937.6194968 1752995969.3067207
1752995969.3067424 1752995998.6620286
1752995998.6620562 1752996027.2164977
1752996027.2165186 1752996060.5001357
1752996060.5001643 1752996093.6826823
1752996093.682705 1752996122.9757395
1752996122.9757712 1752996154.3961596
1752996154.396183 1752996187.1286714
1752996187.1286976 1752996209.1759484
1752996209.1759768 1752996237.2063375
1752996237.2063582 1752996265.0891488
1752996265.089173 1752996293.6144216
1752996293.6144674 1752996321.3668165
1752996321.3668377 1752996351.284432
1752996351.2844584 1752996378.1751559
1752996378.1751819 1752996408.090653
1752996408.0906808 1752996440.6588724
1752996440.6589038 1752996469.2116163
1752996469.2116494 1752996497.4075534
1752996497.407595 1752996525.4149635
1752996525.4149861 1752996544.913358
1752996544.9133842 1752996573.274974
1752996573.2749968 1752996603.7491045
1752996603.7491336 1752996627.4114435
1752996627.411467 1752996655.440327
1752996655.4403524 1752996681.933138
1752996681.9331605 1752996714.4710338
1752996714.4710572 1752996739.280373
1752996739.2804027 1752996767.2100277
1752996767.2100503 1752996800.4774172
1752996800.47746 1752996825.4695616
1752996825.469585 1752996854.376794
1752996854.3768237 1752996885.1526408
1752996885.152666 1752996914.5143795
1752996914.5144086 1752996941.7658868
1752996941.765913 1752996968.8230853
1752996968.8231084 1752996994.4636562
1752996994.463694 1752997023.175377
1752997023.1754062 1752997052.7173378
1752997052.7173576 1752997077.9692545
1752997077.9692814 1752997104.6145227
1752997104.6145449 1752997128.830236
1752997128.8302658 1752997154.213843
1752997154.2138648 1752997179.606723
1752997179.606753 1752997207.5004978
1752997207.500529 1752997234.4577558
1752997234.4577804 1752997271.610658
1752997271.610688 1752997295.082426
1752997295.082451 1752997323.5420234
1752997323.5420523 1752997355.1354537
1752997355.1354825 1752997391.3993814
1752997391.3994048 1752997414.5645497
1752997414.5645766 1752997445.1169794
1752997445.1170044 1752997472.7413995
1752997472.7414236 1752997499.3709245
1752997499.3709524 1752997526.224183
1752997526.2242045 1752997554.4675832
1752997554.4676118 1752997585.6894577
1752997585.6894794 1752997614.2564743
1752997614.2565036 1752997639.6047225
1752997639.604745 1752997671.519371
1752997671.5193915 1752997706.294806
1752997706.2948344 1752997740.447594
1752997740.4476225 1752997765.1542478
1752997765.1542695 1752997794.1623917
1752997794.162412 1752997824.2804348
1752997824.2804627 1752997851.9660444
1752997851.966065 1752997877.1613126
1752997877.1613321 1752997908.5690506
1752997908.569077 1752997929.98259
1752997929.98261 1752997956.5192835
1752997956.5193088 1752997983.299733
1752997983.2997558 1752998018.903826
1752998018.9038472 1752998048.462364
1752998048.4624064 1752998076.5852535
1752998076.5852807 1752998102.9580836
1752998102.9581044 1752998135.6556711
1752998135.655701 1752998164.2268896
1752998164.2269113 1752998191.0952609
1752998191.0952885 1752998221.4861298
1752998221.486155 1752998251.206065
1752998251.2060869 1752998281.840402
1752998281.840428 1752998316.6073031
1752998316.6073282 1752998346.1184278
1752998346.1184564 1752998376.956689
1752998376.9567192 1752998406.6105134
1752998406.6105392 1752998430.4315217
1752998430.4315612 1752998455.8446674
1752998455.8446963 1752998485.8137078
1752998485.813733 1752998517.2057793
1752998517.205801 1752998548.5942323
1752998548.5942633 1752998579.2646897
1752998579.2647157 1752998606.672256
1752998606.6722896 1752998638.930461
1752998638.9304864 1752998670.36363
1752998670.3636563 1752998694.7171187
1752998694.717141 1752998729.4843965
1752998729.4844258 1752998755.0136511
1752998755.0136776 1752998785.5537436
1752998785.5537734 1752998819.2508354
1752998819.250865 1752998847.3338883
1752998847.3339193 1752998881.287905
1752998881.2879272 1752998904.908891
1752998904.9089208 1752998935.8150454
1752998935.8150668 1752998966.273008
1752998966.2730358 1752998996.8380642
1752998996.8380892 1752999028.8670592
1752999028.8670824 1752999056.2957346
1752999056.2957675 1752999082.5789208
1752999082.578942 1752999112.9581776
1752999112.958206 1752999140.0261593
1752999140.0261822 1752999164.6885293
1752999164.688558 1752999190.0593047
1752999190.0593293 1752999212.204793
1752999212.2048197 1752999236.9733572
1752999236.9733825 1752999262.9622467
1752999262.9622686 1752999289.9379497
1752999289.937975 1752999322.5192182
1752999322.5192385 1752999356.694037
1752999356.6940637 1752999386.1254804
1752999386.1255 1752999416.9418948
1752999416.941922 1752999451.9056776
1752999451.905705 1752999485.0264223
1752999485.026449 1752999514.5579531
1752999514.5579796 1752999548.660271
1752999548.6603038 1752999582.734942
1752999582.734962 1752999611.783352
1752999611.783382 1752999644.974502
1752999644.9745276 1752999674.1028981
1752999674.1029248 1752999708.6264808
1752999708.626503 1752999733.4627767
1752999733.4628005 1752999767.7184565
1752999767.7184827 1752999803.963897
1752999803.963922 1752999831.314929
1752999831.3149564 1752999862.3975358
1752999862.3975637 1752999892.8739336
1752999892.8739622 1752999922.8157492
1752999922.8157818 1752999950.1380143
1752999950.1380382 1752999987.3362236
1752999987.3362577 1753000013.3674867
1753000013.3675125 1753000044.5177357
1753000044.5177672 1753000074.5587335
1753000074.558757 1753000107.5104282
1753000107.510461 1753000140.2489402
1753000140.2489753 1753000166.5522552
1753000166.5522797 1753000191.0857546
1753000191.0857766 1753000225.2993279
1753000225.2993567 1753000251.6670728
1753000251.6670933 1753000281.765428
1753000281.765457 1753000306.0751464
1753000306.0751705 1753000338.8971715
1753000338.8972359 1753000366.6807613
1753000366.6808014 1753000400.8968031
1753000400.8968322 1753000426.572821
1753000426.5728436 1753000454.0020833
1753000454.0021045 1753000482.271094
1753000482.271124 1753000505.9045
1753000505.9045334 1753000530.4486587
1753000530.4486861 1753000560.632421
1753000560.6324449 1753000586.1423826
1753000586.142412 1753000610.4381168
1753000610.43814 1753000636.1209168
1753000636.1209517 1753000662.1422002
1753000662.1422276 1753000692.5632381
1753000692.5632625 1753000726.3219502
1753000726.3219738 1753000763.9168825
1753000763.9169075 1753000791.8481445
1753000791.848177 1753000822.9708433
1753000822.9708645 1753000853.784743
1753000853.7847848 1753000886.8992102
1753000886.899238 1753000911.7786455
1753000911.778681 1753000947.1204994
1753000947.1205301 1753000978.128109
1753000978.128138 1753001005.3425975
1753001005.342634 1753001033.1364505
1753001033.1364837 1753001059.6456423
1753001059.6456666 1753001083.0616548
1753001083.0617027 1753001107.212561
1753001107.2125895 1753001135.6603067
1753001135.6603343 1753001167.7387254
1753001167.7387595 1753001188.68845
1753001188.6884742 1753001216.6577415
1753001216.6577716 1753001247.4625278
1753001247.4625516 1753001269.9559226
1753001269.955952 1753001297.178939
1753001297.1789644 1753001323.4818847
1753001323.48191 1753001354.1460385
1753001354.1460621 1753001380.732668
1753001380.7327025 1753001409.367275
1753001409.3672957 1753001433.2835085
1753001433.283534 1753001458.7364016
1753001458.736423 1753001483.3253338
1753001483.3253636 1753001514.2610502
1753001514.2610714 1753001536.5010448
1753001536.501069 1753001558.5583773
1753001558.558402 1753001584.6470425
1753001584.647063 1753001612.1232843
1753001612.1233113 1753001640.608087
1753001640.6081078 1753001665.496195
1753001665.4962492 1753001694.4850662
1753001694.4850903 1753001724.7032006
1753001724.7032294 1753001751.6284664
1753001751.6284907 1753001779.6568453
1753001779.6568758 1753001800.7590895
1753001800.7591136 1753001834.0868254
1753001834.0868568 1753001863.9804623
1753001863.9804876 1753001893.927794
1753001893.927822 1753001920.5943754
1753001920.594403 1753001952.988693
1753001952.9887202 1753001980.8912656
1753001980.8912885 1753002009.3501215
1753002009.3501487 1753002037.923875
1753002037.9238994 1753002071.3814244
1753002071.3814507 1753002102.8160806
1753002102.816107 1753002132.9276512
1753002132.9276745 1753002160.787273
1753002160.7873013 1753002200.669955
1753002200.6699781 1753002225.939524
1753002225.9395545 1753002254.3101723
1753002254.310198 1753002285.3396523
1753002285.3396862 1753002312.9115152
1753002312.9115415 1753002334.3594303
1753002334.3594558 1753002358.6465092
1753002358.6465306 1753002384.7095592
1753002384.7095876 1753002419.0942879
1753002419.0943115 1753002445.0444856
1753002445.044514 1753002479.7685726
1753002479.7686045 1753002507.8000088
1753002507.800038 1753002537.0455015
1753002537.0455236 1753002563.8409774
1753002563.8410063 1753002592.3800712
1753002592.3800917 1753002617.7033205
1753002617.7033465 1753002641.3542666
1753002641.3542902 1753002669.0053082
1753002669.0053294 1753002702.1046915
1753002702.1047184 1753002734.243498
1753002734.2435172 1753002762.1277094
1753002762.127745 1753002792.3578424
1753002792.35787 1753002817.0609975
1753002817.0610259 1753002847.2827456
1753002847.2827673 1753002878.3201756
1753002878.3202 1753002910.5560992
1753002910.556129 1753002935.6340063
1753002935.634044 1753002966.7781188
1753002966.7781458 1753003002.4640274
1753003002.4640489 1753003035.712601
1753003035.712628 1753003067.488894
1753003067.488914 1753003099.5111961
1753003099.5112236 1753003129.5453877
1753003129.5454104 1753003158.9654396
1753003158.9654593 1753003185.1353858
1753003185.1354122 1753003214.8023462
1753003214.8023684 1753003245.175803
1753003245.175831 1753003276.1250005
1753003276.1250224 1753003302.5273602
1753003302.5273864 1753003329.49476
1753003329.4947796 1753003357.6684299
1753003357.6684554 1753003384.565153
1753003384.5651758 1753003410.7853143
1753003410.7853339 1753003448.2787104
1753003448.2787359 1753003471.7764988
1753003471.7765324 1753003499.6360567
1753003499.636078 1753003529.2388039
1753003529.2388313 1753003559.9087603
1753003559.9087832 1753003594.1065388
1753003594.1065676 1753003622.8725019
1753003622.872524 1753003651.5066788
1753003651.5067081 1753003680.7895691
1753003680.7895913 1753003704.3091373
1753003704.309164 1753003733.8639338
1753003733.8639557 1753003763.4366207
1753003763.43665 1753003789.773802
1753003789.773828 1753003817.4742687
1753003817.4742925 1753003837.402726
1753003837.4027512 1753003868.6427376
1753003868.6427608 1753003893.5160291
1753003893.5160553 1753003918.7898436
1753003918.789873 1753003947.0457063
1753003947.0457346 1753003971.2863483
1753003971.2863688 1753004005.6631305
1753004005.6631627 1753004026.5952942
1753004026.595315 1753004052.6736665
1753004052.6736896 1753004083.6352167
1753004083.6352427 1753004110.4277785
1753004110.4278233 1753004131.344166
1753004131.3441875 1753004159.5995135
1753004159.59954 1753004188.0138383
