1752975570.0165045 1752975608.759202
1752975608.7592273 1752975634.1206174
1752975634.120639 1752975674.4921901
1752975674.4922252 1752975697.8243709
1752975697.8243904 1752975721.685991
1752975721.6860185 1752975752.9741466
1752975752.9741673 1752975780.8477886
1752975780.847813 1752975819.42075
1752975819.4207692 1752975850.1586008
1752975850.158626 1752975883.4798753
1752975883.4799004 1752975911.8769631
1752975911.876985 1752975940.4461002
1752975940.446124 1752975971.890531
1752975971.8905509 1752976003.8676007
1752976003.8676286 1752976035.0462875
1752976035.046308 1752976064.615906
1752976064.6159315 1752976092.5338855
1752976092.5339088 1752976120.9125328
1752976120.9125578 1752976151.342699
1752976151.342722 1752976180.8472395
1752976180.8472617 1752976209.0559337
1752976209.0559595 1752976237.0645907
1752976237.0646133 1752976258.9363766
1752976258.9364004 1752976285.4090989
1752976285.409121 1752976312.7817314
1752976312.7817526 1752976337.4379566
1752976337.437978 1752976362.9871259
1752976362.9871519 1752976390.9147696
1752976390.9147918 1752976416.853253
1752976416.8532712 1752976444.1068022
1752976444.1068249 1752976476.686879
1752976476.686898 1752976503.4721315
1752976503.4721587 1752976539.0690649
1752976539.069087 1752976564.8439574
1752976564.843978 1752976599.6089385
1752976599.608961 1752976630.3118122
1752976630.3118384 1752976658.9567983
1752976658.9568198 1752976693.7512145
1752976693.751241 1752976722.3587384
1752976722.358768 1752976756.2510386
1752976756.2510598 1752976787.3281586
1752976787.328182 1752976824.4427247
1752976824.4427435 1752976854.5099595
1752976854.5099845 1752976886.3964171
1752976886.3964405 1752976919.684271
1752976919.684298 1752976950.0312357
1752976950.0312555 1752976979.0588117
1752976979.058836 1752977007.2634408
1752977007.263465 1752977037.6990159
1752977037.6990445 1752977069.5636768
1752977069.5637057 1752977100.5367215
1752977100.5367477 1752977128.0661328
1752977128.0661545 1752977156.4989014
1752977156.498928 1752977187.5833013
1752977187.583322 1752977220.3188298
1752977220.3188531 1752977249.5780687
1752977249.5780864 1752977280.452797
1752977280.452834 1752977307.8592117
1752977307.8592308 1752977341.1815486
1752977341.1815932 1752977371.0426905
1752977371.0427134 1752977401.891843
1752977401.891867 1752977431.2630975
1752977431.263121 1752977451.6359928
1752977451.6360154 1752977481.5049965
1752977481.5050218 1752977510.4969246
1752977510.4969523 1752977537.6959934
1752977537.6960142 1752977561.5405643
1752977561.5405853 1752977582.157303
1752977582.1573308 1752977609.2495377
1752977609.249558 1752977632.3553853
1752977632.3554163 1752977655.8125181
1752977655.8125408 1752977685.0302937
1752977685.0303357 1752977712.5753455
1752977712.5753667 1752977736.2088199
1752977736.2088475 1752977763.8427608
1752977763.8427808 1752977793.447468
1752977793.4474897 1752977820.1795719
1752977820.1795924 1752977850.9992847
1752977850.9993057 1752977880.0198033
1752977880.0198307 1752977908.2439847
1752977908.2440062 1752977939.7257435
1752977939.7257655 1752977971.439376
1752977971.4394004 1752978005.6186054
1752978005.6186278 1752978037.9292645
1752978037.9292881 1752978067.7390482
1752978067.7390683 1752978092.5664341
1752978092.5664585 1752978119.1867073
1752978119.1867254 1752978146.393613
1752978146.3936365 1752978174.9222047
1752978174.9222236 1752978205.5276227
1752978205.527645 1752978236.7204394
1752978236.720457 1752978267.5089161
1752978267.5089395 1752978296.2919676
1752978296.2919858 1752978328.7051258
1752978328.7051482 1752978360.1950283
1752978360.1950474 1752978392.2349515
1752978392.2349746 1752978423.1661665
1752978423.1661851 1752978456.8672588
1752978456.8672817 1752978485.5230534
1752978485.523072 1752978521.5696733
1752978521.569702 1752978547.4890518
1752978547.4890873 1752978572.2963116
1752978572.2963367 1752978596.6951606
1752978596.6951797 1752978619.7481515
1752978619.7481763 1752978642.7310014
1752978642.731019 1752978666.3121986
1752978666.3122182 1752978688.779007
1752978688.77903 1752978714.437703
1752978714.4377203 1752978744.4131498
1752978744.413174 1752978783.6920106
1752978783.6920328 1752978822.9071426
1752978822.907164 1752978855.1125998
1752978855.1126208 1752978887.3222363
1752978887.322293 1752978925.8358011
1752978925.8358238 1752978952.414712
1752978952.4147322 1752978988.3644688
1752978988.3644936 1752979014.5589144
1752979014.558939 1752979040.9554293
1752979040.9554524 1752979072.6085591
1752979072.6085913 1752979104.6935842
1752979104.6936076 1752979138.8380125
1752979138.838041 1752979161.769718
1752979161.7697363 1752979188.2309604
1752979188.2309854 1752979215.3988802
1752979215.398901 1752979249.0348752
1752979249.0349002 1752979273.2170558
1752979273.2170775 1752979301.9321544
1752979301.932175 1752979324.9904916
1752979324.9905288 1752979353.1756592
1752979353.1756916 1752979382.7808676
1752979382.780886 1752979410.0426006
1752979410.0426254 1752979435.9595
1752979435.959523 1752979458.5777116
1752979458.5777326 1752979480.6620529
1752979480.6620767 1752979501.3197603
1752979501.3197896 1752979531.9917176
1752979531.9917424 1752979558.361679
1752979558.3617022 1752979581.130812
1752979581.130836 1752979612.5087447
1752979612.508765 1752979639.0620081
1752979639.0620356 1752979668.853227
1752979668.8532517 1752979692.1281078
1752979692.1281285 1752979717.8088338
1752979717.8088613 1752979746.6237454
1752979746.6237671 1752979768.5095284
1752979768.5095525 1752979793.9045238
1752979793.9045432 1752979825.7940695
1752979825.7940955 1752979850.7174451
1752979850.7174678 1752979877.1834815
1752979877.1835077 1752979904.7520819
1752979904.7521045 1752979932.8740907
1752979932.8741117 1752979963.3664954
1752979963.3665216 1752979990.013755
1752979990.0137742 1752980015.124306
1752980015.1243312 1752980048.5431247
1752980048.5431447 1752980076.0270867
1752980076.0271192 1752980110.895626
1752980110.8956466 1752980136.4814901
1752980136.4815152 1752980164.7986753
1752980164.7986963 1752980193.2716448
1752980193.2716715 1752980216.067195
1752980216.0672255 1752980241.0808897
1752980241.0809112 1752980266.1212718
1752980266.1212957 1752980293.7208152
1752980293.7208352 1752980317.640618
1752980317.6406417 1752980344.9568462
1752980344.9568772 1752980370.4588244
1752980370.4588478 1752980395.3259125
1752980395.3259363 1752980421.7876961
1752980421.7877228 1752980445.8216853
1752980445.8217082 1752980474.583117
1752980474.583145 1752980502.3953521
1752980502.395372 1752980532.2830796
1752980532.2830992 1752980563.4696739
1752980563.4697 1752980590.00345
1752980590.0034695 1752980619.8824875
1752980619.8825116 1752980651.4146132
1752980651.414634 1752980679.1548567
1752980679.1548765 1752980705.0858436
1752980705.0858681 1752980730.8047245
1752980730.804745 1752980758.5761342
1752980758.5761564 1752980789.8194535
1752980789.8194785 1752980817.8070862
1752980817.807106 1752980846.6085556
1752980846.6085854 1752980870.087139
1752980870.0871563 1752980897.5686188
1752980897.5686429 1752980930.8878853
1752980930.887924 1752980961.9528837
1752980961.9529037 1752980992.4015229
1752980992.4015427 1752981020.4493732
1752981020.449399 1752981044.2503667
1752981044.2503843 1752981068.4674425
1752981068.4674675 1752981095.8958743
1752981095.8958979 1752981124.6013565
1752981124.6013777 1752981155.8360853
1752981155.8361201 1752981187.540418
1752981187.5404408 1752981216.4609532
1752981216.4609835 1752981238.2232366
1752981238.223257 1752981264.8358197
1752981264.83584 1752981291.4732056
1752981291.4732318 1752981316.6531773
1752981316.6532006 1752981341.5632806
1752981341.5633044 1752981367.7650952
1752981367.765115 1752981394.3957207
1752981394.3957493 1752981423.4585621
1752981423.458583 1752981452.4857912
1752981452.4858148 1752981474.8197513
1752981474.8197749 1752981499.959211
1752981499.959235 1752981522.6966484
1752981522.696671 1752981555.4036639
1752981555.403684 1752981584.1774116
1752981584.177439 1752981611.516732
1752981611.5167506 1752981635.6382592
1752981635.6382856 1752981665.07973
1752981665.0797515 1752981696.9275608
1752981696.9276128 1752981723.8176863
1752981723.8177063 1752981747.7109525
1752981747.7109754 1752981780.233129
1752981780.2331476 1752981809.5075302
1752981809.5075567 1752981837.6943417
1752981837.6943722 1752981863.3550854
1752981863.3551152 1752981893.9951065
1752981893.9951248 1752981920.3024926
1752981920.3025205 1752981950.8128629
1752981950.8128846 1752981985.925378
1752981985.9254048 1752982010.5004368
1752982010.500457 1752982034.2450538
1752982034.2450755 1752982061.1664023
1752982061.166429 1752982093.5687609
1752982093.5687816 1752982121.745709
1752982121.745738 1752982151.5217988
1752982151.521823 1752982179.4265184
1752982179.4265413 1752982212.6387503
1752982212.6387737 1752982238.535662
1752982238.5356843 1752982261.867816
1752982261.8678732 1752982289.2582197
1752982289.2582424 1752982317.958873
1752982317.9589 1752982343.972114
1752982343.972134 1752982371.1042447
1752982371.104265 1752982401.1711686
1752982401.171195 1752982427.3801506
1752982427.3801692 1752982460.715104
1752982460.715129 1752982493.9479291
1752982493.9479475 1752982519.77343
1752982519.7734582 1752982546.2299905
1752982546.2300115 1752982571.4286702
1752982571.428715 1752982597.4737341
1752982597.4737544 1752982625.753851
1752982625.7538793 1752982653.702824
1752982653.7028513 1752982676.5269196
1752982676.5269442 1752982701.235845
1752982701.235874 1752982735.9823484
1752982735.9823718 1752982760.4822679
1752982760.4822965 1752982786.514574
1752982786.514597 1752982815.0356834
1752982815.0357099 1752982840.6968691
1752982840.696889 1752982871.919724
1752982871.9197476 1752982902.962163
1752982902.9621954 1752982928.8056397
1752982928.8056602 1752982956.3907087
1752982956.3907356 1752982990.116989
1752982990.11701 1752983020.0709238
1752983020.0709445 1752983059.421784
1752983059.4218137 1752983092.1692843
1752983092.169304 1752983121.9823644
1752983121.9823887 1752983152.3679552
1752983152.3679821 1752983182.2554271
1752983182.255453 1752983213.0482986
1752983213.0483189 1752983237.597661
1752983237.5976863 1752983260.570213
1752983260.5702338 1752983285.8083048
1752983285.8083332 1752983306.0554988
1752983306.055528 1752983333.318307
1752983333.318334 1752983359.3432071
1752983359.3432362 1752983385.5054858
1752983385.505507 1752983413.3508146
1752983413.3508396 1752983441.0357215
1752983441.0357447 1752983471.250089
1752983471.250115 1752983495.8670514
1752983495.8670704 1752983522.549088
1752983522.5491157 1752983558.5992837
1752983558.5993044 1752983585.1650627
1752983585.1650891 1752983610.488604
1752983610.4886255 1752983639.7147555
1752983639.7147787 1752983662.4406047
1752983662.4406312 1752983686.0777082
1752983686.0777266 1752983710.1206207
1752983710.1206498 1752983732.919521
1752983732.9291399 1752983758.7472153
1752983758.7472422 1752983788.382212
1752983788.3822467 1752983816.5289679
1752983816.528987 1752983842.2252698
1752983842.2252917 1752983870.7897487
1752983870.78977 1752983904.2592983
1752983904.259323 1752983939.7644663
1752983939.7644916 1752983961.2690244
1752983961.2690475 1752983989.1787477
1752983989.17877 1752984021.2221742
1752984021.222201 1752984051.7670822
1752984051.7671103 1752984077.0509288
1752984077.0509503 1752984104.667963
1752984104.6679835 1752984135.4006228
1752984135.4006515 1752984167.0383496
1752984167.0383704 1752984198.1047149
1752984198.1047406 1752984228.328434
1752984228.3284569 1752984256.0770783
1752984256.077099 1752984283.5957696
1752984283.5957968 1752984315.0870602
1752984315.0870812 1752984345.7557185
1752984345.7557404 1752984374.8053093
1752984374.8053353 1752984404.1693609
1752984404.169382 1752984432.8619378
1752984432.861961 1752984462.3248885
1752984462.3249106 1752984493.9650338
1752984493.9650536 1752984527.9822311
1752984527.9822578 1752984566.2203035
1752984566.2203252 1752984590.1837287
1752984590.1837559 1752984621.1692662
1752984621.1692877 1752984648.7764318
1752984648.776459 1752984680.8041291
1752984680.8041487 1752984711.7597847
1752984711.7598114 1752984736.785462
1752984736.7854817 1752984762.948175
1752984762.9482007 1752984787.6877916
1752984787.6878126 1752984813.734233
1752984813.7342546 1752984836.1663086
1752984836.1663377 1752984861.8634715
1752984861.8634937 1752984888.4228199
1752984888.4228582 1752984911.7094758
1752984911.7095037 1752984938.7089899
1752984938.7090125 1752984972.1383948
1752984972.138415 1752984999.1648583
1752984999.1648812 1752985022.6972606
1752985022.697281 1752985052.6683373
1752985052.6683586 1752985075.555347
1752985075.555368 1752985101.2403517
1752985101.2403781 1752985131.6507974
1752985131.6508195 1752985162.0311768
1752985162.031197 1752985188.3759758
1752985188.3760047 1752985215.108524
1752985215.1085465 1752985240.5127835
1752985240.5128143 1752985262.1109602
1752985262.1109822 1752985287.6870053
1752985287.6870334 1752985314.4816911
1752985314.4817226 1752985347.8240566
1752985347.8240817 1752985376.8947997
1752985376.8948226 1752985401.084861
1752985401.0848875 1752985422.8335357
1752985422.833557 1752985456.0645292
1752985456.064564 1752985488.8048146
1752985488.8048372 1752985522.599904
1752985522.5999327 1752985555.3502953
1752985555.3503304 1752985584.1273885
1752985584.1274126 1752985608.3548393
1752985608.3548615 1752985637.9771585
1752985637.977179 1752985662.7108786
1752985662.7109053 1752985695.784224
1752985695.7842448 1752985732.2710285
1752985732.2710545 1752985761.5039046
1752985761.5039232 1752985800.066071
1752985800.0660973 1752985833.6956909
1752985833.6957107 1752985865.3924825
1752985865.3925073 1752985899.4621308
1752985899.462153 1752985930.9429288
1752985930.9429512 1752985970.539402
1752985970.5394244 1752986000.0985816
1752986000.0986075 1752986030.6933584
1752986030.6933784 1752986060.9379997
1752986060.938025 1752986092.1240706
1752986092.1240997 1752986119.2463226
1752986119.2463486 1752986150.2616177
1752986150.2616374 1752986173.4948063
1752986173.4948342 1752986197.7774558
1752986197.777479 1752986226.9767313
1752986226.9767592 1752986250.8804412
1752986250.880464 1752986278.5770633
1752986278.5770857 1752986295.6097558
1752986295.60978 1752986321.1434677
1752986321.1434867 1752986346.2297819
1752986346.2298071 1752986368.322551
1752986368.32257 1752986394.7898035
1752986394.789824 1752986420.0818994
1752986420.0819254 1752986447.7494829
1752986447.7495046 1752986475.3699522
1752986475.3699734 1752986503.323528
1752986503.3235571 1752986529.9412236
1752986529.9412467 1752986554.4482167
1752986554.4482427 1752986590.8448422
1752986590.8448656 1752986618.791839
1752986618.7918675 1752986648.149592
1752986648.149613 1752986677.7421355
1752986677.7421641 1752986703.099148
1752986703.09917 1752986733.4100373
1752986733.4100587 1752986760.935169
1752986760.935194 1752986786.897842
1752986786.8978658 1752986812.090597
1752986812.0906188 1752986840.8398917
1752986840.8399167 1752986871.102986
1752986871.1030076 1752986897.1580837
1752986897.1581035 1752986928.9065669
1752986928.9065924 1752986957.4068615
1752986957.4068806 1752986988.6747723
1752986988.6747983 1752987020.1072671
1752987020.107288 1752987047.47179
1752987047.4718168 1752987073.1709588
1752987073.1709807 1752987101.3371825
1752987101.3372018 1752987127.7336648
1752987127.7336895 1752987153.5617917
1752987153.5618124 1752987179.2119346
1752987179.2119544 1752987213.1817613
1752987213.1817915 1752987236.9322033
1752987236.9322245 1752987261.910104
1752987261.910128 1752987298.7766256
1752987298.7766476 1752987330.3094742
1752987330.3095038 1752987359.318819
1752987359.31884 1752987398.4607341
1752987398.460759 1752987424.5913627
1752987424.5913858 1752987455.3017733
1752987455.3017976 1752987485.3429365
1752987485.3429623 1752987517.20768
1752987517.2077055 1752987548.0489137
1752987548.0489347 1752987575.3995132
1752987575.3995378 1752987603.227324
1752987603.2273495 1752987627.487907
1752987627.487934 1752987657.3852417
1752987657.3852623 1752987691.646041
1752987691.6460662 1752987722.0943773
1752987722.0943985 1752987749.4037912
1752987749.4038126 1752987772.5788
1752987772.578826 1752987800.2805345
1752987800.2805924 1752987827.6640444
1752987827.6640692 1752987860.7926316
1752987860.7926593 1752987888.135948
1752987888.135966 1752987914.7438674
1752987914.7438924 1752987935.3496268
1752987935.349654 1752987971.531522
1752987971.5315533 1752988008.3955083
1752988008.3955295 1752988030.8490076
1752988030.8490293 1752988064.284434
1752988064.284461 1752988092.1503963
1752988092.1504166 1752988118.2863624
1752988118.286381 1752988145.9682808
1752988145.968307 1752988177.455728
1752988177.4557507 1752988200.869974
1752988200.87 1752988228.9545443
1752988228.9545639 1752988263.7602437
1752988263.7602684 1752988285.528312
1752988285.5283341 1752988310.4005837
1752988310.4006078 1752988335.8040712
1752988335.8040934 1752988362.9501996
1752988362.9502203 1752988387.4766526
1752988387.4766786 1752988415.3711867
1752988415.3712068 1752988445.2634053
1752988445.2634273 1752988472.0696456
1752988472.069667 1752988497.514168
1752988497.5141928 1752988525.9313838
1752988525.931403 1752988559.9844449
1752988559.9844742 1752988588.446466
1752988588.4464872 1752988615.0986035
1752988615.0986347 1752988648.6806998
1752988648.6807208 1752988682.3584096
1752988682.3584356 1752988713.8833518
1752988713.883376 1752988740.275869
1752988740.275897 1752988777.319346
1752988777.319366 1752988810.157884
1752988810.15791 1752988840.9884868
1752988840.9885116 1752988872.0736406
1752988872.0736668 1752988899.0782478
1752988899.078277 1752988924.4823449
1752988924.4823647 1752988962.7451077
1752988962.745132 1752988990.8447573
1752988990.8447897 1752989021.4988961
1752989021.498924 1752989048.0265841
1752989048.0266063 1752989084.6809442
1752989084.680968 1752989121.4398317
1752989121.4398553 1752989148.4260268
1752989148.4260514 1752989175.5410526
1752989175.541072 1752989209.9426033
1752989209.9426284 1752989239.967519
1752989239.9675472 1752989271.8946722
1752989271.8946955 1752989297.92462
1752989297.924645 1752989328.95121
1752989328.9512303 1752989363.5430663
1752989363.5430906 1752989394.12145
1752989394.121475 1752989426.6210124
1752989426.6210399 1752989459.890441
1752989459.89046 1752989485.6317353
1752989485.631764 1752989514.7659655
1752989514.7659855 1752989545.226311
1752989545.2263355 1752989575.080705
1752989575.0807264 1752989608.3811586
1752989608.38119 1752989629.746963
1752989629.7469928 1752989658.8411736
1752989658.8412032 1752989683.092553
1752989683.0925918 1752989706.6928039
1752989706.6928248 1752989731.114607
1752989731.1146302 1752989759.1008024
1752989759.100829 1752989788.4133575
1752989788.413382 1752989815.6328402
1752989815.6328626 1752989847.6061053
1752989847.606129 1752989880.272478
1752989880.2725024 1752989907.2152145
1752989907.215234 1752989938.4844515
1752989938.4844785 1752989973.4942796
1752989973.4942997 1752990004.5759802
1752990004.5760045 1752990035.798292
1752990035.798314 1752990067.665201
1752990067.6652343 1752990102.1029265
1752990102.1029468 1752990132.6981359
1752990132.6981564 1752990162.5814009
1752990162.581429 1752990190.6502025
1752990190.6502228 1752990223.4371295
1752990223.437153 1752990250.1226268
1752990250.122653 1752990275.1439338
1752990275.1439552 1752990300.3185763
1752990300.3186145 1752990330.8193886
1752990330.819415 1752990360.4477177
1752990360.447738 1752990385.0879982
1752990385.0880249 1752990415.0052812
1752990415.0053015 1752990444.3204734
1752990444.3204994 1752990473.0634346
1752990473.063454 1752990500.6119373
1752990500.6119654 1752990529.6683266
1752990529.6683621 1752990560.5255747
1752990560.5255957 1752990589.7614758
1752990589.7615042 1752990621.836996
1752990621.8370156 1752990658.3576393
1752990658.35766 1752990688.427976
1752990688.428008 1752990718.5047615
1752990718.504794 1752990747.530298
1752990747.5303326 1752990776.348979
1752990776.349 1752990809.4929166
1752990809.492936 1752990851.8168218
1752990851.8168483 1752990879.0308852
1752990879.03091 1752990911.1287653
1752990911.128786 1752990937.1849864
1752990937.1850054 1752990965.6388512
1752990965.6388772 1752990995.9909198
1752990995.990942 1752991020.8164656
1752991020.8164911 1752991053.8343806
1752991053.8344026 1752991076.902434
1752991076.902457 1752991105.0610228
1752991105.0610442 1752991126.9243248
1752991126.9243517 1752991160.5030077
1752991160.503029 1752991186.6465998
1752991186.6466217 1752991213.210879
1752991213.2109065 1752991244.8723981
1752991244.8724236 1752991268.162491
1752991268.1625187 1752991295.1592047
1752991295.1592257 1752991322.6956222
1752991322.6956475 1752991351.8333826
1752991351.8334236 1752991377.6643114
1752991377.664336 1752991403.9140844
1752991403.9141133 1752991431.8658748
1752991431.8658962 1752991463.7253296
1752991463.7253528 1752991497.2583716
1752991497.2583961 1752991524.2641385
1752991524.26416 1752991560.0910337
1752991560.0910578 1752991593.9857674
1752991593.9858053 1752991627.1928701
1752991627.192895 1752991650.9866588
1752991650.9866788 1752991670.7066934
1752991670.706717 1752991698.6899083
1752991698.68993 1752991724.782409
1752991724.7824285 1752991756.3106897
1752991756.3107152 1752991788.9574249
1752991788.9574454 1752991819.2580144
1752991819.258039 1752991845.958151
1752991845.958182 1752991868.6690297
1752991868.669054 1752991897.0675576
1752991897.0676122 1752991929.17255
1752991929.1725717 1752991968.0371764
1752991968.0372014 1752991997.9448001
1752991997.944834 1752992032.1393404
1752992032.1393638 1752992061.1425152
1752992061.1425369 1752992094.9102826
1752992094.9103074 1752992122.8019562
1752992122.8019795 1752992149.0203934
1752992149.0204225 1752992177.8663301
1752992177.8663511 1752992205.6189296
1752992205.6189537 1752992227.7517788
1752992227.751799 1752992252.991201
1752992252.9912233 1752992271.878419
1752992271.878442 1752992299.6095273
1752992299.6095476 1752992321.1671362
1752992321.1671605 1752992345.500602
1752992345.5006206 1752992375.700002
1752992375.7000275 1752992407.4553595
1752992407.4553819 1752992433.763434
1752992433.7634544 1752992465.5166984
1752992465.5167255 1752992493.8063285
1752992493.8063524 1752992533.308243
1752992533.3082628 1752992558.2641668
1752992558.2641973 1752992587.8100767
1752992587.8101037 1752992617.4766843
1752992617.476705 1752992645.134724
1752992645.1347468 1752992672.4113598
1752992672.411387 1752992699.2124748
1752992699.2124949 1752992727.424688
1752992727.4247193 1752992754.9493296
1752992754.9493492 1752992788.480684
1752992788.4807053 1752992818.8706398
1752992818.8706653 1752992849.834245
1752992849.834265 1752992885.4005024
1752992885.400525 1752992914.77841
1752992914.7784371 1752992946.3129408
1752992946.3129592 1752992975.2625544
1752992975.26258 1752993010.435676
1752993010.4357 1752993040.2290356
1752993040.2290602 1752993064.871726
1752993064.871763 1752993103.7992737
1752993103.799295 1752993134.4242795
1752993134.4243085 1752993167.7042053
1752993167.704225 1752993197.0436108
1752993197.0436378 1752993224.1797292
1752993224.1797552 1752993252.0439615
1752993252.043988 1752993276.6287458
1752993276.6287713 1752993294.7593374
1752993294.75936 1752993322.456023
1752993322.4560466 1752993350.2598066
1752993350.2598257 1752993376.5414188
1752993376.5414457 1752993403.055116
1752993403.0551355 1752993423.5448503
1752993423.5448751 1752993447.5603113
1752993447.5603404 1752993471.471465
1752993471.4714947 1752993494.1914086
1752993494.1914325 1752993521.2937741
1752993521.2937992 1752993547.06819
1752993547.0682156 1752993576.6569004
1752993576.656924 1752993600.2715373
1752993600.2715569 1752993630.520834
1752993630.5208595 1752993660.2200902
1752993660.2201104 1752993682.2173605
1752993682.21739 1752993706.4695513
1752993706.4695725 1752993727.9217098
1752993727.9217334 1752993755.374996
1752993755.3750153 1752993786.567391
1752993786.5674114 1752993818.0357406
1752993818.0357668 1752993845.7861543
1752993845.7861726 1752993869.7356465
1752993869.7356703 1752993894.634322
1752993894.6343408 1752993922.0620396
1752993922.0620654 1752993945.828182
1752993945.8282056 1752993971.0307107
1752993971.030733 1752993996.3293202
1752993996.3293438 1752994024.6350417
1752994024.635063 1752994053.1732826
1752994053.1733105 1752994082.663859
1752994082.6638832 1752994113.5101116
1752994113.51013 1752994153.7993784
1752994153.799406 1752994180.1174216
1752994180.117441 1752994206.9893665
1752994206.9893966 1752994232.7971468
1752994232.7971692 1752994263.5930166
1752994263.5930421 1752994291.1944773
1752994291.1944985 1752994321.8103557
1752994321.8103771 1752994351.3277185
1752994351.3277564 1752994379.5002904
1752994379.5003138 1752994411.9253492
1752994411.925374 1752994440.2881434
1752994440.2881727 1752994464.1069653
1752994464.1069915 1752994496.6053784
1752994496.6053982 1752994523.6338909
1752994523.633911 1752994561.04941
1752994561.0494366 1752994588.3849437
1752994588.384963 1752994615.3756542
1752994615.3756826 1752994643.196505
1752994643.1965268 1752994671.1667519
1752994671.1667717 1752994700.388755
1752994700.3887777 1752994730.9025276
1752994730.9025545 1752994759.3752098
1752994759.3752308 1752994789.7996914
1752994789.7997136 1752994810.4720318
1752994810.4720666 1752994833.806139
1752994833.8061633 1752994860.00815
1752994860.0081775 1752994884.89994
1752994884.8999631 1752994908.9232683
1752994908.9232965 1752994934.2354002
1752994934.2354207 1752994959.3959773
1752994959.3959994 1752994985.0701878
1752994985.0702147 1752995018.6973228
1752995018.6973433 1752995046.9895725
1752995046.9895985 1752995077.3328764
1752995077.332906 1752995109.8047366
1752995109.8047574 1752995137.9502518
1752995137.9502838 1752995162.1347973
1752995162.134817 1752995200.4215543
1752995200.4215815 1752995228.9495735
1752995228.9495957 1752995266.98505
1752995266.9850738 1752995298.3206406
1752995298.320663 1752995329.936305
1752995329.9363277 1752995362.5835938
1752995362.583621 1752995391.8836198
1752995391.8836396 1752995430.9976716
1752995430.9976954 1752995465.0856833
1752995465.0857055 1752995493.6125927
1752995493.6126122 1752995519.0946803
1752995519.0947073 1752995546.8646536
1752995546.8646777 1752995568.805016
1752995568.805037 1752995596.0555706
1752995596.055605 1752995616.7959952
1752995616.7960243 1752995642.0694854
1752995642.0695152 1752995667.0899982
1752995667.0900283 1752995691.3915715
1752995691.3916216 1752995714.8699117
1752995714.8699408 1752995739.5523682
1752995739.5523984 1752995763.3823633
1752995763.3823922 1752995788.3162465
1752995788.3162718 1752995821.4574912
1752995821.4575176 1752995844.4246893
1752995844.424717 1752995874.959774
1752995874.9597998 1752995911.0570827
1752995911.0571053 1752995938.2267928
1752995938.2268188 1752995979.514323
1752995979.5143461 1752996008.4177482
1752996008.4177692 1752996037.6776974
1752996037.6777189 1752996070.08358
1752996070.0836225 1752996100.2110634
1752996100.2110844 1752996132.3457115
1752996132.3457372 1752996160.1111152
1752996160.1111414 1752996186.5090811
1752996186.5091083 1752996213.5575216
1752996213.5575488 1752996239.7921667
1752996239.7921963 1752996265.7538853
1752996265.7539065 1752996292.7060316
1752996292.706058 1752996324.0767071
1752996324.0767336 1752996353.9705946
1752996353.9706144 1752996383.043196
1752996383.0432253 1752996410.0634437
1752996410.0634623 1752996439.5991557
1752996439.599177 1752996466.960847
1752996466.9608727 1752996494.6094034
1752996494.6094267 1752996523.4531732
1752996523.4531996 1752996549.3790781
1752996549.3791025 1752996577.5573726
1752996577.5573947 1752996608.9306145
1752996608.930641 1752996632.5593014
1752996632.559332 1752996660.6803844
1752996660.6804087 1752996689.8133583
1752996689.81338 1752996713.1883383
1752996713.1883655 1752996742.2116332
1752996742.211657 1752996766.3389213
1752996766.3389454 1752996792.7107203
1752996792.7107432 1752996824.826451
1752996824.8264728 1752996852.0594041
1752996852.0594301 1752996883.4452677
1752996883.4452894 1752996912.590689
1752996912.590709 1752996941.0118968
1752996941.0119371 1752996969.0026531
1752996969.0026736 1752996998.7661998
1752996998.7662275 1752997025.8297198
1752997025.8297484 1752997053.9342506
1752997053.9342685 1752997081.4842114
1752997081.4842398 1752997106.3778548
1752997106.377874 1752997131.0035415
1752997131.0035777 1752997160.3304327
1752997160.3304524 1752997182.5457337
1752997182.5457551 1752997210.4471405
1752997210.4471653 1752997237.4365778
1752997237.4366045 1752997270.4399478
1752997270.439969 1752997294.7595284
1752997294.7595496 1752997324.1049387
1752997324.1049657 1752997357.810061
1752997357.8100877 1752997382.255465
1752997382.2554846 1752997421.076969
1752997421.0769951 1752997446.9177294
1752997446.9177604 1752997475.6209602
1752997475.6209884 1752997501.2597628
1752997501.2597857 1752997529.2786078
1752997529.2786322 1752997557.659526
1752997557.6595514 1752997587.5799348
1752997587.5799572 1752997620.1675029
1752997620.167525 1752997640.712794
1752997640.7128181 1752997672.7921572
1752997672.7921867 1752997708.4511302
1752997708.4511502 1752997743.3531847
1752997743.3532093 1752997769.210932
1752997769.2109525 1752997799.185211
1752997799.1852367 1752997826.3374145
1752997826.337434 1752997853.9671443
1752997853.967165 1752997879.227094
1752997879.2271185 1752997911.8640983
1752997911.86412 1752997935.2322736
1752997935.2323 1752997961.6689618
1752997961.668982 1752997988.863434
1752997988.8634555 1752998024.8062198
1752998024.8062432 1752998049.114998
1752998049.1150208 1752998080.1281447
1752998080.1281743 1752998108.0070007
1752998108.0070217 1752998139.715594
1752998139.715622 1752998165.5178936
1752998165.5179179 1752998196.541453
1752998196.5414712 1752998229.5147357
1752998229.5147603 1752998258.7891672
1752998258.7891877 1752998287.1698487
1752998287.169874 1752998317.1548917
1752998317.1549144 1752998347.9329367
1752998347.9329793 1752998376.6974292
1752998376.697455 1752998406.599543
1752998406.5995784 1752998433.4419541
1752998433.4419765 1752998456.922934
1752998456.9229608 1752998493.7846403
1752998493.7846618 1752998517.0255973
1752998517.0256252 1752998542.715619
1752998542.7156389 1752998572.0520563
1752998572.0520763 1752998601.2955804
1752998601.295624 1752998632.0897439
1752998632.089768 1752998663.6628933
1752998663.6629167 1752998694.116399
1752998694.1164181 1752998724.9213085
1752998724.921334 1752998753.9322824
1752998753.932305 1752998786.7103865
1752998786.7104104 1752998821.3751936
1752998821.3752234 1752998850.8797538
1752998850.879777 1752998873.6845531
1752998873.684581 1752998911.4861042
1752998911.4861238 1752998941.8753154
1752998941.8753397 1752998968.6925383
1752998968.6925585 1752998998.89907
1752998998.8990939 1752999027.8394706
1752999027.8394969 1752999058.4995348
1752999058.4995708 1752999089.366688
1752999089.3667076 1752999114.063518
1752999114.0635462 1752999143.175304
1752999143.1753223 1752999168.9827545
1752999168.9827836 1752999193.4394913
1752999193.4395146 1752999214.1015923
1752999214.1016226 1752999243.9076512
1752999243.90767 1752999272.4215918
1752999272.4216194 1752999294.2063382
1752999294.2063596 1752999325.2191796
1752999325.219204 1752999359.44624
1752999359.4462645 1752999390.0758464
1752999390.0758681 1752999422.7526526
1752999422.7526746 1752999451.323049
1752999451.3230734 1752999481.9768105
1752999481.9768333 1752999511.7719905
1752999511.7720122 1752999543.9315987
1752999543.9316275 1752999581.7530909
1752999581.7531097 1752999607.5166423
1752999607.516667 1752999645.108622
1752999645.1086495 1752999680.2611241
1752999680.2611454 1752999711.7982242
1752999711.79825 1752999737.786233
1752999737.7862527 1752999771.9997406
1752999771.9997687 1752999803.4106863
1752999803.410707 1752999826.711696
1752999826.7117221 1752999859.2330658
1752999859.233084 1752999896.5689802
1752999896.5690074 1752999926.4381285
1752999926.4381516 1752999961.62921
1752999961.6292338 1752999988.5845585
1752999988.5845814 1753000020.2133305
1753000020.213349 1753000047.894662
1753000047.89469 1753000076.576643
1753000076.5766737 1753000109.2199948
1753000109.220019 1753000142.0677924
1753000142.06782 1753000167.1564522
1753000167.1565135 1753000192.9470344
1753000192.947056 1753000227.1805346
1753000227.180567 1753000253.5475335
1753000253.5475557 1753000286.2339864
1753000286.2340052 1753000308.9092011
1753000308.9092295 1753000338.8553827
1753000338.8554099 1753000366.1253076
1753000366.1253312 1753000396.3573222
1753000396.357344 1753000429.2057261
1753000429.2057462 1753000456.2705214
1753000456.2705617 1753000479.6225843
1753000479.6226046 1753000507.190581
1753000507.1906145 1753000528.6603696
1753000528.6603904 1753000560.9018042
1753000560.9018302 1753000587.9429598
1753000587.9429817 1753000612.803399
1753000612.803428 1753000642.8008873
1753000642.8009088 1753000669.9946952
1753000669.9947197 1753000702.5098128
1753000702.509838 1753000735.1774604
1753000735.177479 1753000769.5706658
1753000769.5706913 1753000805.500214
1753000805.5002384 1753000832.6665983
1753000832.6666176 1753000857.2406137
1753000857.2406409 1753000884.2071214
1753000884.20716 1753000913.4409907
1753000913.441031 1753000946.5384672
1753000946.5384898 1753000974.8212554
1753000974.8212838 1753001002.5363524
1753001002.5363743 1753001030.1971018
1753001030.197125 1753001056.7950802
1753001056.7951043 1753001079.3308413
1753001079.330862 1753001104.9282846
1753001104.928316 1753001135.1255455
1753001135.1255662 1753001165.3289037
1753001165.32893 1753001194.0804963
1753001194.0805233 1753001218.739663
1753001218.7396839 1753001248.2070484
1753001248.2070696 1753001270.4371772
1753001270.4372027 1753001294.338502
1753001294.3385317 1753001323.2962804
1753001323.2963018 1753001352.540031
1753001352.540051 1753001379.3648245
1753001379.3648484 1753001408.9594297
1753001408.9594493 1753001435.2127116
1753001435.2127345 1753001460.7513857
1753001460.7514143 1753001484.140927
1753001484.1409466 1753001512.1722822
1753001512.1723082 1753001539.3050492
1753001539.305077 1753001564.097788
1753001564.0978074 1753001590.4987135
1753001590.498739 1753001618.9236195
1753001618.923648 1753001643.038119
1753001643.0381362 1753001665.9627056
1753001665.9627264 1753001693.651925
1753001693.651953 1753001721.8348563
1753001721.8348877 1753001746.4106429
1753001746.4106638 1753001774.0049899
1753001774.005014 1753001802.7385805
1753001802.7386086 1753001839.3034756
1753001839.3034973 1753001865.9438443
1753001865.9438682 1753001894.8800874
1753001894.8801117 1753001927.5375621
1753001927.5375836 1753001954.045105
1753001954.0451312 1753001980.959959
1753001980.9599824 1753002012.3386493
1753002012.3386707 1753002038.4325025
1753002038.4325244 1753002066.8242898
1753002066.8243163 1753002106.0053434
1753002106.0053627 1753002133.727747
1753002133.7277691 1753002167.5313897
1753002167.5314095 1753002193.4199111
1753002193.4199424 1753002222.3973796
1753002222.3974004 1753002250.4817228
1753002250.4817421 1753002277.1510024
1753002277.151027 1753002305.3548915
1753002305.354911 1753002332.2351792
1753002332.235204 1753002364.8101952
1753002364.8102155 1753002388.0729547
1753002388.0729926 1753002413.3969612
1753002413.3969831 1753002447.2414591
1753002447.2414799 1753002478.2999005
1753002478.2999208 1753002506.384452
1753002506.3844757 1753002533.9666097
1753002533.966631 1753002560.131678
1753002560.1317008 1753002590.180507
1753002590.1805258 1753002616.3860373
1753002616.386063 1753002649.7229834
1753002649.7230237 1753002677.1178358
1753002677.1178613 1753002708.4596772
1753002708.4597044 1753002735.4152627
1753002735.4152863 1753002763.3536944
1753002763.3537195 1753002797.1771276
1753002797.177151 1753002825.0704088
1753002825.0704358 1753002851.6642897
1753002851.6643093 1753002879.179258
1753002879.179278 1753002907.1214905
1753002907.1215174 1753002935.1661174
1753002935.166138 1753002968.6811917
1753002968.681219 1753003002.3294353
1753003002.3294568 1753003035.3621964
1753003035.3622198 1753003067.3661244
1753003067.366147 1753003100.3748085
1753003100.374828 1753003128.9768014
1753003128.9768493 1753003165.4154878
1753003165.415511 1753003190.5432014
1753003190.5432267 1753003218.6061015
1753003218.606126 1753003249.2005794
1753003249.2006056 1753003279.3352163
1753003279.3352447 1753003306.4085686
1753003306.4085977 1753003332.2673
1753003332.2673223 1753003359.9051218
1753003359.9051483 1753003389.1798747
1753003389.1798978 1753003414.1699045
1753003414.1699286 1753003442.5379617
1753003442.5379882 1753003473.1128907
1753003473.112915 1753003501.2770073
1753003501.2770278 1753003534.8777318
1753003534.877752 1753003564.1865065
1753003564.186532 1753003594.8086872
1753003594.8087132 1753003621.1783178
1753003621.17834 1753003649.1603887
1753003649.1604111 1753003680.1682205
1753003680.1682467 1753003706.995374
1753003706.9953933 1753003727.5819526
1753003727.5819793 1753003758.694192
1753003758.6942132 1753003789.7025359
1753003789.7025635 1753003817.565655
1753003817.5656738 1753003841.777288
1753003841.7773132 1753003868.3282459
1753003868.3282692 1753003898.5781384
1753003898.5781627 1753003927.8888996
1753003927.8889196 1753003950.2707853
1753003950.2708075 1753003979.1657326
1753003979.1657572 1753004006.0700595
1753004006.070082 1753004034.2665613
1753004034.2665818 1753004055.1342077
1753004055.1342306 1753004083.345595
1753004083.345624 1753004109.7579322
1753004109.7579515 1753004134.434109
1753004134.4341302 1753004162.2585928
1753004162.2586188 1753004188.0483372
