1756905508.0195036 1756905532.9919817
1756905532.9920013 1756905555.2436934
1756905555.2437153 1756905578.774911
1756905578.7749307 1756905601.3902714
1756905601.3902938 1756905626.2606633
1756905626.2606878 1756905650.5955253
1756905650.5955486 1756905677.124531
1756905677.124563 1756905696.6628687
1756905696.6628888 1756905715.8909764
1756905715.8909993 1756905745.8558972
1756905745.8559194 1756905771.4709926
1756905771.4710145 1756905794.5142822
1756905794.5143042 1756905817.2101526
1756905817.2101738 1756905845.0745153
1756905845.074552 1756905871.2712796
1756905871.271304 1756905899.022869
1756905899.0228918 1756905921.7277565
1756905921.7277796 1756905950.9106276
1756905950.9106567 1756905979.1824632
1756905979.1824832 1756906005.9613786
1756906005.9613988 1756906034.001316
1756906034.0013397 1756906058.9140322
1756906058.9140534 1756906086.7662828
1756906086.7663047 1756906115.3062644
1756906115.3062966 1756906135.453631
1756906135.4536614 1756906155.388506
1756906155.3885293 1756906184.510276
1756906184.5102983 1756906216.178712
1756906216.1787422 1756906248.5495427
1756906248.549567 1756906273.7298477
1756906273.729865 1756906300.2124465
1756906300.2124789 1756906327.3360975
1756906327.336119 1756906350.0489736
1756906350.0489945 1756906372.55204
1756906372.552075 1756906402.5563445
1756906402.5563712 1756906429.5648642
1756906429.5648916 1756906449.90207
1756906449.9021077 1756906472.31847
1756906472.3184974 1756906500.858259
1756906500.8582778 1756906525.5481308
1756906525.5481634 1756906550.8451004
1756906550.8451173 1756906572.4970026
1756906572.4970317 1756906593.719407
1756906593.7194316 1756906620.8133235
1756906620.8133507 1756906645.500179
1756906645.5002043 1756906671.2175238
1756906671.2175474 1756906697.7585986
1756906697.7586243 1756906722.685423
1756906722.6854467 1756906742.3021452
1756906742.302164 1756906765.7673323
1756906765.7673557 1756906792.9434109
1756906792.943442 1756906814.5521123
1756906814.5521317 1756906839.5353723
1756906839.5353925 1756906859.4756658
1756906859.475691 1756906886.254553
1756906886.2545726 1756906910.8095586
1756906910.8095832 1756906929.74627
1756906929.7462876 1756906958.2045743
1756906958.2045984 1756906988.5504935
1756906988.550512 1756907014.7093074
1756907014.7093332 1756907034.7510734
1756907034.7510912 1756907058.282646
1756907058.2826686 1756907090.2806692
1756907090.2806873 1756907112.917379
1756907112.9174042 1756907141.0011296
1756907141.0011544 1756907165.5806382
1756907165.5806582 1756907190.1513717
1756907190.1513953 1756907214.4782248
1756907214.4782684 1756907235.0876462
1756907235.087682 1756907260.2999036
1756907260.299922 1756907281.9702
1756907281.9702208 1756907305.3881257
1756907305.388145 1756907334.0482545
1756907334.0482836 1756907357.4256177
1756907357.4256356 1756907384.4226937
1756907384.4227183 1756907402.2692015
1756907402.269219 1756907426.0058992
1756907426.0059166 1756907458.155484
1756907458.155507 1756907479.2695723
1756907479.2695882 1756907506.5071516
1756907506.5071836 1756907529.0585618
1756907529.0585835 1756907555.743461
1756907555.7434914 1756907581.8468094
1756907581.8468287 1756907603.958125
1756907603.9581451 1756907623.796718
1756907623.7967434 1756907650.936305
1756907650.9363298 1756907676.7830877
1756907676.783114 1756907701.523121
1756907701.5231438 1756907726.7190013
1756907726.719033 1756907751.9327745
1756907751.932801 1756907772.4907146
1756907772.4907365 1756907804.044128
1756907804.0441518 1756907826.8860993
1756907826.886118 1756907851.292398
1756907851.2924173 1756907874.8232102
1756907874.823231 1756907901.7499452
1756907901.749969 1756907925.4909308
1756907925.4909565 1756907943.8332005
1756907943.833217 1756907974.991376
1756907974.9914086 1756908000.2793806
