1762500594.8108861 1762500689.6646674
1762500689.6646857 1762500769.019285
1762500769.019306 1762500849.063352
1762500849.063374 1762500915.1352866
1762500915.1353052 1762500985.2772226
1762500985.27725 1762501050.274733
1762501050.2747543 1762501117.0111358
1762501117.0111537 1762501195.6020193
1762501195.6020403 1762501376.956604
1762501376.956628 1762501483.4341486
1762501483.4341705 1762501607.0155053
1762501607.0155258 1762501669.2430878
1762501669.2431056 1762501724.9408693
1762501724.9408906 1762501784.676738
1762501784.6767573 1762501848.453303
1762501848.4533243 1762501910.0216079
1762501910.021625 1762501980.6554759
1762501980.655497 1762502139.9379506
1762502139.937968 1762502278.1783762
1762502278.1783972 1762502337.5693119
1762502337.5693328 1762502397.3533335
1762502397.3533509 1762502457.6323364
1762502457.632358 1762502511.968944
1762502511.968962 1762502567.1504714
1762502567.1504936 1762502622.8880935
1762502622.8881125 1762502680.466218
1762502680.4662356 1762502756.9474933
1762502756.9475145 1762502815.822629
1762502815.8226483 1762502888.887577
1762502888.8876143 1762502953.3824046
1762502953.382433 1762503040.6743107
1762503040.6743338 1762503187.8792043
1762503187.879235 1762503321.468701
1762503321.4687207 1762503467.7827559
1762503467.7827787 1762503604.3902962
1762503604.3903172 1762503692.2145069
1762503692.2145298 1762503776.4698503
1762503776.4698768 1762503851.7016246
1762503851.7016468 1762503953.713612
1762503953.713631 1762504043.3792686
1762504043.3792944 1762504141.624424
1762504141.6244478 1762504237.6708775
1762504237.6708965 1762504355.439162
1762504355.4391842 1762504472.6513224
1762504472.6513436 1762504553.0419538
1762504553.0419767 1762504626.650001
1762504626.650019 1762504722.2073126
1762504722.2073429 1762504777.5657609
1762504777.5657797 1762504874.5032449
1762504874.503266 1762504954.8630733
1762504954.8630915 1762505045.3674436
1762505045.3674793 1762505134.1174436
1762505134.1174788 1762505220.6905434
1762505220.690563 1762505311.7679725
1762505311.7679925 1762505405.012388
1762505405.012413 1762505482.9457767
1762505482.945796 1762505554.16379
1762505554.1638095 1762505626.9020529
1762505626.9020765 1762505689.4119303
1762505689.411953 1762505750.0450923
1762505750.045112 1762505817.6779191
1762505817.677942 1762505903.4161003
1762505903.416131 1762505963.5689178
1762505963.5689359 1762506041.6162167
1762506041.616243 1762506125.966019
1762506125.9660366 1762506204.3028448
1762506204.302867 1762506282.7937114
1762506282.7937298 1762506365.3067784
1762506365.3067994 1762506440.712668
1762506440.7126887 1762506524.7557633
1762506524.7557886 1762506598.0144715
1762506598.0144892 1762506672.0959504
1762506672.0959876 1762506736.8627155
1762506736.8627374 1762506831.4063451
1762506831.4063685 1762506953.4602182
1762506953.4602392 1762507053.7726989
1762507053.7727263 1762507130.738674
1762507130.7386954 1762507213.1750937
1762507213.1751204 1762507337.745125
1762507337.7451482 1762507456.3486123
1762507456.3486354 1762507572.6066127
1762507572.6066306 1762507686.3247073
1762507686.324733 1762507751.4822264
1762507751.4822445 1762507829.8273475
1762507829.8273706 1762507894.2401736
1762507894.2401953 1762507996.8245656
1762507996.8245912 1762508081.2805092
1762508081.2805276 1762508174.1544018
1762508174.1544297 1762508296.4271307
1762508296.4271493 1762508446.1880076
1762508446.1880302 1762508572.0355434
1762508572.0355735 1762508644.2256792
1762508644.2256985 1762508751.648147
1762508751.6481764 1762508814.7461538
1762508814.7461734 1762508929.3399732
1762508929.3399978 1762509076.76969
1762509076.769716 1762509170.5563838
1762509170.5564053 1762509303.9414227
1762509303.9414701 1762509435.5692818
1762509435.5693002 1762509542.8486536
