1762500603.283798 1762500690.0918326
1762500690.0918522 1762500764.8521256
1762500764.852147 1762500845.4176106
1762500845.417627 1762500893.044151
1762500893.0441728 1762500983.418757
1762500983.4187732 1762501049.410382
1762501049.410402 1762501115.7387073
1762501115.7387266 1762501202.1798024
1762501202.1798213 1762501327.1968622
1762501327.1968791 1762501482.2200909
1762501482.2201102 1762501603.4864395
1762501603.4864674 1762501675.0425704
1762501675.042607 1762501741.4929152
1762501741.4929333 1762501784.015896
1762501784.0159144 1762501856.8924932
1762501856.8925192 1762501920.0673556
1762501920.0673792 1762502005.7509282
1762502005.7509613 1762502170.638975
1762502170.6389956 1762502299.9950762
1762502299.9950993 1762502356.8193552
1762502356.8193746 1762502401.5432696
1762502401.5432944 1762502457.7576175
1762502457.7576382 1762502514.9026191
1762502514.9026425 1762502582.2633407
1762502582.2633615 1762502628.3558142
1762502628.3558383 1762502699.4212103
1762502699.4212296 1762502763.3688297
1762502763.368853 1762502826.933073
1762502826.9330916 1762502888.8560066
1762502888.8560314 1762502953.8789365
1762502953.8789618 1762503028.6367977
1762503028.6368213 1762503148.1503682
1762503148.1503875 1762503327.2826831
1762503327.282707 1762503465.378956
1762503465.3789787 1762503606.5282419
1762503606.5282657 1762503691.0260496
1762503691.0260763 1762503738.5770903
1762503738.5771103 1762503855.136659
1762503855.1366856 1762503946.7783992
1762503946.7784202 1762504036.0959468
1762504036.095972 1762504122.0791347
1762504122.0791576 1762504226.1362777
1762504226.1362994 1762504363.1400743
1762504363.1401007 1762504476.8442917
1762504476.8443146 1762504560.9388795
1762504560.938902 1762504629.3037505
1762504629.303778 1762504720.0329025
1762504720.032925 1762504768.294688
1762504768.294715 1762504894.622533
1762504894.6225545 1762504949.0755196
1762504949.07554 1762505062.133481
1762505062.1335068 1762505153.5240128
1762505153.524036 1762505239.66818
1762505239.6682076 1762505336.3643925
1762505336.3644147 1762505393.4759936
1762505393.4760194 1762505504.0885527
1762505504.0885756 1762505567.8649344
1762505567.8649623 1762505627.496036
1762505627.4960828 1762505691.4085839
1762505691.4086068 1762505745.148869
1762505745.1488953 1762505814.7945817
1762505814.7946053 1762505888.8976822
1762505888.8977067 1762505967.2025468
1762505967.2025757 1762506039.6327214
1762506039.6327472 1762506124.8574507
1762506124.8574717 1762506206.718471
1762506206.718496 1762506282.0994997
1762506282.0995262 1762506363.6138666
1762506363.6138864 1762506438.9269333
1762506438.9269598 1762506521.9799879
1762506521.9800072 1762506602.7131689
1762506602.7131922 1762506670.5336106
1762506670.5336332 1762506758.2593892
1762506758.2594128 1762506844.2502532
1762506844.2502768 1762506953.4586802
1762506953.4587047 1762507055.7339892
1762507055.734015 1762507116.953876
1762507116.953899 1762507189.50194
1762507189.5019596 1762507286.4136076
1762507286.4136407 1762507443.501158
1762507443.5011816 1762507543.6644385
1762507543.6644626 1762507674.1618154
1762507674.1618416 1762507757.5079827
1762507757.5080094 1762507821.8485777
1762507821.8486 1762507895.7230978
1762507895.723121 1762507971.8456185
1762507971.8456388 1762508103.0411222
1762508103.0411484 1762508227.6274943
1762508227.627521 1762508343.5482192
1762508343.5482454 1762508470.958699
1762508470.9587195 1762508570.5870314
1762508570.587056 1762508672.5295806
1762508672.529601 1762508756.9343953
1762508756.9344208 1762508839.2719133
1762508839.2719352 1762508952.803015
1762508952.8030398 1762509056.0412462
1762509056.0412674 1762509188.3945773
1762509188.3946056 1762509323.197129
1762509323.197157 1762509410.8715074
1762509410.8715272 1762509498.0212271
