1762500593.9292853 1762500679.5392823
1762500679.5393171 1762500771.0589118
1762500771.058943 1762500829.959066
1762500829.9590898 1762500910.0036325
1762500910.0036561 1762500971.4760294
1762500971.4760501 1762501035.334504
1762501035.334526 1762501108.8274891
1762501108.827509 1762501205.5089564
1762501205.5089786 1762501371.1379476
1762501371.1379716 1762501499.8925452
1762501499.8925679 1762501579.3549554
1762501579.3549752 1762501666.2182252
1762501666.2182653 1762501737.0641243
1762501737.064144 1762501791.0399466
1762501791.039986 1762501859.6233156
1762501859.6233337 1762501923.26426
1762501923.2642808 1762501995.2981613
1762501995.2981803 1762502180.3872163
1762502180.3872378 1762502270.886781
1762502270.886803 1762502356.081425
1762502356.0814464 1762502387.242572
1762502387.2425907 1762502458.1061575
1762502458.1061742 1762502515.8906705
1762502515.890695 1762502578.9791996
1762502578.9792154 1762502631.7610636
1762502631.7610857 1762502691.569206
1762502691.5692227 1762502765.5528338
1762502765.552855 1762502834.6642203
1762502834.6642432 1762502893.3503442
1762502893.3503656 1762502953.810858
1762502953.810902 1762503050.4380486
1762503050.4380677 1762503173.5257814
1762503173.5258045 1762503273.9809575
1762503273.980979 1762503428.651256
1762503428.6512744 1762503569.0640128
1762503569.0640345 1762503686.1769385
1762503686.1769717 1762503761.8460102
1762503761.8460283 1762503857.0990224
1762503857.0990436 1762503955.6661432
1762503955.6661649 1762504036.2633922
1762504036.2634103 1762504136.3398328
1762504136.3398552 1762504254.5456572
1762504254.54568 1762504362.6682925
1762504362.6683304 1762504478.1473622
1762504478.147382 1762504558.562168
1762504558.5621893 1762504629.8613398
1762504629.8613575 1762504718.0946586
1762504718.0946808 1762504797.605314
1762504797.6053364 1762504892.1084707
1762504892.1084893 1762504984.008834
1762504984.0088587 1762505068.1965535
1762505068.1965735 1762505156.5695307
1762505156.5695536 1762505250.1085672
1762505250.1085863 1762505334.1920173
1762505334.1920407 1762505414.4766645
1762505414.4766853 1762505502.8703864
1762505502.8704076 1762505564.957872
1762505564.9578931 1762505629.2770576
1762505629.2770793 1762505674.0463393
1762505674.0463588 1762505737.6395063
1762505737.639529 1762505810.561298
1762505810.5613163 1762505885.5036833
1762505885.5037098 1762505966.5806937
1762505966.5807145 1762506037.703337
1762506037.703361 1762506123.3448002
1762506123.3448203 1762506206.5099142
1762506206.5099404 1762506291.6825497
1762506291.682576 1762506369.2766564
1762506369.276676 1762506442.0715153
1762506442.0715382 1762506525.2134352
1762506525.213457 1762506570.3015027
1762506570.3015223 1762506652.257045
1762506652.2570634 1762506739.4007013
1762506739.400724 1762506848.315808
1762506848.3158326 1762506955.9084027
1762506955.9084241 1762507042.6176753
1762507042.617697 1762507124.9545462
1762507124.9545648 1762507188.6756015
1762507188.675626 1762507303.0448945
1762507303.0449126 1762507450.6672509
1762507450.667273 1762507549.062173
1762507549.062194 1762507667.6185029
1762507667.6185217 1762507749.3092232
1762507749.3092418 1762507826.0841837
1762507826.0842133 1762507894.9586601
1762507894.9586792 1762507993.972998
1762507993.973017 1762508088.5887284
1762508088.5887537 1762508224.4872384
1762508224.4872613 1762508340.392733
1762508340.392754 1762508481.0022953
1762508481.00232 1762508595.2816281
1762508595.2816505 1762508675.69408
1762508675.6941037 1762508761.8329098
1762508761.83293 1762508833.7642071
1762508833.7642322 1762508955.9689097
1762508955.968936 1762509055.2782905
1762509055.2783132 1762509166.5857244
1762509166.5857508 1762509291.5080144
1762509291.5080369 1762509383.7896295
1762509383.789653 1762509525.115353
