1752805362.9659488 1752805390.48702
1752805390.4870436 1752805420.3294752
1752805420.3295007 1752805450.8758311
1752805450.8758705 1752805480.2997222
1752805480.299747 1752805509.6612465
1752805509.6612732 1752805537.0010326
1752805537.0010567 1752805561.379405
1752805561.3794243 1752805588.116263
1752805588.116284 1752805615.209612
1752805615.2096312 1752805641.8031385
1752805641.803156 1752805668.0314908
1752805668.0315127 1752805697.4385269
1752805697.4385502 1752805727.769937
1752805727.769963 1752805755.470644
1752805755.4706595 1752805782.689943
1752805782.6899705 1752805811.517886
1752805811.5179067 1752805837.967278
1752805837.967302 1752805868.867847
1752805868.8678708 1752805891.9157255
1752805891.91575 1752805921.3266735
1752805921.326691 1752805951.0433393
1752805951.0433695 1752805981.1337395
1752805981.1337636 1752806005.6024172
1752806005.602435 1752806029.101981
1752806029.1020043 1752806052.179004
1752806052.17902 1752806077.9371188
1752806077.9371407 1752806106.191664
1752806106.191684 1752806134.1338668
1752806134.1338973 1752806157.1483402
1752806157.1483688 1752806181.9598327
1752806181.9598498 1752806202.7808938
1752806202.780922 1752806228.5705757
1752806228.5705984 1752806249.9962394
1752806249.9962637 1752806277.5789423
1752806277.5789678 1752806301.6365812
1752806301.636605 1752806330.4996111
1752806330.4996352 1752806358.5630002
1752806358.5630314 1752806390.402735
1752806390.4027588 1752806420.8490243
1752806420.8490424 1752806449.9154587
1752806449.915476 1752806480.2472064
1752806480.2472298 1752806511.1536999
1752806511.1537206 1752806547.3257136
1752806547.3257375 1752806573.1558166
1752806573.1558387 1752806609.1130233
1752806609.1130397 1752806639.3242226
1752806639.3242474 1752806671.8936713
1752806671.893694 1752806704.551243
1752806704.551262 1752806732.8960009
1752806732.896024 1752806766.9659767
1752806766.965999 1752806795.6754851
1752806795.6755087 1752806825.8577082
1752806825.8577273 1752806855.527093
1752806855.527116 1752806884.7890854
1752806884.7891095 1752806915.6166718
1752806915.6166956 1752806942.7895925
1752806942.7896183 1752806969.6420393
1752806969.6420772 1752807009.118619
1752807009.1186361 1752807038.4713316
1752807038.4713547 1752807068.904121
1752807068.904144 1752807096.5899754
1752807096.5899975 1752807128.0841918
1752807128.0842178 1752807156.0992968
1752807156.0993154 1752807183.834073
1752807183.8340964 1752807216.559199
1752807216.559217 1752807247.2189703
1752807247.2189965 1752807283.6470578
1752807283.6470788 1752807312.2595809
1752807312.259603 1752807342.2854853
1752807342.2855132 1752807374.7592776
1752807374.759299 1752807407.4365919
1752807407.4366093 1752807436.240204
1752807436.2402303 1752807459.9434888
1752807459.9435153 1752807492.513076
1752807492.513104 1752807517.1926677
1752807517.192688 1752807544.8143978
1752807544.8144147 1752807575.6725953
1752807575.6726203 1752807601.360143
1752807601.3601654 1752807632.4641411
1752807632.4641657 1752807663.2156928
1752807663.2157166 1752807694.3109467
1752807694.310967 1752807721.767027
1752807721.767063 1752807753.9304857
1752807753.9305108 1752807781.448337
1752807781.448361 1752807808.228105
1752807808.228126 1752807846.1246653
1752807846.124684 1752807876.7029545
1752807876.7029757 1752807900.1894076
1752807900.18943 1752807926.0656745
1752807926.0656958 1752807950.4513142
1752807950.4513333 1752807976.8130984
1752807976.813116 1752808002.987185
1752808002.9872127 1752808027.3980873
1752808027.398107 1752808058.0657575
1752808058.0657842 1752808079.9744592
1752808079.974477 1752808106.717601
1752808106.7176268 1752808134.1561067
1752808134.1561317 1752808161.6359704
1752808161.6359897 1752808189.32454
1752808189.324563 1752808210.850743
1752808210.8507614 1752808236.3221285
1752808236.322172 1752808261.9372401
1752808261.937261 1752808294.5536697
1752808294.5536864 1752808324.935112
1752808324.9351346 1752808351.2245448
1752808351.2245643 1752808379.6512895
1752808379.6513073 1752808404.477825
1752808404.4778457 1752808431.2011404
1752808431.2011611 1752808456.015762
1752808456.0157952 1752808481.1635423
1752808481.1635952 1752808514.547758
1752808514.5477865 1752808546.0109766
1752808546.0109968 1752808571.8302443
1752808571.830266 1752808607.0450666
1752808607.0450988 1752808640.774287
1752808640.7743084 1752808671.4334557
1752808671.4334764 1752808703.6173446
1752808703.6173713 1752808734.975966
1752808734.9759827 1752808770.587276
1752808770.5872939 1752808800.2963147
1752808800.296338 1752808836.2725403
1752808836.272562 1752808875.3711343
1752808875.3711586 1752808907.1492336
1752808907.1492553 1752808937.0373945
1752808937.0374193 1752808963.035333
1752808963.035352 1752808992.0511618
1752808992.051178 1752809026.5484998
1752809026.548523 1752809062.5761094
1752809062.576128 1752809093.2191536
1752809093.2191978 1752809128.3778172
1752809128.3778389 1752809157.7109182
1752809157.7109435 1752809188.3405383
1752809188.3405576 1752809221.807249
1752809221.8072748 1752809259.447788
1752809259.4478047 1752809294.9854832
1752809294.9855165 1752809321.9704368
1752809321.9704583 1752809347.9473624
1752809347.9473875 1752809377.7810912
1752809377.781109 1752809398.4434743
1752809398.4435015 1752809423.3515966
1752809423.3516145 1752809450.6936038
1752809450.6936264 1752809483.922826
1752809483.9228482 1752809506.6811974
1752809506.6812165 1752809531.060352
1752809531.06038 1752809553.19407
1752809553.1940877 1752809577.405791
1752809577.4058127 1752809601.3622983
1752809601.3623242 1752809625.6000893
1752809625.6001081 1752809652.4397876
1752809652.4398105 1752809679.9947116
1752809679.9947326 1752809706.4619005
1752809706.4619327 1752809733.483631
1752809733.4836564 1752809757.6098156
1752809757.6098392 1752809782.3375108
1752809782.3375428 1752809807.0586383
1752809807.0586698 1752809830.613569
1752809830.613614 1752809854.1567707
1752809854.1567924 1752809878.241606
1752809878.2416325 1752809903.3467743
1752809903.3467927 1752809929.5518966
1752809929.5519223 1752809955.7461488
1752809955.7461727 1752809980.155258
1752809980.1552858 1752810007.3836846
1752810007.383722 1752810032.0399473
1752810032.0399895 1752810055.0606315
1752810055.0606523 1752810083.3811252
1752810083.3811493 1752810113.1022482
1752810113.1022677 1752810139.6381655
1752810139.6381903 1752810166.527794
1752810166.5278208 1752810192.2237103
1752810192.2237315 1752810217.21069
1752810217.2107093 1752810252.5068622
1752810252.506886 1752810277.6884177
1752810277.688441 1752810302.3091838
1752810302.3092072 1752810336.5255313
1752810336.525548 1752810358.1855905
1752810358.1856155 1752810385.2804418
1752810385.280465 1752810411.68272
1752810411.682748 1752810440.3797688
1752810440.3797936 1752810470.0818305
1752810470.081853 1752810503.466972
1752810503.4669936 1752810532.849183
1752810532.8492181 1752810557.223542
1752810557.223579 1752810582.9231498
1752810582.9231672 1752810621.0837853
1752810621.0838094 1752810644.1865706
1752810644.1865904 1752810667.779545
1752810667.7795727 1752810697.483785
1752810697.4838097 1752810728.806089
1752810728.8061066 1752810759.7543008
1752810759.7543225 1752810796.700942
1752810796.7009597 1752810827.734237
1752810827.734258 1752810865.5767226
1752810865.5767431 1752810901.2283065
1752810901.2283375 1752810934.5848336
1752810934.5848627 1752810963.437584
1752810963.4376104 1752810992.869781
1752810992.8698027 1752811024.6850111
1752811024.6850307 1752811052.8585303
1752811052.858573 1752811082.3882134
1752811082.388235 1752811114.4581077
1752811114.4581263 1752811144.1463335
1752811144.1463614 1752811173.8962028
1752811173.8962307 1752811201.0974815
1752811201.0974994 1752811231.190291
1752811231.190308 1752811262.461544
1752811262.4615667 1752811295.6568706
1752811295.6568973 1752811322.1960025
1752811322.1960268 1752811350.0503058
1752811350.0503259 1752811375.8980832
1752811375.8981035 1752811407.0930195
1752811407.093045 1752811439.77727
1752811439.7772915 1752811465.7130713
1752811465.7130933 1752811493.1066613
1752811493.106678 1752811528.0424495
1752811528.0424693 1752811558.9328253
1752811558.9328773 1752811587.5511146
1752811587.5511394 1752811613.7841713
1752811613.784212 1752811639.9521112
1752811639.9521296 1752811671.2755144
1752811671.2755325 1752811702.9875336
1752811702.9875576 1752811731.0843148
1752811731.0843344 1752811760.3341749
1752811760.334201 1752811793.3197625
1752811793.3197887 1752811821.5597885
1752811821.559806 1752811850.304042
1752811850.304066 1752811879.7396345
1752811879.7396624 1752811907.4158325
1752811907.4158514 1752811940.2460098
1752811940.2460334 1752811966.321182
1752811966.3212006 1752811992.8491418
1752811992.8491611 1752812023.6879332
1752812023.687958 1752812049.9650369
1752812049.9650578 1752812077.76811
1752812077.7681406 1752812106.7303724
1752812106.730392 1752812130.9706168
1752812130.9706454 1752812158.2613993
1752812158.2614167 1752812184.4894817
1752812184.4895103 1752812208.6847477
1752812208.684772 1752812235.0308926
1752812235.0309107 1752812263.5578542
1752812263.5579026 1752812290.7764266
1752812290.7764459 1752812316.8183675
1752812316.8183916 1752812344.6316688
1752812344.6316981 1752812373.9169915
1752812373.9170117 1752812399.4623241
1752812399.4623563 1752812428.3324
1752812428.3324194 1752812455.497674
1752812455.4976997 1752812481.103935
1752812481.1039526 1752812507.375934
1752812507.3759534 1752812528.0208466
1752812528.0208757 1752812549.693919
1752812549.6939363 1752812574.2625687
1752812574.2625957 1752812603.7622988
1752812603.7623153 1752812628.45839
1752812628.4584334 1752812657.8586495
1752812657.8586693 1752812683.2905664
1752812683.2906096 1752812705.1354766
1752812705.1354966 1752812731.7674742
1752812731.7675033 1752812756.9019642
1752812756.9019847 1752812786.5571947
1752812786.5572379 1752812806.9882462
1752812806.9882667 1752812829.905194
1752812829.9052153 1752812855.4042041
1752812855.404231 1752812883.5455544
1752812883.5455723 1752812914.4230235
1752812914.4230464 1752812936.6054273
1752812936.6054466 1752812962.7811465
1752812962.7811701 1752812990.4935513
1752812990.4935722 1752813015.1015239
1752813015.101558 1752813040.9117064
1752813040.911725 1752813071.0546098
1752813071.0546312 1752813093.8711507
1752813093.8711727 1752813123.2076206
1752813123.207645 1752813145.851826
1752813145.8518453 1752813168.580006
1752813168.5800273 1752813195.55095
1752813195.5509832 1752813223.2168484
1752813223.2168694 1752813246.560177
1752813246.5602083 1752813271.020044
1752813271.020063 1752813292.1496527
1752813292.1496809 1752813316.9011881
1752813316.901207 1752813345.782903
1752813345.7829275 1752813370.8151069
1752813370.815127 1752813394.9471688
1752813394.9471931 1752813421.61692
1752813421.61697 1752813451.7929385
1752813451.7929583 1752813477.4973533
1752813477.4973779 1752813505.214217
1752813505.214238 1752813527.064286
1752813527.0643106 1752813554.0839858
1752813554.0840065 1752813580.1366336
1752813580.1366527 1752813606.2873814
1752813606.2874048 1752813642.2296777
1752813642.2296994 1752813670.256012
1752813670.256041 1752813704.5557988
1752813704.5558164 1752813728.5371141
1752813728.5371416 1752813759.6479175
1752813759.6479354 1752813793.0234232
1752813793.0234456 1752813819.6682467
1752813819.6682749 1752813850.0121171
1752813850.0121374 1752813880.0529726
1752813880.0529923 1752813915.8229275
1752813915.8229504 1752813945.3035765
1752813945.303606 1752813977.594284
1752813977.594311 1752814007.3626418
1752814007.3626587 1752814038.7346659
1752814038.734693 1752814068.871686
1752814068.871707 1752814097.556107
1752814097.5561492 1752814125.9394855
1752814125.9395068 1752814159.0140107
1752814159.014032 1752814191.4802988
1752814191.4803207 1752814216.5613422
1752814216.561361 1752814249.6912518
1752814249.6912744 1752814278.5533335
1752814278.5533516 1752814307.0739405
1752814307.073966 1752814333.8194275
1752814333.8194463 1752814360.4782934
1752814360.478316 1752814394.0774686
1752814394.0774844 1752814425.7436638
1752814425.7436855 1752814446.0080028
1752814446.008027 1752814473.8589773
1752814473.8589962 1752814500.1107607
1752814500.1107826 1752814529.2775362
1752814529.2775548 1752814561.3201532
1752814561.3201787 1752814588.4059856
1752814588.4060051 1752814622.3829913
1752814622.3830128 1752814657.242112
1752814657.242132 1752814685.2986457
1752814685.298666 1752814711.961167
1752814711.9612048 1752814737.0295393
1752814737.029563 1752814764.1612935
1752814764.161315 1752814789.3370097
1752814789.3370342 1752814814.7021446
1752814814.7021654 1752814844.292723
1752814844.2927473 1752814870.7050009
1752814870.7050207 1752814901.799721
1752814901.799746 1752814927.7118237
1752814927.7118425 1752814953.278391
1752814953.278414 1752814987.6481538
1752814987.6481726 1752815013.3550112
1752815013.3550422 1752815042.3163984
1752815042.3164194 1752815067.668389
1752815067.6684117 1752815095.118465
1752815095.1184812 1752815122.581602
1752815122.581627 1752815150.7793777
1752815150.7793958 1752815183.2408967
1752815183.2409208 1752815212.9853072
1752815212.985326 1752815242.7000673
1752815242.7000906 1752815278.5041022
1752815278.5041237 1752815308.5289717
1752815308.5289955 1752815338.001458
1752815338.001479 1752815370.0025024
1752815370.0025253 1752815404.1857922
1752815404.1858249 1752815435.7943
1752815435.7943237 1752815466.1608207
1752815466.1608443 1752815496.5274658
1752815496.5274856 1752815528.998696
1752815528.9987178 1752815561.0143688
1752815561.014388 1752815593.0445704
1752815593.044591 1752815624.6298673
1752815624.629889 1752815660.395942
1752815660.3959596 1752815692.2878509
1752815692.287877 1752815725.1214266
1752815725.1214468 1752815754.2584927
1752815754.2585125 1752815789.6518254
1752815789.6518526 1752815825.4714644
1752815825.4714844 1752815859.533121
1752815859.533168 1752815888.2095768
1752815888.209597 1752815911.9135358
1752815911.9135575 1752815939.191387
1752815939.1914148 1752815964.9737592
1752815964.9737797 1752815990.807081
1752815990.8071077 1752816015.8840222
1752816015.8840406 1752816044.8322642
1752816044.8322847 1752816072.2515237
1752816072.25156 1752816098.9576886
1752816098.957705 1752816127.375036
1752816127.3750722 1752816145.9274113
1752816145.9274292 1752816175.7666469
1752816175.7666643 1752816197.245204
1752816197.2452292 1752816218.7368572
1752816218.736873 1752816241.1390147
1752816241.139039 1752816264.3467574
1752816264.3467746 1752816289.4777844
1752816289.4778001 1752816314.1179845
1752816314.118002 1752816337.840106
1752816337.840133 1752816361.9912841
1752816361.9913003 1752816390.9074514
1752816390.9074764 1752816418.641335
1752816418.6413631 1752816444.6163752
1752816444.616413 1752816469.085624
1752816469.0856416 1752816498.5844529
1752816498.5844743 1752816524.7598743
1752816524.7599 1752816553.2649875
1752816553.2650084 1752816574.4776576
1752816574.4776764 1752816604.2923355
1752816604.2923565 1752816636.666975
1752816636.6669965 1752816665.752797
1752816665.7528157 1752816694.4000356
1752816694.4000578 1752816725.4020288
1752816725.4020448 1752816752.237798
1752816752.2378256 1752816779.2138977
1752816779.2139156 1752816806.4905684
1752816806.4905927 1752816831.0074055
1752816831.0074234 1752816858.1090355
1752816858.109058 1752816886.144986
1752816886.1450055 1752816913.4454346
1752816913.4454575 1752816943.5549319
1752816943.5549514 1752816972.3627634
1752816972.362785 1752817002.6912344
1752817002.691251 1752817033.1889417
1752817033.1889617 1752817068.1957073
1752817068.195739 1752817094.5589335
1752817094.558951 1752817126.4027731
1752817126.4027958 1752817158.8835142
1752817158.883533 1752817189.1811829
1752817189.1812115 1752817218.082797
1752817218.082817 1752817252.0187466
1752817252.018765 1752817287.11914
1752817287.11919 1752817319.497329
1752817319.4973476 1752817348.2032979
1752817348.2033167 1752817372.8881075
1752817372.8881335 1752817404.4206796
1752817404.4207056 1752817435.148296
1752817435.1483293 1752817459.2626393
1752817459.2626586 1752817494.128153
1752817494.1281786 1752817524.5940099
1752817524.5940266 1752817551.9510694
1752817551.9510922 1752817582.0995934
1752817582.0996127 1752817614.625978
1752817614.6260002 1752817643.4216418
1752817643.421658 1752817672.7301474
1752817672.7301629 1752817704.6452372
1752817704.6452596 1752817731.0715427
1752817731.071578 1752817764.3050947
1752817764.3051193 1752817788.87291
1752817788.8729289 1752817820.6781785
1752817820.6782005 1752817842.3308334
1752817842.330857 1752817868.2989504
1752817868.298973 1752817894.5722592
1752817894.572282 1752817921.8460922
1752817921.8461185 1752817951.1995313
1752817951.1995542 1752817973.9140372
1752817973.9140565 1752818006.9337265
1752818006.9337459 1752818035.8623393
1752818035.8623576 1752818073.596663
1752818073.5966823 1752818103.8717551
1752818103.8717773 1752818136.7815876
1752818136.781606 1752818166.051288
1752818166.0513134 1752818198.8684278
1752818198.8684487 1752818228.0937738
1752818228.0937965 1752818258.528698
1752818258.5287168 1752818286.3763614
1752818286.3763843 1752818315.8703392
1752818315.8703578 1752818349.4164627
1752818349.4164875 1752818383.1826456
1752818383.1826615 1752818407.3803582
1752818407.3803926 1752818440.202551
1752818440.2025752 1752818464.4441116
1752818464.4441383 1752818494.9553237
1752818494.955341 1752818527.969171
1752818527.9691896 1752818559.8503797
1752818559.8503983 1752818590.578085
1752818590.5781014 1752818624.5712476
1752818624.5712876 1752818649.928005
1752818649.9280238 1752818678.6507297
1752818678.6507585 1752818708.4935675
1752818708.4935849 1752818736.2710512
1752818736.2710748 1752818761.7703755
1752818761.7703953 1752818794.8088386
1752818794.8088634 1752818820.9827163
1752818820.9827387 1752818848.2352617
1752818848.2352855 1752818872.789195
1752818872.7892196 1752818903.0873046
1752818903.087324 1752818929.2873504
1752818929.287379 1752818959.8219454
1752818959.8219638 1752818990.7897308
1752818990.7897475 1752819025.128629
1752819025.1286507 1752819047.833869
1752819047.8338919 1752819074.8840418
1752819074.8840656 1752819108.517407
1752819108.517428 1752819137.9803364
1752819137.9803557 1752819164.5733001
1752819164.5733173 1752819195.8146448
1752819195.8146665 1752819221.7827327
1752819221.7827616 1752819249.4575758
1752819249.4575956 1752819281.0456188
1752819281.0456395 1752819308.6556659
1752819308.6556919 1752819340.17754
1752819340.1775577 1752819374.7251275
1752819374.7251523 1752819413.043735
1752819413.0437582 1752819442.3978372
1752819442.3978584 1752819473.2346919
1752819473.2347102 1752819504.0999396
1752819504.0999649 1752819530.592459
1752819530.5924792 1752819559.2671795
1752819559.267203 1752819583.2052526
1752819583.205269 1752819610.7169116
1752819610.7169394 1752819641.5452962
1752819641.5453153 1752819672.7789264
1752819672.7789536 1752819695.895975
1752819695.8959966 1752819725.6577752
1752819725.6578002 1752819754.8399153
1752819754.8399367 1752819780.9957066
1752819780.9957297 1752819818.1892514
1752819818.1892724 1752819846.142763
1752819846.1427968 1752819873.9014065
1752819873.901427 1752819908.4495435
1752819908.449569 1752819943.7085764
1752819943.7085958 1752819978.7644987
1752819978.7645237 1752820011.0367124
1752820011.0367315 1752820041.7501647
1752820041.7501929 1752820068.7724848
1752820068.7725036 1752820096.776093
1752820096.7761183 1752820127.3593047
1752820127.3593278 1752820155.2196014
1752820155.2196229 1752820190.1646163
1752820190.1646392 1752820216.2786875
1752820216.2787082 1752820248.836808
1752820248.8368347 1752820283.2525187
1752820283.2525375 1752820312.929109
1752820312.9291334 1752820349.8180506
1752820349.8180742 1752820378.4969752
1752820378.496993 1752820418.6914487
1752820418.691492 1752820442.6102014
1752820442.6102219 1752820473.6220818
1752820473.6221092 1752820506.152394
1752820506.1524184 1752820541.8613718
1752820541.8613932 1752820570.838112
1752820570.838137 1752820603.2032087
1752820603.2032301 1752820634.976854
1752820634.9768705 1752820663.2797601
1752820663.2797835 1752820685.164053
1752820685.164074 1752820714.4911015
1752820714.4911335 1752820744.343512
1752820744.343532 1752820770.1906185
1752820770.1906393 1752820805.9434607
1752820805.9434764 1752820832.0755382
1752820832.0755591 1752820855.3825982
1752820855.3826234 1752820882.6587214
1752820882.6587613 1752820909.2677152
1752820909.267735 1752820935.4670625
1752820935.4670846 1752820962.857728
1752820962.8577461 1752820994.7605476
1752820994.760566 1752821020.140301
1752821020.1403222 1752821050.3693445
1752821050.3693695 1752821078.6349735
1752821078.6350071 1752821100.8732524
1752821100.873277 1752821125.2803404
1752821125.2803662 1752821151.3823383
1752821151.382356 1752821178.3279862
1752821178.328006 1752821198.3747072
1752821198.374728 1752821227.2788446
1752821227.2788615 1752821254.2174695
1752821254.21749 1752821292.6218703
1752821292.6219122 1752821310.2390578
1752821310.2390797 1752821342.2132683
1752821342.21329 1752821371.3766272
1752821371.3766448 1752821401.996812
1752821401.9968379 1752821428.5473404
1752821428.5473614 1752821450.796836
1752821450.796857 1752821475.2606003
1752821475.2606182 1752821504.5673783
1752821504.5673943 1752821531.9074907
1752821531.907512 1752821555.7428517
1752821555.7428687 1752821582.7229865
1752821582.7230036 1752821611.19699
1752821611.1970115 1752821637.670059
1752821637.6700754 1752821668.3380535
1752821668.3380766 1752821695.5572882
1752821695.5573108 1752821724.2484612
1752821724.248479 1752821758.6824422
1752821758.682468 1752821790.7487614
1752821790.7487917 1752821829.6682777
1752821829.6683042 1752821863.3789656
1752821863.378989 1752821902.340297
1752821902.3403227 1752821934.7643464
1752821934.7643652 1752821961.7643368
1752821961.76436 1752821990.6708815
1752821990.670899 1752822023.271486
1752822023.2715101 1752822054.9047203
1752822054.9047458 1752822083.7338233
1752822083.733842 1752822112.0233936
1752822112.023418 1752822146.1873808
1752822146.1874037 1752822174.7385292
1752822174.7385478 1752822202.069582
1752822202.0696034 1752822226.7495596
1752822226.749578 1752822255.8416166
1752822255.841636 1752822285.3793929
1752822285.379431 1752822313.4963338
1752822313.496352 1752822338.0206046
1752822338.0206285 1752822367.6091487
1752822367.60917 1752822396.6013844
1752822396.601424 1752822422.4121006
1752822422.4121234 1752822453.6736615
1752822453.6736777 1752822480.7756693
1752822480.7756948 1752822506.718647
1752822506.7186728 1752822530.8715048
1752822530.8715339 1752822560.0090578
1752822560.0090811 1752822587.359293
1752822587.3593166 1752822621.8648028
1752822621.8648286 1752822645.5191767
1752822645.5192063 1752822672.4157424
1752822672.4157681 1752822702.5334756
1752822702.5335011 1752822727.8461459
1752822727.8461792 1752822761.1745305
1752822761.174564 1752822784.4679446
1752822784.467978 1752822812.8258026
1752822812.8258212 1752822837.7174084
1752822837.7174354 1752822859.7935588
1752822859.7935781 1752822890.2652268
1752822890.2652526 1752822914.8280568
1752822914.828075 1752822936.0630064
1752822936.0630422 1752822960.7190762
1752822960.719094 1752822988.0267074
1752822988.0267289 1752823016.0510416
1752823016.0510662 1752823044.088844
1752823044.088868 1752823064.3476384
1752823064.3476608 1752823091.4613533
1752823091.4613745 1752823121.2975957
1752823121.29762 1752823148.3062658
1752823148.3062854 1752823175.1112912
1752823175.1113205 1752823201.199016
1752823201.1990383 1752823222.9678218
1752823222.9678404 1752823251.4852765
1752823251.485301 1752823275.804322
1752823275.804341 1752823300.9947758
1752823300.9948018 1752823326.199417
1752823326.199435 1752823354.2990646
1752823354.2990882 1752823381.5910373
1752823381.5910683 1752823409.7718601
1752823409.7718995 1752823435.9499142
1752823435.94994 1752823467.0190277
1752823467.0190446 1752823490.517601
1752823490.5176284 1752823509.2657356
1752823509.265753 1752823536.827191
1752823536.8272152 1752823566.0032678
1752823566.0032876 1752823592.271935
1752823592.2719555 1752823621.3227887
1752823621.3228126 1752823651.4187999
1752823651.418821 1752823677.3446205
1752823677.3446548 1752823701.793578
1752823701.7936046 1752823730.4454587
1752823730.4454787 1752823758.4501297
1752823758.4501574 1752823784.2357411
1752823784.2357643 1752823813.7006106
1752823813.7006352 1752823832.9380186
1752823832.9380386 1752823860.9952428
1752823860.9952612 1752823890.5695677
1752823890.5695913 1752823913.294692
1752823913.2947135 1752823934.067271
1752823934.0672934 1752823959.4591596
1752823959.4591773 1752823986.3540854
1752823986.3541033 1752824016.2390761
1752824016.2391014 1752824044.441362
1752824044.4413795 1752824076.8848333
1752824076.8848584 1752824104.0352046
1752824104.0352256 1752824132.5872698
1752824132.5872927 1752824157.3408437
1752824157.3408697 1752824186.4685407
1752824186.4685616 1752824211.7304754
1752824211.7305017 1752824239.8183694
1752824239.818389 1752824267.1610785
1752824267.161106 1752824297.4151
1752824297.4151173 1752824324.7334902
1752824324.7335167 1752824355.4454608
1752824355.4454806 1752824386.4424822
1752824386.4425058 1752824416.2265246
1752824416.2265506 1752824451.3970816
1752824451.397107 1752824482.7791517
1752824482.7791731 1752824509.023376
1752824509.0234132 1752824545.820753
1752824545.8207705 1752824572.9048467
1752824572.9048748 1752824600.4639614
1752824600.4639914 1752824630.7534573
1752824630.7534769 1752824655.9866366
1752824655.9866548 1752824682.5156672
1752824682.5156996 1752824707.0945227
1752824707.0945425 1752824733.5919816
1752824733.5920105 1752824761.6190937
1752824761.6191115 1752824786.6654503
1752824786.6654708 1752824807.569789
1752824807.5698152 1752824832.9807491
1752824832.9807694 1752824854.9303665
1752824854.9303896 1752824878.0970235
1752824878.097041 1752824908.6770668
1752824908.677091 1752824934.2605286
1752824934.2605524 1752824959.7976725
1752824959.7976966 1752824986.5088036
1752824986.5088296 1752825015.0781534
1752825015.0783973 1752825038.8781693
1752825038.878215 1752825066.580581
1752825066.5806046 1752825093.98932
1752825093.9893465 1752825118.7091622
1752825118.7091887 1752825146.020503
1752825146.020533 1752825173.3227756
1752825173.3228004 1752825199.7726057
1752825199.772635 1752825227.0778337
1752825227.0778563 1752825254.228573
1752825254.2285988 1752825284.4393613
1752825284.4393866 1752825315.2858257
1752825315.2858458 1752825344.3230305
1752825344.323055 1752825373.0978522
1752825373.097876 1752825405.7211363
1752825405.7211635 1752825435.04705
1752825435.047074 1752825467.0167782
1752825467.0167997 1752825498.5627992
1752825498.562825 1752825529.7294383
1752825529.7294567 1752825559.961317
1752825559.961344 1752825588.741882
1752825588.7419002 1752825613.8894715
1752825613.8894987 1752825636.4188106
1752825636.4188278 1752825662.9325285
1752825662.9325576 1752825687.0579176
1752825687.057946 1752825716.3003511
1752825716.3003755 1752825741.1379685
1752825741.137996 1752825768.7092128
1752825768.7092412 1752825799.3358946
1752825799.335919 1752825824.7203376
1752825824.7203639 1752825853.9135368
1752825853.9135568 1752825887.7823737
1752825887.7823942 1752825920.6605635
1752825920.660591 1752825951.8886518
1752825951.8886745 1752825983.2126236
1752825983.2126482 1752826013.0596874
1752826013.05971 1752826055.583989
1752826055.584008 1752826080.9723513
1752826080.97238 1752826109.831282
1752826109.831301 1752826143.8519008
1752826143.851952 1752826177.3690867
1752826177.3691037 1752826212.493015
1752826212.493039 1752826238.458049
1752826238.4580684 1752826266.8906417
1752826266.890674 1752826294.3917239
1752826294.3917449 1752826319.215507
1752826319.2155395 1752826351.7258668
1752826351.7258875 1752826375.9352667
1752826375.935297 1752826402.206172
1752826402.2061987 1752826434.576049
1752826434.5761151 1752826465.7147927
1752826465.714813 1752826492.3472068
1752826492.3472311 1752826513.8829744
1752826513.883 1752826539.2527063
1752826539.252729 1752826569.0055044
1752826569.0055435 1752826592.7909286
1752826592.7909558 1752826620.491012
1752826620.4910443 1752826642.7525005
1752826642.7525249 1752826676.8482432
1752826676.848275 1752826704.503807
1752826704.5038302 1752826732.7498565
1752826732.7498832 1752826757.2931628
1752826757.293186 1752826786.189871
1752826786.1898906 1752826809.9966004
1752826809.996629 1752826831.3882248
1752826831.3882442 1752826863.685588
1752826863.6856139 1752826888.8231463
1752826888.8231657 1752826915.5139925
1752826915.5140243 1752826947.6645207
1752826947.6645486 1752826975.101087
1752826975.1011052 1752827001.0079374
1752827001.0079734 1752827026.8905196
1752827026.890538 1752827053.65364
1752827053.6536713 1752827081.913255
1752827081.913273 1752827110.8858442
1752827110.88587 1752827139.992391
1752827139.9924107 1752827167.8644478
1752827167.8644707 1752827194.7591774
1752827194.7591999 1752827225.1100721
1752827225.1100976 1752827249.4845226
1752827249.4845448 1752827277.6550646
1752827277.6550822 1752827306.9356282
1752827306.9356573 1752827334.8724067
1752827334.8724253 1752827365.6751566
1752827365.6751838 1752827395.5305157
1752827395.5305371 1752827429.3452542
1752827429.3452775 1752827456.4041398
1752827456.4041672 1752827487.27453
1752827487.2745483 1752827523.513713
1752827523.5137389 1752827556.7687104
1752827556.7687283 1752827583.2317626
1752827583.2317863 1752827618.603212
1752827618.60323 1752827647.383514
1752827647.3835404 1752827678.5502727
1752827678.5502894 1752827709.0268512
1752827709.0268757 1752827741.2026253
1752827741.2026439 1752827775.3644657
1752827775.3644907 1752827801.9973097
1752827801.9973292 1752827833.4684274
1752827833.4684448 1752827859.4531074
1752827859.453133 1752827891.847665
1752827891.8477147 1752827919.8834598
1752827919.8834825 1752827950.5261583
1752827950.526191 1752827980.7748551
1752827980.7748744 1752828013.356552
1752828013.3565767 1752828043.7549756
1752828043.7549982 1752828074.3705907
1752828074.3706095 1752828100.8829176
1752828100.8829477 1752828126.9877248
1752828126.9877434 1752828156.8807058
1752828156.8807306 1752828183.7675538
1752828183.7676032 1752828207.2216463
1752828207.221674 1752828232.069341
1752828232.0693648 1752828254.5909705
1752828254.5909913 1752828277.4835281
1752828277.4835563 1752828303.9267418
1752828303.9267633 1752828330.796392
1752828330.7964234 1752828356.6270447
1752828356.6270733 1752828381.0388656
1752828381.0388863 1752828406.598687
1752828406.5987127 1752828436.9583218
1752828436.9583426 1752828460.954809
1752828460.9548347 1752828483.9499826
1752828483.9500022 1752828509.0023508
1752828509.0023735 1752828539.2920103
1752828539.2920334 1752828569.428497
1752828569.428524 1752828596.6544118
1752828596.654443 1752828626.1863024
1752828626.1863234 1752828649.9700935
1752828649.970124 1752828682.9607518
1752828682.9607775 1752828706.6443236
1752828706.644344 1752828739.8577344
1752828739.8577538 1752828771.500006
1752828771.5000355 1752828798.663528
1752828798.663553 1752828833.900425
1752828833.9004552 1752828869.846236
1752828869.8462753 1752828908.8800762
1752828908.8800957 1752828936.4009502
1752828936.4009798 1752828969.940218
1752828969.9402516 1752829002.5867488
1752829002.5867858 1752829030.4095924
1752829030.4096146 1752829051.8406122
1752829051.84063 1752829077.2880661
1752829077.2880914 1752829101.7411656
1752829101.7411947 1752829127.3025246
1752829127.3025537 1752829150.807585
1752829150.8076057 1752829181.3796504
1752829181.3796856 1752829208.007974
1752829208.0079985 1752829237.6701393
1752829237.670161 1752829270.7629898
1752829270.7630103 1752829295.7900858
1752829295.7901113 1752829325.1719682
1752829325.1719897 1752829352.182674
1752829352.1826997 1752829386.486342
1752829386.4863608 1752829413.1018262
1752829413.1018546 1752829440.251696
1752829440.2517202 1752829478.3282187
1752829478.3282506 1752829502.1514423
1752829502.1514623 1752829536.1521237
1752829536.1521466 1752829559.1151552
1752829559.1151748 1752829594.203604
1752829594.2036352 1752829620.2602384
1752829620.2602751 1752829649.7905037
1752829649.7905223 1752829677.1411843
1752829677.1412084 1752829705.0900083
1752829705.0900261 1752829734.7947052
1752829734.7947226 1752829762.133058
1752829762.133089 1752829792.005718
1752829792.0057392 1752829815.7626414
1752829815.7626593 1752829843.791938
1752829843.7919645 1752829869.784965
1752829869.7849839 1752829894.8926947
1752829894.8927147 1752829921.0260024
1752829921.0260255 1752829949.2434103
1752829949.2434292 1752829977.2631128
1752829977.2631361 1752830005.061191
1752830005.06121 1752830030.8488965
1752830030.848916 1752830059.4348254
1752830059.4348545 1752830089.7923405
1752830089.7923589 1752830116.7165763
1752830116.7166014 1752830143.9361498
1752830143.9361703 1752830173.4673805
1752830173.467399 1752830201.8229618
1752830201.8229873 1752830234.6157935
1752830234.6158118 1752830268.3257368
1752830268.3257668 1752830293.1147528
1752830293.114773 1752830326.7935498
1752830326.7935736 1752830356.113178
1752830356.1132073 1752830382.5282335
1752830382.5282657 1752830412.8940394
1752830412.8940854 1752830444.6002212
1752830444.600246 1752830469.794967
1752830469.794987 1752830494.9853919
1752830494.9854147 1752830523.6734679
1752830523.673492 1752830549.681061
1752830549.681082 1752830582.7229824
1752830582.7230036 1752830610.964161
1752830610.9641857 1752830645.0942185
1752830645.0942369 1752830675.0519874
1752830675.0520265 1752830709.6999655
1752830709.699983 1752830736.7316067
1752830736.7316358 1752830762.4713323
1752830762.471354 1752830795.4881375
1752830795.4881558 1752830829.076878
1752830829.0769022 1752830862.5147462
1752830862.5147624 1752830893.0833127
1752830893.0833383 1752830918.3905272
1752830918.3905456 1752830954.4172294
1752830954.4172544 1752830982.5014775
1752830982.5014963 1752831007.901969
1752831007.901989 1752831039.5585618
1752831039.5585835 1752831072.200199
1752831072.2002203 1752831093.3510673
1752831093.3510876 1752831118.7602456
1752831118.7602637 1752831145.9268653
1752831145.9268866 1752831170.10071
1752831170.1007268 1752831194.8393095
1752831194.8393292 1752831219.719286
1752831219.7193048 1752831243.648888
1752831243.6489058 1752831268.951291
1752831268.9513128 1752831294.6281009
1752831294.628117 1752831320.2134368
1752831320.2134557 1752831347.4106321
1752831347.4106514 1752831375.8384292
1752831375.838451 1752831403.9064598
1752831403.9064813 1752831431.208614
1752831431.2086308 1752831459.894653
1752831459.8946745 1752831489.1168454
1752831489.1168623 1752831516.1471488
1752831516.1471653 1752831542.3278782
1752831542.327899 1752831567.2365403
1752831567.2365565 1752831590.8774529
1752831590.877472 1752831617.2881854
1752831617.2882085 1752831641.5199895
1752831641.520008 1752831664.24972
1752831664.2497413 1752831690.8209853
1752831690.8210056 1752831714.477416
1752831714.4774354 1752831742.000196
1752831742.0002282 1752831771.8581212
1752831771.8581467 1752831798.8399243
1752831798.8399544 1752831823.9516237
1752831823.9516559 1752831853.5566094
1752831853.556641 1752831880.2751095
1752831880.275128 1752831907.5170898
1752831907.5171194 1752831932.5878909
1752831932.587914 1752831960.9553535
1752831960.955379 1752831989.5756435
1752831989.575666 1752832017.4426026
1752832017.442623 1752832044.8802834
1752832044.8803058 1752832071.2269301
1752832071.226948 1752832098.3725839
1752832098.3726034 1752832128.7646956
1752832128.7647223 1752832158.4949815
1752832158.4950044 1752832188.7219987
1752832188.7220201 1752832217.0194888
1752832217.019509 1752832242.4599361
1752832242.459958 1752832265.0844595
1752832265.0844862 1752832297.7401135
1752832297.7401316 1752832326.8975246
1752832326.8975515 1752832352.0407948
1752832352.0408132 1752832377.3593824
1752832377.3594062 1752832408.573622
1752832408.573641 1752832438.1802933
1752832438.1803212 1752832466.3025138
1752832466.3025315 1752832490.676456
1752832490.6764758 1752832518.0373187
1752832518.037345 1752832543.2761154
1752832543.2761352 1752832577.7101884
1752832577.7102106 1752832600.4223611
1752832600.422379 1752832624.2098148
1752832624.2098382 1752832650.8700118
1752832650.870032 1752832679.4087856
1752832679.4088151 1752832710.3093948
1752832710.309422 1752832745.3271081
1752832745.32713 1752832764.8901813
1752832764.8902197 1752832789.3430858
1752832789.3431275 1752832820.72534
1752832820.7253625 1752832852.2818642
1752832852.2818832 1752832884.2918863
1752832884.29191 1752832916.6632109
1752832916.6632354 1752832951.179809
1752832951.1798363 1752832986.0099719
1752832986.0100074 1752833017.5906458
1752833017.5906727 1752833049.0684528
1752833049.0684822 1752833091.410294
1752833091.4103458 1752833121.882077
1752833121.882111 1752833152.3354566
1752833152.3354778 1752833184.4332829
1752833184.433328 1752833217.751636
1752833217.751652 1752833251.768298
1752833251.768319 1752833278.1918664
1752833278.1918898 1752833301.720418
1752833301.720449 1752833331.0496962
1752833331.049717 1752833360.1842039
1752833360.1842258 1752833385.524123
1752833385.5241725 1752833413.5976193
1752833413.597638 1752833441.518736
1752833441.5187583 1752833472.656879
1752833472.6568983 1752833502.1748815
1752833502.1749105 1752833528.8726046
1752833528.8726249 1752833557.5055542
1752833557.5055797 1752833583.5797443
1752833583.5797637 1752833610.8287137
1752833610.828743 1752833639.9949434
1752833639.9949594 1752833664.5619383
1752833664.5619652 1752833693.600021
1752833693.6000419 1752833720.6870975
1752833720.6871233 1752833747.9224923
1752833747.9225118 1752833772.4829295
1752833772.4829543 1752833799.0765502
