1765872976.1225257 1765873017.7067018
1765873024.7138302 1765873064.0378098
1765873072.0458808 1765873110.4066162
1765873111.4076898 1765873154.227523
1765873155.2279685 1765873198.7050738
1765873203.7068903 1765873239.5557775
1765873244.5609875 1765873278.5730333
1765873287.5822728 1765873324.5816686
1765873327.5848813 1765873372.1292434
1765873376.130632 1765873420.9402134
1765873424.9412322 1765873462.8974526
1765873464.899624 1765873512.9862309
1765873514.9868891 1765873561.414321
1765873561.4144573 1765873604.9481046
1765873606.95028 1765873655.2086506
1765873659.210883 1765873702.9591947
1765873703.9603739 1765873754.224276
1765873761.2309065 1765873803.856229
1765873803.8563604 1765873849.9701076
1765873855.9762626 1765873894.4300768
1765873895.4308722 1765873929.7280822
1765873939.7382982 1765873963.7412362
1765873963.7413654 1765874013.2159364
1765874014.2161493 1765874048.0287826
1765874057.0379524 1765874092.430538
1765874100.4387097 1765874134.439467
1765874141.4466355 1765874179.4946194
1765874187.4988775 1765874221.1225471
1765874230.12288 1765874278.774345
1765874282.7784607 1765874329.4725854
1765874338.4820206 1765874377.9132602
1765874380.9138098 1765874434.2364633
1765874434.236601 1765874469.3040736
1765874470.3051894 1765874507.8016021
1765874509.8037431 1765874541.4652565
1765874551.4753954 1765874576.7996216
1765874576.799691 1765874619.5751758
1765874619.575317 1765874653.28473
1765874659.2869363 1765874690.595006
1765874700.605207 1765874727.2781832
1765874736.2873547 1765874768.4184031
1765874778.4285803 1765874806.0499365
1765874816.0548966 1765874852.6633062
1765874852.6634438 1765874892.9827526
1765874899.9868867 1765874930.088389
1765874934.0925593 1765874970.2482533
1765874978.254882 1765875009.2383347
1765875009.2384021 1765875054.5547683
1765875058.558928 1765875095.827885
1765875104.837017 1765875133.9359453
1765875140.9431024 1765875170.1059186
1765875172.1068819 1765875210.9134235
1765875210.9135134 1765875247.9280903
1765875250.9308808 1765875287.8237934
1765875292.82893 1765875325.3886378
1765875330.393795 1765875362.578142
1765875369.5811338 1765875399.3582695
1765875403.358879 1765875449.361884
1765875453.365998 1765875503.3595097
1765875508.362965 1765875553.3143625
1765875555.3148737 1765875600.092871
1765875604.0970452 1765875638.060458
1765875640.0620658 1765875675.416484
1765875685.4228804 1765875717.3584807
1765875718.358879 1765875769.351288
1765875772.3544116 1765875812.6015754
1765875812.6016443 1765875849.9919589
1765875854.9971414 1765875892.911573
1765875900.9197466 1765875941.0183742
1765875950.0268793 1765875983.6466284
1765875991.650879 1765876015.763132
1765876016.7642963 1765876051.8062832
1765876053.80696 1765876090.4349475
1765876092.437048 1765876128.7538228
1765876128.7539597 1765876170.2311075
1765876174.2350352 1765876211.559499
1765876215.5636818 1765876247.3107183
1765876256.3198333 1765876300.1632233
1765876310.1733887 1765876341.1611288
1765876344.164268 1765876381.6561506
1765876387.66232 1765876427.331518
1765876429.3336897 1765876478.105234
1765876482.1068816 1765876526.051705
1765876527.0528328 1765876562.6111515
1765876571.6203158 1765876602.0325322
1765876607.0329514 1765876649.4549856
1765876654.4559114 1765876683.57503
1765876691.5832367 1765876723.458366
1765876725.460488 1765876764.559735
1765876772.5679102 1765876803.2940514
1765876806.2972114 1765876844.0098429
1765876846.0119686 1765876878.7091017
1765876887.718305 1765876937.1949828
1765876938.1961472 1765876975.1549594
1765876984.1641178 1765877016.782718
1765877017.7838461 1765877062.1693156
1765877064.1714902 1765877113.2561896
1765877117.260299 1765877154.0251975
1765877154.0253222 1765877192.616396
1765877199.6235247 1765877240.5555115
