1765872973.4830616 1765873014.1562533
1765873019.161366 1765873059.8718202
1765873069.8819885 1765873104.3781424
1765873110.3839304 1765873147.5207844
1765873150.5212533 1765873195.559165
1765873198.5622754 1765873237.786213
1765873245.7908757 1765873278.3555803
1765873279.3567324 1765873321.3454428
1765873330.3545728 1765873369.37576
1765873379.3858664 1765873418.0445292
1765873421.047198 1765873461.849001
1765873471.859183 1765873514.293102
1765873516.2952101 1765873558.3848212
1765873561.3879893 1765873600.5403054
1765873604.5444171 1765873653.9416337
1765873658.9468105 1765873701.2640364
1765873710.2732089 1765873752.5773332
1765873761.5865488 1765873802.8435664
1765873804.8456862 1765873848.6598027
1765873849.6609683 1765873891.920696
1765873892.921803 1765873928.250234
1765873938.2604034 1765873973.1839268
1765873978.186992 1765874018.4326315
1765874022.4348795 1765874058.2838047
1765874062.2849634 1765874102.7240567
1765874105.7268753 1765874146.3522706
1765874151.3548892 1765874189.5655327
1765874195.5716538 1765874228.3070524
1765874228.3071804 1765874276.0610642
1765874280.0652483 1765874328.9917157
1765874336.998889 1765874377.1126456
1765874384.118885 1765874434.1146047
1765874438.114885 1765874468.9100184
1765874474.9161692 1765874498.3463387
1765874502.3504584 1765874533.9524386
1765874538.9576046 1765874572.0370204
1765874573.0381942 1765874611.6538837
1765874621.6637356 1765874648.2999701
1765874653.3029358 1765874684.9539804
1765874684.9540443 1765874721.582595
1765874726.5868762 1765874761.6210198
1765874763.6231267 1765874814.1238098
1765874820.1299546 1765874850.801131
1765874851.8022604 1765874890.1442842
1765874894.1483867 1765874928.6256866
1765874929.6268592 1765874969.4781554
1765874979.4882917 1765875006.6266282
1765875015.6357896 1765875051.7211072
1765875057.7215176 1765875090.0878246
1765875090.087897 1765875132.786783
1765875139.7939594 1765875166.8831108
1765875169.8834748 1765875209.9308553
1765875211.9311476 1765875246.9100814
1765875253.914897 1765875285.3669949
1765875291.3731623 1765875324.0855885
1765875328.08689 1765875361.454978
1765875362.4560838 1765875402.0727575
1765875405.075921 1765875449.8788228
1765875456.8859353 1765875501.3635123
1765875501.363629 1765875551.8147733
1765875555.8189156 1765875598.2359142
1765875605.2365558 1765875645.536879
1765875650.5420606 1765875685.4363084
1765875691.4424632 1765875724.9721713
1765875733.981305 1765875770.3731387
1765875780.375752 1765875807.4551415
1765875810.4583015 1765875846.9555287
1765875853.9589934 1765875897.8581896
1765875902.863372 1765875942.9510064
1765875943.951271 1765875982.3615534
1765875987.366664 1765876019.599783
1765876019.5998924 1765876059.0409007
1765876062.0412776 1765876096.328277
1765876096.3283453 1765876136.8489962
1765876136.849127 1765876174.03442
1765876177.0375338 1765876217.062164
1765876217.062238 1765876254.607913
1765876260.610881 1765876303.6333003
1765876308.6384838 1765876344.6531186
1765876352.661227 1765876387.4086962
1765876387.4088078 1765876430.5081441
1765876436.5142703 1765876479.1769817
1765876482.1788828 1765876527.9047718
1765876530.9079623 1765876561.4808486
1765876566.48597 1765876605.6322126
1765876605.63234 1765876654.4456275
1765876656.4477463 1765876694.339683
1765876696.3418608 1765876729.6011562
1765876733.6052718 1765876768.183636
1765876778.1938217 1765876806.908268
1765876814.9163866 1765876849.2640636
1765876858.2708893 1765876888.1538582
1765876896.1613781 1765876937.9197788
1765876939.9218996 1765876978.7575016
1765876980.7596903 1765877021.6910453
1765877027.6948676 1765877066.456438
1765877067.4571116 1765877115.1692328
1765877123.1773543 1765877161.7470548
1765877166.7522268 1765877198.69614
1765877199.697329 1765877247.152665
