1760766487.4048328 1760766522.0274165
1760766529.0316389 1760766559.586073
1760766561.5876904 1760766599.6825814
1760766607.6907227 1760766637.7188458
1760766641.7230144 1760766677.8765693
1760766683.8796647 1760766711.6470344
1760766716.6520276 1760766748.667459
1760766754.6735346 1760766786.3870182
1760766791.391622 1760766820.7335963
1760766822.73561 1760766857.05789
1760766865.0636117 1760766889.8542323
1760766891.8563573 1760766935.362802
1760766944.3716807 1760766976.336145
1760766978.3382113 1760767011.0683296
1760767012.0684812 1760767052.8696177
1760767055.8716328 1760767098.4602008
1760767099.4612846 1760767126.6473505
1760767130.6476762 1760767158.722459
1760767160.7236738 1760767193.3919935
1760767197.3956976 1760767236.9078133
1760767243.9116242 1760767269.3028002
1760767277.3076766 1760767294.5362146
1760767294.536241 1760767334.94348
1760767336.943625 1760767374.924493
1760767378.927645 1760767421.8058043
1760767430.8149123 1760767458.3992302
1760767465.4037683 1760767494.0259693
1760767502.0316048 1760767531.6481514
1760767537.6517298 1760767582.1375377
1760767583.137746 1760767612.8067365
1760767618.8121212 1760767646.1025562
1760767654.1107266 1760767689.8010936
1760767689.801126 1760767725.081093
1760767729.0851858 1760767760.9366944
1760767760.9367216 1760767800.2402546
1760767802.2423317 1760767831.8657937
1760767840.8749297 1760767871.6411314
1760767877.6433136 1760767909.8807597
1760767918.8876913 1760767950.3704834
1760767953.371775 1760767983.6975324
1760767992.7036343 1760768015.098154
1760768018.099641 1760768048.9091394
1760768052.911629 1760768088.6915133
1760768097.6997383 1760768125.3264148
1760768134.3316343 1760768164.2296906
1760768164.229722 1760768206.79561
1760768213.7996616 1760768249.3379185
1760768255.34368 1760768285.105417
1760768292.1126263 1760768331.5817971
1760768341.5916271 1760768379.0807214
1760768385.085711 1760768421.386074
1760768425.3876193 1760768453.732517
1760768456.7356124 1760768487.2189355
1760768491.2196548 1760768518.4934442
1760768518.4934883 1760768553.797496
1760768556.7996035 1760768586.9196422
1760768596.9297385 1760768621.7997065
1760768627.8036578 1760768649.9930677
1760768654.995659 1760768696.660706
1760768701.665833 1760768743.0572855
1760768751.0653725 1760768783.1766298
1760768783.1766744 1760768830.5129528
1760768835.5180953 1760768878.6688905
1760768883.6716218 1760768908.554389
1760768909.5555115 1760768947.1333888
1760768951.1365197 1760768975.6947212
1760768975.6947527 1760769010.7605877
1760769010.7606227 1760769053.9424908
1760769060.9496539 1760769101.6598113
1760769101.659861 1760769136.6700842
1760769143.6716597 1760769173.7332177
1760769180.740417 1760769205.6069763
1760769206.6080616 1760769251.1537242
1760769253.1556711 1760769306.0171986
1760769314.0252094 1760769349.1559603
1760769350.157056 1760769374.5712044
1760769380.5714364 1760769399.9985173
1760769406.0046499 1760769431.413944
1760769440.4196606 1760769476.8773768
1760769479.8796554 1760769517.715283
1760769523.7196753 1760769559.6417594
1760769560.6428504 1760769604.5260797
1760769604.5261028 1760769660.4694703
1760769660.4695115 1760769688.5289876
1760769692.531622 1760769723.7619493
1760769727.7636223 1760769758.720298
1760769765.723628 1760769804.8671486
1760769814.875638 1760769841.6522412
1760769846.6560428 1760769886.4932103
1760769895.4996874 1760769930.2173128
1760769940.2236235 1760769975.3396392
1760769983.34766 1760770018.134991
1760770022.1390905 1760770071.1041434
1760770078.1076334 1760770101.6935322
1760770107.6996799 1760770143.9460561
1760770151.9516225 1760770168.3084476
1760770170.3105354 1760770195.493355
1760770205.4996176 1760770242.3256388
1760770247.327692 1760770285.374314
1760770285.3743622 1760770330.7057595
