1766672337.2288465 1766672822.6827483
1766672822.6827743 1766673229.542781
1766673229.542806 1766673710.955888
1766673710.955913 1766674046.6995087
1766674046.699533 1766674323.5792146
1766674323.5792346 1766674839.1161582
1766674839.116184 1766675251.4447103
1766675251.4447353 1766675674.7496715
1766675674.7496915 1766676191.6411035
1766676191.6411288 1766676564.2537305
1766676564.2537546 1766677064.3106263
1766677064.3106513 1766677471.4274442
1766677471.4274685 1766677828.5755684
1766677828.5755932 1766678121.290217
1766678121.2902362 1766678658.634543
1766678658.6345682 1766679112.5288594
1766679112.5288844 1766679541.3650343
1766679541.3650591 1766679898.3054178
1766679898.3054433 1766680265.1040266
1766680265.1040459 1766680590.449675
1766680590.4497006 1766681097.6222234
1766681097.6222477 1766681518.1722233
1766681518.1722445 1766681836.8085775
1766681836.8086026 1766682386.739415
1766682386.7394345 1766682793.6933885
1766682793.693415 1766683154.302283
1766683154.302308 1766683652.1492755
1766683652.1493008 1766684103.8910317
1766684103.8910563 1766684516.057742
1766684516.0577672 1766684839.5816362
1766684839.5816555 1766685270.5524757
1766685270.5525005 1766685689.029778
1766685689.0298033 1766686083.2446718
1766686083.244697 1766686352.5298326
1766686352.5298579 1766686835.6118922
1766686835.6119118 1766687154.9021597
1766687154.9021854 1766687552.497397
1766687552.4974158 1766687960.4547184
1766687960.4547439 1766688601.6339703
1766688601.6339948 1766688908.3408859
1766688908.340907 1766689376.9008472
1766689376.9008725 1766689838.8677258
1766689838.867751 1766690166.245372
1766690166.2453923 1766690553.3577583
1766690553.3577828 1766690997.9258666
1766690997.9258912 1766691333.0106356
1766691333.0106637 1766691658.2623863
1766691658.2624075 1766692153.1923902
1766692153.1924138 1766692701.9294198
1766692701.9294448 1766692893.80452
1766692893.804544 1766693380.4953513
1766693380.4953709 1766693792.6710002
1766693792.671025 1766694190.1575797
1766694190.157605 1766694513.3853161
1766694513.385341 1766694974.631342
1766694974.6313612 1766695329.9818244
1766695329.9818475 1766695817.522558
1766695817.5225828 1766696279.3613036
1766696279.3613296 1766696661.9143803
1766696661.9143999 1766696954.685542
1766696954.6855698 1766697507.979323
1766697507.9793484 1766698005.675236
1766698005.6752603 1766698319.747928
1766698319.747953 1766698701.1122816
1766698701.1123018 1766699048.899868
1766699048.8998952 1766699604.227005
1766699604.227032 1766700046.139697
1766700046.1397247 1766700461.2626278
1766700461.2626553 1766700875.1101987
1766700875.1102214 1766701268.6528554
1766701268.652882 1766701620.4562435
1766701620.456268 1766701996.2754982
1766701996.2755225 1766702407.6435204
1766702407.6435404 1766702672.9202917
1766702672.9203157 1766703241.9765813
1766703241.9766057 1766703703.8044379
1766703703.8044639 1766704043.624827
1766704043.624851 1766704526.9280477
1766704526.9280725 1766704904.2336657
1766704904.233691 1766705324.946714
1766705324.9467392 1766705711.951798
1766705711.951822 1766706078.9987793
1766706078.9988003 1766706528.7888424
1766706528.7888694 1766706874.2862873
1766706874.2863076 1766707349.0664213
1766707349.0664454 1766707767.7081037
1766707767.708128 1766708186.3135452
1766708186.3135717 1766708595.0596268
1766708595.0596519 1766709001.6173685
1766709001.6173904 1766709400.2282503
1766709400.2282743 1766709796.1072135
1766709796.1072383 1766710237.9537268
1766710237.953753 1766710663.0223927
1766710663.0224187 1766711063.937596
1766711063.9376206 1766711268.8580954
1766711268.858116 1766711747.9947448
1766711747.9947696 1766712072.0329819
1766712072.033001 1766712559.7669418
1766712559.766968 1766712976.833247
1766712976.8332667 1766713384.0001101
