1766672435.697435 1766672700.3864331
1766672700.3864598 1766673105.8847427
1766673105.8847706 1766673607.1043587
1766673607.1043844 1766674109.5385818
1766674109.538607 1766674511.0154464
1766674511.0154717 1766674906.9489367
1766674906.9489615 1766675253.8195345
1766675253.8195603 1766675677.9266124
1766675677.9266388 1766676094.738172
1766676094.7381961 1766676515.0431273
1766676515.0431528 1766676912.8217902
1766676912.8218143 1766677396.6410253
1766677396.6410525 1766677886.8938634
1766677886.8938894 1766678333.0051599
1766678333.0051863 1766678587.5497081
1766678587.5497284 1766679150.3179588
1766679150.317985 1766679525.4122593
1766679525.4122796 1766679945.7676241
1766679945.7676497 1766680355.6156347
1766680355.6156611 1766680772.0422268
1766680772.042252 1766681021.4602768
1766681021.460297 1766681511.5349634
1766681511.534996 1766681894.3485134
1766681894.3485389 1766682449.6572425
1766682449.65727 1766682739.34977
1766682739.3497922 1766683139.2379792
1766683139.2380047 1766683553.7595716
1766683553.7595973 1766683978.7377179
1766683978.737744 1766684380.70146
1766684380.7014856 1766684911.542284
1766684911.5423105 1766685325.498041
1766685325.498065 1766685670.2998354
1766685670.2998624 1766686159.7189827
1766686159.719008 1766686570.5735114
1766686570.573537 1766686964.7323353
1766686964.7323613 1766687371.170986
1766687371.1710122 1766687767.1175044
1766687767.1175306 1766687947.84541
1766687947.8454306 1766688469.1616218
1766688469.161647 1766688870.3126392
1766688870.3126714 1766689321.7423637
1766689321.7423897 1766689803.3554747
1766689803.3554947 1766690214.2215915
1766690214.2216156 1766690583.2685401
1766690583.26856 1766690925.795295
1766690925.7953212 1766691317.3484993
1766691317.3485248 1766691743.5957272
1766691743.5957484 1766692153.002172
1766692153.0022001 1766692549.3862798
1766692549.3863063 1766692967.252578
1766692967.2525976 1766693506.9157538
1766693506.915779 1766693825.003047
1766693825.0030725 1766694313.7110434
1766694313.7110703 1766694740.5290077
1766694740.5290337 1766695132.4107516
1766695132.4107769 1766695542.5431373
1766695542.5431633 1766695699.5169146
1766695699.5169415 1766696358.2567952
1766696358.2568212 1766696717.9660614
1766696717.9660866 1766697157.3052542
1766697157.3052819 1766697529.6139781
1766697529.613999 1766697952.7898514
1766697952.789876 1766698339.3228528
1766698339.322878 1766698765.7207184
1766698765.7207441 1766699154.353475
1766699154.3535035 1766699563.128118
1766699563.1281435 1766699862.947367
1766699862.947387 1766700330.8305848
1766700330.830611 1766700882.383221
1766700882.3832476 1766701292.88206
1766701292.8820856 1766701673.6046832
1766701673.6047084 1766701943.462386
1766701943.4624112 1766702412.6018016
1766702412.6018274 1766702793.2511632
1766702793.251191 1766703084.3897607
1766703084.389788 1766703565.517362
1766703565.5173879 1766704058.999955
1766704058.9999738 1766704503.5812302
1766704503.5812562 1766704934.389965
1766704934.38999 1766705333.1930754
1766705333.1930997 1766705635.4629197
1766705635.462941 1766705992.187534
1766705992.1875606 1766706522.3903947
1766706522.3904214 1766706905.4563372
1766706905.4563644 1766707317.783594
1766707317.7836199 1766707732.0581243
1766707732.0581503 1766708078.241504
1766708078.2415311 1766708456.0033724
1766708456.003393 1766708779.521317
1766708779.5213423 1766709271.8186555
1766709271.8186824 1766709703.0906718
1766709703.0906913 1766710143.2549999
1766710143.2550256 1766710648.7865415
1766710648.7865674 1766710973.0125923
1766710973.01262 1766711344.4230556
1766711344.4230762 1766711843.5362923
1766711843.5363162 1766712297.6446285
1766712297.644655 1766712670.1717257
1766712670.1717525 1766713105.804917
1766713105.8049436 1766713446.5215316
