1756990539.7325377 1756990566.6441514
1756990566.6441896 1756990587.7859964
1756990587.7860208 1756990614.398108
1756990614.39815 1756990637.1632075
1756990637.1632445 1756990661.6500945
1756990661.650129 1756990683.2717896
1756990683.2718124 1756990709.3909202
1756990709.3909502 1756990731.9003856
1756990731.9004061 1756990754.3755164
1756990754.375547 1756990778.690672
1756990778.6906958 1756990796.776758
1756990796.7767801 1756990829.010402
1756990829.010428 1756990853.2775328
1756990853.2775583 1756990878.7731104
1756990878.7731428 1756990901.5526376
1756990901.5526614 1756990924.5878701
1756990924.5878975 1756990950.1137853
1756990950.1138077 1756990974.4641385
1756990974.4641633 1756991000.6730022
1756991000.6730285 1756991026.1357057
1756991026.1357322 1756991043.115557
1756991043.115585 1756991076.02405
1756991076.0240767 1756991096.2680807
1756991096.2681122 1756991123.95667
1756991123.9566963 1756991148.6319692
1756991148.63199 1756991170.0228765
1756991170.0228996 1756991204.2885907
1756991204.2886157 1756991229.82595
1756991229.8259737 1756991253.271956
1756991253.271978 1756991284.3218687
1756991284.3218944 1756991306.0775993
1756991306.07763 1756991325.778098
1756991325.7781303 1756991344.4733906
1756991344.4734123 1756991376.037121
1756991376.037141 1756991398.1936214
1756991398.1936522 1756991424.5685744
1756991424.5685978 1756991452.2878723
1756991452.2879016 1756991479.1201785
1756991479.120208 1756991500.8132906
1756991500.8133166 1756991525.8524928
1756991525.8525157 1756991550.3035507
1756991550.303627 1756991575.9532573
1756991575.9532833 1756991599.1748252
1756991599.1748497 1756991623.8107805
1756991623.8108077 1756991648.8386893
1756991648.8387105 1756991678.429458
1756991678.429487 1756991696.618644
1756991696.6186683 1756991726.896678
1756991726.8967001 1756991754.3047311
1756991754.3047562 1756991778.8586206
1756991778.858648 1756991804.5168731
1756991804.5168965 1756991826.537004
1756991826.537037 1756991847.830078
1756991847.8301017 1756991869.4910629
1756991869.4911072 1756991885.5481331
1756991885.548154 1756991919.3431592
1756991919.343183 1756991943.1191537
1756991943.119181 1756991966.5603833
1756991966.5604055 1756991993.6268215
1756991993.6268556 1756992015.1215174
1756992015.1215491 1756992042.7670352
1756992042.7670574 1756992062.3776193
1756992062.3776407 1756992083.3154283
1756992083.3154533 1756992115.061959
1756992115.0619855 1756992136.0382652
1756992136.0382922 1756992163.9937155
1756992163.9937375 1756992186.7321565
1756992186.7321768 1756992216.8545344
1756992216.8545725 1756992242.9854527
1756992242.9854844 1756992257.8061876
1756992257.806208 1756992289.0380986
1756992289.0381281 1756992313.9906433
1756992313.9906762 1756992340.249405
1756992340.2494283 1756992364.9110906
1756992364.911115 1756992396.9988096
1756992396.9988384 1756992420.04351
1756992420.0435376 1756992440.5607674
1756992440.5608182 1756992469.3171217
1756992469.3171425 1756992493.3592544
1756992493.3592818 1756992508.7404997
1756992508.7405195 1756992539.0762255
1756992539.076249 1756992563.0412054
1756992563.0412319 1756992586.2623477
1756992586.262378 1756992609.8486862
1756992609.848729 1756992629.7761157
1756992629.7761447 1756992648.1688795
1756992648.1689034 1756992674.7710702
1756992674.7710903 1756992703.4809356
1756992703.4809625 1756992728.8714604
1756992728.871482 1756992753.3263013
1756992753.3263304 1756992769.591019
1756992769.5910397 1756992801.3745677
1756992801.3746042 1756992822.6725135
1756992822.6725361 1756992845.8468747
1756992845.8469057 1756992870.9540048
1756992870.9540253 1756992897.077061
1756992897.0770862 1756992924.4716034
1756992924.4716568 1756992947.9732747
1756992947.973293 1756992975.1973927
1756992975.1974115 1756993003.3389387
