1764342287.1746016 1764342328.2912762
1764342328.2913094 1764342367.839809
1764342367.8398285 1764342402.1100855
1764342402.1101215 1764342449.1134424
1764342449.1134882 1764342493.286295
1764342493.2863257 1764342532.6750615
1764342532.6750917 1764342573.367181
1764342573.367203 1764342613.7005446
1764342613.7005641 1764342666.3053563
1764342666.3053792 1764342711.5392973
1764342711.539317 1764342763.6491554
1764342763.6491747 1764342821.8294375
1764342821.8294592 1764342867.511361
1764342867.5113826 1764342923.0411582
1764342923.0411787 1764342965.102083
1764342965.1021085 1764343013.9139795
1764343013.9139974 1764343047.8005655
1764343047.8005874 1764343100.6031516
1764343100.6031697 1764343151.982896
1764343151.982919 1764343195.6506174
1764343195.6506412 1764343225.3354115
1764343225.3354292 1764343258.0596938
1764343258.0597172 1764343288.5625505
1764343288.56257 1764343326.1351259
1764343326.1351457 1764343360.5914853
1764343360.591509 1764343396.839152
1764343396.839171 1764343424.4726548
1764343424.472678 1764343458.713058
1764343458.713079 1764343493.1958141
1764343493.1958342 1764343525.1945717
1764343525.194594 1764343556.7802303
1764343556.7802508 1764343585.3334768
1764343585.3335016 1764343612.3998077
1764343612.3998263 1764343638.154873
1764343638.1548905 1764343672.745787
1764343672.7458112 1764343700.6184075
1764343700.6184247 1764343730.7663667
1764343730.7663891 1764343764.304788
1764343764.304807 1764343793.804
1764343793.804018 1764343834.5979576
1764343834.5979815 1764343866.2327802
1764343866.2327995 1764343897.6439645
1764343897.6439888 1764343923.6384373
1764343923.6384556 1764343972.9580016
1764343972.9580257 1764344011.8904762
1764344011.8904939 1764344046.1350064
1764344046.135026 1764344079.3935506
1764344079.393573 1764344110.6183689
1764344110.6183875 1764344146.1950905
1764344146.1951146 1764344178.4403715
1764344178.4403894 1764344212.9975135
1764344212.9975362 1764344238.5849624
1764344238.5849822 1764344268.6119318
1764344268.6119509 1764344296.6475894
1764344296.6476133 1764344326.2408528
1764344326.2408717 1764344356.014205
1764344356.0142274 1764344390.0098395
1764344390.0098588 1764344423.163057
1764344423.1630754 1764344458.3130903
1764344458.3131187 1764344495.1067355
1764344495.1067533 1764344535.3714788
1764344535.371503 1764344574.5040722
1764344574.5040903 1764344614.589258
1764344614.589283 1764344649.657088
1764344649.657106 1764344699.051009
1764344699.051027 1764344743.8188822
1764344743.8189075 1764344785.950258
1764344785.950276 1764344833.5175827
1764344833.5176058 1764344874.57071
1764344874.5707314 1764344909.3791783
1764344909.3791966 1764344945.3005273
1764344945.3005528 1764344980.1276987
1764344980.1277163 1764345015.767933
1764345015.7679513 1764345052.4462492
1764345052.4462733 1764345084.0014524
1764345084.001477 1764345118.6122305
1764345118.6122537 1764345168.9956965
1764345168.995719 1764345216.0499518
1764345216.049976 1764345244.2892916
1764345244.2893105 1764345278.781838
1764345278.781856 1764345313.468215
1764345313.4682393 1764345359.4774303
1764345359.477449 1764345397.5454183
1764345397.5454493 1764345435.835907
1764345435.8359263 1764345467.252964
1764345467.2529888 1764345490.1733048
1764345490.1733272 1764345528.2544115
1764345528.2544312 1764345558.6195357
1764345558.6195712 1764345581.5032504
1764345581.5032697 1764345616.3691232
1764345616.369147 1764345670.5596757
1764345670.5596943 1764345721.8649666
1764345721.864991 1764345767.8278744
1764345767.8279016 1764345814.8296468
1764345814.829665 1764345852.648479
1764345852.6485038 1764345888.5204473
1764345888.5204737 1764345911.9410083
1764345911.941026 1764345945.979333
1764345945.979358 1764345977.157367
1764345977.157385 1764346016.202046
