1755596103.405418 1755596133.9189026
1755596133.91894 1755596162.129121
1755596162.1291437 1755596191.0337954
1755596191.03384 1755596218.8893907
1755596218.8894145 1755596249.4986267
1755596249.4986544 1755596275.6901162
1755596275.6901557 1755596298.6578612
1755596298.657887 1755596332.3553207
1755596332.3553476 1755596357.810779
1755596357.8108032 1755596397.252767
1755596397.2528079 1755596427.384927
1755596427.3849554 1755596454.9239614
1755596454.9239924 1755596488.714668
1755596488.7146926 1755596514.3473227
1755596514.3473444 1755596545.8069427
1755596545.8069677 1755596577.4658892
1755596577.4659164 1755596612.7072651
1755596612.7072918 1755596639.0792212
1755596639.0792437 1755596673.691241
1755596673.6912653 1755596700.7783859
1755596700.7784123 1755596735.9945977
1755596735.9946218 1755596768.6646407
1755596768.6646695 1755596794.0519373
1755596794.0519664 1755596832.1070676
1755596832.1070974 1755596859.6681347
1755596859.668162 1755596891.0085642
1755596891.0085936 1755596922.0970728
1755596922.0971026 1755596947.287804
1755596947.287827 1755596977.6685724
1755596977.6686025 1755597007.2330194
1755597007.2330418 1755597035.6678028
1755597035.667831 1755597068.580727
1755597068.580748 1755597095.7730794
1755597095.7731128 1755597121.8467507
1755597121.8467817 1755597151.8062644
1755597151.806294 1755597177.7885737
1755597177.7885997 1755597213.9260657
1755597213.9260879 1755597251.6084697
1755597251.6084983 1755597280.239351
1755597280.2393723 1755597312.3416746
1755597312.341701 1755597342.2291625
1755597342.2291834 1755597382.381993
1755597382.3820174 1755597413.6308146
1755597413.630838 1755597451.1288426
1755597451.1288767 1755597479.9656177
1755597479.9656541 1755597511.4942162
1755597511.4942448 1755597545.2500372
1755597545.2500584 1755597580.887109
1755597580.8871498 1755597607.4668105
1755597607.4668362 1755597644.7280083
1755597644.728038 1755597678.9838998
1755597678.9839222 1755597710.6356606
1755597710.6356895 1755597737.9648519
1755597737.9648826 1755597770.0458298
1755597770.0458505 1755597805.7957852
1755597805.79581 1755597831.940227
1755597831.9402514 1755597857.6760497
1755597857.6760795 1755597891.7525141
1755597891.7525356 1755597927.2005847
1755597927.200607 1755597950.79052
1755597950.7905498 1755597983.8858743
1755597983.8858998 1755598016.2924788
1755598016.2925148 1755598041.602753
1755598041.6027782 1755598074.4850235
1755598074.4850473 1755598097.8731482
1755598097.873172 1755598127.5327146
1755598127.532743 1755598170.6580272
1755598170.6580482 1755598200.9189565
1755598200.9189825 1755598229.490866
1755598229.4908898 1755598259.136588
1755598259.1366186 1755598285.3865967
1755598285.3866215 1755598310.7787669
1755598310.7787929 1755598344.6934392
1755598344.693468 1755598372.0074322
1755598372.007456 1755598406.2521493
1755598406.2521772 1755598439.2149403
1755598439.2149644 1755598467.7847674
1755598467.7848084 1755598502.6358411
1755598502.635863 1755598533.2049851
1755598533.205011 1755598559.520684
1755598559.5207076 1755598586.3817754
1755598586.3817973 1755598614.4042382
1755598614.4042673 1755598651.5506575
1755598651.550679 1755598678.0657911
1755598678.0658357 1755598714.871236
1755598714.871259 1755598739.562482
1755598739.5625093 1755598776.4740503
1755598776.474086 1755598804.5882828
1755598804.5883207 1755598851.8249528
1755598851.824975 1755598885.1808295
1755598885.1808586 1755598917.0658004
1755598917.0658221 1755598946.7069044
1755598946.706925 1755598984.6063912
1755598984.6064177 1755599013.6173916
1755599013.617416 1755599040.033129
1755599040.0331526 1755599073.324776
1755599073.3248143 1755599105.346356
1755599105.3463757 1755599140.9947238
1755599140.994751 1755599164.3725502
1755599164.3725731 1755599194.8029432
