1776156829.3790991 1776156866.1466901
1776156866.146718 1776156906.4220426
1776156906.4220974 1776156950.6420045
1776156950.6420248 1776156997.597008
1776156997.5970323 1776157042.9771004
1776157042.977122 1776157089.1166728
1776157089.1166956 1776157135.341698
1776157135.3417287 1776157167.596936
1776157167.5969532 1776157208.2266235
1776157208.2266483 1776157258.3535452
1776157258.3535738 1776157307.4751956
1776157307.475219 1776157357.730445
1776157357.7304978 1776157401.8250322
1776157401.82506 1776157449.0623987
1776157449.0624201 1776157486.7462957
1776157486.7463212 1776157530.721144
1776157530.7211664 1776157574.108138
1776157574.1081645 1776157617.154857
1776157617.1548853 1776157660.1281133
1776157660.1281424 1776157700.832206
1776157700.8322349 1776157730.2641969
1776157730.2642186 1776157787.1114233
1776157787.11145 1776157827.5108194
1776157827.5108404 1776157867.2777557
1776157867.2777824 1776157912.0585437
1776157912.058565 1776157949.1170337
1776157949.1170583 1776158008.1391797
1776158008.1392057 1776158050.9256516
1776158050.925682 1776158095.6024992
1776158095.602527 1776158145.6934571
1776158145.693485 1776158195.6842942
1776158195.6843204 1776158238.0720851
1776158238.0721076 1776158291.8254313
1776158291.8254588 1776158328.1200159
1776158328.120042 1776158381.2475078
1776158381.247534 1776158427.528628
1776158427.5286555 1776158475.720534
1776158475.7205622 1776158514.7828858
1776158514.7829108 1776158564.4324725
1776158564.4324994 1776158607.0941834
1776158607.0942106 1776158639.0250053
1776158639.0250306 1776158690.5230362
1776158690.5230644 1776158736.133794
1776158736.133822 1776158780.074162
1776158780.0741913 1776158819.366722
1776158819.3667488 1776158864.1930299
1776158864.1930518 1776158902.4402652
1776158902.4402912 1776158956.6177306
1776158956.6177583 1776159002.2397826
1776159002.2398088 1776159042.4753785
1776159042.4754097 1776159086.304302
1776159086.3043242 1776159132.177434
1776159132.1774611 1776159170.3308954
1776159170.3309216 1776159214.9382744
1776159214.9383032 1776159265.2056952
1776159265.2057312 1776159310.771707
1776159310.771734 1776159351.9449632
1776159351.9449892 1776159398.4907699
1776159398.4907937 1776159438.1760552
1776159438.1760857 1776159481.4516883
1776159481.4517186 1776159523.3371186
1776159523.3371465 1776159566.255685
1776159566.2557187 1776159612.3340194
1776159612.3340487 1776159649.5192485
1776159649.5192711 1776159693.6509933
1776159693.6510212 1776159744.7588136
1776159744.758837 1776159789.8443973
1776159789.8444269 1776159838.5527549
1776159838.5527782 1776159886.620028
1776159886.6200662 1776159927.8010924
1776159927.801119 1776159972.4242463
1776159972.4242752 1776160010.6709614
1776160010.671003 1776160058.8558261
1776160058.855855 1776160094.680987
1776160094.6810117 1776160132.1751754
1776160132.1752114 1776160190.0061219
1776160190.0061495 1776160226.172184
1776160226.1722043 1776160271.53653
1776160271.5365584 1776160318.510191
1776160318.5102167 1776160354.980747
1776160354.9807734 1776160407.6728473
1776160407.6728685 1776160447.6497188
1776160447.6497576 1776160484.800952
1776160484.8009734 1776160541.3954597
1776160541.3954868 1776160586.79246
1776160586.792482 1776160630.0774102
1776160630.0774374 1776160683.9909198
1776160683.9909468 1776160731.9546268
1776160731.9546494 1776160770.0140514
1776160770.0140867 1776160820.852271
1776160820.8522928 1776160865.3108542
1776160865.3108826 1776160912.4921072
1776160912.4921298 1776160955.5246205
1776160955.5246477 1776160995.4394083
1776160995.4394338 1776161034.1907852
1776161034.1908119 1776161079.3115592
1776161079.3115888 1776161123.8269727
1776161123.8270109 1776161167.7385821
1776161167.7386045 1776161212.063861
1776161212.0638885 1776161248.2982838
