1776156829.6526074 1776156864.1532617
1776156864.1532876 1776156905.8076203
1776156905.8076642 1776156948.353129
1776156948.3531544 1776156986.8725417
1776156986.872563 1776157035.9656153
1776157035.9656403 1776157086.240558
1776157086.2405832 1776157133.8923054
1776157133.8923323 1776157171.7649007
1776157171.764927 1776157206.7988718
1776157206.7988925 1776157261.5298512
1776157261.5298724 1776157302.348411
1776157302.3484373 1776157354.131033
1776157354.1310582 1776157402.089476
1776157402.0895033 1776157452.5765119
1776157452.5765345 1776157495.2230146
1776157495.2230418 1776157523.6081426
1776157523.6081638 1776157573.2536528
1776157573.2536805 1776157616.2614553
1776157616.2614825 1776157662.02693
1776157662.0269506 1776157697.3762336
1776157697.376264 1776157740.8166041
1776157740.816631 1776157782.4963796
1776157782.4964006 1776157830.2823443
1776157830.2823696 1776157867.488342
1776157867.4883626 1776157912.333981
1776157912.3340082 1776157958.0279415
1776157958.0279624 1776158004.8731954
1776158004.873236 1776158050.453739
1776158050.453766 1776158094.4599438
1776158094.459965 1776158148.7181444
1776158148.7181847 1776158184.7724981
1776158184.7725303 1776158227.7499506
1776158227.7499695 1776158283.6351802
1776158283.635206 1776158339.2330618
1776158339.2331057 1776158378.945803
1776158378.945853 1776158425.4463081
1776158425.4463365 1776158474.8045137
1776158474.80454 1776158522.2549832
1776158522.2550104 1776158569.8756242
1776158569.8756437 1776158597.732359
1776158597.7323833 1776158644.9534116
1776158644.9534318 1776158693.0494833
1776158693.0495086 1776158735.8905132
1776158735.8905401 1776158780.1064796
1776158780.1065 1776158822.0579607
1776158822.0579796 1776158867.1230295
1776158867.123056 1776158914.3397136
1776158914.3397343 1776158957.1061869
1776158957.10622 1776158999.4733608
1776158999.4733896 1776159044.5638824
1776159044.5639024 1776159090.5441408
1776159090.5441618 1776159131.3242977
1776159131.3243234 1776159173.18408
1776159173.1841002 1776159222.7783217
1776159222.7783482 1776159257.8131382
1776159257.813157 1776159314.100248
1776159314.100275 1776159358.257958
1776159358.2579832 1776159397.2715218
1776159397.2715657 1776159437.9497025
1776159437.9497235 1776159482.2519321
1776159482.2519562 1776159524.0646899
1776159524.064721 1776159560.266877
1776159560.2669053 1776159610.4718783
1776159610.4718983 1776159660.469907
1776159660.4699311 1776159698.688911
1776159698.6889427 1776159748.7234957
1776159748.7235308 1776159791.5186043
1776159791.5186357 1776159845.8582716
1776159845.858305 1776159882.8525505
1776159882.8525717 1776159930.8135016
1776159930.8135324 1776159972.051581
1776159972.0516071 1776160002.952136
1776160002.9521616 1776160058.6633663
1776160058.6633883 1776160090.4937005
1776160090.4937253 1776160142.0319207
1776160142.0319421 1776160186.4071555
1776160186.407175 1776160229.1803274
1776160229.1803613 1776160260.3497365
1776160260.3497617 1776160312.2745078
1776160312.274534 1776160349.171472
1776160349.1714942 1776160404.1327207
1776160404.1327481 1776160448.179457
1776160448.1794813 1776160493.1723468
1776160493.1723773 1776160539.1198118
1776160539.119833 1776160583.8723576
1776160583.8723967 1776160632.7464178
1776160632.7464395 1776160680.1741633
1776160680.1741993 1776160724.2820387
1776160724.2820594 1776160773.9679055
1776160773.967932 1776160814.928826
1776160814.9288464 1776160868.5981495
1776160868.598186 1776160914.2257888
1776160914.225814 1776160951.9340882
1776160951.9341104 1776160987.2935324
1776160987.293557 1776161033.345637
1776161033.345658 1776161078.2112067
1776161078.2112277 1776161125.6332345
1776161125.6332786 1776161165.8254335
1776161165.8254569 1776161212.9790208
1776161212.979065 1776161247.0462852
