1776558974.2028728 1776559084.119118
1776559087.1225414 1776559212.9840539
1776559220.992238 1776559320.8055084
1776559326.8059044 1776559443.1706147
1776559444.171826 1776559565.2177298
1776559568.2209547 1776559680.1754777
1776559690.1760864 1776559818.5622241
1776559828.5724308 1776559947.8566322
1776559951.8583689 1776560035.8783631
1776560042.885552 1776560193.6249034
1776560203.6344295 1776560321.873368
1776560327.8795466 1776560472.3113153
1776560479.318336 1776560582.9704216
1776560585.973625 1776560693.128272
1776560699.128556 1776560782.9271898
1776560785.930379 1776560866.6603134
1776560876.6678433 1776561008.0696619
1776561010.0718515 1776561118.689202
1776561127.6920435 1776561246.872733
1776561247.8739214 1776561366.3779907
1776561369.3812 1776561499.6449244
1776561506.6521213 1776561640.0016177
1776561649.0104876 1776561760.4988773
1776561762.501101 1776561866.9886696
1776561868.9908872 1776561994.04866
1776561999.0504267 1776562121.3210373
1776562127.3272452 1776562236.0121217
1776562241.0139694 1776562366.083444
1776562368.085672 1776562492.0006707
1776562494.0028548 1776562594.0447552
1776562599.048527 1776562737.474151
1776562742.4793088 1776562850.037369
1776562860.046342 1776562981.3305974
1776562990.339748 1776563094.2943351
1776563104.3044543 1776563235.3697712
1776563235.3699174 1776563360.2264214
1776563364.2305443 1776563486.2813356
1776563496.2915459 1776563610.2657607
1776563612.2679067 1776563731.4324236
1776563732.4335418 1776563885.9618068
1776563894.9710126 1776563984.1723342
1776563988.1764574 1776564134.7688475
1776564139.7740238 1776564216.1275833
1776564217.1287663 1776564390.3225436
1776564396.3228316 1776564489.6264
1776564495.630348 1776564610.0977986
1776564610.0978906 1776564687.7155488
1776564688.7167192 1776564836.0042968
1776564836.0044394 1776564963.009307
1776564963.009386 1776565121.3606193
1776565122.361741 1776565230.9888747
1776565230.9890146 1776565354.949327
1776565360.9555285 1776565480.9635668
1776565490.9703488 1776565594.928931
1776565594.9290016 1776565694.9268048
1776565696.929003 1776565837.8778417
1776565843.8840249 1776565936.1063452
1776565939.1094809 1776566087.3301423
1776566089.3323257 1776566202.624933
1776566203.6261132 1776566358.9598997
1776566363.9650924 1776566465.634115
1776566471.6403406 1776566571.4887235
1776566581.490361 1776566699.9746184
1776566709.9848125 1776566818.3726048
1776566820.374781 1776566939.3535879
1776566946.3607287 1776567069.151992
1776567070.1531234 1776567172.7371614
1776567182.7468297 1776567302.4234786
1776567302.4235623 1776567389.6730158
1776567395.6792014 1776567554.5868058
1776567563.5959845 1776567666.2812972
1776567675.2905743 1776567794.0504134
1776567795.0515895 1776567914.4216876
1776567916.422133 1776568047.9641042
1776568051.9682794 1776568132.5084484
1776568141.5175815 1776568280.427663
1776568285.430998 1776568409.124594
1776568414.1297784 1776568528.6171982
1776568532.6213198 1776568650.4959266
1776568654.4983456 1776568780.9888856
1776568783.9920626 1776568907.804006
1776568914.810606 1776569035.467918
1776569036.4690406 1776569189.2273822
1776569197.2355936 1776569309.604368
1776569315.6105509 1776569419.2349591
1776569424.2353504 1776569528.59608
1776569538.6023362 1776569632.9310596
1776569638.9372673 1776569759.9614992
1776569759.9616416 1776569860.4431355
1776569861.4443264 1776570033.3355105
1776570034.3366988 1776570150.4864984
1776570156.4926858 1776570250.1226752
1776570254.1231542 1776570358.2743182
1776570358.274461 1776570513.853729
1776570517.8543446 1776570635.6236577
1776570638.626812 1776570742.7282002
1776570748.7343326 1776570866.6403997
1776570871.6455796 1776571016.0440857
1776571023.0512776 1776571145.4693072
1776571148.4724922 1776571272.188417
