1776558976.4922059 1776559106.48977
1776559111.4951549 1776559218.439706
1776559219.440969 1776559315.2667935
1776559325.277048 1776559421.9169948
1776559429.9253635 1776559567.4499202
1776559569.451531 1776559689.9833455
1776559697.9903417 1776559781.5502646
1776559790.559483 1776559957.931162
1776559967.9411721 1776560075.5605843
1776560076.5617177 1776560195.714328
1776560195.7144744 1776560321.9352071
1776560330.942338 1776560465.057941
1776560473.0623355 1776560577.887694
1776560579.8898852 1776560692.9865398
1776560693.987709 1776560796.6007104
1776560800.604853 1776560901.1300778
1776560901.1302297 1776560988.3650048
1776560990.36634 1776561125.3210223
1776561125.3211763 1776561248.2181156
1776561249.2183468 1776561349.4240518
1776561352.4272387 1776561468.8935492
1776561471.8941352 1776561626.7315814
1776561635.7319598 1776561759.116123
1776561760.1172764 1776561856.3695107
1776561857.3706963 1776561973.348722
1776561979.3549006 1776562109.6703064
1776562119.680497 1776562225.6972997
1776562235.7074957 1776562360.133349
1776562364.137539 1776562496.9558146
1776562504.9640112 1776562611.129493
1776562621.1396928 1776562729.4361067
1776562731.43823 1776562852.802884
1776562855.806077 1776562981.992676
1776562982.9938734 1776563094.048956
1776563099.0541358 1776563241.6193604
1776563246.619543 1776563357.4912593
1776563360.4944606 1776563480.149187
1776563480.1492777 1776563611.9340436
1776563615.9382477 1776563746.28642
1776563749.2896223 1776563884.6529448
1776563886.6551402 1776564001.696894
1776564003.6984317 1776564124.0273676
1776564132.0285263 1776564260.6707532
1776564261.6714315 1776564369.709379
1776564373.713578 1776564501.8401964
1776564508.8420007 1776564587.1640296
1776564587.1641212 1776564709.0879846
1776564715.0941763 1776564837.5567534
1776564840.558342 1776564974.9534638
1776564978.9543521 1776565091.4129906
1776565092.4141834 1776565241.1940095
1776565243.1943326 1776565354.9585793
1776565357.959208 1776565464.3708599
1776565466.3730693 1776565622.1023898
1776565623.103585 1776565715.7408354
1776565722.7480807 1776565828.596622
1776565834.6028147 1776565960.110218
1776565965.1154132 1776566090.5389638
1776566097.5461545 1776566225.672347
1776566235.6759815 1776566360.5823298
1776566365.5827398 1776566453.945432
1776566460.9526255 1776566552.0213115
1776566562.0315006 1776566687.5527983
1776566694.5599911 1776566814.7269838
1776566823.7361815 1776566943.1369348
1776566945.13836 1776567064.9014003
1776567066.903538 1776567182.019554
1776567182.019686 1776567278.0617352
1776567284.0678747 1776567395.3797774
1776567400.3836021 1776567559.1757026
1776567561.1778963 1776567657.3226619
1776567664.3297794 1776567769.8235288
1776567770.8247142 1776567926.5072496
1776567930.5113683 1776568040.1125908
1776568049.1128464 1776568166.1688218
1776568173.1703858 1776568287.1166124
1776568294.1238103 1776568401.3497944
1776568410.3589194 1776568534.58818
1776568536.5903754 1776568674.6188006
1776568680.6223397 1776568797.0796561
1776568798.0807865 1776568927.9913266
1776568927.991475 1776569045.3692513
1776569055.3794186 1776569167.2069252
1776569168.2080648 1776569304.8444757
1776569310.850678 1776569402.3364177
1776569405.3384056 1776569520.402736
1776569523.4059582 1776569607.3320045
1776569615.3401904 1776569763.6399608
1776569773.6501617 1776569892.4877067
1776569900.494332 1776570034.878919
1776570036.8811145 1776570140.9846234
1776570146.9907477 1776570255.8842602
1776570263.8924448 1776570367.8319643
1776570371.8361528 1776570510.7991433
1776570510.7992945 1776570623.0315864
1776570627.0357058 1776570753.8984504
1776570763.908653 1776570895.8617196
1776570901.8678834 1776571025.233831
1776571029.2379766 1776571138.4561381
1776571139.4572608 1776571271.0208614
