1767191740.4504178 1767191841.5785062
1767191841.5785463 1767191946.935232
1767191946.9352853 1767192066.1173706
1767192066.117397 1767192198.6113641
1767192198.6113894 1767192333.8952966
1767192333.895321 1767192465.5882869
1767192465.5883124 1767192572.8888724
1767192572.8888972 1767192727.0176506
1767192727.0176756 1767192859.3755329
1767192859.3755577 1767192978.345251
1767192978.3452826 1767193116.4316032
1767193116.4316275 1767193232.1513054
1767193232.151325 1767193313.237449
1767193313.2374752 1767193420.7844086
1767193420.7844284 1767193506.318227
1767193506.318254 1767193637.973132
1767193637.973155 1767193761.7142887
1767193761.7143142 1767193859.0586555
1767193859.0586805 1767193956.1880033
1767193956.1880224 1767194065.467109
1767194065.4671345 1767194184.3624856
1767194184.362511 1767194321.9625742
1767194321.9626024 1767194418.189315
1767194418.1893337 1767194511.605436
1767194511.6054604 1767194657.3035448
1767194657.3035717 1767194755.5185623
1767194755.5185814 1767194862.7497945
1767194862.7498207 1767195002.3978305
1767195002.3978488 1767195110.549787
1767195110.549812 1767195205.0528817
1767195205.0529053 1767195328.683654
1767195328.6836793 1767195434.785983
1767195434.7860162 1767195556.999852
1767195556.9998713 1767195661.4550998
1767195661.4551256 1767195800.720453
1767195800.72048 1767195946.1621132
1767195946.162139 1767196063.17552
1767196063.1755397 1767196168.8978276
1767196168.8978531 1767196261.8796432
1767196261.8796616 1767196385.7367778
1767196385.7368028 1767196507.2157133
1767196507.2157385 1767196585.9246788
1767196585.924697 1767196719.3804312
1767196719.380456 1767196851.9007952
1767196851.9008203 1767196971.6482825
1767196971.6483033 1767197071.2783754
1767197071.2784019 1767197188.118629
1767197188.1186492 1767197306.9596667
1767197306.9596915 1767197461.2114787
1767197461.211504 1767197540.3932157
1767197540.3932333 1767197676.9954927
1767197676.9955177 1767197779.632696
1767197779.6327217 1767197879.7231038
1767197879.7231276 1767198017.0132768
1767198017.0132957 1767198153.3664067
1767198153.3664336 1767198258.9355323
1767198258.9355571 1767198396.5540826
1767198396.5541084 1767198522.470196
1767198522.4702206 1767198640.5164776
1767198640.5164967 1767198737.4471486
1767198737.4471736 1767198860.6483428
1767198860.6483686 1767198950.1412814
1767198950.1413066 1767199065.2632377
1767199065.263257 1767199167.9106474
1767199167.9106722 1767199258.2269783
1767199258.2270033 1767199387.2339604
1767199387.2339854 1767199492.5099344
1767199492.5099542 1767199590.1666663
1767199590.1666918 1767199733.531511
1767199733.5315297 1767199840.8495648
1767199840.8495903 1767199954.5437346
1767199954.5437598 1767200064.9210134
1767200064.9210315 1767200175.6704738
1767200175.6704996 1767200274.1063871
1767200274.106408 1767200371.7091308
1767200371.7091563 1767200484.1101286
1767200484.110147 1767200615.312025
1767200615.31205 1767200707.1650994
1767200707.1651187 1767200836.7393022
1767200836.7393289 1767200962.45979
1767200962.4598157 1767201084.0292127
1767201084.029238 1767201196.9708583
1767201196.9708774 1767201326.7039702
1767201326.703995 1767201436.149018
1767201436.1490438 1767201544.8734815
1767201544.8735027 1767201635.9418294
1767201635.9418542 1767201772.0716298
1767201772.0716505 1767201894.025975
1767201894.0259988 1767202026.8917875
1767202026.891812 1767202143.807938
1767202143.8079572 1767202247.4842837
1767202247.4843087 1767202345.4698486
1767202345.4698737 1767202477.7613878
1767202477.7614083 1767202586.237498
1767202586.2375364 1767202728.2145438
1767202728.2145693 1767202839.4912763
1767202839.4913018 1767202978.7912774
1767202978.7912974 1767203069.1965845
1767203069.1966095 1767203181.8773196
1767203181.8773446 1767203275.113991
