1755430753.8724775 1755430778.776192
1755430778.7762237 1755430804.4176881
1755430804.4177144 1755430832.8897269
1755430832.8897653 1755430865.5034218
1755430865.5034432 1755430898.7651024
1755430898.7651267 1755430924.8385863
1755430924.8386068 1755430952.0625153
1755430952.0625453 1755430975.3142703
1755430975.3142958 1755431001.4400904
1755431001.44012 1755431027.5026104
1755431027.502631 1755431058.864827
1755431058.8648515 1755431088.9655805
1755431088.9656076 1755431119.5908298
1755431119.5908575 1755431145.5042696
1755431145.5043015 1755431167.966129
1755431167.966156 1755431202.2467022
1755431202.2467296 1755431228.6169426
1755431228.6169655 1755431262.3776932
1755431262.377723 1755431297.64801
1755431297.648043 1755431322.55759
1755431322.5576162 1755431345.1246994
1755431345.124723 1755431373.5299516
1755431373.529975 1755431412.299046
1755431412.2990746 1755431456.0643468
1755431456.0643718 1755431478.953565
1755431478.9535933 1755431502.2443442
1755431502.2443705 1755431533.1283698
1755431533.1284003 1755431553.399141
1755431553.3991613 1755431584.0703542
1755431584.0703793 1755431614.0805962
1755431614.0806189 1755431656.0979254
1755431656.0979624 1755431678.129274
1755431678.1292946 1755431710.8095088
1755431710.8095355 1755431741.252655
1755431741.252683 1755431770.4892974
1755431770.4893224 1755431797.1690278
1755431797.1690545 1755431825.2178624
1755431825.21789 1755431852.6924422
1755431852.692469 1755431888.5510612
1755431888.5510933 1755431921.9120202
1755431921.9120464 1755431944.2783232
1755431944.2783506 1755431969.4755368
1755431969.4755695 1755431997.8220274
1755431997.8220706 1755432027.305668
1755432027.3056982 1755432048.344275
1755432048.3443067 1755432082.4851174
1755432082.4851422 1755432110.0061297
1755432110.0061557 1755432147.498028
1755432147.498056 1755432172.716912
1755432172.7169337 1755432210.3343623
1755432210.3343902 1755432236.655892
1755432236.6559145 1755432259.218665
1755432259.2187133 1755432288.139495
1755432288.13952 1755432312.6793892
1755432312.6794157 1755432337.3957195
1755432337.3957465 1755432379.1254675
1755432379.1254954 1755432408.843873
1755432408.8438995 1755432435.9356256
1755432435.9356494 1755432472.0283062
1755432472.0283291 1755432513.222462
1755432513.2224884 1755432541.2422566
1755432541.2422788 1755432583.6560202
1755432583.656062 1755432612.4492316
1755432612.449259 1755432640.3131604
1755432640.3131812 1755432667.7983112
1755432667.7983406 1755432711.0484838
1755432711.0485058 1755432735.3118896
1755432735.3119195 1755432767.9255843
1755432767.9256582 1755432792.8409514
1755432792.8409746 1755432833.6375275
1755432833.637554 1755432859.1160133
1755432859.1160338 1755432899.477903
1755432899.4779298 1755432931.2335315
1755432931.2335694 1755432958.060328
1755432958.06035 1755432997.3682194
1755432997.3682477 1755433025.4709475
1755433025.4709718 1755433057.251116
1755433057.251139 1755433095.8093004
1755433095.8093243 1755433127.2743802
1755433127.2744012 1755433157.589568
1755433157.5895922 1755433187.8201125
1755433187.820137 1755433214.538434
1755433214.5384593 1755433249.4063015
1755433249.4063234 1755433285.8372262
1755433285.8372507 1755433313.378747
1755433313.3787687 1755433342.2569518
1755433342.2569723 1755433381.00396
1755433381.0039885 1755433411.8652606
1755433411.8652844 1755433435.7003438
1755433435.700371 1755433466.6306784
1755433466.6307034 1755433494.804615
1755433494.804637 1755433527.2084649
1755433527.2084928 1755433552.5197353
1755433552.5197594 1755433575.6308808
1755433575.6309123 1755433594.0824075
1755433594.0824306 1755433631.475818
1755433631.4758384 1755433680.369764
1755433680.369792 1755433704.348733
1755433704.3487577 1755433731.219393
1755433731.2194252 1755433763.8426514
