1776176042.8643425 1776176087.2648242
1776176087.2648475 1776176126.5456955
1776176126.5457184 1776176182.4638686
1776176182.4638956 1776176219.2485151
1776176219.2485402 1776176266.8353422
1776176266.8353677 1776176318.1384044
1776176318.1384525 1776176348.1181128
1776176348.1181357 1776176397.6921763
1776176397.6922038 1776176448.5854082
1776176448.5854328 1776176488.7388546
1776176488.7388792 1776176525.3803828
1776176525.3804073 1776176564.3660634
1776176564.3660834 1776176610.714136
1776176610.714162 1776176660.598043
1776176660.598068 1776176704.9275925
1776176704.9276166 1776176744.8926525
1776176744.892673 1776176783.5548527
1776176783.554884 1776176827.900952
1776176827.9009757 1776176867.8124483
1776176867.8124678 1776176906.9077148
1776176906.9077322 1776176946.2009497
1776176946.2009726 1776176998.9261906
1776176998.9262145 1776177031.1567082
1776177031.1567264 1776177084.4984577
1776177084.4984865 1776177124.224616
1776177124.2246418 1776177169.2960267
1776177169.2960498 1776177217.1242487
1776177217.1242738 1776177257.0318925
1776177257.03191 1776177310.479231
1776177310.4792569 1776177351.7144468
1776177351.714468 1776177401.8100088
1776177401.8100283 1776177441.7257347
1776177441.7257576 1776177500.4509804
1776177500.4510043 1776177543.8320432
1776177543.8320632 1776177590.265855
1776177590.2658787 1776177625.3734107
1776177625.373434 1776177681.1575315
1776177681.1575534 1776177719.9530058
1776177719.953024 1776177761.4653184
1776177761.4653413 1776177811.068574
1776177811.0685973 1776177854.420651
1776177854.420671 1776177893.4187267
1776177893.4187505 1776177944.5477471
1776177944.5477698 1776177988.025374
1776177988.025392 1776178038.328452
1776178038.3284762 1776178080.651127
1776178080.6511438 1776178120.1729412
1776178120.17296 1776178175.8117633
1776178175.8117867 1776178229.197693
1776178229.1977172 1776178273.9324598
1776178273.9324787 1776178317.4837606
1776178317.4837847 1776178358.805848
1776178358.8058648 1776178406.0296364
1776178406.0296633 1776178444.8633962
1776178444.863413 1776178487.7594757
1776178487.7594986 1776178534.9887578
1776178534.988786 1776178580.3104289
1776178580.3104477 1776178630.2371573
1776178630.2371807 1776178674.642535
1776178674.6425598 1776178719.0823371
1776178719.0823548 1776178762.7596762
1776178762.7597017 1776178808.3840723
1776178808.3840888 1776178856.9450915
1776178856.9451149 1776178900.7620301
1776178900.7620556 1776178932.580572
1776178932.5805933 1776178977.374255
1776178977.3742783 1776179034.0560336
1776179034.0560658 1776179071.7700012
1776179071.7700233 1776179120.8287697
1776179120.8287883 1776179165.5819697
1776179165.5819936 1776179198.842199
1776179198.8422194 1776179238.0354836
1776179238.035509 1776179278.2684636
1776179278.2684848 1776179315.969795
1776179315.9698184 1776179366.5920131
1776179366.5920439 1776179418.600133
1776179418.600157 1776179465.3417974
1776179465.341816 1776179502.9489963
1776179502.9490201 1776179557.0391004
1776179557.039124 1776179599.9325728
1776179599.93261 1776179644.3276298
1776179644.3276484 1776179691.5492752
1776179691.5492988 1776179726.4988167
1776179726.4988449 1776179779.5296917
1776179779.5297098 1776179826.3712184
1776179826.3712425 1776179867.8281593
1776179867.8281863 1776179920.181148
1776179920.1811793 1776179966.9971426
1776179966.9971619 1776180021.4517899
1776180021.4518144 1776180067.7893863
1776180067.7894094 1776180117.2763667
1776180117.2763956 1776180167.7173693
1776180167.7173939 1776180209.9710639
1776180209.9710886 1776180244.1569588
1776180244.1569784 1776180302.342581
1776180302.342601 1776180348.8711798
1776180348.8712044 1776180391.74313
1776180391.7431564 1776180430.6700888
1776180430.6701114 1776180475.1642888
1776180475.1643069 1776180519.1709573
