1776176044.7489245 1776176082.1913059
1776176082.1913419 1776176132.0278664
1776176132.02789 1776176177.5105264
1776176177.510561 1776176207.2619088
1776176207.2619328 1776176272.2688584
1776176272.2688837 1776176312.815183
1776176312.815211 1776176351.8376875
1776176351.837731 1776176400.8749328
1776176400.8749583 1776176445.0221708
1776176445.0222116 1776176484.4186447
1776176484.418671 1776176524.7535691
1776176524.753589 1776176570.1063488
1776176570.106376 1776176613.0561194
1776176613.056141 1776176653.6990447
1776176653.6990654 1776176702.1702347
1776176702.1702623 1776176741.5935135
1776176741.5935335 1776176778.552584
1776176778.5526102 1776176823.442387
1776176823.4424205 1776176868.5091224
1776176868.5091488 1776176917.4064634
1776176917.4064906 1776176956.759103
1776176956.759124 1776177000.6015906
1776177000.6016288 1776177042.4840126
1776177042.4840379 1776177079.795542
1776177079.7955692 1776177116.2864685
1776177116.2864945 1776177175.8583627
1776177175.8583937 1776177207.2329633
1776177207.2329829 1776177258.6554487
1776177258.6554701 1776177309.6724856
1776177309.6725118 1776177358.0169594
1776177358.0169804 1776177402.2330327
1776177402.2330585 1776177450.567944
1776177450.5679696 1776177500.1064572
1776177500.1064835 1776177542.1586037
1776177542.1586294 1776177590.8457272
1776177590.8457482 1776177635.3384483
1776177635.3384693 1776177673.0934265
1776177673.0934474 1776177727.7235353
1776177727.7235608 1776177762.9982111
1776177762.998237 1776177816.2559245
1776177816.2559526 1776177857.319702
1776177857.3197312 1776177894.696179
1776177894.6962051 1776177931.662051
1776177931.6620698 1776177989.5299494
1776177989.5299754 1776178036.8626432
1776178036.8626697 1776178078.91061
1776178078.9106374 1776178125.50166
1776178125.501681 1776178178.5175343
1776178178.5175598 1776178212.29962
1776178212.2996433 1776178271.1956253
1776178271.1956527 1776178322.2776845
1776178322.2777052 1776178361.5298681
1776178361.5298939 1776178408.2481432
1776178408.2481737 1776178449.6152458
1776178449.6152768 1776178490.0500226
1776178490.0500546 1776178537.394637
1776178537.394662 1776178566.3304105
1776178566.3304296 1776178627.1327646
1776178627.1327899 1776178667.448651
1776178667.448672 1776178714.7973692
1776178714.7973948 1776178763.0207703
1776178763.020797 1776178811.151981
1776178811.1520061 1776178848.772542
1776178848.7725692 1776178901.990434
1776178901.9904602 1776178944.8558426
1776178944.8558729 1776178989.11267
1776178989.1126957 1776179037.310545
1776179037.3105712 1776179073.8676097
1776179073.8676372 1776179115.2514284
1776179115.2514496 1776179160.945369
1776179160.9453926 1776179197.7961347
1776179197.796156 1776179229.062709
1776179229.0627344 1776179279.6707976
1776179279.6708233 1776179323.694567
1776179323.6945899 1776179370.1456666
1776179370.1456916 1776179414.7869434
1776179414.786975 1776179461.6760013
1776179461.676028 1776179493.637743
1776179493.6377628 1776179555.2877536
1776179555.2877815 1776179592.5352414
1776179592.5352614 1776179642.1593683
1776179642.1593962 1776179679.9417062
1776179679.941731 1776179729.9927022
1776179729.992723 1776179780.0455375
1776179780.0455637 1776179825.787062
1776179825.7870877 1776179867.9077923
1776179867.9078174 1776179917.09636
1776179917.0963857 1776179966.9531705
1776179966.9531908 1776180018.3873725
1776180018.387394 1776180061.3021662
1776180061.30219 1776180117.5813959
1776180117.5814223 1776180160.4486735
1776180160.4486938 1776180209.12804
1776180209.1280677 1776180251.5329933
1776180251.5330203 1776180297.6433105
1776180297.6433318 1776180345.5239584
1776180345.5239935 1776180382.5564756
1776180382.556501 1776180423.4243116
1776180423.4243364 1776180474.1507094
1776180474.1507425 1776180519.2981772
