1761902560.8017604 1761902590.6949599
1761902590.6949809 1761902611.8014998
1761902611.8015265 1761902635.072123
1761902635.0721493 1761902659.9494176
1761902659.9494405 1761902676.438616
1761902676.438635 1761902710.0606034
1761902710.060643 1761902740.8392305
1761902740.8392525 1761902769.2724376
1761902769.2724636 1761902795.8238835
1761902795.823916 1761902822.5203593
1761902822.5203803 1761902850.6763353
1761902850.67636 1761902875.598749
1761902875.5987697 1761902898.830938
1761902898.830962 1761902921.943493
1761902921.943516 1761902947.2136343
1761902947.2136567 1761902973.4196064
1761902973.4196353 1761903002.9728155
1761903002.9728374 1761903017.6011918
1761903017.6012151 1761903043.3930736
1761903043.3930979 1761903064.8305042
1761903064.8305233 1761903090.0044694
1761903090.0044951 1761903108.048609
1761903108.0486329 1761903129.0045881
1761903129.004607 1761903157.1914265
1761903157.1914537 1761903184.7834258
1761903184.7834513 1761903213.9954607
1761903213.9954832 1761903242.8163965
1761903242.816423 1761903262.1611753
1761903262.1611965 1761903291.976722
1761903291.976749 1761903306.436263
1761903306.4362917 1761903324.8639095
1761903324.8639297 1761903352.6754248
1761903352.6754673 1761903376.0925057
1761903376.092527 1761903395.890478
1761903395.8905 1761903417.9325392
1761903417.9325604 1761903448.8094225
1761903448.8094435 1761903469.314826
1761903469.3148725 1761903495.0523472
1761903495.0523746 1761903513.1972508
1761903513.1972718 1761903539.6741104
1761903539.6741607 1761903561.0920253
1761903561.0920467 1761903583.1824424
1761903583.1824768 1761903601.9197307
1761903601.9197524 1761903623.0307834
1761903623.0308032 1761903639.7777038
1761903639.7777255 1761903659.9091873
1761903659.909212 1761903682.526611
1761903682.5266473 1761903702.7336144
1761903702.733634 1761903722.0035794
1761903722.003612 1761903737.7917807
1761903737.7918072 1761903764.4404194
1761903764.4404397 1761903787.8526351
1761903787.8526685 1761903814.0227246
1761903814.0227473 1761903842.4132388
1761903842.4132617 1761903871.7061875
1761903871.7062204 1761903899.7164283
1761903899.7164588 1761903927.2972348
1761903927.2972598 1761903948.076736
1761903948.07676 1761903979.0641594
1761903979.064182 1761904005.6325073
1761904005.6325347 1761904024.5702002
1761904024.5702274 1761904042.9503858
1761904042.9504075 1761904057.8756196
1761904057.8756425 1761904079.2319586
1761904079.231988 1761904102.2267725
1761904102.2268057 1761904129.794842
1761904129.7948716 1761904154.0934155
1761904154.0934439 1761904180.4513168
1761904180.451342 1761904200.4127448
1761904200.4128087 1761904223.2226136
1761904223.2226331 1761904243.297384
1761904243.2974064 1761904262.8275588
1761904262.827596 1761904280.9481778
1761904280.9482014 1761904300.7388778
1761904300.7389066 1761904320.4166274
1761904320.4166489 1761904335.1049795
1761904335.105004 1761904359.9524348
1761904359.952458 1761904379.1668983
1761904379.166934 1761904400.450461
1761904400.450479 1761904427.1891565
1761904427.189194 1761904449.269448
1761904449.2694688 1761904470.8430874
1761904470.8431158 1761904495.8724267
1761904495.87245 1761904516.1975627
1761904516.197595 1761904536.845933
1761904536.8459585 1761904554.202639
1761904554.2026594 1761904578.3626666
1761904578.362693 1761904595.7516954
1761904595.751722 1761904621.10098
1761904621.1010153 1761904642.1942556
1761904642.1942775 1761904660.6761026
1761904660.6761281 1761904680.9364188
1761904680.9364393 1761904704.3319266
1761904704.3319557 1761904732.511028
1761904732.511051 1761904748.8620136
1761904748.8620334 1761904780.598398
1761904780.5984273 1761904810.1848264
1761904810.1848552 1761904835.8178613
1761904835.8178835 1761904867.7523263
1761904867.7523482 1761904892.874468
