1765640091.9329472 1765640125.4673572
1765640129.4715297 1765640161.3021595
1765640163.3043199 1765640189.7103002
1765640189.710457 1765640224.3928616
1765640232.401079 1765640260.783765
1765640270.7940366 1765640290.5233374
1765640300.5317726 1765640316.2276776
1765640323.2351282 1765640346.5057797
1765640351.5109265 1765640379.9378657
1765640385.9441698 1765640403.6111403
1765640403.6113052 1765640441.493572
1765640449.4989796 1765640482.9473255
1765640490.9556034 1765640516.3476155
1765640517.3487957 1765640561.3564467
1765640562.3577452 1765640606.9978375
1765640610.0012999 1765640650.833824
1765640654.834893 1765640687.5012348
1765640687.5014172 1765640713.3451405
1765640714.3463368 1765640738.594926
1765640745.5956416 1765640766.3449237
1765640769.3480806 1765640796.6597703
1765640798.6619387 1765640828.3512328
1765640838.3587403 1765640858.5067809
1765640864.510872 1765640889.0534482
1765640895.0542715 1765640921.691125
1765640922.692296 1765640958.0781896
1765640965.0828798 1765640990.0833428
1765641000.093574 1765641030.4210782
1765641034.42374 1765641058.714165
1765641058.714234 1765641090.9553738
1765641100.9630432 1765641124.514441
1765641130.5189915 1765641159.9419308
1765641169.952189 1765641196.878592
1765641202.8789456 1765641235.8204477
1765641244.8266575 1765641272.8698425
1765641272.86997 1765641303.0094993
1765641310.0100462 1765641339.0780752
1765641345.0787811 1765641375.1655831
1765641382.1727533 1765641414.6323268
1765641421.6395128 1765641452.1454034
1765641462.1555722 1765641484.470263
1765641488.4704561 1765641520.2159317
1765641524.2201228 1765641555.5957606
1765641556.5969148 1765641589.4358573
1765641592.439025 1765641626.4954376
1765641629.4961662 1765641664.2027478
1765641672.2108843 1765641703.6678095
1765641711.6760023 1765641743.7904768
1765641749.791501 1765641780.6919212
1765641783.695049 1765641819.001235
1765641826.0063822 1765641855.3546553
1765641857.3568974 1765641894.5822337
1765641901.586931 1765641930.1849911
1765641935.1902187 1765641971.9576433
1765641974.9589067 1765642009.2239344
1765642015.2300947 1765642053.83668
1765642058.8418338 1765642090.839808
1765642093.8429487 1765642132.405267
1765642141.4144652 1765642176.8459806
1765642180.8463929 1765642220.7668107
1765642221.767992 1765642256.1773376
1765642262.182979 1765642290.1268144
1765642297.1341107 1765642328.9156864
1765642337.9249685 1765642366.6354105
1765642376.642995 1765642405.9846203
1765642409.986885 1765642436.8348932
1765642444.8428986 1765642476.5484025
1765642484.556642 1765642511.0403192
1765642511.040443 1765642551.823947
1765642561.8341393 1765642587.877123
1765642590.8802745 1765642616.8765578
1765642619.8767338 1765642650.7534459
1765642651.753664 1765642685.1453207
1765642689.1468816 1765642719.3726988
1765642725.3788946 1765642757.3940635
1765642757.3941393 1765642791.2764103
1765642795.2806175 1765642827.472362
1765642827.4724898 1765642864.2412496
1765642872.2470257 1765642901.3644328
1765642907.3652015 1765642935.806182
1765642943.8109424 1765642968.6971881
1765642971.700335 1765643015.655631
1765643015.6557055 1765643063.7011845
1765643064.7023518 1765643105.748227
1765643111.754405 1765643149.9745917
1765643156.9817631 1765643181.062342
1765643181.062478 1765643213.6705396
1765643219.6708906 1765643248.4014533
1765643256.4068744 1765643282.2016108
1765643288.202905 1765643319.8605704
1765643326.8612971 1765643363.2177782
1765643371.2260017 1765643404.109131
1765643408.110888 1765643442.4847553
1765643445.487971 1765643475.8612092
1765643476.8623624 1765643522.7829413
1765643531.792091 1765643565.0153687
1765643568.0170417 1765643603.9558933
1765643608.9588935 1765643637.522693
1765643637.522762 1765643669.7970078
1765643674.8022313 1765643699.674983
