1765640090.0908062 1765640123.6734028
1765640130.674111 1765640157.8069053
1765640158.8080385 1765640184.2478747
1765640190.253837 1765640221.0451744
1765640225.0494082 1765640258.532864
1765640267.536807 1765640290.5870872
1765640292.5892153 1765640317.4348583
1765640324.442021 1765640346.753855
1765640350.7579825 1765640378.4636035
1765640380.4657066 1765640401.1794674
1765640405.180165 1765640440.3131833
1765640448.318888 1765640481.3739302
1765640485.374893 1765640518.196332
1765640525.2036672 1765640563.178708
1765640571.1868958 1765640606.0653477
1765640609.0668805 1765640650.0520205
1765640660.062246 1765640680.4115267
1765640689.4195457 1765640709.0403678
1765640711.0407531 1765640737.2462282
1765640743.2524228 1765640767.2798297
1765640768.2809486 1765640795.029925
1765640804.0391016 1765640834.274265
1765640834.2743871 1765640864.6826434
1765640870.6887805 1765640895.5331273
1765640899.5372398 1765640926.5534132
1765640936.5635893 1765640957.8090627
1765640957.809132 1765640990.1049106
1765640998.1108885 1765641024.9627151
1765641026.962962 1765641058.7301848
1765641062.730886 1765641091.9938061
1765641096.9988918 1765641123.8377347
1765641133.8469152 1765641160.2780616
1765641166.2828934 1765641196.5039854
1765641197.505101 1765641234.5884242
1765641236.5905972 1765641269.3224187
1765641271.3246248 1765641302.7426946
1765641311.7508893 1765641335.9552982
1765641343.9634845 1765641375.2224064
1765641382.2295334 1765641415.4993274
1765641419.50346 1765641449.3226428
1765641456.3298283 1765641484.1719236
1765641487.1750934 1765641518.0122776
1765641527.0128846 1765641556.1061156
1765641564.1108892 1765641590.3233984
1765641590.3235128 1765641627.9296913
1765641636.9348996 1765641663.6924307
1765641665.6946056 1765641701.7313962
1765641711.7388797 1765641741.8239646
1765641747.830145 1765641780.28257
1765641784.2828991 1765641817.186495
1765641817.1866355 1765641851.6299884
1765641858.6348884 1765641890.877251
1765641898.8776903 1765641928.4593823
1765641938.4695654 1765641970.1707468
1765641979.1788886 1765642006.9552062
1765642016.9653869 1765642051.1690795
1765642054.1708958 1765642093.3504283
1765642094.3515635 1765642132.814803
1765642137.8155758 1765642180.2388206
1765642182.2409446 1765642222.132988
1765642229.1339722 1765642256.1305122
1765642259.1308982 1765642288.9305053
1765642293.935685 1765642328.9952712
1765642337.003394 1765642370.0967066
1765642370.096782 1765642406.844245
1765642414.8490138 1765642440.6272123
1765642444.6309173 1765642474.5670917
1765642484.5772784 1765642509.8919694
1765642514.8952627 1765642547.068077
1765642553.0708833 1765642585.2071116
1765642590.2122912 1765642615.5778666
1765642623.5859823 1765642648.7452195
1765642658.755398 1765642680.9102497
1765642685.9153347 1765642715.5465837
1765642721.5527647 1765642754.6381273
1765642761.6447809 1765642788.6589673
1765642798.6691525 1765642824.1077406
1765642828.1112366 1765642861.575867
1765642870.582931 1765642895.5936866
1765642896.5948026 1765642937.4325447
1765642937.432715 1765642975.5050154
1765642980.5101473 1765643017.9986475
1765643026.0028853 1765643065.9343746
1765643075.9349065 1765643101.016543
1765643108.023151 1765643138.2713568
1765643147.280525 1765643174.75668
1765643179.7588878 1765643212.5519843
1765643217.552671 1765643246.3241622
1765643251.329345 1765643280.7076824
1765643281.7088115 1765643318.5771112
1765643319.5783033 1765643354.938461
1765643354.9385402 1765643400.3831499
1765643405.3883448 1765643439.7412298
1765643439.7413416 1765643470.3550718
1765643475.3557808 1765643520.8557758
1765643523.858908 1765643563.7394547
1765643572.748678 1765643598.8439498
1765643601.846889 1765643636.3749664
1765643637.3762107 1765643668.503482
1765643672.5076056 1765643696.3908064
