1765640092.305299 1765640122.712231
1765640124.7143984 1765640161.721869
1765640169.7268963 1765640188.453774
1765640192.454901 1765640223.8132234
1765640225.814882 1765640259.0125623
1765640267.019208 1765640290.5951803
1765640291.5963218 1765640317.0983765
1765640318.0988264 1765640344.545945
1765640348.5468962 1765640376.1715887
1765640380.175776 1765640404.0646203
1765640408.0669417 1765640443.4695292
1765640452.4748764 1765640482.311229
1765640492.3214116 1765640518.4365819
1765640521.4396982 1765640560.2639425
1765640568.2708902 1765640607.8145592
1765640616.8237345 1765640654.6962652
1765640659.6969159 1765640688.6591437
1765640692.6632907 1765640717.0118237
1765640719.0140133 1765640741.2162607
1765640748.2228863 1765640764.619099
1765640766.6212542 1765640797.7746937
1765640806.783939 1765640837.2619715
1765640839.2641368 1765640867.039337
1765640870.0424511 1765640895.2688177
1765640904.27488 1765640924.715835
1765640925.7169712 1765640959.219692
1765640965.2258604 1765640990.758796
1765640997.7659268 1765641025.5904157
1765641032.5975273 1765641058.747124
1765641062.751306 1765641092.7924633
1765641099.7996125 1765641122.559065
1765641126.5632262 1765641157.8692262
1765641160.872357 1765641193.3325186
1765641193.3326163 1765641233.933336
1765641237.934883 1765641260.1433895
1765641262.1454911 1765641295.3700566
1765641303.374879 1765641330.0941844
1765641340.1037278 1765641377.2024508
1765641383.2085648 1765641415.5926874
1765641423.5985823 1765641449.7397327
1765641455.745863 1765641485.1075144
1765641490.110959 1765641519.2608929
1765641521.2630198 1765641555.9228094
1765641564.930885 1765641589.8690457
1765641599.86975 1765641627.7246344
1765641632.7297988 1765641668.1563869
1765641670.1585445 1765641704.6508563
1765641706.651236 1765641743.2002127
1765641752.209376 1765641779.608887
1765641783.6108909 1765641817.873873
1765641822.8788989 1765641854.2118526
1765641862.220038 1765641894.2872274
1765641900.2910907 1765641930.7510166
1765641931.7521362 1765641970.8986518
1765641970.898782 1765642006.6259027
1765642013.6330264 1765642054.7314072
1765642063.7388847 1765642089.6413429
1765642091.642907 1765642134.7281864
1765642143.7372909 1765642175.3249378
1765642175.3250713 1765642220.207389
1765642222.209508 1765642254.140729
1765642256.1428628 1765642288.2999516
1765642293.3028965 1765642329.4806297
1765642332.48374 1765642370.4602325
1765642375.4653456 1765642407.8741586
1765642417.8810236 1765642440.7624462
1765642444.766594 1765642479.348257
1765642479.3483336 1765642516.332367
1765642519.334885 1765642553.8480127
1765642556.850889 1765642591.8117185
1765642601.8218298 1765642622.9380243
1765642627.9428878 1765642654.768054
1765642654.7681236 1765642684.6609406
1765642687.662872 1765642718.2488716
1765642723.2540088 1765642758.7173347
1765642762.7214751 1765642795.2338333
1765642805.2439513 1765642828.6000547
1765642829.6011872 1765642860.029179
1765642864.0333717 1765642899.5586154
1765642904.5637305 1765642932.2430317
1765642936.2469301 1765642975.8409665
1765642978.8441355 1765643015.2166743
1765643015.216746 1765643064.0029871
1765643066.0031066 1765643100.72908
1765643100.7292101 1765643143.0665824
1765643150.0708833 1765643182.042464
1765643183.0428843 1765643212.8419483
1765643221.8510354 1765643244.1355362
1765643247.1386917 1765643281.9254923
1765643288.932671 1765643318.8014162
1765643322.8055198 1765643358.1138632
1765643362.1151786 1765643399.5957856
1765643409.605967 1765643433.861943
1765643439.8627715 1765643472.4456275
1765643477.4508002 1765643519.414058
1765643521.4151578 1765643563.2758193
1765643568.2791367 1765643602.4812737
1765643603.4823868 1765643633.9585073
1765643643.9686701 1765643668.0343246
1765643668.0344174 1765643693.1231472
