1756381844.3427596 1756381874.3965
1756381874.3965254 1756381905.1580765
1756381905.1580973 1756381934.8310306
1756381934.8310587 1756381959.388281
1756381959.3883018 1756381980.539979
1756381980.5400033 1756382019.3912237
1756382019.3912528 1756382052.522129
1756382052.5221531 1756382078.9299529
1756382078.9299953 1756382112.6301548
1756382112.6301818 1756382143.319438
1756382143.3194606 1756382164.371794
1756382164.3718188 1756382196.2092462
1756382196.2092657 1756382221.742224
1756382221.742241 1756382249.2625735
1756382249.2625957 1756382274.6216784
1756382274.6216946 1756382302.1836066
1756382302.1836295 1756382338.8025079
1756382338.8025348 1756382354.6499984
1756382354.6500163 1756382378.5586448
1756382378.558665 1756382402.3695812
1756382402.3696017 1756382430.5471148
1756382430.5471344 1756382452.3445983
1756382452.344617 1756382484.1510415
1756382484.1510618 1756382511.2326581
1756382511.232677 1756382545.641041
1756382545.641067 1756382570.003454
1756382570.0034757 1756382598.3789
1756382598.3789163 1756382620.3313346
1756382620.3313582 1756382642.359178
1756382642.3591998 1756382677.0311253
1756382677.0311441 1756382704.4026933
1756382704.402717 1756382736.3600168
1756382736.3600423 1756382764.0940113
1756382764.0940318 1756382788.4846709
1756382788.4846916 1756382820.4217396
1756382820.421759 1756382856.4681416
1756382856.4681633 1756382897.966951
1756382897.9669757 1756382920.738664
1756382920.738689 1756382945.3411822
1756382945.3412023 1756382963.186369
1756382963.1863906 1756382985.7035277
1756382985.7035491 1756383020.1521657
1756383020.1521852 1756383051.567599
1756383051.567624 1756383073.5725553
1756383073.5725882 1756383095.7818956
1756383095.781919 1756383116.5659566
1756383116.5659983 1756383135.9125462
1756383135.9125645 1756383161.2248409
1756383161.2248652 1756383185.0902271
1756383185.0902526 1756383213.186745
1756383213.1867657 1756383241.1811023
1756383241.1811237 1756383274.6596496
1756383274.6596737 1756383300.4142256
1756383300.4142444 1756383323.375969
1756383323.3759942 1756383350.2777112
1756383350.2777326 1756383383.8910363
1756383383.891059 1756383404.18724
1756383404.1872594 1756383429.7075737
1756383429.7076147 1756383458.0705593
1756383458.0705798 1756383483.249052
1756383483.2490866 1756383506.488094
1756383506.4881208 1756383546.7846138
1756383546.7846413 1756383570.3140857
1756383570.3141072 1756383603.4578521
1756383603.457875 1756383628.4028797
1756383628.4028974 1756383661.2442741
1756383661.2443182 1756383683.2104087
1756383683.2104318 1756383712.5419455
1756383712.54197 1756383735.3527431
1756383735.352778 1756383760.4182339
1756383760.4182513 1756383779.0368557
1756383779.0368822 1756383799.5945072
1756383799.5945315 1756383826.6672769
1756383826.6672986 1756383855.0293941
1756383855.0294142 1756383878.3886003
1756383878.3886328 1756383904.0246086
1756383904.0246336 1756383923.3842845
1756383923.3843098 1756383949.8443205
1756383949.8443449 1756383967.6747444
1756383967.6747663 1756383990.2284384
1756383990.2284598 1756384016.4549081
1756384016.4549375 1756384050.8934927
1756384050.8935153 1756384071.615361
1756384071.6153834 1756384098.9981945
1756384098.9982371 1756384124.732555
1756384124.7325811 1756384151.4146166
1756384151.4146385 1756384171.0698028
1756384171.069824 1756384195.7671459
1756384195.7671666 1756384221.9438107
1756384221.943839 1756384254.051454
1756384254.0514803 1756384278.7720451
1756384278.772077 1756384305.9958718
1756384305.995889 1756384332.38642
1756384332.3864453 1756384354.1263928
1756384354.1264133 1756384385.4798825
1756384385.4799101 1756384414.0142121
1756384414.014232 1756384444.6113915
1756384444.6114154 1756384470.4204073
1756384470.420433 1756384496.9994504
1756384496.9994752 1756384525.6037052
