1756381848.6486611 1756381873.3710651
1756381873.3710985 1756381903.616868
1756381903.61689 1756381933.1145957
1756381933.1146202 1756381959.180259
1756381959.1802926 1756381989.253327
1756381989.2533545 1756382016.4659288
1756382016.4660053 1756382049.3637464
1756382049.363777 1756382081.168324
1756382081.1683664 1756382110.4238427
1756382110.4238725 1756382138.9978492
1756382138.9978838 1756382171.040912
1756382171.0409312 1756382201.475724
1756382201.47575 1756382228.1675298
1756382228.1675594 1756382252.1499379
1756382252.149964 1756382279.4664485
1756382279.466483 1756382308.37457
1756382308.3745966 1756382339.0512173
1756382339.0512445 1756382358.2892919
1756382358.289313 1756382381.378142
1756382381.378169 1756382406.6851277
1756382406.6851504 1756382435.9394774
1756382435.939503 1756382459.4274106
1756382459.427436 1756382487.7699342
1756382487.7699592 1756382518.1777916
1756382518.1778195 1756382545.9246855
1756382545.924739 1756382567.3771663
1756382567.3771918 1756382598.769772
1756382598.769794 1756382622.3386059
1756382622.3386345 1756382647.944749
1756382647.9447746 1756382674.0243232
1756382674.0243468 1756382703.3707325
1756382703.3707588 1756382734.703191
1756382734.7032158 1756382764.6104627
1756382764.6104841 1756382791.545181
1756382791.5452087 1756382826.2690463
1756382826.2690718 1756382863.7064447
1756382863.7064776 1756382896.9968016
1756382896.996826 1756382916.2495232
1756382916.2495458 1756382946.3363974
1756382946.3364263 1756382971.240794
1756382971.2408185 1756382994.0922165
1756382994.0922453 1756383023.8888915
1756383023.8889217 1756383056.527004
1756383056.527031 1756383076.722624
1756383076.7226603 1756383098.5222392
1756383098.522263 1756383118.6091464
1756383118.6091864 1756383137.402555
1756383137.4025822 1756383164.1443052
1756383164.1443326 1756383189.9599771
1756383189.9600086 1756383214.6371286
1756383214.6371562 1756383249.5040128
1756383249.5040371 1756383275.6467857
1756383275.6468182 1756383302.2941325
1756383302.2941587 1756383323.168309
1756383323.1683366 1756383350.9674733
1756383350.9674988 1756383380.500905
1756383380.5009332 1756383406.482676
1756383406.4827068 1756383432.9894419
1756383432.989478 1756383461.0930371
1756383461.0930774 1756383483.5754223
1756383483.5754468 1756383508.3752499
1756383508.3752835 1756383543.353168
1756383543.3531904 1756383572.2982986
1756383572.2983298 1756383604.7628303
1756383604.7628527 1756383634.1766934
1756383634.176725 1756383661.2476711
1756383661.247694 1756383687.1274827
1756383687.1275206 1756383712.4400275
1756383712.4400716 1756383739.4461389
1756383739.4461606 1756383754.6019232
1756383754.6019492 1756383780.6419778
1756383780.642005 1756383801.9369595
1756383801.9369845 1756383826.3643775
1756383826.3644042 1756383857.1082425
1756383857.1082838 1756383880.4518096
1756383880.4518328 1756383902.5925298
1756383902.592569 1756383922.9114022
1756383922.9114294 1756383947.1111972
1756383947.1112313 1756383969.2203975
1756383969.220421 1756383989.7773876
1756383989.7774086 1756384018.5865679
1756384018.5865934 1756384049.8751376
1756384049.875158 1756384079.7086914
1756384079.7087224 1756384100.375687
1756384100.3757133 1756384124.3698692
1756384124.3699048 1756384149.6862218
1756384149.6862638 1756384173.7340574
1756384173.7340853 1756384195.6347458
1756384195.6347718 1756384225.5511882
1756384225.5512257 1756384251.9355352
1756384251.9355595 1756384274.563954
1756384274.5639808 1756384304.4581954
1756384304.4582229 1756384328.5997806
1756384328.5998032 1756384359.8258827
1756384359.825911 1756384390.23071
1756384390.2307317 1756384415.7475233
1756384415.7475545 1756384440.9909067
1756384440.990928 1756384472.0909345
1756384472.0909593 1756384502.2473629
1756384502.2473896 1756384526.6089838
