1760707068.680952 1760707091.2524586
1760707091.252593 1760707119.844924
1760707125.8506145 1760707161.8395324
1760707163.8416345 1760707198.214555
1760707198.2145896 1760707236.019875
1760707240.0236456 1760707278.800332
1760707278.8003676 1760707312.7840936
1760707320.7916794 1760707341.1858783
1760707348.191683 1760707375.8370335
1760707380.8421469 1760707425.7850027
1760707426.7862089 1760707464.1722565
1760707473.1796126 1760707496.3833067
1760707498.3854475 1760707527.3220668
1760707530.3236344 1760707565.1555457
1760707568.1587174 1760707601.824146
1760707602.8249595 1760707640.6549363
1760707646.6597931 1760707669.7179754
1760707671.7200963 1760707710.5586307
1760707710.5586598 1760707744.1005394
1760707754.1107767 1760707783.4145918
1760707788.4196873 1760707826.234207
1760707829.23563 1760707860.5819988
1760707863.5836089 1760707892.3478537
1760707892.34788 1760707930.5896077
1760707936.5956836 1760707967.3593488
1760707972.364463 1760708009.6810617
1760708012.68367 1760708046.448175
1760708052.454287 1760708082.0239334
1760708083.025009 1760708120.3661406
1760708127.3716252 1760708162.0265405
1760708169.0337446 1760708193.927237
1760708196.927642 1760708228.8926666
1760708231.8956063 1760708263.1707678
1760708270.1756325 1760708301.1863506
1760708303.1876936 1760708339.4479573
1760708343.4520788 1760708383.379121
1760708389.383764 1760708424.6271765
1760708429.6316504 1760708463.8116617
1760708468.8168662 1760708501.3258133
1760708502.3263547 1760708541.5880263
1760708545.5916588 1760708584.9177835
1760708590.9236245 1760708619.8617935
1760708627.867666 1760708662.0650594
1760708664.0671601 1760708701.278834
1760708704.28195 1760708741.6939702
1760708745.6969728 1760708772.6478631
1760708777.6516798 1760708815.6107624
1760708817.611625 1760708844.9999042
1760708852.0070255 1760708890.3021765
1760708895.307299 1760708935.2949347
1760708938.2956405 1760708982.817472
1760708982.8175058 1760709018.940119
1760709025.9437404 1760709055.0499496
1760709056.0510292 1760709103.0307171
1760709107.0316205 1760709144.743694
1760709146.7457852 1760709184.990283
1760709193.9956255 1760709233.8664534
1760709241.8745973 1760709261.1877644
1760709267.1917078 1760709293.2557607
1760709303.2636893 1760709327.2432818
1760709336.2517848 1760709362.0119615
1760709370.0200808 1760709409.6614878
1760709419.6676714 1760709441.3808725
1760709446.3836784 1760709472.623832
1760709474.624546 1760709507.0853019
1760709517.091677 1760709544.0884545
1760709548.091687 1760709580.530601
1760709583.531694 1760709607.9644353
1760709612.967658 1760709640.6627824
1760709641.6636832 1760709677.5487757
1760709679.5508525 1760709708.844664
1760709711.8477411 1760709748.9622626
1760709754.9651222 1760709790.7985928
1760709795.8036823 1760709831.8836398
1760709838.8876746 1760709867.2721002
1760709873.276931 1760709906.1629634
1760709911.168052 1760709939.5203707
1760709941.5224898 1760709974.8827593
1760709979.8877156 1760710015.7165663
1760710025.7197065 1760710052.7336075
1760710062.7437553 1760710095.3275707
1760710105.3356795 1760710126.7667236
1760710133.7738597 1760710158.012922
1760710162.0156474 1760710190.39321
1760710192.3953364 1760710231.721336
1760710240.730471 1760710265.1484513
1760710272.1516705 1760710295.264411
1760710297.2665389 1760710328.376899
1760710335.384029 1760710364.380622
1760710374.389445 1760710400.705834
1760710407.7116098 1760710433.0436158
1760710440.0507624 1760710463.78382
1760710472.7917442 1760710496.747406
1760710497.7476797 1760710530.4908242
1760710535.4956875 1760710569.608174
1760710577.6162965 1760710606.8245735
1760710609.8276908 1760710633.5157526
1760710633.5157933 1760710682.58157
1760710686.5836473 1760710719.2242804
1760710728.2317808 1760710754.519532
