1765698995.028327 1765699034.9356973
1765699034.9357367 1765699071.8534198
1765699071.8534482 1765699102.531904
1765699102.531934 1765699140.150263
1765699140.1503127 1765699170.8786588
1765699170.8786886 1765699206.5924842
1765699206.5925143 1765699241.0155206
1765699241.0155554 1765699274.980833
1765699274.9808624 1765699305.9372337
1765699305.9372666 1765699338.8451276
1765699338.8451605 1765699372.831178
1765699372.8312066 1765699408.5063941
1765699408.506427 1765699440.0829582
1765699440.0829875 1765699471.3535843
1765699471.3536186 1765699500.064752
1765699500.0647852 1765699526.6857953
1765699526.6858256 1765699554.5822272
1765699554.5822558 1765699584.4061272
1765699584.4061627 1765699622.954343
1765699622.9543688 1765699673.6985116
1765699673.698544 1765699706.2486415
1765699706.2486618 1765699736.074193
1765699736.0742207 1765699769.608627
1765699769.6086593 1765699807.2099028
1765699807.209925 1765699840.773184
1765699840.773214 1765699879.445211
1765699879.4452398 1765699916.0668974
1765699916.0669258 1765699958.9880033
1765699958.9880261 1765700003.8318627
1765700003.8319006 1765700044.0541952
1765700044.0542195 1765700090.8608515
1765700090.8608742 1765700124.0689409
1765700124.0689664 1765700167.4614143
1765700167.4614422 1765700203.2238853
1765700203.2239113 1765700234.4154804
1765700234.4155016 1765700283.4798622
1765700283.4798872 1765700320.563874
1765700320.5638952 1765700353.3526087
1765700353.3526351 1765700384.6168616
1765700384.616883 1765700426.2275472
1765700426.227569 1765700462.2597485
1765700462.2597852 1765700499.6682274
1765700499.6682465 1765700545.715043
1765700545.7150688 1765700580.3538358
1765700580.3538558 1765700614.5959377
1765700614.5959637 1765700655.98203
1765700655.982054 1765700696.9878597
1765700696.9878812 1765700744.7983124
1765700744.7983375 1765700779.2637005
1765700779.2637203 1765700819.6182241
1765700819.618251 1765700857.531761
1765700857.5317817 1765700889.329563
1765700889.3295887 1765700916.8033783
1765700916.8033984 1765700946.3613474
1765700946.3613737 1765700980.7729301
1765700980.7729537 1765701012.0813425
1765701012.081368 1765701045.9908867
1765701045.9909058 1765701091.0717216
1765701091.0717463 1765701121.7329798
1765701121.7330022 1765701159.5623782
1765701159.5624022 1765701190.3650136
1765701190.365055 1765701218.453831
1765701218.4538496 1765701251.2993193
1765701251.2993443 1765701284.0501008
1765701284.0501294 1765701314.2033155
1765701314.2033353 1765701343.9237223
1765701343.923746 1765701382.3190942
1765701382.3191164 1765701409.2437966
1765701409.2438223 1765701439.7374198
1765701439.737449 1765701481.0168629
1765701481.0168898 1765701511.758662
1765701511.7586818 1765701548.3215404
1765701548.3215756 1765701579.6125197
1765701579.6125407 1765701608.3601837
1765701608.360203 1765701640.8381574
1765701640.838183 1765701673.4166603
1765701673.4166837 1765701705.4673128
1765701705.4673393 1765701736.2475092
1765701736.24753 1765701768.101373
1765701768.1013973 1765701796.5162678
1765701796.5162961 1765701825.9030502
1765701825.90307 1765701857.4926863
1765701857.4927132 1765701888.0826466
1765701888.0826735 1765701926.5874405
1765701926.5874605 1765701972.296543
1765701972.2965696 1765702016.2704573
1765702016.2704844 1765702059.5328188
1765702059.532844 1765702102.0084882
1765702102.0085113 1765702135.9426253
1765702135.942911 1765702162.6477044
1765702162.6477237 1765702193.5067544
1765702193.5067792 1765702233.4354057
1765702233.4354281 1765702275.1656492
1765702275.16567 1765702318.6315074
1765702318.6315336 1765702355.04514
1765702355.0451608 1765702386.8916848
1765702386.8917081 1765702425.4928424
1765702425.4928634 1765702470.4218814
1765702470.42191 1765702512.7020648
1765702512.7020907 1765702546.2271771
