1753237927.0948498 1753237950.9631104
1753237950.9631402 1753237980.8865843
1753237980.8866313 1753238007.9999661
1753238007.9999926 1753238036.2335937
1753238036.2336195 1753238061.7134173
1753238061.713443 1753238090.4200528
1753238090.4200847 1753238121.2227926
1753238121.222815 1753238153.6342344
1753238153.6342618 1753238184.7702231
1753238184.7702582 1753238220.4189103
1753238220.4189525 1753238245.2828622
1753238245.2828894 1753238278.4329824
1753238278.4330077 1753238317.1815438
1753238317.1815655 1753238344.9310555
1753238344.9310813 1753238379.088255
1753238379.0882828 1753238416.9656477
1753238416.965671 1753238454.969972
1753238454.969996 1753238479.906432
1753238479.906455 1753238515.624436
1753238515.6244593 1753238545.829595
1753238545.8296244 1753238574.5606985
1753238574.5607204 1753238604.2497342
1753238604.2497537 1753238643.1295066
1753238643.1295307 1753238674.4006379
1753238674.4006672 1753238707.6423542
1753238707.6423728 1753238732.8244524
1753238732.824478 1753238762.862964
1753238762.8629863 1753238795.88917
1753238795.8891952 1753238823.9200158
1753238823.9200456 1753238853.60774
1753238853.607766 1753238881.952753
1753238881.9527788 1753238917.6704001
1753238917.6704214 1753238941.7112634
1753238941.7112877 1753238977.407711
1753238977.4077318 1753239011.048973
1753239011.0490022 1753239034.7738676
1753239034.7738888 1753239062.744125
1753239062.7441478 1753239094.5178626
1753239094.5178897 1753239115.7350612
1753239115.7350848 1753239144.296157
1753239144.296183 1753239168.9545734
1753239168.9545972 1753239198.5608666
1753239198.5608895 1753239225.479256
1753239225.4792774 1753239255.0274158
1753239255.0274413 1753239281.493441
1753239281.4934618 1753239309.5951717
1753239309.5951936 1753239336.5000813
1753239336.5001104 1753239362.9626226
1753239362.9626498 1753239389.9512281
1753239389.951252 1753239416.7656796
1753239416.7656999 1753239443.9759312
1753239443.9759586 1753239469.3187354
1753239469.3187559 1753239497.8577335
1753239497.857755 1753239526.5928173
1753239526.5928512 1753239554.3101006
1753239554.3101203 1753239580.7970192
1753239580.7970529 1753239611.0032618
1753239611.003282 1753239636.653541
1753239636.6535714 1753239663.8193865
1753239663.8194084 1753239689.7226033
1753239689.7226377 1753239720.1732657
1753239720.1732907 1753239748.528588
1753239748.5286095 1753239773.73826
1753239773.738285 1753239799.1151335
1753239799.1151528 1753239826.6129131
1753239826.6129518 1753239855.3994176
1753239855.399443 1753239885.8450696
1753239885.8450985 1753239914.1774402
1753239914.1774683 1753239942.5922158
1753239942.592241 1753239969.7599146
1753239969.7599375 1753239998.4843757
1753239998.4844053 1753240024.2802052
1753240024.2802331 1753240050.1163638
1753240050.1163905 1753240079.107517
1753240079.1075418 1753240108.4675174
1753240108.4675415 1753240134.0092273
1753240134.0092487 1753240160.5487297
1753240160.5487556 1753240187.1417646
1753240187.1417897 1753240212.1258585
1753240212.1258829 1753240238.610439
1753240238.6104593 1753240263.8103237
1753240263.810346 1753240290.077595
1753240290.0776138 1753240315.8893392
1753240315.8893616 1753240341.9014163
1753240341.9014356 1753240370.8801825
1753240370.8802097 1753240399.5056798
1753240399.5057063 1753240426.1636608
1753240426.1636834 1753240453.343405
1753240453.3434258 1753240479.298025
1753240479.2980487 1753240504.847218
1753240504.847238 1753240531.7177198
1753240531.7177474 1753240558.1264029
1753240558.1264231 1753240583.5245757
1753240583.5246027 1753240608.0039768
1753240608.0039983 1753240632.4601264
1753240632.4601521 1753240653.9538758
1753240653.953896 1753240680.6230872
1753240680.6231155 1753240705.241145
1753240705.2411635 1753240733.2552607
1753240733.2552903 1753240761.4444244
1753240761.4444509 1753240790.6424644
1753240790.6424832 1753240819.0454736
1753240819.0454943 1753240846.9956784
1753240846.995707 1753240871.1649253
1753240871.1649585 1753240897.7658482
1753240897.765868 1753240923.1066735
1753240923.1067 1753240947.4738824
1753240947.4739034 1753240972.8821929
1753240972.882213 1753240999.587655
1753240999.5876815 1753241027.135885
1753241027.135909 1753241048.92944
1753241048.9294665 1753241074.4906278
1753241074.4906485 1753241098.3171751
1753241098.3171973 1753241126.8766448
1753241126.8766718 1753241149.9394238
1753241149.9394426 1753241174.788889
1753241174.7889144 1753241201.5461001
1753241201.5461204 1753241226.7842445
1753241226.7842731 1753241252.6604297
1753241252.6604545 1753241278.486154
1753241278.4861794 1753241303.2253106
1753241303.2253315 1753241327.648673
1753241327.6486974 1753241352.894335
1753241352.8943582 1753241379.2994237
1753241379.2994447 1753241404.6218803
1753241404.6219068 1753241428.8096032
1753241428.8096223 1753241455.8669345
1753241455.866962 1753241482.52595
1753241482.5259697 1753241508.9336083
1753241508.9336317 1753241534.818581
1753241534.8186038 1753241559.7991092
1753241559.799131 1753241583.7869937
1753241583.7870395 1753241611.2126153
1753241611.212636 1753241636.1158285
1753241636.1158557 1753241657.913867
1753241657.913887 1753241682.677934
1753241682.6779552 1753241705.3439925
1753241705.3440187 1753241735.3214893
1753241735.3215091 1753241760.6691406
1753241760.6691668 1753241786.963265
1753241786.9632866 1753241814.0968423
1753241814.0968728 1753241839.1796024
1753241839.1796272 1753241868.2607172
1753241868.2607417 1753241890.5409713
1753241890.5410092 1753241912.937461
1753241912.9374816 1753241941.278472
1753241941.2784965 1753241967.9364438
1753241967.9364643 1753241993.2988942
1753241993.298916 1753242018.6482913
1753242018.6483226 1753242042.113264
1753242042.1132867 1753242068.8451204
1753242068.845144 1753242093.3300903
1753242093.3301113 1753242121.0205247
1753242121.020552 1753242147.3974247
1753242147.3974466 1753242174.3987381
1753242174.398761 1753242201.4660645
1753242201.4660878 1753242227.6608405
1753242227.660862 1753242254.1454616
1753242254.1454942 1753242277.5406866
1753242277.5407078 1753242303.0175686
1753242303.0175953 1753242329.1164563
1753242329.1164763 1753242355.3143444
1753242355.3143728 1753242379.202152
1753242379.2021732 1753242404.926247
1753242404.9263268 1753242431.1267366
1753242431.12676 1753242455.9074676
1753242455.9074934 1753242478.7765465
1753242478.7765663 1753242501.4443192
1753242501.4443448 1753242524.9245763
1753242524.9245996 1753242548.8828323
1753242548.882861 1753242574.2513406
1753242574.251369 1753242598.820559
1753242598.8205888 1753242625.5101974
1753242625.5102189 1753242654.5257845
1753242654.5258121 1753242678.9762301
1753242678.9762533 1753242704.5746164
1753242704.5746403 1753242729.357618
1753242729.3576436 1753242751.9615588
1753242751.961581 1753242774.4515784
1753242774.4516237 1753242800.8852506
1753242800.88527 1753242824.7567883
1753242824.7568324 1753242851.9527035
1753242851.9527264 1753242875.2781603
1753242875.2781863 1753242900.242102
1753242900.2421217 1753242927.2538195
1753242927.2538495 1753242955.6669834
1753242955.667006 1753242977.8995776
1753242977.8996162 1753243002.845651
1753243002.845676 1753243029.8157084
1753243029.8157306 1753243056.1716948
1753243056.17175 1753243080.122278
1753243080.122299 1753243105.8288326
1753243105.8288598 1753243129.2315316
1753243129.2315528 1753243155.0871782
1753243155.0872052 1753243184.9657176
1753243184.9657464 1753243208.015329
1753243208.0153506 1753243234.7390196
1753243234.7390482 1753243262.8950183
1753243262.8950386 1753243287.4287398
1753243287.4287813 1753243313.8085053
1753243313.8085275 1753243337.8575418
1753243337.8575692 1753243364.8874779
1753243364.8874977 1753243390.7634895
1753243390.7635221 1753243416.0209227
1753243416.0209525 1753243445.4626687
1753243445.4626946 1753243476.5537524
1753243476.5537806 1753243500.5454009
1753243500.545421 1753243529.4621258
1753243529.4621553 1753243554.2919605
1753243554.2919805 1753243579.885282
1753243579.8853116 1753243610.8765135
1753243610.87654 1753243636.6738937
1753243636.6739168 1753243660.4895775
1753243660.4896042 1753243688.7238402
1753243688.7238643 1753243712.3586018
1753243712.3586326 1753243737.5931964
1753243737.5932188 1753243763.5175028
1753243763.5175302 1753243790.6983976
1753243790.6984255 1753243817.623853
1753243817.6238797 1753243843.148389
1753243843.148422 1753243869.4673429
1753243869.4673676 1753243894.751623
1753243894.7516556 1753243924.4498177
1753243924.449842 1753243949.3340392
1753243949.334079 1753243974.5446343
1753243974.5446584 1753243998.5185559
1753243998.5185814 1753244027.645019
1753244027.6450489 1753244050.6746373
1753244050.674686 1753244078.7501452
1753244078.7501733 1753244106.0784276
1753244106.0784574 1753244132.0828516
1753244132.0828748 1753244158.4185195
1753244158.4185424 1753244184.6487565
1753244184.6487963 1753244209.842711
1753244209.84273 1753244235.0308185
1753244235.0308516 1753244267.106575
1753244267.106595 1753244291.8306785
1753244291.8307061 1753244316.3947105
1753244316.394733 1753244345.0140371
1753244345.0140643 1753244375.7019494
1753244375.7019691 1753244401.9439034
1753244401.943934 1753244429.035329
1753244429.0353487 1753244457.3071756
1753244457.3072007 1753244482.8602006
1753244482.8602242 1753244506.806825
1753244506.8068445 1753244530.7326162
1753244530.7326477 1753244555.6645324
1753244555.6645546 1753244579.447709
1753244579.4477394 1753244605.0951545
1753244605.095184 1753244630.9868138
1753244630.9868324 1753244655.8130836
1753244655.8131158 1753244680.1805289
1753244680.180561 1753244705.1342285
1753244705.1342554 1753244729.5433905
1753244729.5434158 1753244754.4374485
1753244754.4374712 1753244778.387169
1753244778.3871987 1753244804.5616093
1753244804.5616386 1753244829.0307958
1753244829.0308313 1753244855.8437178
1753244855.843812 1753244880.333426
1753244880.33345 1753244905.6159737
1753244905.6160116 1753244929.2902267
1753244929.2902553 1753244954.5883908
1753244954.5884235 1753244980.9797976
1753244980.9798262 1753245006.123038
1753245006.1230652 1753245033.9670248
1753245033.9670525 1753245055.6172695
1753245055.6172936 1753245083.9110684
1753245083.911116 1753245109.2325473
1753245109.2325764 1753245131.8992794
1753245131.8993232 1753245153.2944002
1753245153.2944286 1753245178.669414
1753245178.6694467 1753245203.369404
1753245203.3694253 1753245224.2573807
1753245224.2574053 1753245251.8931005
1753245251.8931215 1753245276.2637758
1753245276.2638059 1753245301.6430013
1753245301.6430213 1753245327.5567062
1753245327.5567331 1753245356.1877692
1753245356.187797 1753245379.4840019
1753245379.484026 1753245403.1463122
1753245403.1463342 1753245431.0022404
1753245431.0022643 1753245455.4469635
1753245455.4469917 1753245479.5269578
1753245479.5269868 1753245508.6956658
1753245508.6956894 1753245534.7321568
1753245534.7321818 1753245557.7426362
1753245557.7426634 1753245587.0139668
1753245587.013988 1753245609.3496487
1753245609.3496761 1753245635.1790214
1753245635.1790404 1753245658.4685712
1753245658.4685924 1753245685.6701968
1753245685.6702201 1753245712.0994112
1753245712.0994334 1753245736.3927162
1753245736.3927393 1753245761.151451
1753245761.1514826 1753245790.5116763
1753245790.5117075 1753245813.901497
1753245813.9015243 1753245838.80243
1753245838.8024483 1753245864.084641
1753245864.0846696 1753245889.10598
1753245889.1060016 1753245915.1244338
1753245915.1244547 1753245939.189122
1753245939.1891546 1753245963.0771816
1753245963.0772057 1753245987.7831516
1753245987.7831721 1753246013.9960744
1753246013.9961166 1753246038.7356663
1753246038.7356875 1753246064.0190217
1753246064.01904 1753246086.7275403
1753246086.727585 1753246114.0202668
1753246114.020289 1753246137.1754591
1753246137.1754844 1753246161.2647135
1753246161.2647357 1753246184.5968816
1753246184.596902 1753246211.9234767
1753246211.9235032 1753246235.9502518
1753246235.9502702 1753246259.1594899
1753246259.15952 1753246284.4254355
1753246284.4254544 1753246308.9092882
1753246308.9093108 1753246335.9700234
1753246335.970046 1753246361.6062288
1753246361.6062512 1753246386.100087
1753246386.1001053 1753246410.4220448
1753246410.42208 1753246435.7717988
1753246435.7718165 1753246464.7257907
1753246464.7258215 1753246489.6679087
1753246489.6679373 1753246513.3154385
1753246513.315462 1753246539.2977805
1753246539.2978032 1753246563.466162
1753246563.4661815 1753246585.656541
1753246585.656578 1753246613.6872463
1753246613.687274 1753246640.925071
1753246640.9250927 1753246664.2665415
1753246664.2665646 1753246691.851584
1753246691.8516014 1753246718.9487152
1753246718.9487414 1753246745.1205149
1753246745.1205335 1753246770.6499574
1753246770.649989 1753246794.6178846
1753246794.6179054 1753246818.1233287
1753246818.123356 1753246842.7219746
1753246842.721993 1753246864.245131
1753246864.2451527 1753246889.789255
1753246889.789277 1753246915.0076437
1753246915.007664 1753246941.3278775
1753246941.3279026 1753246970.5871341
1753246970.5871572 1753246998.6931002
1753246998.6931279 1753247025.168401
1753247025.1684206 1753247050.0768852
1753247050.0769043 1753247075.282702
1753247075.282727 1753247100.5914001
1753247100.5914207 1753247125.9839056
1753247125.9839265 1753247151.3153334
1753247151.3153608 1753247176.8445158
1753247176.844541 1753247200.8359263
1753247200.835958 1753247222.8703015
1753247222.870324 1753247247.4984488
1753247247.498477 1753247272.3237193
1753247272.3237464 1753247297.1501966
1753247297.1502395 1753247323.99628
1753247323.9963007 1753247351.7595167
1753247351.759544 1753247375.761338
1753247375.7613573 1753247401.712132
1753247401.7121546 1753247426.5904853
1753247426.5905037 1753247453.4197886
1753247453.419809 1753247479.5512452
1753247479.5512688 1753247506.3796103
1753247506.3796446 1753247531.3015845
1753247531.3016095 1753247556.7286294
1753247556.7286508 1753247580.150649
1753247580.1506736 1753247604.8359945
1753247604.8360128 1753247631.356557
1753247631.35659 1753247658.0554903
1753247658.0555146 1753247680.356432
1753247680.3564525 1753247704.983916
1753247704.9839416 1753247730.1340082
1753247730.1340258 1753247757.0254767
1753247757.0255017 1753247789.6166024
1753247789.6166217 1753247816.8064883
1753247816.8065124 1753247843.4461522
1753247843.4461722 1753247873.0788116
1753247873.0788312 1753247902.0649712
1753247902.0649989 1753247929.635441
1753247929.6354632 1753247959.33488
1753247959.3349109 1753247985.8403945
1753247985.8404174 1753248011.644256
1753248011.644291 1753248040.1150985
1753248040.1151228 1753248067.6474988
1753248067.6475189 1753248096.6133983
1753248096.6134262 1753248126.8111663
1753248126.8111966 1753248157.6527472
1753248157.6527743 1753248185.3751578
1753248185.375182 1753248216.759927
1753248216.7599459 1753248248.8934948
1753248248.8935199 1753248277.1449199
1753248277.1449416 1753248303.7911084
1753248303.791126 1753248328.882205
1753248328.88224 1753248353.0922997
1753248353.092325 1753248380.6424391
1753248380.6424747 1753248411.7125385
1753248411.7125733 1753248441.4253273
1753248441.4253638 1753248473.0631552
1753248473.0631785 1753248500.8367934
1753248500.8368287 1753248525.5807452
1753248525.5807688 1753248556.2254405
1753248556.2254663 1753248583.7055619
1753248583.705592 1753248612.3600621
1753248612.3600888 1753248638.0169334
1753248638.0169628 1753248666.8745632
1753248666.87459 1753248695.0562885
1753248695.05631 1753248729.5482447
1753248729.5482702 1753248764.9777822
1753248764.9778082 1753248786.638714
1753248786.6387384 1753248821.6518931
1753248821.6519206 1753248852.8199143
1753248852.8199341 1753248885.169037
1753248885.1690571 1753248913.9531374
1753248913.9531636 1753248947.1740658
1753248947.1740856 1753248970.0506136
1753248970.0506408 1753248996.0404365
1753248996.040458 1753249027.1696727
1753249027.169698 1753249055.7050626
1753249055.705084 1753249080.9118872
1753249080.9119122 1753249115.525749
1753249115.5257683 1753249144.068296
1753249144.0683205 1753249169.4589462
1753249169.458969 1753249197.0263922
1753249197.0264165 1753249219.6970654
1753249219.6970868 1753249245.4232726
1753249245.4233034 1753249269.606351
1753249269.606377 1753249306.017823
1753249306.0178463 1753249332.1506653
1753249332.150687 1753249358.7655418
1753249358.7655623 1753249385.6369653
1753249385.6369886 1753249413.0558174
1753249413.0558388 1753249443.5260923
1753249443.526118 1753249472.7235134
1753249472.7235322 1753249502.2321227
1753249502.2321532 1753249536.6530874
1753249536.6531107 1753249566.089956
1753249566.0899932 1753249592.8636699
1753249592.8636897 1753249620.8036397
1753249620.8036652 1753249649.6760602
1753249649.676087 1753249676.1872172
1753249676.187237 1753249700.3702226
1753249700.3702507 1753249727.6062486
1753249727.606275 1753249761.8674307
1753249761.8674564 1753249787.0906253
1753249787.0906546 1753249815.9972718
1753249815.9972906 1753249850.192199
1753249850.1922212 1753249880.2624319
1753249880.2624495 1753249913.8661902
1753249913.8662136 1753249942.9066246
1753249942.9066484 1753249971.4990978
1753249971.4991183 1753250003.3941221
1753250003.3941472 1753250035.481546
1753250035.4815648 1753250063.0938852
1753250063.093912 1753250096.0103734
1753250096.0104012 1753250118.1452932
1753250118.1453137 1753250150.248707
1753250150.2487326 1753250189.3036714
1753250189.303692 1753250216.207721
1753250216.2077436 1753250257.2392616
1753250257.2392821 1753250279.417108
1753250279.4171317 1753250311.387879
1753250311.3879087 1753250336.9381216
1753250336.938141 1753250367.5656652
1753250367.5656865 1753250398.8288152
1753250398.8288395 1753250441.740522
1753250441.740544 1753250472.5663104
1753250472.5663369 1753250499.456789
1753250499.4568093 1753250531.7241356
1753250531.7241654 1753250558.6727016
1753250558.6727312 1753250595.418041
1753250595.418066 1753250626.4872344
1753250626.4872608 1753250657.6122725
1753250657.6123023 1753250693.5251763
1753250693.5251958 1753250724.494647
1753250724.4946716 1753250751.1012871
1753250751.1013088 1753250777.7523365
1753250777.7523618 1753250802.1285987
1753250802.1286242 1753250833.8202286
1753250833.8202567 1753250868.0651603
1753250868.065182 1753250897.0082471
1753250897.0082767 1753250933.5653815
1753250933.565408 1753250965.6228268
1753250965.6228456 1753251001.0633848
1753251001.0634084 1753251036.1532118
1753251036.153232 1753251056.6459622
1753251056.6459863 1753251079.5716822
1753251079.5717053 1753251105.9443328
1753251105.9443533 1753251134.5799184
1753251134.5799496 1753251157.3532186
1753251157.3532424 1753251184.292179
1753251184.2922018 1753251209.6912968
1753251209.6913204 1753251238.0592473
1753251238.0592704 1753251268.3918242
1753251268.391846 1753251292.5809035
1753251292.5809314 1753251314.2406726
1753251314.2406933 1753251346.3483882
1753251346.348415 1753251371.8560326
1753251371.856054 1753251401.6202056
1753251401.6202276 1753251436.7394397
1753251436.7394652 1753251471.3201988
1753251471.3202205 1753251498.0436413
1753251498.0436668 1753251531.111347
1753251531.111377 1753251558.079892
1753251558.0799193 1753251592.6164088
1753251592.6164289 1753251621.6347945
1753251621.6348197 1753251646.9193912
1753251646.919411 1753251673.6288633
1753251673.628891 1753251708.1179783
1753251708.1180007 1753251735.490928
1753251735.4909492 1753251762.738244
1753251762.7382786 1753251792.0095165
1753251792.009536 1753251817.5340395
1753251817.5340586 1753251845.3809757
1753251845.3809988 1753251869.6638398
1753251869.6638722 1753251899.228204
1753251899.228228 1753251932.828477
1753251932.8284998 1753251960.4270306
1753251960.4270551 1753251995.2603507
1753251995.2603724 1753252023.765851
1753252023.7658794 1753252055.2954102
1753252055.2954447 1753252085.1989725
1753252085.198991 1753252117.949398
1753252117.9494221 1753252142.9101598
1753252142.9101913 1753252169.3952174
1753252169.395246 1753252194.4955342
1753252194.4956086 1753252222.7762854
1753252222.7763102 1753252249.6148467
1753252249.6148636 1753252281.7001305
1753252281.700156 1753252303.9181163
1753252303.918135 1753252332.5241017
1753252332.5241218 1753252370.1451817
1753252370.1452043 1753252392.9482949
1753252392.9483147 1753252420.1991568
1753252420.1991909 1753252450.5855317
1753252450.5855546 1753252484.7433627
1753252484.743391 1753252510.2450154
1753252510.245039 1753252541.3251626
1753252541.3251915 1753252569.8354254
1753252569.8354547 1753252592.698881
1753252592.6989038 1753252621.461434
1753252621.4614632 1753252654.6880105
1753252654.6880648 1753252690.7731967
1753252690.7732203 1753252720.2131114
1753252720.2131362 1753252748.90912
1753252748.9091446 1753252777.701261
1753252777.7013004 1753252796.5087755
1753252796.5087993 1753252824.649085
1753252824.6491044 1753252849.0274043
1753252849.0274293 1753252877.4003649
1753252877.4003844 1753252905.525088
1753252905.5251217 1753252933.718133
1753252933.7181664 1753252973.147181
1753252973.147205 1753252994.8458846
1753252994.8459053 1753253035.8009472
1753253035.8009849 1753253062.6896067
1753253062.689634 1753253091.0408666
1753253091.0408888 1753253120.8196816
1753253120.8197088 1753253149.9612393
1753253149.961268 1753253184.384811
1753253184.3848307 1753253217.964239
1753253217.9642634 1753253241.1297162
1753253241.1297376 1753253273.9293709
1753253273.9293895 1753253303.1583586
1753253303.1583815 1753253335.406103
1753253335.4061272 1753253367.5037127
1753253367.5037334 1753253400.238176
1753253400.2381945 1753253427.2580256
1753253427.2580512 1753253454.0442653
1753253454.0442834 1753253488.9010296
1753253488.90105 1753253517.5476236
1753253517.5476446 1753253537.6511621
1753253537.6512027 1753253570.5580182
1753253570.5580382 1753253597.6084049
1753253597.6084263 1753253636.9616878
1753253636.9617112 1753253662.93277
1753253662.9327905 1753253692.911548
1753253692.9116142 1753253722.8626134
1753253722.8626359 1753253752.9447062
1753253752.9447324 1753253781.3367622
1753253781.336787 1753253811.673104
1753253811.673121 1753253842.8709702
1753253842.870993 1753253868.9369743
1753253868.9369953 1753253900.7056863
1753253900.705716 1753253935.9223595
1753253935.9223793 1753253971.6902194
1753253971.6902413 1753253998.897598
1753253998.8976183 1753254022.2441924
1753254022.2442224 1753254048.3295925
1753254048.3296182 1753254080.775603
1753254080.775638 1753254106.7271974
1753254106.727215 1753254139.8187659
1753254139.8187897 1753254166.7101526
1753254166.710172 1753254194.1162689
1753254194.1163 1753254223.3890817
1753254223.3891022 1753254255.4637628
1753254255.4637823 1753254288.077543
1753254288.0775685 1753254319.2128158
1753254319.2128456 1753254347.730202
1753254347.73022 1753254383.1971834
1753254383.197205 1753254408.642653
1753254408.642674 1753254434.14096
1753254434.1409779 1753254470.5313256
1753254470.5313487 1753254502.3101313
1753254502.3101525 1753254530.7019641
1753254530.7019858 1753254563.7032926
1753254563.7033136 1753254598.9087687
1753254598.908789 1753254627.8186443
1753254627.8186743 1753254661.8820796
1753254661.8821034 1753254689.91971
1753254689.919737 1753254716.534841
1753254716.5348728 1753254757.0186982
1753254757.0187225 1753254784.2358809
1753254784.2359068 1753254823.3051274
1753254823.3051522 1753254853.8553863
1753254853.8554075 1753254879.6170304
1753254879.6170506 1753254906.080662
1753254906.0806894 1753254931.1352782
1753254931.1353009 1753254961.768069
1753254961.7680962 1753254996.4458325
1753254996.445854 1753255028.2774034
1753255028.2774265 1753255051.5343935
1753255051.5344143 1753255093.9613817
1753255093.961405 1753255125.5175376
1753255125.5175676 1753255154.8840783
1753255154.884103 1753255186.7600858
1753255186.7601109 1753255213.6328807
1753255213.6328983 1753255242.3584294
1753255242.3584542 1753255267.0931864
1753255267.0932126 1753255302.974518
1753255302.9745367 1753255330.2458665
1753255330.2458947 1753255357.9949555
1753255357.9949756 1753255380.0449896
1753255380.0450137 1753255409.3818665
1753255409.3818886 1753255438.8064265
1753255438.8064516 1753255469.562542
1753255469.5625613 1753255496.239203
1753255496.2392266 1753255527.2628386
1753255527.2628617 1753255554.6568747
1753255554.6569002 1753255579.1185217
1753255579.1185412 1753255609.9608161
1753255609.9608414 1753255639.968246
1753255639.9682639 1753255670.439061
1753255670.4390862 1753255700.8509476
1753255700.8509688 1753255748.4218004
1753255748.421823 1753255768.0816226
1753255768.0816574 1753255798.6584618
1753255798.6584806 1753255829.4289637
1753255829.4289863 1753255872.3808744
1753255872.3808916 1753255904.5016522
1753255904.5016778 1753255938.9733255
1753255938.9733448 1753255970.322625
1753255970.3226542 1753256004.704432
1753256004.7044516 1753256030.6240726
1753256030.6240995 1753256059.6318498
1753256059.63187 1753256098.6530159
1753256098.6530337 1753256126.3278399
1753256126.3278694 1753256153.6618907
1753256153.6619127 1753256181.8155806
1753256181.815607 1753256207.3649912
1753256207.365026 1753256231.3476877
1753256231.3477151 1753256265.0968232
1753256265.0968428 1753256295.6886477
1753256295.6886766 1753256319.324186
1753256319.3242097 1753256352.0056336
1753256352.0056677 1753256376.2003632
1753256376.2003965 1753256406.8166442
1753256406.8166692 1753256429.3166778
1753256429.3167002 1753256461.0222201
1753256461.0222442 1753256486.9159083
1753256486.9159434 1753256527.5212202
1753256527.5212471 1753256558.5162199
1753256558.5162392 1753256593.5383399
1753256593.5383668 1753256631.866196
1753256631.8662167 1753256651.129264
1753256651.1292877 1753256682.7213063
1753256682.7213266 1753256708.826316
1753256708.8263452 1753256748.6454864
1753256748.6455264 1753256780.3578744
1753256780.357895 1753256801.8209782
1753256801.821003 1753256840.5838065
1753256840.5838277 1753256874.2836556
1753256874.283684 1753256900.7237124
1753256900.7237368 1753256933.4932
1753256933.4932215 1753256961.2815082
1753256961.2815425 1753256985.0196917
1753256985.0197153 1753257013.1564033
1753257013.1564312 1753257036.9605412
1753257036.9605663 1753257066.0176034
1753257066.0176406 1753257093.1424444
1753257093.1424832 1753257120.944245
1753257120.9442706 1753257149.2423675
1753257149.2423909 1753257174.890121
1753257174.8901498 1753257207.61089
1753257207.6109078 1753257233.498727
1753257233.4987552 1753257267.8150377
1753257267.815057 1753257292.1412573
1753257292.1412835 1753257317.454386
1753257317.454409 1753257341.80652
1753257341.8065388 1753257365.698105
1753257365.6981344 1753257391.6379442
1753257391.6379814 1753257424.603265
1753257424.603286 1753257455.060469
1753257455.060497 1753257493.165307
1753257493.165328 1753257520.6806562
1753257520.680682 1753257547.0083296
1753257547.0083532 1753257572.7379227
1753257572.737942 1753257600.7801635
1753257600.7801912 1753257630.0459383
1753257630.045958 1753257658.3501244
1753257658.3501623 1753257682.193009
1753257682.193039 1753257707.507083
1753257707.5071206 1753257737.4481587
1753257737.4481835 1753257772.0526052
1753257772.052633 1753257795.897688
1753257795.8977087 1753257815.473383
1753257815.4734087 1753257840.0694108
1753257840.0694304 1753257871.1051981
1753257871.105224 1753257904.0889707
1753257904.088998 1753257931.1115587
1753257931.1116114 1753257960.6234853
1753257960.623506 1753257984.7419698
1753257984.741996 1753258018.078112
1753258018.0781326 1753258046.653898
1753258046.653924 1753258078.1573765
1753258078.1573954 1753258110.8688622
1753258110.868888 1753258135.1570978
1753258135.157117 1753258166.8946805
1753258166.8947039 1753258207.8688068
1753258207.868833 1753258244.1765451
1753258244.1765773 1753258274.2748892
1753258274.2749083 1753258298.5016422
1753258298.5016668 1753258327.1002355
1753258327.1002655 1753258352.5425322
1753258352.5425498 1753258382.9074624
1753258382.9074838 1753258416.5457928
1753258416.5458143 1753258448.5803087
1753258448.5803404 1753258477.662651
1753258477.6626756 1753258508.6871657
1753258508.6871846 1753258534.63054
1753258534.630566 1753258564.373451
1753258564.373472 1753258592.1184852
1753258592.1185079 1753258615.2242815
1753258615.224307 1753258647.020882
1753258647.0209188 1753258670.8365204
1753258670.8365412 1753258701.5609999
1753258701.561022 1753258725.231504
1753258725.2315285 1753258750.6110942
1753258750.6111202 1753258772.319702
1753258772.3197343 1753258805.8142765
1753258805.8143003 1753258838.473639
1753258838.473669 1753258872.7166407
1753258872.7166612 1753258903.630632
1753258903.6306562 1753258935.4599326
1753258935.4599557 1753258963.4686255
1753258963.4686525 1753258987.297004
1753258987.2970314 1753259017.307851
1753259017.3078728 1753259040.8726037
1753259040.8726294 1753259064.9783123
1753259064.9783459 1753259092.1708527
1753259092.1708715 1753259114.23993
1753259114.2399576 1753259144.091035
1753259144.0910528 1753259171.176424
1753259171.1764574 1753259204.950901
1753259204.9509215 1753259231.150493
1753259231.150528 1753259266.746037
1753259266.7460618 1753259297.7301602
1753259297.7301795 1753259329.9059045
1753259329.9059365 1753259360.1190712
1753259360.1190917 1753259390.9346764
1753259390.9347036 1753259415.9594424
1753259415.9594617 1753259451.0567605
1753259451.0567892 1753259481.7839682
1753259481.783988 1753259509.7812243
1753259509.7812467 1753259538.649787
1753259538.6498084 1753259574.3218176
1753259574.3218377 1753259603.1967297
1753259603.1967552 1753259636.8851047
1753259636.8851237 1753259663.671733
1753259663.671758 1753259692.6511807
1753259692.6512072 1753259718.9411063
1753259718.9411268 1753259744.0465567
1753259744.0465827 1753259775.9706979
1753259775.970717 1753259800.5399754
1753259800.540003 1753259835.249994
1753259835.2500336 1753259863.0003006
1753259863.0003276 1753259892.527254
1753259892.5272791 1753259921.4248793
1753259921.4249022 1753259950.8900654
1753259950.8900957 1753259983.665155
1753259983.6651738 1753260022.0491865
1753260022.0492096 1753260058.0038595
1753260058.0038788 1753260090.1928616
1753260090.1928866 1753260116.238019
1753260116.2380385 1753260148.5455642
1753260148.5455847 1753260183.0800054
1753260183.0800302 1753260213.2706625
1753260213.2706807 1753260241.921128
1753260241.9211545 1753260268.979969
1753260268.9799929 1753260294.6761498
1753260294.6761725 1753260328.3591697
1753260328.3591924 1753260354.1837275
1753260354.1837575 1753260382.9425457
1753260382.9425683 1753260409.621633
1753260409.621655 1753260439.83653
1753260439.836556 1753260464.9102335
1753260464.910254 1753260490.906635
1753260490.9066536 1753260522.6001174
1753260522.6001456 1753260549.338776
1753260549.338806 1753260576.9399533
1753260576.9399753 1753260602.6890678
1753260602.6890852 1753260633.6810567
1753260633.681084 1753260661.4186313
1753260661.4186518 1753260692.7571979
1753260692.7572255 1753260731.0922468
1753260731.0922687 1753260761.7580452
1753260761.75807 1753260792.9109933
1753260792.9110131 1753260819.0672839
1753260819.0673132 1753260849.0888412
1753260849.088861 1753260875.3758519
1753260875.3758874 1753260903.7420514
1753260903.742103 1753260922.9159021
1753260922.915928 1753260947.8672917
1753260947.8673115 1753260977.9918349
1753260977.9918585 1753261007.2397966
1753261007.2398198 1753261037.3021805
1753261037.3022008 1753261069.1115024
1753261069.1115255 1753261093.6220074
1753261093.6220276 1753261118.8900664
1753261118.890103 1753261149.8591223
1753261149.8591413 1753261181.5625033
1753261181.5625348 1753261209.3463733
1753261209.3463936 1753261238.4561675
1753261238.4561954 1753261270.2965727
1753261270.2965996 1753261298.7549376
1753261298.7549572 1753261325.5347214
1753261325.5347455 1753261352.155578
1753261352.155637 1753261381.5753517
1753261381.575378 1753261412.0651653
1753261412.0651827 1753261444.0473454
1753261444.0473673 1753261470.7564716
1753261470.7564936 1753261500.721808
1753261500.7218297 1753261531.7072082
1753261531.7072306 1753261568.2628326
1753261568.2628636 1753261600.1076467
1753261600.1076772 1753261625.2231727
1753261625.2231946 1753261661.8381166
1753261661.8381457 1753261687.1284015
1753261687.1284237 1753261723.5996053
1753261723.5996275 1753261749.8143766
1753261749.814394 1753261779.6906426
1753261779.6906676 1753261806.927749
1753261806.927768 1753261835.567913
1753261835.5679355 1753261863.0373695
1753261863.0373886 1753261893.7122693
1753261893.7122905 1753261930.7932734
1753261930.7932968 1753261957.7232583
1753261957.7232835 1753261983.140066
1753261983.1400874 1753262002.6287522
1753262002.6287735 1753262039.4566295
1753262039.4566536 1753262075.7337546
1753262075.7337759 1753262114.2172937
1753262114.217317 1753262149.8258426
1753262149.8258638 1753262191.3369186
1753262191.3369534 1753262215.1007912
1753262215.1008153 1753262248.1114848
1753262248.1115048 1753262276.3011184
1753262276.301137 1753262303.900868
1753262303.9008927 1753262329.613609
1753262329.6136327 1753262358.4382782
1753262358.4383047 1753262386.285393
1753262386.2854142 1753262412.6629124
1753262412.6629438 1753262444.304244
1753262444.3042727 1753262475.9929914
1753262475.9930243 1753262515.0716426
1753262515.071673 1753262535.8601787
1753262535.8601995 1753262565.9442773
1753262565.9443047 1753262590.7887275
1753262590.7887588 1753262625.0966368
1753262625.096663 1753262655.6749508
1753262655.6749697 1753262682.55466
1753262682.554687 1753262709.0542011
1753262709.0542228 1753262741.6644964
1753262741.6645148 1753262769.5180855
1753262769.5181065 1753262800.346361
1753262800.346389 1753262831.510447
1753262831.5104718 1753262864.672055
1753262864.6720746 1753262893.8570852
1753262893.8571072 1753262924.7461705
1753262924.7461944 1753262948.6953547
1753262948.695373 1753262980.3835993
1753262980.3836377 1753263008.495528
1753263008.4955492 1753263046.9323916
1753263046.9324148 1753263081.3865788
1753263081.3865974 1753263114.9320917
1753263114.9321125 1753263143.5301466
1753263143.53017 1753263168.892292
1753263168.8923118 1753263196.1817675
1753263196.1817954 1753263223.6748703
1753263223.67489 1753263246.6193204
1753263246.6193488 1753263276.274702
1753263276.2747338 1753263303.356637
1753263303.35666 1753263334.9722385
1753263334.972261 1753263364.153679
1753263364.153705 1753263391.4495862
1753263391.4496062 1753263417.5166411
1753263417.5166616 1753263445.5697308
1753263445.5697515 1753263477.694753
1753263477.694776 1753263516.0031703
1753263516.0031915 1753263542.774193
1753263542.7742157 1753263577.984593
1753263577.9846196 1753263608.1346486
1753263608.1346781 1753263639.633263
1753263639.633285 1753263668.925781
1753263668.9257996 1753263698.3262923
1753263698.3263116 1753263727.3713064
1753263727.3713336 1753263755.6239495
1753263755.6239705 1753263783.1567388
1753263783.1567597 1753263814.8763707
1753263814.8763933 1753263850.9818528
1753263850.9818785 1753263879.0165489
1753263879.016569 1753263915.1545577
1753263915.1545818 1753263942.705827
1753263942.7058504 1753263967.0347378
1753263967.0347605 1753263995.7387865
1753263995.7388303 1753264026.096245
1753264026.0962796 1753264056.3453426
1753264056.3453639 1753264086.774003
1753264086.7740235 1753264118.754379
1753264118.754399 1753264145.8379679
1753264145.837993 1753264166.6428761
1753264166.6428943 1753264194.8144522
1753264194.8144753 1753264218.1316285
1753264218.131653 1753264244.4959867
1753264244.496009 1753264279.5883868
1753264279.5884247 1753264310.9952512
1753264310.9952724 1753264341.382153
1753264341.3821776 1753264376.503365
1753264376.5034084 1753264410.2395318
1753264410.239571 1753264440.1107996
1753264440.1108184 1753264475.3820152
1753264475.3820443 1753264506.8280287
1753264506.8280616 1753264540.2541573
1753264540.254179 1753264569.6771576
1753264569.6771822 1753264597.8080046
1753264597.8080237 1753264618.151753
1753264618.1517782 1753264648.2220185
1753264648.222039 1753264672.5719304
1753264672.571955 1753264699.0262735
1753264699.026295 1753264734.0341642
1753264734.034187 1753264757.9693854
1753264757.9694061 1753264793.686185
1753264793.686212 1753264813.6885593
1753264813.6885867 1753264841.7987142
1753264841.7987468 1753264875.5255945
1753264875.5256152 1753264900.408401
1753264900.4084277 1753264926.5863411
1753264926.586376 1753264951.730918
1753264951.7309434 1753264980.0373013
1753264980.037322 1753265005.8411894
1753265005.8412166 1753265031.4583843
1753265031.4584107 1753265059.8259056
1753265059.8259366 1753265088.2293525
1753265088.2293866 1753265116.423826
1753265116.4238498 1753265140.9800975
1753265140.9801161 1753265166.8520346
1753265166.8520687 1753265200.5324364
1753265200.5324788 1753265231.311705
1753265231.3117287 1753265261.2763083
1753265261.276328 1753265288.2658896
1753265288.265915 1753265315.816596
1753265315.8166225 1753265343.6136308
1753265343.6136565 1753265366.6254137
1753265366.6254318 1753265401.566778
1753265401.5667953 1753265426.012912
1753265426.0129352 1753265451.1098266
1753265451.1098578 1753265476.2473433
1753265476.2473707 1753265503.289945
1753265503.2899706 1753265530.6684954
1753265530.6685174 1753265560.7655053
1753265560.7655313 1753265590.6456788
1753265590.6457005 1753265619.4983711
1753265619.4983947 1753265642.9513469
1753265642.9513767 1753265679.5678585
1753265679.5678828 1753265714.8137329
1753265714.8137531 1753265753.8028765
1753265753.8028994 1753265786.9036372
1753265786.9036577 1753265820.7898214
1753265820.789846 1753265849.310024
1753265849.3100448 1753265882.0526116
1753265882.0526285 1753265912.3657146
1753265912.3657534 1753265943.0512962
1753265943.0513265 1753265966.467405
1753265966.4674296 1753265991.3378866
1753265991.3379068 1753266022.2679946
1753266022.2680159 1753266057.978266
1753266057.9782958 1753266085.2456698
1753266085.24569 1753266111.8137891
1753266111.813822 1753266137.4464455
1753266137.4464672 1753266164.3826532
