1753237924.1263804 1753237946.4000826
1753237946.4001064 1753237977.1419947
1753237977.1420197 1753238009.5021207
1753238009.502148 1753238040.984428
1753238040.984448 1753238062.3493361
1753238062.3493583 1753238091.6656601
1753238091.6656864 1753238126.2187903
1753238126.2188137 1753238158.3771095
1753238158.3771336 1753238189.3380754
1753238189.3381 1753238216.2328565
1753238216.2328777 1753238246.2925887
1753238246.292612 1753238280.977105
1753238280.9771237 1753238317.3097768
1753238317.309809 1753238346.724254
1753238346.7242708 1753238382.0372064
1753238382.0372317 1753238417.589488
1753238417.5895102 1753238452.5395966
1753238452.539632 1753238477.6096091
1753238477.6096313 1753238513.1753054
1753238513.175342 1753238547.1298623
1753238547.1298847 1753238580.1037514
1753238580.103771 1753238610.638697
1753238610.6387205 1753238644.8459768
1753238644.846004 1753238677.5614238
1753238677.561451 1753238707.2154453
1753238707.215467 1753238734.145181
1753238734.1451988 1753238760.8991406
1753238760.8991613 1753238794.1978283
1753238794.1978524 1753238824.8524435
1753238824.8524625 1753238854.3118825
1753238854.3119166 1753238883.656665
1753238883.6566849 1753238917.2191885
1753238917.2192123 1753238945.0601082
1753238945.0601273 1753238976.1017265
1753238976.1017463 1753239005.5751398
1753239005.5751636 1753239034.1381185
1753239034.1381376 1753239063.621914
1753239063.621949 1753239093.936992
1753239093.9370408 1753239119.0158052
1753239119.0158296 1753239143.978831
1753239143.9788492 1753239168.333471
1753239168.3334932 1753239195.8149798
1753239195.815001 1753239226.7698653
1753239226.7698967 1753239256.3430192
1753239256.343043 1753239281.0146177
1753239281.0146632 1753239309.1681
1753239309.1681244 1753239334.2739444
1753239334.2739732 1753239359.1747787
1753239359.1747968 1753239387.8684213
1753239387.8684556 1753239414.7719076
1753239414.7719476 1753239442.121554
1753239442.1215825 1753239466.1902804
1753239466.1903076 1753239494.6843336
1753239494.684359 1753239521.1614416
1753239521.1614573 1753239552.1250665
1753239552.125094 1753239579.2487261
1753239579.2487464 1753239605.615298
1753239605.6153195 1753239633.5229762
1753239633.523002 1753239658.379421
1753239658.3794432 1753239686.6011643
1753239686.6011815 1753239714.6311965
1753239714.6312206 1753239742.987778
1753239742.9877973 1753239769.8369527
1753239769.8369825 1753239793.6250386
1753239793.62506 1753239824.9640076
1753239824.964031 1753239853.7474551
1753239853.7474802 1753239882.7200515
1753239882.7200782 1753239908.7648735
1753239908.7648947 1753239938.9125416
1753239938.912577 1753239966.5939968
1753239966.5940173 1753239995.1597302
1753239995.1597567 1753240020.6138372
1753240020.6138616 1753240047.9737418
1753240047.9737697 1753240079.3632824
1753240079.3632996 1753240107.7643576
1753240107.7643812 1753240132.6857386
1753240132.6857684 1753240157.6372929
1753240157.637312 1753240184.2451391
1753240184.2451563 1753240209.669914
1753240209.6699393 1753240236.3602083
1753240236.3602316 1753240261.7128456
1753240261.7128701 1753240287.2044828
1753240287.2045064 1753240313.6431777
1753240313.643203 1753240339.6823473
1753240339.682375 1753240368.646453
1753240368.646477 1753240396.5345626
1753240396.5345814 1753240423.2698998
1753240423.269923 1753240450.4302697
1753240450.4302905 1753240476.4110396
1753240476.411065 1753240501.9804332
1753240501.9804566 1753240529.494618
1753240529.4946444 1753240555.8868895
1753240555.886914 1753240581.2640092
1753240581.264029 1753240605.830445
1753240605.8304725 1753240627.9681962
1753240627.9682236 1753240650.4360392
1753240650.436057 1753240677.2815297
1753240677.2815583 1753240701.463161
1753240701.4631863 1753240729.550771
1753240729.5507882 1753240758.5875297
1753240758.5875483 1753240787.7072449
1753240787.7072678 1753240816.8398068
1753240816.839834 1753240844.0486867
1753240844.0487127 1753240868.3446338
1753240868.3446531 1753240894.96412
1753240894.964146 1753240920.202469
1753240920.2024872 1753240944.7099576
1753240944.709991 1753240970.0759068
1753240970.0759315 1753240997.6173458
1753240997.6173718 1753241025.4553344
1753241025.4553537 1753241047.9004598
1753241047.9004843 1753241075.889043
1753241075.8890636 1753241097.0457232
1753241097.0457516 1753241123.148656
1753241123.1486797 1753241146.1700766
1753241146.1700952 1753241172.0831842
1753241172.0832086 1753241197.6535785
1753241197.6536036 1753241222.9388494
1753241222.9388757 1753241251.8250053
1753241251.8250504 1753241277.4351864
1753241277.4352086 1753241300.5004804
1753241300.5005026 1753241328.287104
1753241328.2871275 1753241352.4589925
1753241352.4590223 1753241379.9480467
1753241379.9480753 1753241400.8284497
1753241400.8284726 1753241427.7101924
1753241427.710218 1753241454.7798822
1753241454.7799025 1753241480.7515016
1753241480.75153 1753241508.3504102
1753241508.3504276 1753241535.4813485
1753241535.4813716 1753241559.8300462
1753241559.83007 1753241584.3879354
1753241584.3879557 1753241610.6034439
1753241610.603471 1753241635.5944822
1753241635.5945067 1753241658.539103
1753241658.539126 1753241682.1521397
1753241682.152158 1753241706.050418
1753241706.050442 1753241735.0373912
1753241735.037423 1753241759.664567
1753241759.6645966 1753241787.621353
1753241787.621376 1753241813.6123092
1753241813.6123302 1753241839.8030758
1753241839.8030975 1753241867.7128575
1753241867.7128763 1753241890.0256903
1753241890.0257177 1753241913.5198324
1753241913.5198503 1753241940.8116567
1753241940.8116858 1753241967.349383
1753241967.3494012 1753241993.9435465
1753241993.9435973 1753242017.827688
1753242017.8277056 1753242041.0661438
1753242041.066164 1753242067.8433144
1753242067.8433385 1753242092.3556745
1753242092.3557107 1753242119.5362828
1753242119.5363088 1753242145.7959478
1753242145.795975 1753242172.8130872
1753242172.813116 1753242199.8103178
1753242199.8103445 1753242226.0271153
1753242226.0271435 1753242252.4660246
1753242252.466047 1753242275.977032
1753242275.977058 1753242301.3321884
1753242301.3322146 1753242327.4304478
1753242327.4304676 1753242352.5565825
1753242352.5566068 1753242379.381206
1753242379.381231 1753242405.0691938
1753242405.069216 1753242431.2567422
1753242431.256761 1753242455.8413947
1753242455.8414185 1753242478.7467039
1753242478.7467256 1753242500.2011626
1753242500.2012026 1753242523.6501
1753242523.6501262 1753242548.049625
1753242548.0496485 1753242573.007223
1753242573.0072396 1753242596.2786183
1753242596.278645 1753242625.3204155
1753242625.320436 1753242652.3790495
1753242652.3790758 1753242678.385537
1753242678.3855543 1753242703.5268507
1753242703.5268764 1753242726.6817026
1753242726.6817324 1753242749.2246802
1753242749.2246997 1753242772.0052042
1753242772.0052383 1753242798.757063
1753242798.7570908 1753242822.9137223
1753242822.9137452 1753242849.2597487
1753242849.259766 1753242872.112928
1753242872.112952 1753242896.1414337
1753242896.14145 1753242924.8483753
1753242924.8484073 1753242950.2067003
1753242950.2067213 1753242977.11021
1753242977.1102395 1753243001.6735463
1753243001.6735704 1753243027.5133536
1753243027.5133827 1753243055.0561192
1753243055.0561547 1753243077.8771365
1753243077.877166 1753243104.6668923
1753243104.6669207 1753243128.7033858
1753243128.703423 1753243154.476042
1753243154.4760637 1753243182.820859
1753243182.820888 1753243209.0091784
1753243209.0092018 1753243233.803718
1753243233.8037467 1753243262.065786
1753243262.065804 1753243286.6470823
1753243286.6471057 1753243311.2971957
1753243311.297223 1753243337.1164076
1753243337.116435 1753243360.772334
1753243360.7723575 1753243386.9505205
1753243386.9505439 1753243412.0495715
1753243412.0495944 1753243444.7815382
1753243444.7815666 1753243475.1574576
1753243475.1574814 1753243498.3021183
1753243498.3021586 1753243528.6955535
1753243528.6956048 1753243553.489987
1753243553.4900074 1753243575.8020086
1753243575.8020387 1753243608.765853
1753243608.765878 1753243634.3548632
1753243634.3548965 1753243658.1581655
1753243658.1581893 1753243683.7072327
1753243683.707269 1753243708.270251
1753243708.2702675 1753243737.08852
1753243737.088555 1753243762.945838
1753243762.9458616 1753243788.1730518
1753243788.1730819 1753243814.1481729
1753243814.1482148 1753243842.6522467
1753243842.6522672 1753243869.2370577
1753243869.237091 1753243894.4955127
1753243894.4955351 1753243924.1771638
1753243924.1771927 1753243945.574858
1753243945.5748818 1753243970.8326514
1753243970.8326695 1753243996.5765615
1753243996.5765927 1753244027.3181427
1753244027.318169 1753244052.0998728
1753244052.0998979 1753244078.384289
1753244078.384323 1753244106.2682412
1753244106.2682793 1753244128.3364193
1753244128.3364434 1753244154.7039967
1753244154.704017 1753244183.6830463
1753244183.683076 1753244208.7873342
1753244208.7873528 1753244234.228664
1753244234.228692 1753244266.1000078
1753244266.1000261 1753244290.7019455
1753244290.7019734 1753244315.408918
1753244315.408937 1753244341.6430354
1753244341.6430612 1753244367.6150007
1753244367.6150217 1753244398.7759085
1753244398.7759342 1753244425.697136
1753244425.6971583 1753244454.0206802
1753244454.0207095 1753244478.2886548
1753244478.288679 1753244505.0444734
1753244505.0445092 1753244528.860172
1753244528.8601942 1753244552.1132588
1753244552.113285 1753244578.34101
1753244578.3410273 1753244602.2434323
1753244602.243457 1753244626.7481804
1753244626.7481968 1753244651.481435
1753244651.4814575 1753244677.4051943
1753244677.4052172 1753244703.19036
1753244703.1903834 1753244726.8438215
1753244726.8438463 1753244749.9776828
1753244749.9777012 1753244774.2065592
1753244774.2065818 1753244803.657426
1753244803.657456 1753244830.4285839
1753244830.428601 1753244852.8470466
1753244852.8470697 1753244879.7417235
1753244879.741742 1753244904.792577
1753244904.7926085 1753244928.7717948
1753244928.7718234 1753244951.490753
1753244951.490772 1753244978.0138485
1753244978.0138733 1753245006.9800272
1753245006.9800558 1753245033.2080455
1753245033.2080653 1753245052.278581
1753245052.278604 1753245079.6411161
1753245079.6411407 1753245104.766389
1753245104.7664077 1753245127.8488681
1753245127.84889 1753245154.5440662
1753245154.5441065 1753245177.9250286
1753245177.9250534 1753245202.6610913
1753245202.661113 1753245228.819476
1753245228.8194954 1753245251.055285
1753245251.0553124 1753245275.9964461
1753245275.9964812 1753245299.43382
1753245299.4338381 1753245325.519457
1753245325.519493 1753245353.9775536
1753245353.9775815 1753245377.3307014
1753245377.3307252 1753245406.4659634
1753245406.465992 1753245428.7929912
1753245428.7930095 1753245454.8265777
1753245454.8266041 1753245478.7105184
1753245478.7105389 1753245506.5528414
1753245506.5528708 1753245532.4416606
1753245532.4416845 1753245555.6128511
1753245555.6128736 1753245583.257275
1753245583.2573 1753245607.1054738
1753245607.10549 1753245630.4276283
1753245630.4276528 1753245656.47249
1753245656.4725187 1753245683.4858353
1753245683.4858537 1753245709.972732
1753245709.9727583 1753245734.2504957
1753245734.250514 1753245758.982005
1753245758.9820416 1753245788.2859194
1753245788.2859383 1753245811.7397046
1753245811.7397285 1753245836.6156805
1753245836.615701 1753245861.8809793
1753245861.881004 1753245886.9231474
1753245886.923168 1753245912.8574846
1753245912.857505 1753245936.9360833
1753245936.9361022 1753245962.5565069
1753245962.556538 1753245986.9079611
1753245986.9079833 1753246011.9209015
1753246011.92093 1753246036.5601234
1753246036.5601447 1753246059.2247488
1753246059.2247798 1753246084.4925115
1753246084.492533 1753246111.9098692
1753246111.9098969 1753246137.02805
1753246137.028076 1753246159.5804615
1753246159.5804818 1753246182.51632
1753246182.5163445 1753246210.6003783
1753246210.6004043 1753246235.3711524
1753246235.3711708 1753246259.082063
1753246259.0820904 1753246279.693585
1753246279.6936054 1753246307.9185252
1753246307.9185524 1753246334.7314594
1753246334.7314808 1753246359.390728
1753246359.3907516 1753246384.7799003
1753246384.7799213 1753246410.061773
1753246410.0617979 1753246432.5254126
1753246432.5254312 1753246461.3760517
1753246461.3760765 1753246489.344213
1753246489.3442316 1753246511.0712168
1753246511.0712395 1753246536.6966295
1753246536.696648 1753246561.016897
1753246561.0169227 1753246583.9538572
1753246583.9538891 1753246612.4993622
1753246612.4993906 1753246639.9122481
1753246639.9122725 1753246662.1376765
1753246662.137699 1753246689.6174324
1753246689.6174572 1753246717.900988
1753246717.9010096 1753246743.9733217
1753246743.973363 1753246767.1993923
1753246767.1994112 1753246791.0665636
1753246791.0665848 1753246817.7245588
1753246817.7245774 1753246840.751066
1753246840.7510924 1753246863.273398
1753246863.2734299 1753246884.9745243
1753246884.9745476 1753246914.3716455
1753246914.3716707 1753246939.1896222
1753246939.1896424 1753246967.1692798
1753246967.1692994 1753246995.3669412
1753246995.3669617 1753247021.8276784
1753247021.8277018 1753247046.695955
1753247046.6959772 1753247071.9020026
1753247071.9020224 1753247097.239167
1753247097.2391894 1753247123.8172262
1753247123.8172495 1753247147.9050674
1753247147.9050858 1753247173.3677611
1753247173.3677852 1753247198.1305072
1753247198.1305351 1753247219.4294407
1753247219.4294584 1753247244.1206725
1753247244.1206975 1753247268.8678858
1753247268.8679092 1753247293.7866616
1753247293.7866845 1753247320.6451228
1753247320.6451478 1753247349.0853047
1753247349.0853221 1753247373.0845056
1753247373.0845318 1753247400.6888535
1753247400.68888 1753247425.5711286
1753247425.571151 1753247452.2656953
1753247452.2657216 1753247478.4420137
1753247478.4420407 1753247505.2739275
1753247505.2739558 1753247530.2058492
1753247530.2058754 1753247555.5827563
1753247555.5827801 1753247577.943136
1753247577.9431632 1753247604.0468733
1753247604.0468934 1753247630.4744952
1753247630.4745214 1753247655.6748421
1753247655.6748636 1753247678.1692975
1753247678.16932 1753247702.8509061
1753247702.850932 1753247729.2814722
1753247729.2814927 1753247757.9477465
1753247757.9477828 1753247788.6615505
1753247788.6615689 1753247815.52502
1753247815.525048 1753247849.0937536
1753247849.0937738 1753247873.1655397
1753247873.1655674 1753247904.2586284
1753247904.2586482 1753247931.093393
1753247931.093423 1753247958.5001776
1753247958.500203 1753247986.7286716
1753247986.7286935 1753248011.2544408
1753248011.254465 1753248041.7054276
1753248041.7054508 1753248070.3456197
1753248070.345638 1753248097.103301
1753248097.1033328 1753248127.8076148
1753248127.8076406 1753248161.0210173
1753248161.021041 1753248188.6081104
1753248188.6081302 1753248211.8854482
1753248211.8854656 1753248250.390208
1753248250.3902295 1753248279.5411994
1753248279.5412238 1753248304.7452304
1753248304.7452645 1753248331.1214142
1753248331.1214395 1753248360.6405706
1753248360.6405919 1753248386.1001883
1753248386.1002107 1753248419.424338
1753248419.424366 1753248453.1184192
1753248453.1184452 1753248479.9468434
1753248479.9468632 1753248509.9207325
1753248509.9207573 1753248530.8511903
1753248530.8512065 1753248551.013248
1753248551.0132668 1753248580.7371752
1753248580.7372005 1753248608.414002
1753248608.4140222 1753248632.7675023
1753248632.7675264 1753248661.526204
1753248661.5262213 1753248699.93872
1753248699.938748 1753248732.2027535
1753248732.202773 1753248762.9315083
1753248762.931535 1753248787.08923
1753248787.0892484 1753248821.61074
1753248821.6107638 1753248852.632012
1753248852.6320374 1753248882.502726
1753248882.5027466 1753248916.069306
1753248916.0693293 1753248945.848683
1753248945.8487055 1753248967.135451
1753248967.135475 1753248993.6208236
1753248993.6208405 1753249025.9037566
1753249025.9037852 1753249054.4671717
1753249054.4671926 1753249079.364543
1753249079.3645685 1753249111.8013668
1753249111.8013911 1753249141.12286
1753249141.1228855 1753249165.4811397
1753249165.4811604 1753249192.5459945
1753249192.5460176 1753249220.3371162
1753249220.3371415 1753249251.4028995
1753249251.4029155 1753249274.2174094
1753249274.217432 1753249308.0793014
1753249308.079319 1753249328.5594797
1753249328.559503 1753249356.191779
1753249356.191796 1753249383.072199
1753249383.0722158 1753249409.1450531
1753249409.1450758 1753249436.8435192
1753249436.8435404 1753249472.517045
1753249472.5170753 1753249508.629468
1753249508.6294866 1753249534.4639947
1753249534.4640236 1753249566.7057083
1753249566.705726 1753249593.5365145
1753249593.5365543 1753249619.329818
1753249619.329837 1753249649.15717
1753249649.1571884 1753249673.2865922
1753249673.2866204 1753249699.1862733
1753249699.1862917 1753249729.2578754
1753249729.257902 1753249763.2228446
1753249763.2228646 1753249788.5452728
1753249788.5453 1753249818.0605874
1753249818.0606067 1753249849.3497539
1753249849.3497782 1753249877.7120943
1753249877.7121155 1753249909.041482
1753249909.0415034 1753249942.9033177
1753249942.9033515 1753249973.1504447
1753249973.1504653 1753250003.4100757
1753250003.4101005 1753250031.4771426
1753250031.4771626 1753250067.1899552
1753250067.189983 1753250092.5222096
1753250092.5222323 1753250118.3741918
1753250118.3742182 1753250150.7436874
1753250150.743717 1753250188.6879613
1753250188.6879864 1753250219.8171864
1753250219.817221 1753250252.0636318
1753250252.0636559 1753250273.8610926
1753250273.861117 1753250308.3699093
1753250308.369929 1753250342.4129822
1753250342.4130046 1753250371.9746394
1753250371.9746633 1753250405.9475904
1753250405.9476137 1753250438.7578118
1753250438.7578366 1753250474.5816534
1753250474.581692 1753250503.4137077
1753250503.4137337 1753250532.44866
1753250532.4486797 1753250558.618745
1753250558.6187675 1753250593.8620062
1753250593.8620253 1753250627.0056717
1753250627.005697 1753250659.4714155
1753250659.471439 1753250691.8567955
1753250691.8568225 1753250724.767829
1753250724.7678506 1753250745.0861535
1753250745.086177 1753250771.2007725
1753250771.2007961 1753250800.320972
1753250800.3209915 1753250834.2222712
1753250834.2223008 1753250870.6211472
1753250870.6211739 1753250899.8676996
1753250899.8677263 1753250933.1206927
1753250933.1207232 1753250964.4451778
1753250964.4451973 1753251001.9240057
1753251001.9240336 1753251029.1369948
1753251029.1370285 1753251057.2717676
1753251057.2717898 1753251080.5348704
1753251080.5348957 1753251105.5566616
1753251105.5566852 1753251136.335061
1753251136.3350854 1753251157.2538576
1753251157.253882 1753251182.6293993
1753251182.629418 1753251204.6268334
1753251204.6268482 1753251239.102659
1753251239.102684 1753251265.9423718
1753251265.9423912 1753251290.7787156
1753251290.7787337 1753251312.0911531
1753251312.0911784 1753251342.6256852
1753251342.625704 1753251371.2027314
1753251371.2027597 1753251401.4114344
1753251401.411455 1753251439.2956254
1753251439.2956462 1753251474.1576087
1753251474.157632 1753251504.1848156
1753251504.184841 1753251533.4775097
1753251533.4775295 1753251560.3493845
1753251560.3494103 1753251590.059321
1753251590.0593445 1753251619.4216416
1753251619.421658 1753251648.3590252
1753251648.3590472 1753251673.3799992
1753251673.3800204 1753251703.719441
1753251703.7194595 1753251733.016249
1753251733.0162735 1753251761.7046268
1753251761.7046504 1753251792.2199128
1753251792.2199411 1753251817.3918333
1753251817.391861 1753251849.5435903
1753251849.5436108 1753251879.2937655
1753251879.2937899 1753251909.9511724
1753251909.9511907 1753251940.2333584
1753251940.2333777 1753251964.7858694
1753251964.7858932 1753251995.8326783
1753251995.8326967 1753252029.0095322
1753252029.0095565 1753252055.8075042
1753252055.8075209 1753252085.2198162
1753252085.2198422 1753252115.9260345
1753252115.926054 1753252144.3226883
1753252144.322709 1753252165.1399627
1753252165.139986 1753252198.7980914
1753252198.7981129 1753252221.5075512
1753252221.507583 1753252255.6262984
1753252255.626318 1753252280.3843791
1753252280.3843992 1753252303.4791217
1753252303.4791417 1753252329.4264805
1753252329.426502 1753252365.0601695
1753252365.0602083 1753252401.1452062
1753252401.145229 1753252425.8884087
1753252425.8884451 1753252456.3873277
1753252456.3873463 1753252490.7978687
1753252490.797891 1753252514.0546353
1753252514.0546534 1753252539.1498468
1753252539.1498685 1753252566.2690907
1753252566.2691119 1753252587.9649022
1753252587.964926 1753252615.6113534
1753252615.6113706 1753252653.373364
1753252653.3733878 1753252687.650741
1753252687.6507604 1753252717.4574232
1753252717.457443 1753252748.3103676
1753252748.310392 1753252772.0646079
1753252772.0646338 1753252800.5485601
1753252800.5485797 1753252829.2339573
1753252829.2339852 1753252853.3569567
1753252853.3569758 1753252882.7374198
1753252882.7374437 1753252913.2770736
1753252913.277094 1753252944.723533
1753252944.72356 1753252971.5404298
1753252971.540451 1753253005.4000785
1753253005.400102 1753253032.1249437
1753253032.1249676 1753253064.264793
1753253064.264812 1753253094.4292767
1753253094.4293013 1753253123.5093694
1753253123.5093899 1753253149.671135
1753253149.671156 1753253185.4900744
1753253185.4900985 1753253213.762501
1753253213.7625194 1753253240.325175
1753253240.3252003 1753253273.4662468
1753253273.4662664 1753253306.06463
1753253306.0646539 1753253337.1658447
1753253337.165862 1753253368.5566173
1753253368.5566428 1753253398.5181103
1753253398.5181305 1753253424.1809404
1753253424.1809661 1753253451.2262888
1753253451.2263093 1753253486.3042643
1753253486.30429 1753253518.7153697
1753253518.7153945 1753253543.2611876
1753253543.2612095 1753253573.51467
1753253573.514693 1753253605.4419641
1753253605.4419825 1753253635.4613297
1753253635.4613478 1753253667.3579395
1753253667.3579576 1753253693.0342762
1753253693.0343013 1753253720.2136989
1753253720.2137349 1753253752.0481956
1753253752.0482197 1753253772.2435136
1753253772.243532 1753253810.9735503
1753253810.9735706 1753253835.7703514
1753253835.7703738 1753253865.2253783
1753253865.2253964 1753253902.168906
1753253902.1689286 1753253936.956228
1753253936.9562502 1753253963.9534101
1753253963.9534345 1753253998.015356
1753253998.0153933 1753254022.2076452
1753254022.207674 1753254047.2101388
1753254047.2101605 1753254079.213272
1753254079.213306 1753254109.7295747
1753254109.7295954 1753254140.3132846
1753254140.3133073 1753254167.5182781
1753254167.5182967 1753254198.3320334
1753254198.33206 1753254224.788096
1753254224.7881148 1753254256.2030058
1753254256.2030232 1753254288.8143506
1753254288.8143787 1753254316.3304904
1753254316.3305075 1753254354.1160903
1753254354.1161125 1753254383.264891
1753254383.2649162 1753254409.4501143
1753254409.450141 1753254436.8140836
1753254436.8141015 1753254465.2828774
1753254465.2828977 1753254503.9525597
1753254503.9525821 1753254531.2982106
1753254531.2982328 1753254559.361889
1753254559.3619113 1753254598.8768995
1753254598.8769217 1753254630.1942263
1753254630.1942484 1753254661.1889992
1753254661.1890223 1753254693.6389425
1753254693.6389704 1753254722.4978352
1753254722.4978545 1753254757.8219168
1753254757.8219423 1753254789.8609147
1753254789.86094 1753254824.1496115
1753254824.1496303 1753254852.5267336
1753254852.5267603 1753254876.8947666
1753254876.8948038 1753254900.335197
1753254900.3352194 1753254928.0728126
1753254928.0728369 1753254957.045202
1753254957.0452242 1753254995.1859045
1753254995.1859245 1753255029.0550108
1753255029.0550354 1753255057.8018332
1753255057.8018582 1753255095.638895
1753255095.6389174 1753255126.118043
1753255126.1180701 1753255155.1334121
1753255155.1334338 1753255187.9433494
1753255187.943372 1753255216.1477249
1753255216.1477468 1753255238.3073845
1753255238.3074088 1753255265.6227417
1753255265.622762 1753255300.8953633
1753255300.8953834 1753255326.211637
1753255326.2116609 1753255353.937715
1753255353.9377315 1753255385.3421493
1753255385.3421752 1753255418.0399847
1753255418.040005 1753255441.885527
1753255441.8855562 1753255472.3881505
1753255472.3881748 1753255497.8554826
1753255497.8554971 1753255529.334108
1753255529.3341322 1753255556.8214145
1753255556.821434 1753255578.1098044
1753255578.109831 1753255614.1209986
1753255614.1210203 1753255643.710047
1753255643.7100718 1753255671.6378517
1753255671.6378713 1753255709.3392003
1753255709.3392224 1753255746.7634447
1753255746.7634666 1753255773.6217873
1753255773.6218047 1753255800.5962834
1753255800.5963156 1753255833.9110062
1753255833.911036 1753255871.5001009
1753255871.500123 1753255906.720769
1753255906.7208037 1753255937.3355002
1753255937.3355215 1753255968.4843614
1753255968.4843886 1753255998.4161353
1753255998.416163 1753256030.2953424
1753256030.2953696 1753256057.8245053
1753256057.8245275 1753256100.536323
1753256100.536344 1753256122.531414
1753256122.5314362 1753256152.2851758
1753256152.2851963 1753256179.8519745
1753256179.852001 1753256208.393565
1753256208.3935914 1753256230.2555187
1753256230.2555432 1753256266.1639018
1753256266.1639314 1753256294.055016
1753256294.055037 1753256324.6891925
1753256324.6892204 1753256357.3180242
1753256357.3180408 1753256378.6056116
1753256378.60563 1753256406.0390818
1753256406.0391083 1753256431.3052368
1753256431.305254 1753256466.5147903
1753256466.5148134 1753256494.262064
1753256494.2620854 1753256529.5489585
1753256529.5489767 1753256567.0768933
1753256567.07692 1753256596.9506626
1753256596.9506862 1753256632.945315
1753256632.9453351 1753256660.0491366
1753256660.049161 1753256683.7387743
1753256683.7387934 1753256713.8707912
1753256713.87082 1753256749.8883023
1753256749.8883226 1753256781.2809374
1753256781.2809563 1753256810.6418216
1753256810.6418443 1753256842.1322992
1753256842.1323214 1753256869.5557458
1753256869.5557644 1753256900.541255
1753256900.541282 1753256929.2560053
1753256929.2560263 1753256960.996379
1753256960.9964206 1753256985.7983677
1753256985.7983925 1753257012.0529194
1753257012.052943 1753257039.2946234
1753257039.2946432 1753257065.5421555
1753257065.542182 1753257093.6955316
1753257093.6955497 1753257125.1284747
1753257125.128494 1753257153.548943
1753257153.54897 1753257180.3923285
1753257180.392346 1753257203.30104
1753257203.3010674 1753257232.7131195
1753257232.7131379 1753257268.798578
1753257268.7985964 1753257292.3892264
1753257292.389258 1753257316.5643458
1753257316.5643659 1753257342.97592
1753257342.975953 1753257367.3905141
1753257367.390539 1753257393.5629554
1753257393.5629747 1753257428.147267
1753257428.147292 1753257458.2274647
1753257458.227488 1753257484.8244603
1753257484.824484 1753257517.317233
1753257517.3172524 1753257543.4028015
1753257543.4028234 1753257568.705713
1753257568.705739 1753257598.8281465
1753257598.8281667 1753257632.113349
1753257632.1133714 1753257656.6311746
1753257656.6311944 1753257683.739325
1753257683.7393434 1753257705.5239465
1753257705.5239701 1753257734.3301826
1753257734.3302093 1753257767.5743794
1753257767.5743997 1753257792.395475
1753257792.3954995 1753257820.0906053
1753257820.0906286 1753257843.124753
1753257843.1247718 1753257874.9374225
1753257874.9374554 1753257903.6397378
1753257903.639757 1753257929.6106412
1753257929.6106699 1753257958.4824908
1753257958.4825096 1753257980.7089622
1753257980.7089832 1753258014.7496138
1753258014.7496338 1753258049.844667
1753258049.844692 1753258081.7832603
1753258081.7832823 1753258114.754331
1753258114.7543578 1753258146.1455774
1753258146.1456037 1753258177.1052666
1753258177.105288 1753258205.813902
1753258205.8139195 1753258236.755618
1753258236.7556434 1753258271.4365907
1753258271.4366121 1753258300.072581
1753258300.0725982 1753258327.7984447
1753258327.7984676 1753258352.7359335
1753258352.7359557 1753258378.8368342
1753258378.836853 1753258415.9569228
1753258415.9569483 1753258445.9802225
1753258445.9802418 1753258471.9632328
1753258471.9632564 1753258504.4019763
1753258504.4019983 1753258532.18695
1753258532.186978 1753258563.881094
1753258563.8811185 1753258593.7384002
1753258593.7384355 1753258615.1267357
1753258615.1267538 1753258646.2701461
1753258646.2701719 1753258670.6165876
1753258670.616614 1753258700.6445608
1753258700.6446028 1753258726.050056
1753258726.0500875 1753258753.1832554
1753258753.1832736 1753258776.7029507
1753258776.7029815 1753258804.1834073
1753258804.1834323 1753258840.7766957
1753258840.7767189 1753258867.3095577
1753258867.309576 1753258906.0565434
1753258906.0565712 1753258930.6810231
1753258930.6810453 1753258962.2236338
1753258962.2236588 1753258989.8640435
1753258989.8640747 1753259019.4172826
1753259019.4173102 1753259043.5200276
1753259043.5200489 1753259067.2501957
1753259067.2502198 1753259093.0107322
1753259093.010756 1753259114.7754638
1753259114.775501 1753259142.1597514
1753259142.159774 1753259169.4062147
1753259169.4062366 1753259206.85884
1753259206.858868 1753259232.7926176
1753259232.7926354 1753259267.4607286
1753259267.4607565 1753259294.646971
1753259294.646996 1753259327.7029295
1753259327.7029493 1753259358.7573087
1753259358.7573385 1753259384.515687
1753259384.51571 1753259418.5959957
1753259418.5960257 1753259439.4239633
1753259439.4239802 1753259475.0007691
1753259475.0007977 1753259498.369826
1753259498.3698502 1753259529.028286
1753259529.028309 1753259573.9756024
1753259573.975665 1753259604.3778737
1753259604.3778975 1753259634.6830304
1753259634.6830509 1753259662.395043
1753259662.3950667 1753259691.5123973
1753259691.5124183 1753259720.0962255
1753259720.096252 1753259751.7255306
1753259751.725549 1753259775.7781928
1753259775.7782147 1753259800.1454704
1753259800.145497 1753259831.1160686
1753259831.11609 1753259861.4784546
1753259861.4784775 1753259892.3958886
1753259892.3959217 1753259926.4135938
1753259926.413613 1753259954.478014
1753259954.4780319 1753259991.8622866
1753259991.862313 1753260021.534822
1753260021.5348506 1753260061.154708
1753260061.1547298 1753260094.5507355
1753260094.5507555 1753260121.3792937
1753260121.3793325 1753260155.5164332
1753260155.5164523 1753260180.9974897
1753260180.9975142 1753260211.1787438
1753260211.1787639 1753260237.8413937
1753260237.8414154 1753260267.182627
1753260267.1826456 1753260297.274936
1753260297.2749588 1753260328.0882633
1753260328.0882845 1753260355.2194402
1753260355.219465 1753260382.7524078
1753260382.7524257 1753260408.9117792
1753260408.911805 1753260439.5705366
1753260439.5705562 1753260465.692491
1753260465.692514 1753260487.7283843
1753260487.7284074 1753260520.872525
1753260520.8725486 1753260549.0347645
1753260549.0347893 1753260582.021482
1753260582.0215044 1753260605.781459
1753260605.7814853 1753260636.3212688
1753260636.3212936 1753260662.9667006
1753260662.9667194 1753260695.1099758
1753260695.1100242 1753260731.8910906
1753260731.891123 1753260759.9589384
1753260759.958971 1753260796.960271
1753260796.9602962 1753260823.368301
1753260823.368322 1753260850.1092203
1753260850.1092458 1753260875.959054
1753260875.959079 1753260897.1359272
1753260897.1359522 1753260922.1476445
1753260922.1476674 1753260946.9837568
1753260946.983783 1753260975.4091995
1753260975.4092188 1753261007.6395352
1753261007.6395593 1753261035.0313444
1753261035.0313718 1753261063.6988306
1753261063.698848 1753261089.3109288
1753261089.3109486 1753261117.1718488
1753261117.1718903 1753261151.629398
1753261151.6294188 1753261182.3078792
1753261182.307907 1753261211.4068875
1753261211.4069064 1753261239.7631767
1753261239.7632039 1753261270.0744686
1753261270.074494 1753261298.407772
1753261298.407799 1753261321.3107855
1753261321.3108017 1753261348.8144267
1753261348.8144526 1753261382.567419
1753261382.5674453 1753261411.5425894
1753261411.5426092 1753261439.2454498
1753261439.2454672 1753261468.864436
1753261468.8644643 1753261503.628065
1753261503.6280823 1753261533.736871
1753261533.7368941 1753261568.3140953
1753261568.314123 1753261601.6744564
1753261601.6744843 1753261633.459738
1753261633.4597583 1753261663.6801374
1753261663.6801608 1753261689.8058999
1753261689.805921 1753261714.5974972
1753261714.59752 1753261752.6858826
1753261752.6859076 1753261774.4477475
1753261774.4477696 1753261803.5014892
1753261803.501513 1753261829.2533133
1753261829.2533302 1753261860.5685961
1753261860.5686233 1753261902.4566064
1753261902.4566257 1753261924.1072447
1753261924.1072667 1753261954.6242642
1753261954.6242883 1753261982.8327425
1753261982.832767 1753262006.7027133
1753262006.7027469 1753262039.9398086
1753262039.9398355 1753262076.1832118
1753262076.1832328 1753262112.8604853
1753262112.8605096 1753262152.249942
1753262152.2499654 1753262186.1321435
1753262186.1321604 1753262219.403331
1753262219.4033563 1753262250.2529206
1753262250.2529411 1753262273.2124753
1753262273.2125013 1753262300.9886374
1753262300.9886556 1753262329.982162
1753262329.9821863 1753262358.0448837
1753262358.0449026 1753262385.4998505
1753262385.4998744 1753262412.5387163
1753262412.5387402 1753262442.6891742
1753262442.689198 1753262476.5778775
1753262476.5778992 1753262513.6459146
1753262513.6459346 1753262534.669931
1753262534.6699557 1753262564.908303
1753262564.9083254 1753262594.998022
1753262594.998052 1753262619.304832
1753262619.30485 1753262652.8200831
1753262652.820109 1753262681.9337099
1753262681.9337296 1753262713.2290633
1753262713.2290876 1753262741.6141248
1753262741.614154 1753262768.7055705
1753262768.7055905 1753262799.7704346
1753262799.7704563 1753262831.2262466
1753262831.2262735 1753262861.4090126
1753262861.4090304 1753262895.4753406
1753262895.475366 1753262925.9320846
1753262925.9321046 1753262952.5770977
1753262952.577118 1753262981.027354
1753262981.0273857 1753263011.949741
1753263011.9497569 1753263052.9078255
1753263052.9078543 1753263082.1587343
1753263082.1587534 1753263115.7107778
1753263115.7108033 1753263141.200616
1753263141.2006533 1753263167.8619292
1753263167.8619492 1753263195.2690742
1753263195.269101 1753263224.1110384
1753263224.1110575 1753263247.6289682
1753263247.6289935 1753263279.368191
1753263279.3682084 1753263305.9500113
1753263305.9500377 1753263333.5053003
1753263333.505324 1753263361.205584
1753263361.2056093 1753263392.5917683
1753263392.5917861 1753263415.9810793
1753263415.9810975 1753263445.2512708
1753263445.2512918 1753263483.4221592
1753263483.4221797 1753263512.7039576
1753263512.7039819 1753263542.7379296
1753263542.7379553 1753263576.2052395
1753263576.2052627 1753263613.4050736
1753263613.4051023 1753263641.6954577
1753263641.6954813 1753263673.9292057
1753263673.9292252 1753263702.540747
1753263702.540774 1753263724.7555776
1753263724.7555966 1753263756.0685785
1753263756.0686018 1753263780.313946
1753263780.3139699 1753263814.0423334
1753263814.0423539 1753263849.512676
1753263849.5127017 1753263886.028432
1753263886.028454 1753263913.9083204
1753263913.908341 1753263941.644082
1753263941.6441023 1753263973.9980416
1753263973.9980655 1753264003.788189
1753264003.7882106 1753264030.8397486
1753264030.8397734 1753264061.109435
1753264061.1094573 1753264092.8134832
1753264092.8135083 1753264122.6641972
1753264122.664226 1753264149.7775342
1753264149.777558 1753264176.6802876
1753264176.6803076 1753264201.6670322
1753264201.6670613 1753264225.9177656
1753264225.9177825 1753264252.8632865
1753264252.8633096 1753264283.7754683
1753264283.7754908 1753264312.0210555
1753264312.0210783 1753264340.1634512
1753264340.163474 1753264377.1822104
1753264377.1822293 1753264406.785143
1753264406.78517 1753264445.252823
1753264445.2528439 1753264477.2828474
1753264477.282875 1753264511.340776
1753264511.3407953 1753264542.849633
1753264542.8496597 1753264567.5271423
1753264567.527169 1753264594.351246
1753264594.3512719 1753264619.5633206
1753264619.5633385 1753264647.6015851
1753264647.6016116 1753264671.1735766
1753264671.173598 1753264701.2727613
1753264701.272787 1753264734.6966171
1753264734.6966405 1753264768.2823122
1753264768.2823367 1753264796.7968793
1753264796.7968998 1753264820.3796253
1753264820.379649 1753264846.3094106
1753264846.3094418 1753264873.3965468
1753264873.39657 1753264901.5381322
1753264901.538158 1753264927.3024385
1753264927.3024585 1753264951.640151
1753264951.640181 1753264976.2233243
1753264976.223345 1753265000.0943403
1753265000.0943642 1753265025.7801948
1753265025.780217 1753265055.2216208
1753265055.2216444 1753265083.1912296
1753265083.1912522 1753265112.2376757
1753265112.2376952 1753265138.2904928
1753265138.2905157 1753265163.9161134
1753265163.9161313 1753265194.7415874
1753265194.7416153 1753265232.1313777
1753265232.1313996 1753265259.0448987
1753265259.0449233 1753265287.2172828
1753265287.2173057 1753265316.0530698
1753265316.0530918 1753265344.6439388
1753265344.643962 1753265371.9196455
1753265371.9196768 1753265399.463011
1753265399.4630337 1753265431.57945
1753265431.5794718 1753265454.1495295
1753265454.1495516 1753265475.6795588
1753265475.6796057 1753265505.52241
1753265505.5224302 1753265533.1141503
1753265533.114167 1753265564.4291446
1753265564.4291692 1753265591.9227011
1753265591.9227183 1753265618.820629
1753265618.8206506 1753265643.8968809
1753265643.896906 1753265687.9357345
1753265687.9357524 1753265716.8893838
1753265716.8894095 1753265754.2777703
1753265754.277789 1753265787.3634274
1753265787.363452 1753265819.2342377
1753265819.2342758 1753265847.4107065
1753265847.410735 1753265873.1731246
1753265873.1731427 1753265904.6676118
1753265904.6676462 1753265935.7483478
1753265935.7483647 1753265967.3365805
1753265967.3366146 1753265997.5420337
1753265997.542057 1753266021.565823
1753266021.5658395 1753266050.6742072
1753266050.6742306 1753266088.005681
1753266088.005707 1753266106.81535
1753266106.815367 1753266132.4225175
1753266132.4225388 1753266169.8590405
