1753237925.0540113 1753237953.2444277
1753237953.2444491 1753237981.0046344
1753237981.0046663 1753238008.4306896
1753238008.43071 1753238033.5124538
1753238033.5124776 1753238061.4744344
1753238061.4744523 1753238088.5199559
1753238088.5199733 1753238119.7016642
1753238119.7016835 1753238154.9297574
1753238154.9297745 1753238192.1850126
1753238192.1850348 1753238222.0748608
1753238222.074883 1753238247.9487412
1753238247.9487634 1753238283.1454413
1753238283.1454604 1753238311.5858762
1753238311.585896 1753238342.5049813
1753238342.5050085 1753238378.263314
1753238378.263338 1753238424.4691365
1753238424.4691756 1753238454.2222457
1753238454.222272 1753238476.2550898
1753238476.2551196 1753238512.7839057
1753238512.7839296 1753238549.8161879
1753238549.816224 1753238575.9817991
1753238575.9818218 1753238607.6343353
1753238607.634357 1753238637.270854
1753238637.2708888 1753238677.3239274
1753238677.3239553 1753238704.9655445
1753238704.9655669 1753238732.9125118
1753238732.9125414 1753238757.3634737
1753238757.363495 1753238792.4055002
1753238792.405525 1753238821.3587687
1753238821.3587954 1753238854.3385441
1753238854.3385804 1753238880.459484
1753238880.4595137 1753238917.3312151
1753238917.331245 1753238940.2443054
1753238940.24433 1753238975.6592221
1753238975.6592474 1753239008.8730147
1753239008.8730423 1753239033.2450752
1753239033.2451031 1753239063.1965704
1753239063.1965942 1753239091.0895176
1753239091.0895534 1753239113.7969415
1753239113.79697 1753239140.4205148
1753239140.4205418 1753239166.7700129
1753239166.7700481 1753239203.2068152
1753239203.2068405 1753239228.0931702
1753239228.0931938 1753239258.1393445
1753239258.1393738 1753239282.4811544
1753239282.4811757 1753239308.670294
1753239308.6703181 1753239333.8685637
1753239333.8685892 1753239360.410166
1753239360.4101865 1753239387.3237765
1753239387.3238006 1753239414.2272897
1753239414.227311 1753239441.551059
1753239441.5510848 1753239467.3980613
1753239467.3980906 1753239495.8878126
1753239495.8878365 1753239524.0353968
1753239524.0354233 1753239551.682575
1753239551.682602 1753239578.7564156
1753239578.756443 1753239608.4158192
1753239608.4158416 1753239634.6979773
1753239634.698 1753239661.1951685
1753239661.1951907 1753239687.894934
1753239687.8949628 1753239717.4930973
1753239717.4931238 1753239745.8829844
1753239745.8830101 1753239771.1017344
1753239771.1017609 1753239796.499021
1753239796.499043 1753239824.4877799
1753239824.487814 1753239853.2879255
1753239853.2879515 1753239883.982027
1753239883.9820514 1753239911.649958
1753239911.6499844 1753239940.1094623
1753239940.1094913 1753239967.8477376
1753239967.8477652 1753239996.3987517
1753239996.3987803 1753240021.8007476
1753240021.8007762 1753240047.515923
1753240047.5159469 1753240075.4924068
1753240075.4924347 1753240105.207052
1753240105.2070785 1753240130.8128238
1753240130.8128464 1753240157.3828351
1753240157.3828638 1753240183.8890276
1753240183.8890476 1753240208.6654928
1753240208.6655138 1753240235.4007015
1753240235.400737 1753240260.693376
1753240260.6934 1753240286.891839
1753240286.8918653 1753240312.6858442
1753240312.6858768 1753240338.6796303
1753240338.679655 1753240367.6802392
1753240367.6802676 1753240396.2144003
1753240396.2144275 1753240422.976056
1753240422.976085 1753240450.1340725
1753240450.1340985 1753240476.1433835
1753240476.1434095 1753240501.676929
1753240501.676951 1753240528.5009453
1753240528.5009706 1753240554.8975458
1753240554.8975675 1753240580.3574433
1753240580.3574736 1753240604.8793955
1753240604.8794224 1753240629.9299378
1753240629.929959 1753240653.4752548
1753240653.4752834 1753240679.3179576
1753240679.3179843 1753240704.0256736
1753240704.0257025 1753240733.5946712
1753240733.594696 1753240758.5677366
1753240758.5677645 1753240787.7280886
1753240787.7281194 1753240817.651218
1753240817.651245 1753240841.696436
1753240841.6964607 1753240868.0436387
1753240868.0436685 1753240894.6544597
1753240894.654479 1753240918.611452
1753240918.6114793 1753240944.5183616
1753240944.5183885 1753240969.6796842
1753240969.6797128 1753240998.0363917
1753240998.0364316 1753241025.8946633
1753241025.8947022 1753241046.8931065
1753241046.8931339 1753241073.1621187
1753241073.16214 1753241097.536389
1753241097.5364187 1753241125.1757927
1753241125.1758273 1753241148.2088556
1753241148.2088823 1753241172.698657
1753241172.6986825 1753241198.3473053
1753241198.3473315 1753241224.9762344
1753241224.9762635 1753241250.593054
1753241250.5930772 1753241276.440976
1753241276.4410021 1753241301.278135
1753241301.278161 1753241325.5546489
1753241325.5546744 1753241351.1463892
1753241351.146415 1753241377.2114673
1753241377.2114887 1753241402.9050038
1753241402.9050245 1753241428.0244198
1753241428.0244539 1753241455.133803
1753241455.1338263 1753241480.9945483
1753241480.9945784 1753241507.0765822
1753241507.0766094 1753241532.7272806
1753241532.7273057 1753241558.5375903
1753241558.5376148 1753241581.6038637
1753241581.6038916 1753241609.462241
1753241609.4622655 1753241632.797263
1753241632.7972877 1753241655.9012613
1753241655.9012885 1753241679.5219362
1753241679.52197 1753241703.3373048
1753241703.33733 1753241733.6041932
1753241733.6042247 1753241758.6065238
1753241758.6065466 1753241784.9586
1753241784.9586282 1753241812.289207
1753241812.2892332 1753241837.178616
1753241837.1786435 1753241866.485708
1753241866.48573 1753241888.7299404
1753241888.729971 1753241910.780023
1753241910.7800522 1753241939.504748
1753241939.504771 1753241966.0455213
1753241966.045547 1753241991.2019248
1753241991.20196 1753242015.1911752
1753242015.1911964 1753242041.4196901
1753242041.419721 1753242066.8061097
1753242066.8061328 1753242091.220737
1753242091.2207663 1753242119.7358716
1753242119.7358944 1753242144.682084
1753242144.6821132 1753242171.7712018
1753242171.7712278 1753242198.6947002
1753242198.6947227 1753242226.3943176
1753242226.394354 1753242251.4268124
1753242251.4268353 1753242276.3347325
1753242276.3347633 1753242301.7211623
1753242301.7211878 1753242327.985532
1753242327.9855795 1753242353.2809007
1753242353.2809312 1753242380.7357814
1753242380.7358067 1753242404.157984
1753242404.158011 1753242430.2503254
1753242430.2503524 1753242455.1253872
1753242455.1254168 1753242478.0404382
1753242478.0404692 1753242500.5591245
1753242500.5591474 1753242523.0710804
1753242523.0711076 1753242546.895451
1753242546.895478 1753242571.8887532
1753242571.8887792 1753242596.7318537
1753242596.7318847 1753242624.6804507
1753242624.6804729 1753242653.3318896
1753242653.331917 1753242679.3328788
1753242679.3329103 1753242702.7614524
1753242702.7614808 1753242727.1422412
1753242727.1422694 1753242749.6477134
1753242749.6477418 1753242772.1656437
1753242772.1656697 1753242798.0957763
1753242798.0958037 1753242822.4396884
1753242822.4397118 1753242849.7338514
1753242849.7338762 1753242874.042315
1753242874.0423472 1753242899.4925072
1753242899.4925284 1753242926.4969435
1753242926.4969754 1753242951.8212895
1753242951.8213131 1753242971.669884
1753242971.6699104 1753243000.9092283
1753243000.9092667 1753243026.1751115
1753243026.1751378 1753243052.5582068
1753243052.5582337 1753243076.4455543
1753243076.4455855 1753243102.191552
1753243102.1916063 1753243125.674198
1753243125.6742256 1753243153.0418658
1753243153.0418947 1753243181.3062596
1753243181.306285 1753243207.5906315
1753243207.5906634 1753243232.5085468
1753243232.508577 1753243260.758244
1753243260.7582712 1753243285.1689
1753243285.1689327 1753243309.884824
1753243309.884852 1753243335.681392
1753243335.6814184 1753243359.4613748
1753243359.4614036 1753243385.093904
1753243385.093926 1753243410.453369
1753243410.4533963 1753243443.3373704
1753243443.3374019 1753243473.4822555
1753243473.482293 1753243496.8552313
1753243496.855254 1753243527.332622
1753243527.3326585 1753243552.028342
1753243552.0283697 1753243574.417567
1753243574.4175882 1753243607.1903577
1753243607.190386 1753243632.806171
1753243632.8061996 1753243656.730976
1753243656.7310042 1753243682.307501
1753243682.3075225 1753243706.8727272
1753243706.872758 1753243735.7450583
1753243735.74509 1753243761.3514962
1753243761.3515258 1753243786.6018972
1753243786.6019235 1753243812.528985
1753243812.529024 1753243841.3843699
1753243841.3843954 1753243867.8224597
1753243867.8224914 1753243892.9828675
1753243892.9828982 1753243922.7142851
1753243922.7143097 1753243944.2441134
1753243944.244145 1753243969.4800606
1753243969.480092 1753243995.136738
1753243995.1367667 1753244026.037722
1753244026.0377443 1753244050.9529278
1753244050.9529598 1753244077.094505
1753244077.094527 1753244106.464346
1753244106.4643812 1753244132.4424915
1753244132.4425352 1753244158.796609
1753244158.7966435 1753244185.0865333
1753244185.0865555 1753244210.209067
1753244210.209096 1753244235.4274828
1753244235.4275074 1753244267.5327413
1753244267.5327883 1753244290.3656754
1753244290.3656995 1753244313.470461
1753244313.4704878 1753244342.8398812
1753244342.8399358 1753244369.3323953
1753244369.3324282 1753244399.820181
1753244399.8202238 1753244427.4152956
1753244427.415326 1753244455.4176705
1753244455.4176965 1753244482.3997755
1753244482.399805 1753244504.6356633
1753244504.6356907 1753244528.5073898
1753244528.5074172 1753244554.643827
1753244554.643866 1753244579.2694647
1753244579.2694898 1753244604.7155187
1753244604.7155545 1753244630.766536
1753244630.766558 1753244655.5747836
1753244655.5748136 1753244678.0857568
1753244678.0857835 1753244702.9548514
1753244702.9548774 1753244725.8298235
1753244725.8298533 1753244752.2220354
1753244752.2220652 1753244776.418343
1753244776.4183738 1753244804.4027333
1753244804.4027593 1753244830.2183654
1753244830.218397 1753244855.3158538
1753244855.3158896 1753244880.550637
1753244880.5506642 1753244907.2009237
1753244907.2009566 1753244925.8682091
1753244925.8682375 1753244950.6595366
1753244950.6595826 1753244977.2063818
1753244977.2064085 1753245006.1823783
1753245006.1824162 1753245030.4992251
1753245030.49925 1753245052.8567824
1753245052.8568249 1753245080.5973198
1753245080.597349 1753245107.255178
1753245107.2552018 1753245132.0809157
1753245132.0809474 1753245155.1002707
1753245155.1003046 1753245176.7466996
1753245176.7467322 1753245201.4216158
1753245201.4216425 1753245226.4859743
1753245226.4860048 1753245250.2151213
1753245250.2151499 1753245274.6862621
1753245274.6862864 1753245301.5222795
1753245301.522318 1753245325.7037964
1753245325.7038293 1753245356.0422528
1753245356.042297 1753245374.347036
1753245374.347063 1753245401.264305
1753245401.2643332 1753245430.7889576
1753245430.788994 1753245455.2592072
1753245455.2592404 1753245479.1964314
1753245479.1964564 1753245503.5980723
1753245503.5980973 1753245531.237591
1753245531.2376194 1753245552.645016
1753245552.6450374 1753245582.7114477
1753245582.7114744 1753245611.0221071
1753245611.0221283 1753245632.6379902
1753245632.6380239 1753245655.5149589
1753245655.5149996 1753245682.7389028
1753245682.738929 1753245712.182783
1753245712.1828046 1753245736.8400748
1753245736.840121 1753245759.7151709
1753245759.7151992 1753245791.1014779
1753245791.1015048 1753245813.9832497
1753245813.9832778 1753245837.2214897
1753245837.2215118 1753245860.816027
1753245860.8160572 1753245888.822691
1753245888.8227186 1753245914.7850792
1753245914.7851076 1753245938.8552506
1753245938.855273 1753245962.5854793
1753245962.585508 1753245986.3383956
1753245986.3384194 1753246015.8142397
1753246015.8142667 1753246038.6911273
1753246038.6911497 1753246062.3640969
1753246062.3641224 1753246087.1334932
1753246087.1335278 1753246113.7762265
1753246113.7762651 1753246137.2877073
1753246137.287734 1753246160.3299797
1753246160.3300111 1753246187.7169702
1753246187.7169921 1753246210.9071348
1753246210.9071653 1753246236.15019
1753246236.15022 1753246259.3672493
1753246259.3672793 1753246282.9026396
1753246282.9026668 1753246306.9430828
1753246306.943106 1753246334.0851965
1753246334.085224 1753246363.0422149
1753246363.0422375 1753246385.1277914
1753246385.1278265 1753246410.2013395
1753246410.20136 1753246435.5306756
1753246435.5307052 1753246464.3940172
1753246464.39404 1753246490.5102875
1753246490.510317 1753246514.5619025
1753246514.5619285 1753246537.4198475
1753246537.419877 1753246562.7519052
1753246562.7519338 1753246585.580281
1753246585.580302 1753246612.8870509
1753246612.8870807 1753246640.1312315
1753246640.1312568 1753246667.3473976
1753246667.3474202 1753246691.330926
1753246691.3309526 1753246718.3158026
1753246718.3158236 1753246744.5225375
1753246744.522572 1753246769.9684505
1753246769.968476 1753246793.781111
1753246793.7811534 1753246816.5309603
1753246816.5309885 1753246840.6941648
1753246840.6942005 1753246862.696919
1753246862.6969433 1753246886.8497777
1753246886.8498087 1753246911.182428
1753246911.1824539 1753246940.6219916
1753246940.6220267 1753246968.974661
1753246968.9746888 1753246997.0832555
1753246997.0832765 1753247023.6171238
1753247023.617156 1753247048.5404603
1753247048.5404835 1753247073.363046
1753247073.36307 1753247098.6676252
1753247098.6676545 1753247125.2723336
1753247125.2723627 1753247151.2405698
1753247151.2405984 1753247176.776978
1753247176.777008 1753247199.5566435
1753247199.5566676 1753247220.7840357
1753247220.7840621 1753247245.5232325
1753247245.523262 1753247270.376274
1753247270.376306 1753247297.163423
1753247297.1634524 1753247323.9731536
1753247323.9731755 1753247350.5076776
1753247350.507712 1753247374.5262582
1753247374.5262785 1753247401.2579415
1753247401.25797 1753247426.0248072
1753247426.024839 1753247452.7971053
1753247452.7971315 1753247478.9762523
1753247478.976286 1753247505.8013403
1753247505.8013625 1753247531.1718366
1753247531.1718717 1753247554.1442971
1753247554.1443193 1753247580.3313427
1753247580.3313797 1753247602.431295
1753247602.4313164 1753247628.9553058
1753247628.9553342 1753247657.8374271
1753247657.8374503 1753247681.2996452
1753247681.2996743 1753247704.6113021
1753247704.6113307 1753247729.2777672
1753247729.277792 1753247752.082254
1753247752.0822802 1753247788.9651031
1753247788.9651296 1753247818.8601327
1753247818.8601546 1753247847.291705
1753247847.2917323 1753247874.5729759
1753247874.572997 1753247903.0082173
1753247903.0082412 1753247930.244637
1753247930.2446716 1753247957.4934464
1753247957.4934692 1753247984.781571
1753247984.7815964 1753248015.3669312
1753248015.3669589 1753248038.2202976
1753248038.2203207 1753248068.6286013
1753248068.6286266 1753248096.4676192
1753248096.4676425 1753248123.732349
1753248123.7323763 1753248154.1434524
1753248154.1434824 1753248186.0990813
1753248186.0991044 1753248217.4255006
1753248217.4255285 1753248245.8139338
1753248245.813955 1753248278.5145888
1753248278.5146112 1753248305.976062
1753248305.976089 1753248332.219306
1753248332.2193263 1753248361.2099547
1753248361.2099755 1753248385.241359
1753248385.2413898 1753248414.502554
1753248414.5025764 1753248445.577189
1753248445.5772185 1753248479.8668556
1753248479.8668833 1753248503.4745922
1753248503.474615 1753248525.6108239
1753248525.6108503 1753248555.3921592
1753248555.3922024 1753248584.6933546
1753248584.6933806 1753248611.5582604
1753248611.5582962 1753248637.0708816
1753248637.0709026 1753248670.3004224
1753248670.3004515 1753248701.9998896
1753248701.9999142 1753248732.1462564
1753248732.1462848 1753248763.235691
1753248763.2357233 1753248784.3199706
1753248784.319993 1753248819.935676
1753248819.9357054 1753248851.7199633
1753248851.719986 1753248882.9979398
1753248882.99797 1753248916.1754742
1753248916.1754985 1753248946.5405662
1753248946.5405986 1753248971.537391
1753248971.5374196 1753249000.7040694
1753249000.704101 1753249024.6534088
1753249024.6534302 1753249054.22081
1753249054.2208393 1753249081.1348712
1753249081.1348958 1753249119.40437
1753249119.404401 1753249149.0188057
1753249149.0188327 1753249172.7315888
1753249172.7316365 1753249193.3262484
1753249193.3262794 1753249218.256256
1753249218.256278 1753249246.222879
1753249246.222907 1753249273.8350499
1753249273.835072 1753249309.2919247
1753249309.2919474 1753249332.6775897
1753249332.6776166 1753249361.5827312
1753249361.5827527 1753249390.873697
1753249390.8737178 1753249414.1123888
1753249414.11242 1753249445.3148856
1753249445.3149064 1753249475.1371837
1753249475.1372066 1753249502.4631503
1753249502.4631855 1753249539.0843978
1753249539.084425 1753249565.4859529
1753249565.485976 1753249594.636471
1753249594.636503 1753249621.5242858
1753249621.524315 1753249649.5748024
1753249649.5748231 1753249679.4323957
1753249679.4324422 1753249700.756356
1753249700.7563763 1753249730.8332329
1753249730.8332598 1753249762.245887
1753249762.2459083 1753249792.3333428
1753249792.3333693 1753249821.1902525
1753249821.190276 1753249851.832837
1753249851.832864 1753249882.0171368
1753249882.017159 1753249913.4254024
1753249913.4254322 1753249943.9327986
1753249943.9328315 1753249971.0903223
1753249971.0903523 1753250005.5130448
1753250005.5130718 1753250034.5813258
1753250034.5813541 1753250066.2571278
1753250066.2571478 1753250092.0885189
1753250092.0885382 1753250119.9480617
1753250119.9480941 1753250148.7661262
1753250148.766152 1753250182.4920774
1753250182.4921117 1753250222.5744064
1753250222.5744317 1753250252.5753489
1753250252.5753767 1753250279.9330695
1753250279.9330978 1753250309.4195566
1753250309.4196339 1753250330.8762589
1753250330.8762884 1753250366.2987509
1753250366.2988195 1753250400.5271466
1753250400.5271707 1753250432.3611445
1753250432.3611727 1753250472.5112488
1753250472.5112717 1753250497.0179493
1753250497.0179753 1753250525.4933786
1753250525.493403 1753250562.7052178
1753250562.70525 1753250586.5036952
1753250586.50372 1753250628.7029436
1753250628.7029715 1753250657.7836072
1753250657.783639 1753250688.5844052
1753250688.5844307 1753250726.0976157
1753250726.0976484 1753250752.1886067
1753250752.1886308 1753250777.4069107
1753250777.406939 1753250810.5216563
1753250810.5216765 1753250835.3896456
1753250835.389676 1753250870.7580245
1753250870.7580473 1753250897.3325014
1753250897.3325322 1753250928.6023183
1753250928.6023455 1753250969.0899394
1753250969.0899637 1753251001.6879199
1753251001.6879442 1753251035.6318107
1753251035.6318371 1753251061.0058186
1753251061.0058453 1753251083.831909
1753251083.8319328 1753251106.4170322
1753251106.4170735 1753251132.03213
1753251132.0321546 1753251156.8873355
1753251156.887367 1753251183.4102135
1753251183.4102407 1753251210.2345586
1753251210.2345817 1753251244.009583
1753251244.0096188 1753251266.0781488
1753251266.0781758 1753251291.7058258
1753251291.7058496 1753251316.2899606
1753251316.2899904 1753251344.0151637
1753251344.0151873 1753251372.8417068
1753251372.8417344 1753251410.8156102
1753251410.8156364 1753251438.1177359
1753251438.1177654 1753251472.576161
1753251472.5761878 1753251503.2976418
1753251503.2976704 1753251534.447668
1753251534.4476902 1753251561.5267677
1753251561.5268002 1753251588.9739687
1753251588.973996 1753251620.1167035
1753251620.116729 1753251648.1692233
1753251648.1692448 1753251679.109662
1753251679.1096833 1753251706.6665204
1753251706.6665475 1753251737.0218322
1753251737.0218525 1753251763.2280817
1753251763.22812 1753251790.527293
1753251790.5273156 1753251817.8345647
1753251817.8345914 1753251851.2963686
1753251851.2963946 1753251878.4336448
1753251878.4336662 1753251908.8311746
1753251908.8312156 1753251941.8724704
1753251941.8724942 1753251969.1427853
1753251969.1428084 1753251991.398902
1753251991.3989284 1753252024.0161374
1753252024.016167 1753252053.5009353
1753252053.5009694 1753252084.934622
1753252084.9346454 1753252112.9283454
1753252112.9283748 1753252141.5179968
1753252141.518027 1753252169.4181464
1753252169.4181783 1753252187.9411623
1753252187.941189 1753252213.4973676
1753252213.4973917 1753252243.3666706
1753252243.366695 1753252280.0106685
1753252280.0106933 1753252304.4516735
1753252304.451699 1753252332.9833505
1753252332.983377 1753252366.6857617
1753252366.685785 1753252399.2413912
1753252399.2414186 1753252430.4972088
1753252430.497238 1753252458.834499
1753252458.8345246 1753252485.2462146
1753252485.2462354 1753252513.503359
1753252513.5033886 1753252542.3725204
1753252542.3725445 1753252570.212166
1753252570.212195 1753252592.9570713
1753252592.957098 1753252620.1869054
1753252620.18693 1753252658.5819623
1753252658.5819867 1753252687.6469538
1753252687.6469781 1753252717.615034
1753252717.6150572 1753252747.7486963
1753252747.7487276 1753252775.3754356
1753252775.3754573 1753252799.9797137
1753252799.979748 1753252831.4362247
1753252831.4362488 1753252854.8369136
1753252854.836939 1753252884.232741
1753252884.2327676 1753252909.7205412
1753252909.7205644 1753252940.1381395
1753252940.1381652 1753252972.2825527
1753252972.2825835 1753253002.6134646
1753253002.6134896 1753253034.2317278
1753253034.231759 1753253062.9803224
1753253062.9803636 1753253094.7198222
1753253094.719852 1753253118.699919
1753253118.6999435 1753253156.8357275
1753253156.835755 1753253186.9374816
1753253186.9375062 1753253218.5305042
1753253218.5305355 1753253243.5992012
1753253243.5992222 1753253273.7188709
1753253273.718901 1753253306.1287844
1753253306.128817 1753253335.5484357
1753253335.548462 1753253368.9934757
1753253368.993503 1753253400.7852108
1753253400.785238 1753253426.3785121
1753253426.3785357 1753253456.43501
1753253456.4350362 1753253490.2984264
1753253490.2984529 1753253518.0450568
1753253518.045077 1753253542.1342063
1753253542.134235 1753253574.3707812
1753253574.3708043 1753253599.1371372
1753253599.1371593 1753253635.441408
1753253635.441434 1753253664.57956
1753253664.5795925 1753253692.667795
1753253692.6678321 1753253718.4440093
1753253718.4440372 1753253748.5766113
1753253748.576633 1753253779.85472
1753253779.8547456 1753253811.0016952
1753253811.0017245 1753253842.2643065
1753253842.2643278 1753253868.7500985
1753253868.7501278 1753253899.0773392
1753253899.0773616 1753253931.4551072
1753253931.4551342 1753253967.5484746
1753253967.5485036 1753253996.5612273
1753253996.5612545 1753254022.513871
1753254022.5139012 1753254048.4008205
1753254048.4008472 1753254082.2154315
1753254082.2154553 1753254107.3083346
1753254107.3083558 1753254139.3956742
1753254139.3957 1753254168.7425232
1753254168.7425478 1753254194.6250951
1753254194.6251175 1753254221.5248954
1753254221.5249224 1753254251.644836
1753254251.6448607 1753254284.784888
1753254284.7849166 1753254317.4960964
1753254317.496123 1753254347.5119977
1753254347.51203 1753254379.2389908
1753254379.2390127 1753254404.9617903
1753254404.9618175 1753254436.5444124
1753254436.544436 1753254465.6721733
1753254465.672201 1753254505.7502909
1753254505.7503119 1753254536.11513
1753254536.115154 1753254562.2610047
1753254562.2610347 1753254598.293318
1753254598.2933393 1753254630.0771139
1753254630.0771384 1753254661.7615001
1753254661.7615302 1753254689.2144516
1753254689.2144723 1753254722.4050143
1753254722.4050343 1753254761.6151123
1753254761.615139 1753254786.9955142
1753254786.9955359 1753254818.3678098
1753254818.3678362 1753254849.677425
1753254849.677441 1753254877.6332047
1753254877.6332316 1753254905.5953267
1753254905.5953488 1753254929.0646
1753254929.0646257 1753254962.361294
1753254962.361319 1753254994.3579185
1753254994.357948 1753255028.5314817
1753255028.5315056 1753255063.6011329
1753255063.601158 1753255095.1545403
1753255095.154579 1753255120.205504
1753255120.2055244 1753255155.6695793
1753255155.6696095 1753255187.2943106
1753255187.2943332 1753255207.1977885
1753255207.197809 1753255235.3348372
1753255235.334864 1753255269.713626
1753255269.7136507 1753255299.3610952
1753255299.361124 1753255332.7805858
1753255332.780607 1753255359.181652
1753255359.1816854 1753255388.2961502
1753255388.2961757 1753255413.987001
1753255413.9870272 1753255441.5109
1753255441.510923 1753255463.3401344
1753255463.3401608 1753255491.546572
1753255491.5465984 1753255525.667734
1753255525.6677582 1753255551.5331976
1753255551.533226 1753255577.8169334
1753255577.8169668 1753255613.5237286
1753255613.523751 1753255636.3422985
1753255636.3423269 1753255671.4992223
1753255671.4992516 1753255704.3054373
1753255704.3054633 1753255746.5846102
1753255746.5846667 1753255774.6722467
1753255774.672274 1753255801.7731552
1753255801.773179 1753255832.7521844
1753255832.7522163 1753255862.6649027
1753255862.664925 1753255897.1370742
1753255897.1370997 1753255930.1195493
1753255930.1195831 1753255965.775845
1753255965.775875 1753255996.844866
1753255996.8448937 1753256029.3374894
1753256029.3375185 1753256061.8075445
1753256061.8075774 1753256093.4651027
1753256093.4651227 1753256127.771834
1753256127.771863 1753256153.2275794
1753256153.2276018 1753256182.8479562
1753256182.847983 1753256206.640411
1753256206.640433 1753256232.0524375
1753256232.0524642 1753256261.8594754
1753256261.8594956 1753256295.313072
1753256295.313103 1753256318.976396
1753256318.9764204 1753256351.0589373
1753256351.0589693 1753256376.9592164
1753256376.95924 1753256405.7910771
1753256405.7911158 1753256430.6163902
1753256430.6164136 1753256459.5576847
1753256459.5577195 1753256486.8892875
1753256486.8893075 1753256529.93551
1753256529.935551 1753256562.5833836
1753256562.583411 1753256598.1054041
1753256598.1054337 1753256632.8565845
1753256632.8566167 1753256659.748179
1753256659.7482138 1753256682.0358164
1753256682.0358407 1753256711.2443976
1753256711.2444298 1753256749.534842
1753256749.5348644 1753256779.7971969
1753256779.7972233 1753256810.4307492
1753256810.430778 1753256840.9763718
1753256840.9763973 1753256873.4688585
1753256873.468887 1753256901.230471
1753256901.230494 1753256933.3575428
1753256933.3575742 1753256958.9913716
1753256958.9914072 1753256988.8465602
1753256988.8465889 1753257013.6648836
1753257013.6649077 1753257038.825006
1753257038.8250372 1753257062.8663802
1753257062.8664095 1753257092.9497209
1753257092.949748 1753257123.7497447
1753257123.7497764 1753257150.791046
1753257150.7910693 1753257174.1005952
1753257174.100618 1753257203.6116977
1753257203.6117313 1753257232.7551653
1753257232.755188 1753257264.3658051
1753257264.3658388 1753257295.3220894
1753257295.3221111 1753257317.9409804
1753257317.9410098 1753257347.3958352
1753257347.3958578 1753257369.061448
1753257369.0614786 1753257397.353291
1753257397.3533103 1753257429.2244751
1753257429.2245095 1753257459.6103258
1753257459.6103573 1753257489.1570303
1753257489.1570656 1753257519.6270597
1753257519.6270838 1753257546.2523296
1753257546.2523525 1753257577.106035
1753257577.1060612 1753257597.906122
1753257597.9061458 1753257631.3356462
1753257631.335707 1753257660.1750815
1753257660.1751094 1753257683.7705703
1753257683.770593 1753257708.6140356
1753257708.6140645 1753257738.6258643
1753257738.6258852 1753257768.738705
1753257768.7387264 1753257794.7571456
1753257794.7571728 1753257819.0054524
1753257819.00548 1753257843.1361725
1753257843.1362016 1753257873.877317
1753257873.8773413 1753257904.020767
1753257904.020788 1753257929.1312377
1753257929.1312656 1753257960.0284524
1753257960.0284812 1753257988.1475751
1753257988.1476 1753258019.6199715
1753258019.620004 1753258049.7303183
1753258049.730343 1753258083.1461058
1753258083.146131 1753258110.072432
1753258110.072463 1753258144.647135
1753258144.647156 1753258171.5578506
1753258171.5578773 1753258203.2268465
1753258203.2268667 1753258240.0143247
1753258240.014352 1753258263.9733071
1753258263.9733346 1753258291.5377567
1753258291.537778 1753258319.505993
1753258319.5060184 1753258345.8059564
1753258345.8059819 1753258374.5934966
1753258374.5935237 1753258415.206703
1753258415.2067392 1753258444.6751428
1753258444.6751635 1753258474.9179983
1753258474.9180264 1753258504.2326012
1753258504.232632 1753258535.726
1753258535.7260237 1753258566.5329428
1753258566.5329697 1753258591.982322
1753258591.9823554 1753258616.9564617
1753258616.95649 1753258646.5572047
1753258646.5572307 1753258673.8894396
1753258673.8894596 1753258697.1543634
1753258697.1543853 1753258726.2915807
1753258726.29165 1753258752.691311
1753258752.6913407 1753258770.9595509
1753258770.9595795 1753258799.4959207
1753258799.4959507 1753258843.833602
1753258843.8336248 1753258871.4211545
1753258871.421209 1753258905.131858
1753258905.1318944 1753258932.4732833
1753258932.473314 1753258964.3156147
1753258964.315639 1753258986.165352
1753258986.1653802 1753259014.6175656
1753259014.617587 1753259039.302558
1753259039.3025818 1753259066.6271892
1753259066.6272192 1753259094.2479544
1753259094.2479758 1753259117.1570017
1753259117.1570377 1753259141.7859454
1753259141.785967 1753259171.8464963
1753259171.8465257 1753259201.9351933
1753259201.9352138 1753259232.2676077
1753259232.2676377 1753259268.50686
1753259268.5068853 1753259297.911333
1753259297.9113562 1753259331.204358
1753259331.2043831 1753259360.9733062
1753259360.9733362 1753259394.5902324
1753259394.5902514 1753259422.0754707
1753259422.0754972 1753259450.6823568
1753259450.682379 1753259475.8757477
1753259475.8757677 1753259507.2554393
1753259507.255471 1753259541.9310288
1753259541.9310524 1753259573.486453
1753259573.4864748 1753259604.9369392
1753259604.9369605 1753259631.998555
1753259631.9985824 1753259660.0900745
1753259660.0901008 1753259690.5653145
1753259690.5653424 1753259720.3605509
1753259720.3605738 1753259748.862556
1753259748.8625867 1753259776.8584461
1753259776.858481 1753259800.0193694
1753259800.019399 1753259832.1595292
1753259832.1595573 1753259856.951058
1753259856.951078 1753259885.640997
1753259885.6410217 1753259920.89729
1753259920.8973136 1753259949.8109443
1753259949.8109667 1753259979.0062938
1753259979.0063193 1753260013.455088
1753260013.455114 1753260058.1267586
1753260058.1267872 1753260087.9545736
1753260087.954596 1753260121.2254162
1753260121.2254443 1753260148.027226
1753260148.0272493 1753260184.019584
1753260184.0196059 1753260214.6954544
1753260214.6954818 1753260242.3707542
1753260242.3707771 1753260270.7678826
1753260270.7679043 1753260305.9837296
1753260305.9837565 1753260324.2625995
1753260324.2626264 1753260351.6988704
1753260351.6988943 1753260381.600617
1753260381.6006448 1753260408.276828
1753260408.2768555 1753260438.783021
1753260438.7830505 1753260468.366697
1753260468.3667254 1753260497.4144769
1753260497.4144976 1753260524.5486164
1753260524.5486436 1753260550.1006467
1753260550.1006792 1753260578.9119098
1753260578.911938 1753260606.0196524
1753260606.019677 1753260636.815308
1753260636.8153327 1753260664.504875
1753260664.504907 1753260687.2843914
1753260687.2844143 1753260720.9588573
1753260720.9588833 1753260752.6753418
1753260752.6753693 1753260794.9987154
1753260794.9987411 1753260821.6503644
1753260821.6503959 1753260851.8774025
1753260851.8774257 1753260876.0329201
1753260876.0329473 1753260897.7308705
1753260897.7308927 1753260921.02402
1753260921.0240512 1753260945.5691454
1753260945.5691664 1753260977.6688607
1753260977.6688907 1753261005.8762305
1753261005.8762543 1753261037.4142098
1753261037.4142358 1753261068.7534823
1753261068.7535222 1753261091.0303366
1753261091.0303657 1753261118.4362097
1753261118.4362416 1753261142.4437702
1753261142.4437966 1753261174.3879342
1753261174.3879616 1753261203.0746677
1753261203.0746906 1753261233.0782566
1753261233.0782828 1753261265.0774214
1753261265.0774467 1753261297.9649072
1753261297.9649305 1753261324.3519096
1753261324.3519316 1753261351.6209764
1753261351.6210046 1753261379.0868247
1753261379.0868533 1753261411.7260938
1753261411.7261178 1753261443.167353
1753261443.1673794 1753261470.0862746
1753261470.0863037 1753261499.4912035
1753261499.491227 1753261535.458268
1753261535.4582973 1753261570.3050227
1753261570.3050542 1753261605.9407423
1753261605.9407763 1753261633.3682454
1753261633.3682704 1753261664.1344957
1753261664.1345189 1753261689.5917666
1753261689.5917962 1753261721.1449986
1753261721.1450312 1753261746.579796
1753261746.5798225 1753261775.3723361
1753261775.3723614 1753261803.1591268
1753261803.1591537 1753261831.3463311
1753261831.346366 1753261871.2035034
1753261871.2035294 1753261898.5745409
1753261898.5745609 1753261929.518393
1753261929.5184317 1753261955.4366786
1753261955.4367037 1753261983.1752546
1753261983.1752791 1753262006.5738006
1753262006.573829 1753262037.4904802
1753262037.490504 1753262070.7987108
1753262070.7987337 1753262116.176517
1753262116.1765501 1753262147.9763124
1753262147.976335 1753262181.2960958
1753262181.2961228 1753262215.991181
1753262215.9912019 1753262248.8320518
1753262248.832084 1753262276.0737154
1753262276.0737455 1753262304.6570883
1753262304.6571126 1753262328.9428027
1753262328.9428337 1753262360.221665
1753262360.2216988 1753262384.0073633
1753262384.007385 1753262410.1703422
1753262410.1703734 1753262441.0120628
1753262441.012092 1753262473.105446
1753262473.10547 1753262512.342416
1753262512.3424437 1753262531.320339
1753262531.3203614 1753262560.4616275
1753262560.461656 1753262593.401174
1753262593.4011993 1753262626.7464538
1753262626.7464845 1753262648.1580396
1753262648.158064 1753262678.1065886
1753262678.106615 1753262708.402592
1753262708.40262 1753262736.9982386
1753262736.9982595 1753262770.7758224
1753262770.7758577 1753262796.089153
1753262796.0891728 1753262825.3768585
1753262825.3768857 1753262869.5984697
1753262869.5984988 1753262896.376579
1753262896.3766034 1753262926.4490614
1753262926.4490824 1753262952.09581
1753262952.0958421 1753262980.7506201
1753262980.7506502 1753263012.0154338
1753263012.0154629 1753263048.1700392
1753263048.170063 1753263081.5543191
1753263081.5543497 1753263116.6385057
1753263116.638531 1753263142.5028198
1753263142.5028439 1753263169.1662939
1753263169.1663268 1753263194.5633867
1753263194.5634181 1753263223.716905
1753263223.7169356 1753263246.3377712
1753263246.337794 1753263276.5541391
1753263276.5541635 1753263306.8882036
1753263306.8882277 1753263334.90284
1753263334.9028614 1753263361.1919267
1753263361.1919546 1753263390.4737065
1753263390.4737294 1753263416.570019
1753263416.5700562 1753263441.4734743
1753263441.4734957 1753263475.9248862
1753263475.9249136 1753263517.1032119
1753263517.103238 1753263542.0406
1753263542.040631 1753263573.902951
1753263573.902972 1753263607.4431314
1753263607.4431572 1753263639.5290911
1753263639.5291166 1753263667.7671154
1753263667.7671432 1753263706.5766249
1753263706.5766475 1753263726.556838
1753263726.5568647 1753263756.4143662
1753263756.4143865 1753263784.0593731
1753263784.0594008 1753263812.7264228
1753263812.726446 1753263848.078172
1753263848.0781982 1753263878.5165935
1753263878.516624 1753263916.6205106
1753263916.6205444 1753263938.8707364
1753263938.870761 1753263974.3740766
1753263974.3740978 1753264001.5575678
1753264001.5575936 1753264030.7010396
1753264030.7010653 1753264057.582004
1753264057.5820272 1753264092.31621
1753264092.3162336 1753264123.1397038
1753264123.1397324 1753264146.129883
1753264146.1300163 1753264171.8819358
1753264171.8819637 1753264201.8345375
1753264201.8345625 1753264226.578504
1753264226.578525 1753264249.2771842
1753264249.2772138 1753264280.0517182
1753264280.0517442 1753264314.9047854
1753264314.9048152 1753264342.805982
1753264342.8060153 1753264374.9243047
1753264374.9243336 1753264403.3658109
1753264403.3658352 1753264438.3815122
1753264438.3815396 1753264472.4233406
1753264472.4233675 1753264513.6053925
1753264513.6054122 1753264539.8950737
1753264539.895099 1753264567.273306
1753264567.2733366 1753264594.8914557
1753264594.8914785 1753264620.7152307
1753264620.7152624 1753264646.0554311
1753264646.0554538 1753264671.5633159
1753264671.563346 1753264698.2227297
1753264698.2227511 1753264732.4001777
1753264732.4002118 1753264763.0054731
1753264763.0054955 1753264792.0291028
1753264792.0291314 1753264817.5148008
1753264817.5148265 1753264849.805707
1753264849.805731 1753264873.1268613
1753264873.1268916 1753264898.7804136
1753264898.7804434 1753264924.9076207
1753264924.9076426 1753264949.981559
1753264949.9815862 1753264979.1403606
1753264979.1403854 1753265003.4912853
1753265003.4913116 1753265029.821994
1753265029.8220127 1753265062.0716631
1753265062.071693 1753265086.6322503
1753265086.6322737 1753265117.392061
1753265117.3920934 1753265141.3930569
1753265141.3930786 1753265169.928988
1753265169.9290102 1753265199.387987
1753265199.388011 1753265228.1877484
1753265228.1877723 1753265260.5327816
1753265260.532806 1753265289.4652984
1753265289.4653206 1753265310.8466547
1753265310.8466787 1753265339.6869433
1753265339.6869664 1753265369.1734977
1753265369.1735263 1753265396.2623854
1753265396.262409 1753265428.2905526
1753265428.2905812 1753265454.168199
1753265454.1682267 1753265476.0751793
1753265476.0752115 1753265502.0838296
1753265502.083852 1753265532.5392556
1753265532.5392845 1753265563.4188654
1753265563.41889 1753265589.7762928
1753265589.776317 1753265620.754517
1753265620.7545469 1753265646.1902916
1753265646.1903138 1753265679.1756268
1753265679.1756518 1753265721.2348144
1753265721.2348385 1753265750.821695
1753265750.8217173 1753265785.0266998
1753265785.0267212 1753265818.4262507
1753265818.42628 1753265847.133993
1753265847.1340158 1753265881.6865904
1753265881.686618 1753265916.1376803
1753265916.137704 1753265942.2591739
1753265942.2592022 1753265968.4417005
1753265968.4417243 1753265990.9999418
1753265990.9999764 1753266027.1517577
1753266027.1517818 1753266056.3723924
1753266056.3724163 1753266087.1528754
1753266087.1529064 1753266111.6863408
1753266111.686361 1753266139.1210256
1753266139.1210468 1753266167.64476
