1776240871.0219781 1776240903.6937351
1776240903.693754 1776240942.1519423
1776240942.1519613 1776240990.6949673
1776240990.6949914 1776241027.9199831
1776241027.9200058 1776241065.9267268
1776241065.9267507 1776241119.601581
1776241119.6016054 1776241158.407142
1776241158.4071596 1776241209.0466595
1776241209.0466835 1776241252.0062623
1776241252.006303 1776241298.8314798
1776241298.8315046 1776241337.475681
1776241337.475728 1776241379.6575942
1776241379.6576226 1776241418.2564034
1776241418.256429 1776241459.3457263
1776241459.3457472 1776241489.8123572
1776241489.8123837 1776241530.0264368
1776241530.026463 1776241561.8189433
1776241561.8189936 1776241609.7437437
1776241609.74377 1776241645.5189776
1776241645.5190039 1776241676.614636
1776241676.6146612 1776241725.4396932
1776241725.4397197 1776241760.4705172
1776241760.470539 1776241799.9038954
1776241799.903916 1776241834.4357688
1776241834.435794 1776241878.2362485
1776241878.236273 1776241917.990662
1776241917.9906874 1776241952.721763
1776241952.7217844 1776242007.464509
1776242007.4645364 1776242049.3327591
1776242049.3327847 1776242090.949107
1776242090.9491303 1776242136.7598581
1776242136.7598786 1776242164.1282787
1776242164.1283052 1776242213.9937274
1776242213.993755 1776242263.144386
1776242263.1444123 1776242304.8830175
1776242304.883039 1776242341.7874997
1776242341.787525 1776242391.649345
1776242391.6493676 1776242428.553252
1776242428.5532806 1776242460.5343292
1776242460.5343504 1776242495.1149457
1776242495.1149716 1776242536.508659
1776242536.5086796 1776242571.4162533
1776242571.4162803 1776242602.413734
1776242602.4137568 1776242635.1773646
1776242635.1773841 1776242688.8034098
1776242688.8034468 1776242728.4566936
1776242728.4567194 1776242764.4151697
1776242764.4151967 1776242803.2078834
1776242803.2079115 1776242831.2200153
1776242831.220038 1776242874.3307753
1776242874.330808 1776242912.1261165
1776242912.1261375 1776242942.7571657
1776242942.7571912 1776242990.908773
1776242990.9087954 1776243022.149375
1776243022.1494002 1776243061.3490853
1776243061.3491087 1776243100.4577026
1776243100.4577298 1776243142.9572062
1776243142.9572337 1776243183.427067
1776243183.4270885 1776243217.281118
1776243217.2811432 1776243256.0292633
1776243256.029284 1776243294.9203
1776243294.9203248 1776243336.9528332
1776243336.95286 1776243370.436897
1776243370.4369168 1776243416.419662
1776243416.4196885 1776243457.394912
1776243457.394934 1776243485.07154
1776243485.0715666 1776243525.3270478
1776243525.3270755 1776243549.9902966
1776243549.990319 1776243591.0537462
1776243591.0537717 1776243631.536684
1776243631.5367074 1776243661.7431908
1776243661.7432082 1776243693.8300412
1776243693.8300672 1776243725.660214
1776243725.6602526 1776243756.178678
1776243756.1787 1776243806.8615003
1776243806.861527 1776243845.2279458
1776243845.227969 1776243879.6751988
1776243879.675226 1776243925.4942548
1776243925.4942775 1776243962.8545685
1776243962.854591 1776244007.6411686
1776244007.6411986 1776244045.7434018
1776244045.7434263 1776244089.253568
1776244089.2535958 1776244114.2418776
1776244114.241898 1776244148.3253205
1776244148.3253481 1776244195.3724859
1776244195.3725133 1776244222.5527859
1776244222.5528069 1776244271.1706903
1776244271.1707158 1776244322.9316914
1776244322.9317198 1776244358.1290548
1776244358.1290755 1776244407.0134237
1776244407.0134492 1776244454.0867753
1776244454.0867984 1776244479.4115767
1776244479.411602 1776244525.445816
1776244525.44585 1776244565.4226353
1776244565.4226615 1776244611.1754148
1776244611.1754496 1776244639.823454
1776244639.8234732 1776244683.4476411
1776244683.4476688 1776244724.7749646
1776244724.7749865 1776244760.260733
1776244760.2607589 1776244799.6481242
