1776240872.1190135 1776240907.257955
1776240907.257975 1776240947.6119215
1776240947.6119404 1776240987.448431
1776240987.448455 1776241030.2409718
1776241030.2409992 1776241071.7768822
1776241071.776907 1776241115.1104786
1776241115.1104991 1776241160.5973682
1776241160.5974042 1776241212.3893738
1776241212.3894036 1776241250.600711
1776241250.600737 1776241290.9607637
1776241290.960784 1776241338.3251195
1776241338.3251462 1776241371.3669713
1776241371.3669887 1776241420.1685567
1776241420.1685815 1776241455.7610748
1776241455.7610931 1776241492.7496989
1776241492.7497177 1776241528.2300756
1776241528.2301066 1776241567.0870352
1776241567.0870607 1776241608.1558583
1776241608.1558814 1776241640.961069
1776241640.9610903 1776241684.4474504
1776241684.4474747 1776241727.140228
1776241727.140248 1776241760.4210665
1776241760.4210908 1776241799.080144
1776241799.0801687 1776241844.217125
1776241844.2171428 1776241885.9307284
1776241885.9307535 1776241916.462664
1776241916.4626877 1776241959.8948476
1776241959.894874 1776242010.8885715
1776242010.888591 1776242040.2803786
1776242040.2803962 1776242093.3587823
1776242093.358808 1776242123.832887
1776242123.8329127 1776242177.0052557
1776242177.0052867 1776242209.4502416
1776242209.450266 1776242261.238626
1776242261.2386522 1776242299.698168
1776242299.6981854 1776242343.6015165
1776242343.60154 1776242385.6599226
1776242385.6599443 1776242421.1940691
1776242421.1940925 1776242462.9603848
1776242462.9604094 1776242487.575357
1776242487.5753736 1776242535.927966
1776242535.9279897 1776242564.5815303
1776242564.5815506 1776242607.0394294
1776242607.0394535 1776242649.5408857
1776242649.5409112 1776242689.5099707
1776242689.509993 1776242724.779804
1776242724.7798285 1776242751.524569
1776242751.524586 1776242800.5357409
1776242800.535765 1776242839.0385509
1776242839.0385756 1776242873.8248825
1776242873.8249009 1776242908.8899958
1776242908.8900218 1776242945.2814765
1776242945.2815 1776242991.8843184
1776242991.8843434 1776243021.827573
1776243021.8275928 1776243060.0532525
1776243060.0532813 1776243105.0210721
1776243105.021099 1776243145.3516347
1776243145.351653 1776243181.3619711
1776243181.3619962 1776243218.4817
1776243218.4817178 1776243252.5692654
1776243252.569289 1776243296.38041
1776243296.3804276 1776243333.5934768
1776243333.5935018 1776243375.3038356
1776243375.3038597 1776243417.145449
1776243417.1454666 1776243450.6913874
1776243450.6914117 1776243493.0413768
1776243493.0414019 1776243520.5208154
1776243520.5208375 1776243558.1625478
1776243558.1625683 1776243594.2362738
1776243594.2362995 1776243629.2435768
1776243629.2436008 1776243659.2295392
1776243659.2295568 1776243698.814832
1776243698.8148565 1776243730.372982
1776243730.3730009 1776243765.782528
1776243765.7825532 1776243805.1122127
1776243805.1122413 1776243842.065492
1776243842.0655317 1776243886.1601996
1776243886.1602263 1776243920.5783014
1776243920.5783203 1776243959.0861986
1776243959.086224 1776244002.2094076
1776244002.2094305 1776244042.116217
1776244042.1162384 1776244083.5029309
1776244083.502956 1776244124.0832021
1776244124.083228 1776244160.3227162
1776244160.3227355 1776244191.3036127
1776244191.303639 1776244234.1594872
1776244234.1595128 1776244280.433997
1776244280.4340153 1776244321.455117
1776244321.455145 1776244349.8051116
1776244349.8051357 1776244401.3914108
1776244401.3914297 1776244453.6954002
1776244453.6954243 1776244487.3500187
1776244487.350042 1776244524.4700503
1776244524.4700718 1776244571.0257244
1776244571.0257487 1776244601.590455
1776244601.5904756 1776244637.7969038
1776244637.7969303 1776244683.4977596
1776244683.497778 1776244723.1234407
1776244723.1234677 1776244757.3023298
1776244757.3023486 1776244797.407352
