28.378532886505127
23.981295585632324
22.490798234939575
26.18410062789917
25.18804931640625
24.117594003677368
29.169395923614502
23.087531089782715
23.496584177017212
19.10949158668518
22.750195264816284
25.82367515563965
26.175137996673584
21.449090003967285
23.26341152191162
21.876233339309692
28.58480739593506
28.468962907791138
25.421988248825073
26.952620029449463
18.53183102607727
18.74402666091919
21.285450220108032
20.99920082092285
23.79510807991028
42.106900215148926
18.85173726081848
23.29685115814209
26.542861938476562
20.443983793258667
30.38649344444275
22.269545316696167
28.002022743225098
25.630407571792603
30.78183341026306
30.713506937026978
31.273076057434082
34.20404362678528
25.640437602996826
24.499284982681274
32.425413608551025
20.77333164215088
25.39667296409607
37.928943157196045
18.776514053344727
25.43498182296753
28.44715166091919
29.294943809509277
27.533541917800903
27.57802987098694
25.69724178314209
27.02863121032715
30.70181941986084
32.49608516693115
30.53522562980652
32.59532308578491
26.122388124465942
25.2336323261261
27.727755784988403
23.820006132125854
29.650399923324585
20.10818886756897
20.640697240829468
21.22292709350586
22.299768686294556
20.97078824043274
23.136072397232056
25.287176370620728
22.036366939544678
23.267783880233765
27.42643690109253
24.732961654663086
28.947716236114502
25.416627407073975
29.1561381816864
28.927428722381592
23.39228105545044
28.25894856452942
29.934231519699097
26.963965892791748
30.65375781059265
29.477519035339355
29.084122896194458
30.262008905410767
20.4692804813385
20.111112356185913
22.232478857040405
19.1001615524292
27.029255151748657
24.313018083572388
17.56062626838684
23.473885536193848
25.602980136871338
25.196675777435303
23.40508246421814
16.259607076644897
14.470218896865845
20.20659041404724
17.717029809951782
19.45434021949768
2529.8970682621
