1762334009.3065913 1762334038.8077042
1762334038.8077419 1762334059.1629586
1762334059.1630156 1762334077.8153431
1762334077.8153646 1762334108.7751951
1762334108.7752273 1762334129.644439
1762334129.6444702 1762334160.220392
1762334160.2204247 1762334183.376979
1762334183.3769991 1762334208.7387679
1762334208.7387934 1762334233.4245982
1762334233.4246233 1762334252.9510634
1762334252.9510849 1762334275.150383
1762334275.1504061 1762334299.9898114
1762334299.9898384 1762334327.552373
1762334327.5523992 1762334351.4825218
1762334351.48255 1762334373.3880637
1762334373.3880997 1762334394.7051604
1762334394.7051811 1762334418.3594558
1762334418.3594797 1762334450.188189
1762334450.18821 1762334479.1344814
1762334479.1345162 1762334502.7961965
1762334502.796224 1762334521.009258
1762334521.0092783 1762334543.8820114
1762334543.8820527 1762334565.5217228
1762334565.52175 1762334584.509541
1762334584.5095778 1762334608.0031583
1762334608.0031784 1762334651.1783628
1762334651.1783893 1762334671.3081362
1762334671.3081694 1762334691.4760768
1762334691.476104 1762334715.6292875
1762334715.6293194 1762334739.608895
1762334739.6089182 1762334767.617057
1762334767.617085 1762334793.2121139
1762334793.2121367 1762334824.149002
1762334824.1490273 1762334846.7146294
1762334846.7146673 1762334874.1497111
1762334874.1497378 1762334906.3167193
1762334906.3167386 1762334935.2759054
1762334935.275929 1762334969.0704243
1762334969.070473 1762334998.0103204
1762334998.0103421 1762335024.938465
1762335024.938496 1762335048.0286095
1762335048.0286357 1762335075.6450706
1762335075.6450949 1762335102.254762
1762335102.254788 1762335132.0697126
1762335132.069746 1762335160.4605803
1762335160.460609 1762335186.0247636
1762335186.0248013 1762335211.3432899
1762335211.3433197 1762335243.8479166
1762335243.848035 1762335269.6151412
1762335269.615167 1762335294.2985044
1762335294.2985318 1762335322.5925777
1762335322.592603 1762335349.6956704
1762335349.6956918 1762335380.247369
1762335380.2473886 1762335411.7705038
1762335411.7705348 1762335445.2004418
1762335445.200463 1762335478.1055422
1762335478.1055672 1762335498.3359025
1762335498.3359287 1762335529.4560091
1762335529.4560306 1762335555.1462646
1762335555.146299 1762335578.2846088
1762335578.284637 1762335604.6939857
1762335604.6940076 1762335626.6460686
1762335626.646097 1762335646.8276877
1762335646.827715 1762335676.3013763
1762335676.3014011 1762335688.4542656
1762335688.4542966 1762335710.4981704
1762335710.4981894 1762335737.753684
1762335737.7537153 1762335761.7427304
1762335761.7427523 1762335782.559116
1762335782.559144 1762335806.1999552
1762335806.1999779 1762335835.8531063
1762335835.8531268 1762335857.6832504
1762335857.6832802 1762335880.572479
1762335880.5724978 1762335914.50359
1762335914.5036166 1762335944.5709276
1762335944.57095 1762335972.9541352
1762335972.9541543 1762335996.5320945
1762335996.5321383 1762336025.26446
1762336025.2645154 1762336053.4849086
1762336053.4849367 1762336080.3948507
1762336080.3948724 1762336109.1784818
1762336109.1785042 1762336137.8260024
1762336137.8260374 1762336171.0943618
1762336171.0943906 1762336201.3948882
1762336201.3949184 1762336220.3999527
1762336220.3999782 1762336245.9466097
1762336245.9466372 1762336263.2743018
1762336263.274325 1762336282.9313743
1762336282.9313927 1762336310.7527046
1762336310.7527413 1762336335.8031325
1762336335.803156 1762336351.8345046
1762336351.8345315 1762336369.0186074
1762336369.0186357 1762336402.2468622
1762336402.2468867 1762336423.344714
1762336423.3447335 1762336445.89561
1762336445.8956718 1762336462.3461418
1762336462.346167 1762336480.967373
1762336480.967422 1762336501.2179
1762336501.2179596 1762336516.3884926
1762336516.388514 1762336537.009708
