1776433056.4592738 1776433119.928504
1776433119.9285486 1776433173.7799253
1776433173.7799475 1776433220.4830134
1776433220.4830463 1776433286.1151614
1776433286.1151881 1776433344.2012742
1776433344.2012978 1776433402.4932492
1776433402.4932752 1776433454.2027974
1776433454.20282 1776433508.9281652
1776433508.9281886 1776433578.3972802
1776433578.397302 1776433632.6154387
1776433632.61546 1776433693.4724727
1776433693.4724984 1776433754.2015073
1776433754.2015347 1776433809.261899
1776433809.261918 1776433879.9800444
1776433879.9800642 1776433949.133631
1776433949.133658 1776434012.575663
1776434012.5756893 1776434076.4831064
1776434076.4831269 1776434138.092628
1776434138.0926542 1776434207.6487455
1776434207.6487648 1776434270.9079266
1776434270.9079542 1776434327.7689402
1776434327.7689607 1776434403.2515917
1776434403.251616 1776434469.2213938
1776434469.2214217 1776434541.5170314
1776434541.5170588 1776434599.821639
1776434599.821659 1776434657.999926
1776434657.9999537 1776434701.747063
1776434701.747091 1776434765.9678025
1776434765.9678304 1776434819.173554
1776434819.1735744 1776434875.574088
1776434875.5741131 1776434934.008109
1776434934.008136 1776434972.1374063
1776434972.1374288 1776435041.8045614
1776435041.8045876 1776435097.8837602
1776435097.8837864 1776435155.987685
1776435155.987711 1776435199.8150346
1776435199.8150535 1776435265.098011
1776435265.0980377 1776435305.417443
1776435305.4174626 1776435373.8503692
1776435373.850396 1776435420.791927
1776435420.7919545 1776435501.9760165
1776435501.9760363 1776435558.5411577
1776435558.5411832 1776435626.7845032
1776435626.78453 1776435696.0210705
1776435696.0210907 1776435756.2789762
1776435756.279003 1776435821.9710495
1776435821.971069 1776435880.3759491
1776435880.3759732 1776435943.0812101
1776435943.0812309 1776436018.9939551
1776436018.9939833 1776436073.688907
1776436073.688929 1776436129.924684
1776436129.924711 1776436187.9027898
1776436187.9028103 1776436240.3629725
1776436240.3629925 1776436304.1531668
1776436304.1531959 1776436347.7610977
1776436347.7611177 1776436415.6355312
1776436415.6355603 1776436467.4544344
1776436467.4544601 1776436535.8560205
1776436535.8560472 1776436591.0229733
1776436591.0229945 1776436654.4506538
1776436654.4506836 1776436711.32544
1776436711.3254662 1776436763.2645588
1776436763.2645786 1776436827.366605
1776436827.3666315 1776436880.0123298
1776436880.012351 1776436939.4808364
1776436939.4808652 1776437004.3338306
1776437004.3338513 1776437070.194167
1776437070.1941943 1776437118.5698118
1776437118.5698364 1776437204.3101149
1776437204.3101413 1776437266.9551084
1776437266.9551299 1776437326.703613
1776437326.7036405 1776437383.5142708
1776437383.5143 1776437455.949945
1776437455.9499652 1776437499.854457
1776437499.8544848 1776437557.6891496
1776437557.6891754 1776437626.3272848
1776437626.327313 1776437688.0615308
1776437688.0615523 1776437748.7295349
1776437748.7295616 1776437826.9687977
1776437826.968825 1776437894.8328714
1776437894.8328981 1776437943.8158748
1776437943.8158956 1776438013.3321798
1776438013.3322072 1776438070.0591624
1776438070.0591846 1776438133.636427
1776438133.6364555 1776438192.970661
1776438192.9706895 1776438251.162675
1776438251.1626954 1776438312.9721084
1776438312.9721289 1776438371.9310014
1776438371.931028 1776438438.2201297
1776438438.2201505 1776438487.4162836
1776438487.416325 1776438542.8556428
1776438542.855671 1776438606.8987582
1776438606.8987842 1776438661.7036574
1776438661.7036798 1776438719.256978
1776438719.256999 1776438769.1401439
1776438769.140171 1776438846.9360127
1776438846.9360406 1776438898.2545974
1776438898.2546246 1776438964.9587955
1776438964.958816 1776439022.2378109
1776439022.23784 1776439076.1043558
