1776433050.4086049 1776433121.8581715
1776433121.858199 1776433176.0990713
1776433176.0991 1776433231.9385178
1776433231.938566 1776433282.2346232
1776433282.2346497 1776433345.2122943
1776433345.212315 1776433386.7071042
1776433386.70713 1776433455.3964791
1776433455.3965046 1776433514.5257666
1776433514.5257857 1776433578.0413694
1776433578.041395 1776433612.4833038
1776433612.4833286 1776433701.1169643
1776433701.116991 1776433758.502611
1776433758.5026345 1776433814.8380232
1776433814.8380444 1776433878.985837
1776433878.9858625 1776433946.5343432
1776433946.5343657 1776434004.474714
1776434004.4747336 1776434068.2060993
1776434068.2061245 1776434143.537729
1776434143.5377548 1776434196.8656974
1776434196.865723 1776434270.21181
1776434270.2118356 1776434315.1185517
1776434315.118571 1776434390.9899964
1776434390.9900212 1776434464.7470686
1776434464.7470958 1776434540.6999533
1776434540.6999798 1776434595.088406
1776434595.0884252 1776434659.381081
1776434659.381108 1776434702.6671488
1776434702.6671686 1776434755.4904325
1776434755.4904575 1776434814.5968058
1776434814.5968254 1776434882.231262
1776434882.2312875 1776434919.494206
1776434919.4942303 1776434979.2455676
1776434979.2455928 1776435036.9196956
1776435036.919721 1776435093.1119862
1776435093.1120076 1776435153.1518688
1776435153.1518888 1776435199.166989
1776435199.167014 1776435267.1080754
1776435267.1080947 1776435312.714835
1776435312.7148597 1776435376.2542856
1776435376.2543163 1776435432.56534
1776435432.5653782 1776435496.4621694
1776435496.462196 1776435546.3657467
1776435546.365772 1776435631.8101368
1776435631.810156 1776435691.8338585
1776435691.8338943 1776435750.6545365
1776435750.6545556 1776435816.9157434
1776435816.9157684 1776435895.425074
1776435895.4250934 1776435952.8494453
1776435952.8494718 1776436024.441369
1776436024.441393 1776436079.4182608
1776436079.4182818 1776436131.647895
1776436131.6479192 1776436193.848233
1776436193.8482592 1776436252.5650508
1776436252.5650692 1776436305.9203858
1776436305.920412 1776436359.6766155
1776436359.67664 1776436423.3276832
1776436423.327709 1776436470.5563512
1776436470.5563748 1776436533.53927
1776436533.5392916 1776436599.7359483
1776436599.7359753 1776436651.38245
1776436651.3824792 1776436711.601729
1776436711.6017575 1776436769.7428489
1776436769.742877 1776436808.1850321
1776436808.1850564 1776436870.8608556
1776436870.8608801 1776436937.7823305
1776436937.7823582 1776436989.8174932
1776436989.8175182 1776437056.688567
1776437056.6885927 1776437130.0511508
1776437130.0511777 1776437188.2741797
1776437188.274205 1776437258.201801
1776437258.201835 1776437328.617008
1776437328.6170337 1776437380.109709
1776437380.109728 1776437450.4937198
1776437450.493747 1776437504.9496953
1776437504.9497218 1776437575.624822
1776437575.6248403 1776437623.160185
1776437623.1602132 1776437691.3406198
1776437691.3406458 1776437757.0843174
1776437757.084336 1776437822.8664422
1776437822.8664668 1776437889.485266
1776437889.4852881 1776437949.6546798
1776437949.6547062 1776438013.3245904
1776438013.3246102 1776438075.6202226
1776438075.620249 1776438111.3866456
1776438111.3866649 1776438171.1987967
1776438171.1988218 1776438249.0236793
1776438249.0237136 1776438305.8081477
1776438305.8081737 1776438372.5621572
1776438372.5621836 1776438430.1475217
1776438430.147548 1776438479.607218
1776438479.6072378 1776438543.7981417
1776438543.7981691 1776438602.7246482
1776438602.7246704 1776438662.8390312
1776438662.8390648 1776438710.9338183
1776438710.9338374 1776438780.1103427
1776438780.1103683 1776438849.0793788
1776438849.079406 1776438903.0050025
1776438903.0050223 1776438954.6792603
1776438954.6792789 1776439019.6701422
1776439019.6701696 1776439082.8795433
