54.50026845932007
59.151233196258545
61.502726554870605
60.68408465385437
53.38093614578247
39.33907222747803
29.332276105880737
32.999903440475464
34.19646668434143
33.0368492603302
32.347368001937866
34.48852014541626
36.185975313186646
34.64188551902771
34.244011640548706
36.18112015724182
35.93312931060791
34.200037479400635
32.38547921180725
48.434449672698975
53.14755463600159
57.83607864379883
59.02868390083313
58.884276151657104
53.24459719657898
55.429654121398926
54.986207008361816
52.101473569869995
50.99238610267639
50.937013387680054
55.18095374107361
53.345256328582764
51.651652097702026
49.946412086486816
54.397881269454956
51.49767065048218
56.583006381988525
47.98753118515015
39.79085397720337
44.733277320861816
38.685996770858765
42.29582190513611
43.09019470214844
39.09510612487793
32.69509434700012
31.998575448989868
36.08836364746094
35.0841703414917
34.178242206573486
32.590088844299316
36.88237404823303
35.331775426864624
35.433308601379395
33.99781322479248
31.387983798980713
32.48031234741211
36.99544668197632
37.99576449394226
32.84403681755066
36.454495906829834
38.58520436286926
45.84934186935425
48.57913064956665
41.28684973716736
48.58932161331177
41.08385729789734
35.53822994232178
36.53194499015808
40.493079662323
35.64121913909912
43.88841462135315
46.237441539764404
43.58227348327637
51.48372030258179
51.92872333526611
52.39646673202515
55.27541470527649
51.23679852485657
51.53518509864807
52.04685950279236
39.979010343551636
38.84795570373535
38.97853374481201
39.39289450645447
37.72763395309448
39.190863609313965
42.03128099441528
39.63490629196167
55.03200602531433
57.68650484085083
57.98479676246643
60.48567771911621
32.04994225502014
33.23129391670227
33.64087200164795
32.64077877998352
34.79264521598816
47.64599132537842
47.98526930809021
50.299633741378784
51.23737025260925
51.644325971603394
52.64451575279236
52.88023900985718
52.04391932487488
50.485809564590454
51.79699969291687
51.82830095291138
53.70085096359253
52.938936710357666
50.73815560340881
47.091347455978394
42.40053749084473
44.23990058898926
42.95158314704895
43.18846678733826
43.93449568748474
46.19214916229248
37.999364614486694
33.949196100234985
31.845205307006836
30.79263162612915
35.386415243148804
33.14443802833557
32.32432770729065
29.990768671035767
31.632415771484375
34.1967351436615
29.68048334121704
30.24354577064514
26.295875549316406
33.18242168426514
29.192640781402588
30.036277055740356
46.20368790626526
52.14451479911804
52.399489879608154
51.290786027908325
53.08194065093994
52.87455630302429
53.74079132080078
55.535200357437134
51.54139184951782
51.43747091293335
48.99058985710144
52.029757261276245
42.62315535545349
35.8836772441864
34.94015669822693
32.25082063674927
30.728632926940918
32.13101077079773
33.14659357070923
41.38660407066345
49.732778787612915
48.38142800331116
48.22959518432617
51.02834868431091
46.8999342918396
49.72906947135925
45.98542261123657
50.13260316848755
46.28635311126709
44.34795618057251
47.79250693321228
44.58317995071411
42.18151259422302
42.34226417541504
42.99613833427429
43.33341717720032
42.69938278198242
47.33920454978943
44.728821754455566
45.19892930984497
41.926461696624756
52.54949378967285
50.589998960494995
53.12366223335266
51.452868938446045
53.044018030166626
34.59882736206055
42.49384832382202
34.79893469810486
38.745497941970825
45.59117388725281
47.69719910621643
43.689417600631714
44.74947929382324
45.89116597175598
45.42672395706177
43.74061989784241
45.64788603782654
46.1456663608551
50.89241933822632
46.18293380737305
38.74406981468201
49.44854426383972
47.89787817001343
48.440566062927246
33.49764561653137
25.198956727981567
26.18876814842224
25.641772270202637
26.891454458236694
46.73307752609253
56.336934089660645
60.69270086288452
59.18267226219177
59.479328632354736
57.492583990097046
56.681889295578
34.68514943122864
41.344329595565796
48.436830043792725
50.78594708442688
49.43350648880005
37.5272216796875
35.38866186141968
38.184287548065186
39.5792818069458
39.68784713745117
38.65012288093567
37.838234186172485
38.58720397949219
36.542149782180786
38.73733401298523
35.33636522293091
33.73870825767517
34.98232626914978
34.546802282333374
37.597052335739136
34.77474761009216
32.02892065048218
29.534507513046265
34.887824296951294
33.8402156829834
34.38101410865784
31.84278678894043
32.92966318130493
33.55058312416077
29.641145706176758
34.44143462181091
32.88844275474548
30.42680597305298
27.740214586257935
28.400185108184814
31.995248079299927
32.89867687225342
30.33093810081482
30.037423372268677
31.49038028717041
46.0966637134552
57.002867460250854
57.776445627212524
60.33589029312134
59.39209222793579
38.33530569076538
36.298184871673584
38.60044574737549
35.13891267776489
35.94045901298523
38.05027675628662
36.9847674369812
29.733809232711792
29.1487078666687
27.290716409683228
40.54493045806885
57.83174657821655
60.13502621650696
56.74286460876465
54.98806643486023
60.18467450141907
33.88745832443237
33.429059982299805
33.885257720947266
35.58395743370056
55.59334874153137
54.642741680145264
53.83299112319946
53.58433485031128
54.25479531288147
52.0751531124115
54.44431233406067
56.04658579826355
45.29547357559204
44.84319543838501
57.97937321662903
58.94296836853027
54.78797650337219
58.18276834487915
55.83743333816528
60.09034490585327
48.098682165145874
40.689717292785645
41.236815452575684
44.28733253479004
42.89087200164795
42.43402862548828
45.83600091934204
46.238255739212036
39.94342017173767
44.84881329536438
33.382065534591675
36.19112539291382
32.09793305397034
33.6971538066864
40.84087681770325
39.69033455848694
42.18995451927185
43.389410734176636
39.63471055030823
41.39002585411072
42.033294677734375
43.20145320892334
42.57908606529236
41.474658489227295
42.29990553855896
41.74808883666992
43.098639249801636
43.63566994667053
41.49475598335266
54.44367599487305
56.19271516799927
54.94552683830261
53.79711198806763
55.09324789047241
53.88501501083374
55.1263644695282
57.3282413482666
58.278000354766846
51.24543285369873
56.79222297668457
60.24544906616211
59.49557852745056
59.39348649978638
51.043845415115356
47.49208211898804
49.03865885734558
41.234241008758545
37.39712929725647
36.34124827384949
36.781221866607666
34.28674340248108
28.794079542160034
28.190096139907837
29.037323474884033
28.930049180984497
29.43420386314392
28.795050621032715
26.697030067443848
28.944974422454834
27.68105387687683
28.978216648101807
31.841341972351074
29.078911781311035
29.941202878952026
40.19951558113098
59.100953340530396
51.39078140258789
41.59688711166382
35.28180170059204
30.731853485107422
34.44436430931091
32.044037103652954
29.990575790405273
31.837387323379517
30.629440784454346
31.089304447174072
34.044097900390625
47.54856491088867
43.735074281692505
45.09796118736267
44.95041751861572
47.189135789871216
47.04268836975098
44.74272060394287
45.84077072143555
45.94746685028076
42.14371109008789
47.053568840026855
50.598161935806274
57.18789196014404
55.42910718917847
60.27533411979675
54.84658241271973
52.935072898864746
52.39026093482971
47.74091982841492
48.49242615699768
51.1345157623291
49.83521223068237
47.88683199882507
48.738980293273926
43.2962691783905
35.39420294761658
36.00132131576538
37.44724774360657
40.18193292617798
31.336490869522095
34.191091775894165
33.43390774726868
31.77682638168335
30.800774097442627
55.73950123786926
53.179072856903076
56.58330774307251
55.133267641067505
37.39892935752869
31.831231594085693
31.9948148727417
28.684553146362305
29.286535024642944
30.539494276046753
30.550020456314087
28.145878791809082
29.525978326797485
28.829674243927002
26.24926209449768
29.24277687072754
30.281665325164795
33.7442262172699
33.878820180892944
35.29153394699097
33.62900495529175
35.29966139793396
34.489301919937134
36.83681678771973
37.774649143218994
36.57768416404724
36.93039655685425
37.2826726436615
35.53931164741516
36.89362025260925
35.12825036048889
29.085038661956787
32.95161557197571
34.982545137405396
36.53790879249573
35.486183404922485
36.581286907196045
38.281766176223755
37.69494676589966
41.84500527381897
46.685771226882935
47.636210680007935
48.38576579093933
48.64170956611633
47.79611659049988
43.44518971443176
35.54403352737427
31.546884059906006
32.59307336807251
29.498802423477173
29.143285036087036
28.2528395652771
33.53963303565979
51.28962326049805
52.9986367225647
51.39224696159363
50.54788088798523
49.894739627838135
56.38969445228577
41.232820987701416
31.8024263381958
34.69227147102356
34.88084530830383
35.14481329917908
32.187286138534546
39.39752650260925
54.53303122520447
52.689977407455444
53.6990430355072
55.743834257125854
58.38410520553589
60.42561316490173
51.6320641040802
52.59967827796936
52.153101682662964
50.14545822143555
50.0316059589386
50.6926703453064
49.503193378448486
50.794593334198
49.192187786102295
47.24785041809082
48.05015516281128
52.396754026412964
50.62950563430786
50.842127561569214
51.45208978652954
54.63321566581726
47.04520797729492
45.696877002716064
50.05294871330261
48.43687725067139
49.149054527282715
50.93003606796265
44.13348841667175
29.88800835609436
26.82884454727173
27.046864986419678
28.434080600738525
28.29102897644043
26.296015977859497
28.347126960754395
24.48767066001892
32.29193449020386
30.982374906539917
29.787550687789917
30.85037875175476
26.181328535079956
31.244518041610718
42.59025502204895
44.93811535835266
42.93016219139099
43.53588366508484
45.23789596557617
41.685818910598755
45.74309682846069
43.031753063201904
41.194403886795044
37.43930792808533
37.19047284126282
35.97578024864197
39.43525052070618
37.67535948753357
40.092554807662964
37.12469291687012
37.224124908447266
36.289772272109985
60.68865370750427
57.78133726119995
59.748931646347046
37.18745303153992
36.145987033843994
33.39619755744934
36.5462327003479
40.04838681221008
37.98695969581604
36.53581213951111
38.68655610084534
36.55062413215637
37.73094654083252
31.899747610092163
33.9753315448761
30.083372116088867
32.30226421356201
36.89097476005554
42.74321794509888
39.79619121551514
39.84872627258301
45.38680338859558
42.985769510269165
43.678853273391724
43.241355180740356
43.639652490615845
39.14250659942627
41.186848640441895
41.0361909866333
38.63720178604126
39.48447108268738
42.490721464157104
40.39407658576965
37.880372047424316
41.681647539138794
42.241785764694214
44.445820808410645
43.836217403411865
41.832284927368164
48.830650806427
49.435943603515625
54.99321508407593
51.64100003242493
49.748332262039185
51.89228105545044
49.39707112312317
44.090972661972046
43.88152766227722
41.62690210342407
44.03678631782532
56.9547381401062
54.792510986328125
62.43821668624878
61.88226127624512
56.37744903564453
61.79666304588318
55.59070038795471
57.62874937057495
53.33834147453308
56.18875217437744
56.392496824264526
56.19705820083618
43.682894468307495
45.84173107147217
44.498509883880615
49.89375567436218
34.392343521118164
30.13101840019226
28.90055513381958
27.702249765396118
29.391432762145996
26.29804301261902
37.37608242034912
37.04734659194946
38.93743181228638
36.697606563568115
34.235960245132446
36.627591133117676
37.4984085559845
36.548309564590454
36.49501633644104
36.19109511375427
36.886096477508545
38.48874020576477
39.68985033035278
44.199113607406616
48.99960660934448
48.70323991775513
49.89633917808533
47.77726602554321
48.394957304000854
37.19327473640442
31.235780239105225
27.08056926727295
35.27610182762146
32.729921102523804
32.033982038497925
32.24042248725891
31.879762649536133
38.043365716934204
40.19525384902954
42.483410120010376
35.69150400161743
29.58541464805603
33.44047403335571
32.6493775844574
31.576035499572754
60.89937090873718
59.98304343223572
59.083866357803345
57.28968334197998
61.3129448890686
53.74337840080261
52.840025186538696
34.19446659088135
33.48059415817261
38.87798714637756
59.59937286376953
59.33383631706238
56.0940043926239
46.244243144989014
44.73533225059509
46.78335118293762
40.83062767982483
49.82680130004883
43.93955898284912
45.95434761047363
46.79276251792908
46.68498611450195
47.24640345573425
44.09066128730774
54.023094177246094
55.481236696243286
53.19453144073486
54.0263934135437
50.82679510116577
50.39958930015564
49.53159713745117
51.98597049713135
53.2381911277771
49.59215569496155
49.79278087615967
36.93942141532898
43.224326372146606
32.646459341049194
31.983869075775146
27.987241744995117
32.87986898422241
44.074459075927734
45.63295221328735
45.6333589553833
46.1882758140564
44.2424852848053
46.799009799957275
42.889280557632446
47.487027168273926
44.83135771751404
50.74196243286133
42.29437756538391
40.38393425941467
40.98950457572937
42.338863134384155
43.079405307769775
40.44738483428955
42.67360472679138
40.75055527687073
33.58087348937988
29.625815629959106
31.032029390335083
31.484488487243652
28.75060510635376
32.54292058944702
31.327791213989258
28.194485664367676
29.192626476287842
28.291548013687134
31.232741117477417
30.247841596603394
33.187920808792114
32.53709292411804
36.301713705062866
35.00159931182861
33.147687673568726
33.98587656021118
50.59090614318848
48.97410583496094
50.30022644996643
51.197279930114746
48.935768365859985
50.23445916175842
49.02761149406433
53.180546283721924
50.58536744117737
51.64913558959961
48.989506244659424
51.581273317337036
53.44641971588135
49.25045466423035
46.70104742050171
40.98659634590149
40.04008364677429
39.89569902420044
40.29402446746826
42.493953466415405
40.348244190216064
46.05287289619446
47.29900336265564
50.63429284095764
50.05098628997803
50.14923930168152
50.994271755218506
51.39947962760925
44.92740774154663
46.24727010726929
44.33555483818054
46.04792881011963
46.63936924934387
49.19515585899353
47.04902148246765
50.04601430892944
50.341798305511475
47.43627452850342
56.884782552719116
58.19795894622803
55.54788947105408
57.44152331352234
53.48192548751831
59.38387966156006
43.62994742393494
27.126819610595703
33.68341374397278
31.593573808670044
30.395232439041138
31.28925132751465
27.484708786010742
30.827133893966675
30.748046398162842
28.43429183959961
33.92754149436951
33.681949853897095
32.59544086456299
34.43225622177124
37.54547691345215
32.44870853424072
49.44134306907654
58.679757595062256
59.501664876937866
59.14139485359192
31.200976610183716
32.89894914627075
26.797046899795532
31.13843011856079
30.838346481323242
46.48618698120117
48.338223457336426
47.898399114608765
44.08222317695618
43.844688415527344
42.97871279716492
46.19231462478638
43.39507293701172
42.68626618385315
46.34432816505432
41.685678243637085
48.649757623672485
44.743695974349976
49.600188970565796
47.14870309829712
46.87662649154663
44.43660807609558
45.69851994514465
34.786545515060425
29.382669687271118
31.549983978271484
29.98684811592102
29.497081995010376
42.54775047302246
40.2771942615509
44.03724503517151
44.47991418838501
42.980918884277344
44.83424615859985
44.9535927772522
43.48864483833313
43.43848443031311
44.6476686000824
41.634483098983765
48.29236054420471
58.0404052734375
53.58829140663147
55.828309774398804
54.44131278991699
45.92798900604248
43.04555106163025
40.59058690071106
43.00083875656128
38.941001653671265
41.678587436676025
35.94544005393982
34.001455545425415
35.84944415092468
36.99145698547363
36.933210372924805
41.39732551574707
37.42947220802307
38.59650921821594
40.08446955680847
38.44324016571045
37.33800935745239
39.84586191177368
40.837796688079834
38.88679885864258
43.4257378578186
43.496076822280884
44.53847527503967
46.44867658615112
43.99654459953308
45.834081411361694
43.9920015335083
46.18040442466736
44.79267764091492
44.9446496963501
34.28887319564819
35.02913165092468
32.68611192703247
39.03320670127869
41.13440728187561
39.331294775009155
41.58739113807678
43.541292905807495
43.84412455558777
48.24387812614441
49.89014792442322
47.6964476108551
48.9811270236969
48.545562744140625
49.69251370429993
62.44275093078613
55.74535369873047
60.496315479278564
60.78815984725952
59.6831579208374
57.393272399902344
55.5483295917511
41.548890113830566
42.79308104515076
40.396748542785645
40.987974405288696
43.8296172618866
53.83899211883545
60.68272805213928
62.853041887283325
56.636762619018555
56.2455096244812
44.38074707984924
40.87459635734558
42.628562211990356
43.58123469352722
42.33464026451111
41.38578653335571
43.85141682624817
44.582226037979126
29.03991389274597
27.742313861846924
32.3808708190918
46.44509148597717
55.68608021736145
57.240785360336304
58.140509366989136
55.09903359413147
45.442525148391724
35.1540207862854
41.593666315078735
42.92805194854736
40.60033202171326
40.348254442214966
41.995238065719604
41.69259691238403
36.63375473022461
40.84344148635864
44.19560098648071
44.38576674461365
45.12995910644531
43.49924373626709
43.727983713150024
45.584951639175415
45.89334273338318
50.631407499313354
61.928818702697754
61.23794341087341
51.70278310775757
42.25110673904419
40.385987520217896
44.4871871471405
45.94238066673279
47.94518065452576
50.53427457809448
47.48873829841614
52.400471687316895
41.44163155555725
38.94011211395264
38.13110160827637
40.230311155319214
40.090445041656494
44.23695778846741
54.44414401054382
54.243799448013306
55.62565231323242
57.840943813323975
39.92551350593567
35.832237243652344
35.7953565120697
33.98513174057007
36.24128484725952
34.64237952232361
34.90129017829895
39.00207185745239
40.04472756385803
42.69702482223511
39.34384870529175
42.337698459625244
37.538135290145874
41.743452310562134
39.07997012138367
40.04126596450806
41.2921416759491
39.30071687698364
31.334625482559204
29.682567834854126
31.144606590270996
33.53956317901611
30.527684450149536
34.738274812698364
33.440627574920654
31.2990779876709
55.13778901100159
59.490439653396606
56.433205366134644
56.64507699012756
61.8383424282074
53.384981870651245
45.82969260215759
40.199347734451294
40.18855929374695
46.04158353805542
46.09235405921936
50.138479471206665
47.442891120910645
44.2452027797699
47.65235638618469
51.79685997962952
39.8858916759491
50.048989057540894
55.19320011138916
51.07907032966614
58.39945983886719
36.2325758934021
22.528406858444214
35.54124116897583
44.488332986831665
41.18082928657532
40.69703006744385
45.9880096912384
41.84729886054993
32.94821310043335
27.495287656784058
27.38953995704651
26.4892258644104
29.080488920211792
23.327929735183716
43396.79966402054
