1765167760.605977 1765167795.6537867
1765167803.6620169 1765167837.1082127
1765167837.1082995 1765167879.913567
1765167887.9218493 1765167918.492779
1765167927.5019832 1765167963.505317
1765167969.5115416 1765168001.8944635
1765168002.8950305 1765168045.947809
1765168052.9483442 1765168091.337405
1765168097.3435204 1765168133.1240356
1765168139.1273608 1765168175.5414777
1765168181.5469108 1765168221.945846
1765168229.9508948 1765168262.706999
1765168268.7108934 1765168305.7354329
1765168307.7376513 1765168344.8870354
1765168347.890201 1765168386.6836865
1765168386.6837733 1765168428.4370613
1765168435.4428852 1765168468.2816923
1765168473.2868896 1765168507.4582994
1765168509.4604473 1765168558.0480664
1765168565.0548744 1765168600.337475
1765168603.3390577 1765168644.672179
1765168651.6789677 1765168697.4964511
1765168699.4985836 1765168738.7813942
1765168743.782888 1765168789.5019832
1765168797.5069156 1765168843.9611318
1765168844.961454 1765168892.2075813
1765168893.2084525 1765168942.9231632
1765168947.9269848 1765168988.6012938
1765168995.606987 1765169032.3898344
1765169041.3990982 1765169069.909862
1765169070.9111032 1765169111.110573
1765169115.114816 1765169150.9875574
1765169160.9948874 1765169192.1450396
1765169201.150943 1765169230.8103623
1765169231.8107657 1765169276.8159957
1765169278.816253 1765169314.9533002
1765169315.9544263 1765169353.981732
1765169358.9868948 1765169391.9988449
1765169394.9992917 1765169428.7343981
1765169433.7395885 1765169465.7874215
1765169474.7953644 1765169499.1161869
1765169505.117169 1765169534.902311
1765169542.9069142 1765169573.633545
1765169577.637715 1765169608.1128414
1765169615.1188865 1765169644.4371114
1765169645.438266 1765169689.6544821
1765169689.6545568 1765169732.4987752
1765169738.5028813 1765169768.9835613
1765169772.9868772 1765169805.7091374
1765169808.709733 1765169845.2875502
1765169845.2877114 1765169884.2918718
1765169889.2948923 1765169922.0614247
1765169924.0635946 1765169960.1076512
1765169963.1107335 1765169996.5401702
1765170003.5473883 1765170033.7591743
1765170037.7632992 1765170070.7048302
1765170072.7068946 1765170109.8283129
1765170111.828832 1765170153.7874932
1765170161.795701 1765170198.7649202
1765170202.7668872 1765170243.089132
1765170245.0909 1765170287.1874125
1765170288.188547 1765170339.4023838
1765170346.4095457 1765170386.2787633
1765170394.280024 1765170437.8976595
1765170439.8998406 1765170483.77594
1765170483.7760139 1765170533.910825
1765170543.9210534 1765170583.5696583
1765170583.5697825 1765170634.5333848
1765170637.5348957 1765170682.8473008
1765170686.8514214 1765170720.891707
1765170730.9018846 1765170769.6619554
1765170771.6640782 1765170821.9443398
1765170828.9515185 1765170859.9197116
1765170862.9221585 1765170904.5615127
1765170910.561784 1765170953.328071
1765170962.3352408 1765171004.0299048
1765171012.0380669 1765171051.1110094
1765171051.1110995 1765171088.9821713
1765171095.9869578 1765171142.7589035
1765171143.7600822 1765171181.6233442
1765171188.6237109 1765171225.6270597
1765171229.6274037 1765171268.3729403
1765171275.3789163 1765171307.729418
1765171309.731587 1765171354.5670862
1765171363.5762918 1765171398.3412867
1765171403.3428757 1765171438.59243
1765171438.592544 1765171482.1864638
1765171491.1935647 1765171526.1729107
1765171530.173248 1765171563.1559384
1765171564.157043 1765171605.0381222
1765171610.0432944 1765171642.260275
1765171644.2624147 1765171674.9174733
1765171681.9246452 1765171712.405898
1765171712.4059768 1765171749.9231334
1765171755.9268947 1765171786.72796
1765171794.7288034 1765171823.7520142
1765171833.7588878 1765171859.905336
1765171869.9080157 1765171895.0078547
1765171896.0089939 1765171935.0254982
1765171944.034738 1765171971.233164
