1765167763.821793 1765167798.9284105
1765167801.9315794 1765167839.5195737
1765167846.522888 1765167882.9374433
1765167883.9386375 1765167924.5634105
1765167927.56661 1765167966.8576226
1765167969.8588912 1765168006.9275076
1765168009.9306939 1765168049.4737236
1765168050.4751172 1765168092.975644
1765168092.9757383 1765168134.852654
1765168137.8529906 1765168178.3705678
1765168186.3748853 1765168220.3958993
1765168230.4028902 1765168271.0468569
1765168279.0550663 1765168308.0790603
1765168313.079321 1765168349.4512668
1765168349.4514074 1765168381.8033907
1765168381.8034847 1765168432.7473185
1765168437.7508948 1765168470.4812515
1765168473.4828808 1765168508.0334363
1765168517.038891 1765168559.278076
1765168565.2794018 1765168601.7199898
1765168606.7251878 1765168647.5112963
1765168657.5215268 1765168698.4694533
1765168708.479671 1765168740.9434307
1765168750.9509063 1765168792.198501
1765168802.2068896 1765168846.7985754
1765168855.8078237 1765168894.967414
1765168904.9776056 1765168940.4797018
1765168940.4798434 1765168983.9940655
1765168989.9989114 1765169035.130287
1765169036.1306984 1765169072.0892463
1765169076.0908887 1765169115.2223694
1765169124.2230754 1765169153.2083902
1765169155.2088852 1765169193.729221
1765169195.7314126 1765169232.3389692
1765169238.3395863 1765169271.7707102
1765169273.7729106 1765169316.795796
1765169321.7963016 1765169358.431862
1765169360.4323812 1765169394.5722582
1765169400.5784605 1765169430.6565654
1765169440.6569765 1765169467.2117023
1765169474.2188883 1765169501.3766527
1765169509.3847754 1765169536.342555
1765169539.3457637 1765169573.4329996
1765169578.438154 1765169609.983983
1765169614.9869287 1765169650.3078032
1765169660.3109202 1765169693.971725
1765169696.9748807 1765169733.4093442
1765169736.4108746 1765169769.8254657
1765169772.8268864 1765169805.0725236
1765169813.078954 1765169841.5940628
1765169849.5989106 1765169877.1797698
1765169880.1829252 1765169923.6092815
1765169931.6175096 1765169962.2573001
1765169962.2574434 1765169999.2558043
1765170005.258887 1765170037.126504
1765170039.1286283 1765170073.3348444
1765170080.3420985 1765170112.4367762
1765170113.437957 1765170157.1055057
1765170163.111738 1765170200.1498916
1765170204.1522048 1765170245.0409465
1765170250.0461164 1765170292.6127992
1765170295.61489 1765170337.5679708
1765170346.574954 1765170385.7784104
1765170385.778511 1765170436.8190196
1765170442.822888 1765170486.3984873
1765170489.4000704 1765170531.5851355
1765170537.5858343 1765170581.3765645
1765170591.3867064 1765170636.0527458
1765170643.0573502 1765170685.9579504
1765170694.967109 1765170727.404434
1765170734.40522 1765170775.9764442
1765170780.9789894 1765170822.4913006
1765170823.492445 1765170863.5329432
1765170871.5333862 1765170910.3054824
1765170916.3116286 1765170953.0908768
1765170956.0940797 1765171000.7290921
1765171000.7291765 1765171053.7435315
1765171060.7506568 1765171094.2964587
1765171100.3026443 1765171144.9813614
1765171151.9884903 1765171186.1324947
1765171187.133679 1765171223.5226014
1765171227.5228999 1765171271.9484456
1765171275.9508898 1765171314.0381124
1765171318.0388892 1765171356.3925605
1765171365.4017036 1765171401.183465
1765171406.1870716 1765171440.3285592
1765171446.3287928 1765171484.0910623
1765171490.0948822 1765171527.9106984
1765171536.9198265 1765171567.320269
1765171572.3254533 1765171603.9376924
1765171612.937963 1765171641.8250208
1765171645.8268862 1765171677.5253255
1765171683.5314546 1765171711.3412864
1765171720.3468835 1765171749.022852
1765171749.0230038 1765171784.0657442
1765171784.0659158 1765171823.3300755
1765171825.3322027 1765171858.0023475
1765171868.0109012 1765171895.8168218
1765171896.8180556 1765171934.9225047
1765171936.9228823 1765171969.7448344
