1765167764.145126 1765167800.4219646
1765167807.4234312 1765167840.8984323
1765167848.898913 1765167885.5501218
1765167893.5548997 1765167926.231737
1765167930.2358575 1765167967.8471787
1765167969.8493536 1765168007.0074844
1765168008.008624 1765168048.8680246
1765168050.8702695 1765168094.9334605
1765168099.9352677 1765168136.0022974
1765168143.0069034 1765168179.0331051
1765168187.0388856 1765168225.8342133
1765168232.8413715 1765168265.9240143
1765168265.924105 1765168301.5829318
1765168303.5838528 1765168347.8146539
1765168347.8147523 1765168382.6959686
1765168384.696213 1765168429.8899
1765168432.8908784 1765168463.6416051
1765168473.650872 1765168506.776123
1765168510.7764685 1765168556.4407709
1765168557.4419367 1765168603.2331562
1765168605.235287 1765168647.3952403
1765168655.4028828 1765168700.57125
1765168710.5814924 1765168736.195473
1765168745.2029104 1765168792.8170848
1765168798.822886 1765168846.4638612
1765168847.4651918 1765168896.3385398
1765168906.3468885 1765168945.7698858
1765168953.7780838 1765168991.7821639
1765168996.786881 1765169032.3756557
1765169036.3789358 1765169066.1578739
1765169070.162159 1765169116.087845
1765169125.0935917 1765169154.6703148
1765169156.670882 1765169193.7420695
1765169202.7509103 1765169235.4753525
1765169239.479538 1765169274.877176
1765169277.8789692 1765169315.2071793
1765169320.2075498 1765169353.2924483
1765169360.29337 1765169395.0195892
1765169405.0298283 1765169432.4764345
1765169437.4788904 1765169468.2337446
1765169472.2348878 1765169501.3542163
1765169504.3573847 1765169535.4922855
1765169539.4926727 1765169571.3344092
1765169571.334541 1765169604.1923308
1765169605.1934485 1765169648.0353184
1765169655.0388975 1765169688.2458587
1765169695.250627 1765169729.7728992
1765169731.7734182 1765169766.0437388
1765169771.0469346 1765169802.72374
1765169807.726985 1765169840.2660286
1765169845.2712395 1765169879.5785913
1765169881.5807707 1765169919.936489
1765169925.9388864 1765169960.09659
1765169966.0994384 1765169995.4133945
1765170004.419339 1765170032.6940076
1765170038.7002838 1765170069.7479181
1765170073.7509742 1765170108.2269804
1765170113.2321606 1765170153.1696806
1765170161.1750147 1765170198.2214432
1765170207.230607 1765170238.9314568
1765170248.9416327 1765170290.5510542
1765170293.5541704 1765170339.4789834
1765170341.4811828 1765170388.5725381
1765170390.574683 1765170437.0143774
1765170437.014517 1765170486.0085058
1765170489.010883 1765170533.549396
1765170542.558634 1765170585.392429
1765170585.392586 1765170636.823175
1765170645.830888 1765170685.860241
1765170685.8604114 1765170727.2975087
1765170727.297649 1765170780.0068784
1765170789.0148938 1765170827.678367
1765170835.6786284 1765170868.0593307
1765170870.0614994 1765170910.0326755
1765170911.0334287 1765170955.5294611
1765170959.5309665 1765171006.1838768
1765171015.192991 1765171048.4608922
1765171048.4610233 1765171093.8809538
1765171097.8811603 1765171144.7256489
1765171144.7257206 1765171185.627821
1765171192.634942 1765171228.1063054
1765171236.1082213 1765171269.9278672
1765171276.9348917 1765171311.6984682
1765171318.7028828 1765171355.6195643
1765171363.626903 1765171399.8883922
1765171399.8885698 1765171434.2279887
1765171441.2349446 1765171476.8181973
1765171478.8188689 1765171527.9066257
1765171534.9138012 1765171559.6207263
1765171560.6218793 1765171600.2835362
1765171607.2870412 1765171636.9911792
1765171641.9948988 1765171676.1431737
1765171682.146882 1765171711.1115508
1765171716.116673 1765171747.2532508
1765171747.253406 1765171783.6178396
1765171792.6270368 1765171818.981608
1765171823.9867928 1765171858.652453
1765171864.6548867 1765171893.2697134
1765171897.2708924 1765171933.2449043
1765171935.2454832 1765171970.200398
