1765167761.8322916 1765167797.6622334
1765167798.663418 1765167836.4377222
1765167836.4378226 1765167880.4056942
1765167881.4068813 1765167923.064697
1765167933.0748768 1765167964.296496
1765167970.3026679 1765168004.4418938
1765168010.4480925 1765168040.084001
1765168040.0841134 1765168092.3215125
1765168094.323666 1765168134.0562513
1765168134.0563862 1765168176.2790048
1765168184.2871296 1765168222.8984144
1765168232.9068813 1765168264.471367
1765168271.474946 1765168305.5237033
1765168314.531278 1765168345.742059
1765168353.7502427 1765168385.4810066
1765168389.4851255 1765168428.205486
1765168429.20614 1765168467.4520607
1765168471.4548903 1765168505.541404
1765168510.5431566 1765168555.3876743
1765168557.3881116 1765168599.9703133
1765168608.9789217 1765168646.3776639
1765168656.3868985 1765168696.9751546
1765168698.9770658 1765168739.6443446
1765168745.6449337 1765168791.2519326
1765168794.2551312 1765168843.750338
1765168852.7593203 1765168893.3392508
1765168898.3429098 1765168943.9413784
1765168950.946883 1765168988.418627
1765168989.4188297 1765169032.8322828
1765169041.8415096 1765169070.4887054
1765169080.4989803 1765169111.8852334
1765169115.8868794 1765169151.168987
1765169153.1708846 1765169194.0684686
1765169201.075771 1765169227.870244
1765169235.8784628 1765169273.678755
1765169276.6819427 1765169314.6817586
1765169316.683956 1765169354.290801
1765169357.2939944 1765169393.0941944
1765169396.0974007 1765169429.81568
1765169432.8188565 1765169466.538927
1765169475.5470002 1765169499.5632148
1765169503.567386 1765169533.9449937
1765169538.9501123 1765169572.1177151
1765169577.1228836 1765169608.1819215
1765169610.1822078 1765169648.4574735
1765169651.4606395 1765169692.6870425
1765169699.6942132 1765169732.985213
1765169741.9943888 1765169768.5080533
1765169772.508665 1765169804.1665213
1765169812.1712203 1765169845.4285855
1765169853.4348805 1765169885.6896563
1765169895.6998456 1765169920.4097266
1765169929.4113286 1765169961.1852195
1765169971.1954072 1765169996.3291886
1765170005.334883 1765170028.5334616
1765170028.5335348 1765170070.923954
1765170070.9240916 1765170105.4356616
1765170112.4388752 1765170154.4548979
1765170162.4630578 1765170198.0652845
1765170204.065909 1765170242.491608
1765170252.499208 1765170290.9016216
1765170299.9068997 1765170341.264145
1765170346.269367 1765170385.9794126
1765170388.9825916 1765170436.6217935
1765170446.6247408 1765170485.805002
1765170488.808178 1765170532.2162728
1765170539.2234526 1765170585.4781444
1765170593.4859726 1765170634.2125201
1765170640.214923 1765170684.713807
1765170690.7200425 1765170727.4632597
1765170729.4654286 1765170776.9443364
1765170785.9535325 1765170824.0195353
1765170824.0196733 1765170863.6365366
1765170870.6429465 1765170906.0913851
1765170914.0996222 1765170951.223094
1765170952.2236133 1765171004.6176474
1765171013.6228878 1765171050.8892407
1765171052.8908794 1765171084.3611915
1765171086.3633041 1765171140.1848383
1765171146.1908717 1765171179.9734676
1765171182.9748936 1765171227.3283033
1765171228.3291824 1765171270.0174162
1765171274.017925 1765171309.3157299
1765171318.3229852 1765171352.2056246
1765171358.211849 1765171399.3873746
1765171408.396497 1765171438.8704867
1765171444.8748913 1765171475.9229007
1765171480.9269395 1765171524.549645
1765171533.5554807 1765171565.6687744
1765171566.6699548 1765171602.4143052
1765171609.421478 1765171640.3563473
1765171647.3635142 1765171672.580471
1765171680.5886493 1765171709.915047
1765171711.9172251 1765171747.1817799
1765171753.1879528 1765171784.458717
1765171788.4629111 1765171820.682247
1765171825.687117 1765171856.2701416
1765171861.2749054 1765171893.827429
1765171900.8308823 1765171929.9749525
1765171934.9790242 1765171967.1196947
