1761213608.6930287 1761213648.4432743
1761213648.4434078 1761213693.5370169
1761213702.546369 1761213728.2848935
1761213728.284936 1761213770.182944
1761213774.1870825 1761213819.3687193
1761213820.369801 1761213863.761173
1761213872.7676163 1761213929.6566405
1761213932.6593235 1761213960.757079
1761213967.7636275 1761213993.8086357
1761214003.8149552 1761214032.689218
1761214032.6892447 1761214069.4422479
1761214073.4436724 1761214112.7734876
1761214115.775622 1761214162.5670428
1761214169.5729494 1761214219.338848
1761214223.3396697 1761214264.4891448
1761214267.4922416 1761214310.3681147
1761214317.3716204 1761214352.7662811
1761214352.7663054 1761214397.1167073
1761214403.119734 1761214435.1394496
1761214442.1436164 1761214479.7089803
1761214479.7090106 1761214523.0771217
1761214531.0837505 1761214565.4891336
1761214575.4993012 1761214606.644283
1761214608.6463656 1761214663.7246847
1761214667.7276318 1761214725.6172786
1761214734.626517 1761214782.5947177
1761214787.5956802 1761214818.9200742
1761214821.923191 1761214860.9134772
1761214862.9137225 1761214908.0669074
1761214918.0757189 1761214963.4988859
1761214967.5030415 1761215020.9350777
1761215024.935635 1761215071.3582606
1761215075.362355 1761215124.8743172
1761215125.8754687 1761215180.6162357
1761215188.624135 1761215228.9670186
1761215236.9716766 1761215277.040555
1761215281.0436163 1761215327.1098077
1761215328.1109352 1761215370.570921
1761215378.575612 1761215415.1991842
1761215415.1992238 1761215461.994209
1761215470.002343 1761215501.4851234
1761215509.4916584 1761215550.5187252
1761215551.5196776 1761215610.1369567
1761215618.1451423 1761215665.840637
1761215675.8507829 1761215708.8130162
1761215718.819687 1761215747.5170486
1761215748.5181847 1761215807.1340446
1761215809.1356633 1761215857.5526023
1761215864.5596223 1761215918.7089386
1761215928.7190692 1761215951.7454305
1761215953.7475092 1761215989.2991605
1761215991.3012986 1761216030.2635393
1761216038.2716498 1761216068.7151852
1761216070.71568 1761216108.6727579
1761216114.6761796 1761216152.440344
1761216154.442494 1761216181.1258667
1761216187.1319659 1761216215.8636022
1761216223.8716638 1761216248.6813598
1761216251.6844912 1761216285.1304445
1761216295.1396787 1761216324.3839397
1761216329.387691 1761216373.1782699
1761216379.1844034 1761216408.994818
1761216411.997904 1761216449.026276
1761216452.0276153 1761216485.7030513
1761216491.7090201 1761216519.6801279
1761216520.6812582 1761216563.5797083
1761216564.5800834 1761216606.5271223
1761216613.5342114 1761216642.7330873
1761216643.7341704 1761216676.292918
1761216682.2990212 1761216716.620695
1761216721.625827 1761216762.3575773
1761216766.3617554 1761216824.8903744
1761216834.899693 1761216866.8348806
1761216869.8376758 1761216902.8572168
1761216907.8623555 1761216936.8385897
1761216938.8398306 1761216997.895672
1761217007.9058099 1761217045.7226987
1761217050.7276726 1761217107.0974772
1761217107.097504 1761217165.4363065
1761217173.4436302 1761217223.9152482
1761217227.9173746 1761217271.8921983
1761217278.8992848 1761217319.5321352
1761217329.5423064 1761217352.9213228
1761217357.9236314 1761217392.316377
1761217398.3198042 1761217426.5810707
1761217436.5876663 1761217464.3713481
1761217474.379621 1761217499.7840624
1761217503.7877069 1761217536.0267036
1761217537.027602 1761217573.7091875
1761217575.7113154 1761217607.4014306
1761217607.4014595 1761217645.1481514
1761217652.1516786 1761217689.9817312
1761217696.9888716 1761217741.6969626
1761217742.6980398 1761217789.7899878
1761217793.7941446 1761217834.805957
1761217842.8140905 1761217876.0113301
1761217880.0154188 1761217926.6849804
1761217935.6924016 1761217967.9620497
1761217974.9692993 1761218011.311716
1761218019.3198009 1761218053.7049215
