1752199818.7302747 1752199846.08296
1752199846.082979 1752199872.572691
1752199872.5727112 1752199894.1420078
1752199894.1420295 1752199921.8232563
1752199921.823279 1752199947.4501452
1752199947.4501636 1752199968.737172
1752199968.7371936 1752199996.8447528
1752199996.8447728 1752200022.0311444
1752200022.0311673 1752200046.7748227
1752200046.7748463 1752200076.6344652
1752200076.6344845 1752200099.245794
1752200099.2458115 1752200125.3922188
1752200125.3922434 1752200159.4687676
1752200159.4688017 1752200185.1624582
1752200185.1624758 1752200206.114499
1752200206.1145196 1752200229.1920512
1752200229.1920724 1752200254.1342876
1752200254.1343062 1752200281.1555417
1752200281.155587 1752200311.6850092
1752200311.6850271 1752200331.2458587
1752200331.2458787 1752200356.7657862
1752200356.7658079 1752200384.6717641
1752200384.671786 1752200409.3255053
1752200409.3255234 1752200430.0148778
1752200430.0148976 1752200459.5499234
1752200459.5499463 1752200489.5212002
1752200489.5212224 1752200511.001276
1752200511.001294 1752200534.8394928
1752200534.8395247 1752200558.651266
1752200558.651289 1752200576.3079665
1752200576.3079896 1752200597.261058
1752200597.2610786 1752200621.0347855
1752200621.034811 1752200643.343119
1752200643.3431392 1752200662.5872705
1752200662.587289 1752200678.7409909
1752200678.7410066 1752200714.1648161
1752200714.1648378 1752200738.222496
1752200738.222517 1752200770.3362794
1752200770.3363075 1752200796.235707
1752200796.2357268 1752200820.7155242
1752200820.7155461 1752200849.7212756
1752200849.721292 1752200869.5281198
1752200869.528138 1752200902.9398634
1752200902.9398994 1752200931.1418061
1752200931.1418264 1752200959.0412617
1752200959.041287 1752200981.0821576
1752200981.0821874 1752201013.9847722
1752201013.9847915 1752201032.301384
1752201032.3014011 1752201064.7191792
1752201064.7191994 1752201088.0596495
1752201088.0596764 1752201114.372192
1752201114.3722143 1752201134.8052852
1752201134.8053024 1752201164.0576882
1752201164.0577054 1752201188.1032777
1752201188.1033008 1752201208.6148427
1752201208.6148617 1752201228.6340563
1752201228.6340823 1752201252.40717
1752201252.4072082 1752201271.6655293
1752201271.6655545 1752201303.2867198
1752201303.286748 1752201325.6375556
1752201325.6375883 1752201346.6558638
1752201346.6558874 1752201375.212405
1752201375.2124336 1752201401.4873824
1752201401.4874182 1752201426.8864844
1752201426.8865137 1752201457.033925
1752201457.0339465 1752201478.759537
1752201478.7595592 1752201506.5888968
1752201506.588915 1752201537.0255466
1752201537.0255668 1752201556.132146
1752201556.132168 1752201576.801683
1752201576.8017051 1752201601.9734209
1752201601.9734397 1752201629.6200216
1752201629.620045 1752201657.2958608
1752201657.2958791 1752201679.8584652
1752201679.858487 1752201708.212523
1752201708.2125437 1752201727.2110128
1752201727.2110295 1752201759.5902905
1752201759.5903435 1752201788.657695
1752201788.6577125 1752201813.3240418
1752201813.3240736 1752201836.1386933
1752201836.1387157 1752201859.3502295
1752201859.350254 1752201883.219278
1752201883.2192988 1752201900.48958
1752201900.4895952 1752201930.8516421
1752201930.8516707 1752201953.849652
1752201953.8496795 1752201981.1652853
1752201981.165303 1752202000.8442554
1752202000.8442798 1752202021.189969
1752202021.1899858 1752202052.3558815
1752202052.3559103 1752202082.3903532
1752202082.3903713 1752202108.8306305
1752202108.8306525 1752202137.2748556
1752202137.274877 1752202152.9953744
1752202152.9953914 1752202183.3795156
1752202183.379534 1752202216.2831097
1752202216.2831342 1752202239.45784
1752202239.4578578 1752202268.0493314
1752202268.0493503 1752202290.9148521
1752202290.9148746 1752202317.3469272
1752202317.346951 1752202332.839332
1752202332.8393488 1752202358.251671
1752202358.2516932 1752202386.3309968
1752202386.3310363 1752202407.5491302
1752202407.5491483 1752202431.6418428
1752202431.6418655 1752202455.5418074
1752202455.541824 1752202481.4920995
1752202481.4921207 1752202501.93195
1752202501.9319737 1752202524.3253622
1752202524.3253813 1752202548.0661898
1752202548.066211 1752202567.4729047
1752202567.4729276 1752202585.673801
1752202585.6738172 1752202620.1133072
1752202620.1133342 1752202643.5463073
1752202643.5463324 1752202667.2035522
1752202667.2035892 1752202690.4959579
1752202690.4959772 1752202712.2296252
1752202712.2296538 1752202737.6492553
1752202737.6492767 1752202758.7099547
1752202758.7099843 1752202777.3568215
1752202777.3568385 1752202811.4157448
1752202811.415765 1752202838.2296488
1752202838.2296734 1752202864.5785832
1752202864.5786026 1752202887.9337015
1752202887.9337192 1752202912.3801467
1752202912.3801706 1752202935.3628204
1752202935.3628385 1752202954.5501459
1752202954.5501668 1752202981.3050883
1752202981.3051066 1752203010.4130738
1752203010.413098 1752203030.4770248
1752203030.477043 1752203056.6357095
1752203056.6357594 1752203079.21468
1752203079.2146997 1752203099.8106072
1752203099.8106308 1752203115.7613032
1752203115.7613204 1752203138.3479857
1752203138.348007 1752203165.0228117
1752203165.0228312 1752203188.4481134
1752203188.4481313 1752203205.3828409
1752203205.3828607 1752203231.1991937
1752203231.1992123 1752203258.4091766
1752203258.4091964 1752203282.397069
1752203282.3970923 1752203318.017659
1752203318.017678 1752203347.3306105
1752203347.3306355 1752203377.7109983
1752203377.7110205 1752203402.1582155
1752203402.158233 1752203431.0189123
1752203431.018935 1752203464.150309
1752203464.15033 1752203484.7779698
1752203484.7779863 1752203512.0815778
1752203512.0816011 1752203538.023423
1752203538.023443 1752203561.9784234
1752203561.9784453 1752203592.3271883
1752203592.3272061 1752203611.7729046
1752203611.77292 1752203638.8480747
1752203638.8480985 1752203663.4839683
1752203663.483993 1752203688.741588
1752203688.7416081 1752203709.7652564
1752203709.7652826 1752203732.375619
1752203732.3756425 1752203756.2573853
1752203756.2574043 1752203782.472678
1752203782.4727046 1752203797.0112126
1752203797.011231 1752203821.5855556
1752203821.5855756 1752203847.6507595
1752203847.6507757 1752203877.3000267
1752203877.30005 1752203900.3811727
1752203900.3811913 1752203924.2942138
1752203924.2942371 1752203947.7533572
1752203947.753376 1752203967.6452858
1752203967.6453133 1752203984.5841696
1752203984.584192 1752204008.9318066
1752204008.9318256 1752204035.8589392
1752204035.8589597 1752204053.6029646
1752204053.602984 1752204073.644772
1752204073.6447942 1752204097.7529926
1752204097.753014 1752204117.623776
1752204117.6238017 1752204134.3415809
1752204134.3416002 1752204165.0266623
1752204165.0266898 1752204186.455256
1752204186.455277 1752204208.6425595
1752204208.6425776 1752204229.1162179
1752204229.1162374 1752204253.1904848
1752204253.1905107 1752204275.7745073
1752204275.774527 1752204298.7316651
1752204298.7316842 1752204329.4998286
1752204329.4998484 1752204350.590297
1752204350.5903134 1752204376.9068031
1752204376.9068239 1752204409.1068294
1752204409.1068482 1752204426.587866
1752204426.5878832 1752204456.5609224
1752204456.5609457 1752204478.2276988
1752204478.227732 1752204506.744005
1752204506.7440245 1752204528.6825387
1752204528.68256 1752204547.8308074
1752204547.8308322 1752204574.629527
1752204574.6295588 1752204598.094629
1752204598.0946603 1752204625.2517252
1752204625.2517412 1752204648.8768268
1752204648.8768537 1752204672.6740882
1752204672.6741054 1752204691.3697195
1752204691.3697355 1752204716.5570688
1752204716.5570955 1752204743.633212
1752204743.6332324 1752204766.443166
1752204766.4431934 1752204791.168457
1752204791.1684759 1752204818.965657
1752204818.965678 1752204849.8692853
1752204849.8693056 1752204876.3686507
1752204876.3686857 1752204902.28605
1752204902.2860725 1752204927.6022909
1752204927.6023133 1752204955.450176
1752204955.4501948 1752204982.4095411
1752204982.4095645 1752205007.6244335
1752205007.6244547 1752205032.0415823
1752205032.041601 1752205053.137832
1752205053.1378546 1752205084.1215508
1752205084.12158 1752205106.9895263
1752205106.9895496 1752205130.3628361
1752205130.362866 1752205159.6295435
1752205159.629576 1752205181.5500426
1752205181.5500624 1752205209.9257417
1752205209.925765 1752205236.3366578
1752205236.3366914 1752205265.3890028
1752205265.3890235 1752205292.4125512
1752205292.412578 1752205319.013107
1752205319.0131288 1752205345.3996913
1752205345.3997226 1752205374.616543
1752205374.6165643 1752205403.3129587
1752205403.3129935 1752205424.4564607
1752205424.4564815 1752205460.4307368
1752205460.4307654 1752205486.0416055
1752205486.0416253 1752205510.7056968
1752205510.7057185 1752205527.2841635
1752205527.2841868 1752205564.1773
1752205564.1773229 1752205588.9526722
1752205588.9527009 1752205614.212982
1752205614.2130039 1752205639.9739318
1752205639.9739501 1752205662.1720135
1752205662.1720386 1752205696.7133331
1752205696.7133508 1752205723.550502
1752205723.5505195 1752205750.6865046
1752205750.6865265 1752205783.6961114
1752205783.6961405 1752205810.2023633
1752205810.2023904 1752205838.2098656
1752205838.2098882 1752205861.102346
1752205861.1023643 1752205894.9551704
1752205894.9551933 1752205920.179227
1752205920.1792479 1752205945.0015724
1752205945.0015905 1752205979.2657452
1752205979.2657666 1752206004.0737193
1752206004.0737367 1752206030.182132
1752206030.182155 1752206055.2544951
1752206055.2545118 1752206089.036567
1752206089.036593 1752206111.1589792
1752206111.1589983 1752206140.4380522
1752206140.438075 1752206166.2585256
1752206166.2585428 1752206188.5279684
1752206188.5279906 1752206215.9501572
1752206215.9501827 1752206242.6135693
1752206242.6135943 1752206267.29019
1752206267.2902086 1752206292.9925508
1752206292.9925737 1752206313.8657002
1752206313.8657207 1752206347.1360915
1752206347.1361182 1752206370.5845408
1752206370.584564 1752206396.2799678
1752206396.2799852 1752206414.6131632
1752206414.613186 1752206444.3150158
1752206444.3150349 1752206465.4109466
1752206465.410976 1752206489.68907
1752206489.6890898 1752206512.3318732
1752206512.331897 1752206534.7149158
1752206534.7149346 1752206559.6700058
1752206559.6700284 1752206587.903495
1752206587.9035125 1752206606.3267784
1752206606.3267956 1752206639.1082098
1752206639.1082332 1752206661.5234041
1752206661.5234218 1752206689.2365668
1752206689.236593 1752206718.4347994
1752206718.4348283 1752206743.3186662
1752206743.3186932 1752206772.6259074
1752206772.6259313 1752206795.8560812
1752206795.8561072 1752206811.8594117
1752206811.8594325 1752206839.6890042
1752206839.6890235 1752206859.121698
1752206859.1217175 1752206882.813917
1752206882.813941 1752206895.7543142
1752206895.7543314 1752206924.6258028
1752206924.6258276 1752206951.224916
1752206951.224939 1752206974.8863363
1752206974.8863566 1752207003.8900487
1752207003.8900826 1752207033.0431528
1752207033.0431824 1752207061.8605459
1752207061.8605785 1752207088.7871277
1752207088.787148 1752207110.0292475
1752207110.0292647 1752207140.3873436
1752207140.3873677 1752207163.3123477
1752207163.3123717 1752207184.6399052
1752207184.639929 1752207206.8596754
1752207206.8597023 1752207233.6647375
1752207233.6647582 1752207265.883779
1752207265.8837981 1752207284.1397345
1752207284.1397605 1752207321.9206204
1752207321.9206383 1752207350.4514902
1752207350.4515154 1752207379.088734
1752207379.0887601 1752207407.1749887
1752207407.1750157 1752207435.1653588
1752207435.1653905 1752207461.3498635
1752207461.3498812 1752207487.608847
1752207487.6088705 1752207517.6879675
1752207517.687989 1752207542.7257931
1752207542.725818 1752207565.2842135
1752207565.2842374 1752207582.8332088
1752207582.8332446 1752207616.7198696
1752207616.7198966 1752207632.4664319
1752207632.4664483 1752207665.4208188
1752207665.4208448 1752207694.6617992
1752207694.6618173 1752207722.3212183
1752207722.3212416 1752207744.300028
1752207744.3000464 1752207773.772749
1752207773.7727664 1752207804.4033267
1752207804.4033518 1752207829.0297377
1752207829.0297587 1752207853.2023244
1752207853.2023456 1752207883.5017037
1752207883.5017219 1752207904.8108225
1752207904.8108447 1752207925.015139
1752207925.0151575 1752207951.726833
1752207951.7268558 1752207972.4729342
1752207972.4729533 1752207996.5094612
1752207996.509499 1752208017.8394835
1752208017.8395023 1752208053.111642
1752208053.111668 1752208080.8870075
1752208080.8870382 1752208102.2885325
1752208102.2885544 1752208125.943953
1752208125.9439719 1752208150.4233234
1752208150.4233506 1752208177.935637
1752208177.9356585 1752208201.3453133
1752208201.3453386 1752208222.8754742
1752208222.8754935 1752208244.8114924
1752208244.811516 1752208272.3911772
1752208272.3911989 1752208294.2017717
1752208294.2018056 1752208314.9678433
1752208314.9678624 1752208332.2633562
1752208332.263377 1752208357.1002653
1752208357.100288 1752208386.9217682
1752208386.9217932 1752208415.273799
1752208415.273823 1752208437.9751086
1752208437.9751298 1752208467.1421716
1752208467.1422038 1752208488.5759416
1752208488.5759664 1752208511.6006336
1752208511.6006525 1752208542.1117039
1752208542.1117227 1752208568.459818
1752208568.4598463 1752208586.9235134
1752208586.9235332 1752208613.157914
1752208613.1579382 1752208637.1783056
1752208637.178328 1752208658.5227199
1752208658.522741 1752208681.4125764
1752208681.4125988 1752208716.09925
1752208716.099274 1752208748.527489
1752208748.527516 1752208778.3477488
1752208778.3477657 1752208809.8481987
1752208809.8482194 1752208834.1258717
1752208834.125897 1752208855.1092994
1752208855.1093173 1752208884.2867417
1752208884.2867682 1752208903.3619492
1752208903.36197 1752208925.5599008
1752208925.5599205 1752208963.0280502
1752208963.0280817 1752208980.897883
1752208980.897901 1752209007.9586596
1752209007.9586937 1752209033.938234
1752209033.9382546 1752209057.3925679
1752209057.392585 1752209085.131193
1752209085.1312187 1752209108.765385
1752209108.7654028 1752209128.505824
1752209128.5058415 1752209156.0607886
1752209156.0608256 1752209178.6446042
1752209178.6446247 1752209199.7878892
1752209199.7879083 1752209226.8633785
1752209226.8634033 1752209253.4205525
1752209253.4205766 1752209275.5129755
1752209275.5129952 1752209293.0756595
1752209293.0756829 1752209321.8095691
1752209321.8095968 1752209345.1599665
1752209345.1599913 1752209371.1526508
1752209371.1526701 1752209397.5074768
1752209397.5074937 1752209418.95804
1752209418.9580662 1752209442.8966057
1752209442.8966248 1752209466.609482
1752209466.6095011 1752209493.5191722
1752209493.5192003 1752209517.0346386
1752209517.0346594 1752209533.1060333
1752209533.1060526 1752209555.4244936
1752209555.4245195 1752209579.7752664
1752209579.7752862 1752209601.883399
1752209601.8834245 1752209627.4937613
1752209627.4937809 1752209644.740863
1752209644.7408812 1752209679.206239
1752209679.2062614 1752209698.21392
1752209698.2139378 1752209725.09992
1752209725.0999494 1752209747.0818422
1752209747.08186 1752209770.6404903
1752209770.6405244 1752209791.1216292
1752209791.121662 1752209817.4815645
1752209817.481594 1752209840.1577213
1752209840.1577468 1752209863.5057433
1752209863.5057693 1752209887.421425
1752209887.4214485 1752209914.032814
1752209914.032837 1752209931.8690655
1752209931.869087 1752209969.0507133
1752209969.0507364 1752209990.7785993
1752209990.7786167 1752210020.0237467
1752210020.0237691 1752210049.4669955
1752210049.4670205 1752210074.6166856
1752210074.6167104 1752210100.7482693
1752210100.7482889 1752210128.7884924
1752210128.7885208 1752210158.0620828
1752210158.0621057 1752210181.5553763
1752210181.55542 1752210204.2966735
1752210204.2966983 1752210231.8317316
1752210231.831755 1752210258.4669507
1752210258.466975 1752210284.0330298
1752210284.0330532 1752210305.3223186
1752210305.3223453 1752210333.2737286
1752210333.2737575 1752210350.951543
1752210350.9515603 1752210380.0126839
1752210380.012707 1752210408.8174036
1752210408.8174245 1752210433.5284646
1752210433.528491 1752210456.1059477
1752210456.1059685 1752210477.5977137
1752210477.5977376 1752210496.2386262
1752210496.2386491 1752210511.0107853
1752210511.0108025 1752210536.3259518
1752210536.3259742 1752210560.7742987
1752210560.7743244 1752210579.3962529
1752210579.3962846 1752210605.2332604
1752210605.2332802 1752210624.5251486
1752210624.5251777 1752210651.4230032
1752210651.423028 1752210672.2024565
1752210672.2024732 1752210707.1392112
1752210707.1392517 1752210729.9512086
1752210729.9512286 1752210757.9636338
1752210757.963664 1752210781.9154172
1752210781.9154422 1752210811.6262538
1752210811.6262717 1752210836.9125845
1752210836.9126105 1752210860.4628117
1752210860.4628313 1752210885.0571463
1752210885.057166 1752210904.3723688
1752210904.3723927 1752210929.9172964
1752210929.9173183 1752210953.5056865
1752210953.505707 1752210974.4237368
1752210974.4237607 1752211002.07995
1752211002.0799701 1752211025.164062
1752211025.1640859 1752211051.7774444
1752211051.777469 1752211078.8585773
1752211078.858596 1752211105.3043258
1752211105.304351 1752211130.3703601
1752211130.3703818 1752211163.318545
1752211163.3185668 1752211186.3226805
1752211186.3227067 1752211209.0264354
1752211209.0264592 1752211227.3262353
1752211227.3262522 1752211255.3034995
1752211255.3035297 1752211286.6989346
1752211286.6989613 1752211311.4426072
1752211311.4426248 1752211331.1494403
1752211331.1494641 1752211361.8798597
1752211361.8798814 1752211384.3053873
1752211384.3054106 1752211407.0964942
1752211407.0965216 1752211426.5449355
1752211426.5449538 1752211456.6004598
1752211456.600484 1752211481.6773672
1752211481.6773903 1752211503.6692073
1752211503.6692407 1752211522.3236766
1752211522.3236978 1752211555.360435
1752211555.3604617 1752211582.4593525
1752211582.4593782 1752211611.2653491
1752211611.2653854 1752211638.4388309
1752211638.4388564 1752211673.1410131
1752211673.1410396 1752211694.654537
1752211694.6545594 1752211728.0958838
1752211728.0959117 1752211757.0319235
1752211757.031946 1752211782.9663427
1752211782.9663618 1752211806.6097696
1752211806.609788 1752211831.0527983
1752211831.0528305 1752211856.9408712
1752211856.940889 1752211882.1374896
1752211882.137524 1752211904.849857
1752211904.8498778 1752211929.9038732
1752211929.9038937 1752211957.6870716
1752211957.6870904 1752211982.851013
1752211982.851049 1752212010.3100538
1752212010.310075 1752212032.4484022
1752212032.448429 1752212051.1254961
1752212051.1255126 1752212079.9583702
1752212079.9583933 1752212104.5967734
1752212104.5967937 1752212129.965651
1752212129.9656694 1752212153.3347852
1752212153.3348136 1752212176.1673548
1752212176.1673715 1752212199.7312646
1752212199.7312913 1752212218.8589
1752212218.858922 1752212241.3418417
1752212241.341866 1752212265.772011
1752212265.7720325 1752212287.5554922
1752212287.5555146 1752212305.880055
1752212305.880077 1752212330.5731764
1752212330.573201 1752212358.803693
1752212358.8037117 1752212386.819955
1752212386.8199792 1752212409.4453619
1752212409.44539 1752212432.0031693
1752212432.0031965 1752212455.0630484
1752212455.0630646 1752212477.7873585
1752212477.7873874 1752212503.108238
1752212503.1082647 1752212519.5891445
1752212519.5891628 1752212543.762486
1752212543.7625108 1752212574.723029
1752212574.723047 1752212590.8052151
1752212590.8052337 1752212625.4321213
1752212625.4321392 1752212646.9005847
1752212646.9006035 1752212669.921523
1752212669.9215474 1752212699.7068846
1752212699.706902 1752212727.183108
1752212727.1831303 1752212752.5530427
1752212752.5530608 1752212778.7446625
1752212778.744689 1752212797.5905185
1752212797.5905411 1752212815.8537211
1752212815.853739 1752212843.3785276
1752212843.3785503 1752212869.5901737
1752212869.590191 1752212889.349837
1752212889.3498616 1752212910.7657604
1752212910.765779 1752212931.730641
1752212931.730662 1752212957.147459
1752212957.1474786 1752212978.1864095
1752212978.1864262 1752213005.6754851
1752213005.67551 1752213025.944267
1752213025.9442863 1752213046.4297884
1752213046.4298165 1752213064.1032674
1752213064.1032867 1752213087.8769567
1752213087.8769822 1752213112.1063213
1752213112.1063418 1752213137.0488825
1752213137.0489073 1752213160.2629514
1752213160.26297 1752213185.4592721
1752213185.4592965 1752213209.432266
1752213209.432287 1752213231.4423714
1752213231.4423952 1752213256.9625142
1752213256.9625392 1752213275.9858708
1752213275.9858897 1752213302.22938
1752213302.229401 1752213331.3939328
1752213331.393956 1752213359.4846838
1752213359.4847121 1752213375.6623833
1752213375.6623998 1752213403.1376855
1752213403.1377075 1752213428.9834154
1752213428.983434 1752213450.6170847
1752213450.6171114 1752213473.0580332
1752213473.0580497 1752213501.2146866
1752213501.214709 1752213528.3138065
1752213528.313828 1752213553.957776
1752213553.957799 1752213579.1536164
1752213579.1536398 1752213609.200001
1752213609.200018 1752213643.0799851
1752213643.0800107 1752213668.8826587
1752213668.8826761 1752213692.6721725
1752213692.6721988 1752213724.4623759
1752213724.4623985 1752213750.2203925
1752213750.220411 1752213779.8488886
1752213779.8489256 1752213803.0237594
1752213803.0237858 1752213833.1869304
1752213833.1869507 1752213855.9609823
1752213855.9610016 1752213885.2869782
1752213885.2870023 1752213912.8861914
1752213912.8862154 1752213936.1505065
1752213936.1505268 1752213959.0746374
1752213959.0746565 1752213983.1393423
1752213983.1393664 1752214008.599429
1752214008.5994494 1752214027.7499683
1752214027.749988 1752214056.2774432
1752214056.2774646 1752214079.6120172
1752214079.6120408 1752214109.7986455
1752214109.7986708 1752214125.1096237
1752214125.1096394 1752214155.2643225
1752214155.2643647 1752214176.5044982
1752214176.504517 1752214201.9939592
1752214201.9939873 1752214229.5040522
1752214229.5040696 1752214257.7433233
1752214257.7433534 1752214279.0764446
1752214279.0764706 1752214308.295051
1752214308.295074 1752214340.0774927
1752214340.0775127 1752214365.2149065
1752214365.2149315 1752214392.0080354
1752214392.0080547 1752214416.8292027
1752214416.8292239 1752214445.1573381
1752214445.1573603 1752214466.389428
1752214466.3894465 1752214493.9555302
1752214493.9555519 1752214526.1338952
1752214526.1339164 1752214548.9899864
1752214548.9900098 1752214574.2362444
1752214574.2362738 1752214603.4280674
1752214603.4280865 1752214628.1522605
1752214628.1522799 1752214660.7451556
1752214660.7451825 1752214679.5404294
1752214679.5404463 1752214713.7449117
1752214713.7449358 1752214733.8864124
1752214733.8864343 1752214764.8635106
1752214764.8635292 1752214795.4409773
1752214795.4410014 1752214818.1417537
1752214818.1417723 1752214852.239446
1752214852.239476 1752214880.3411024
1752214880.341135 1752214906.0042682
1752214906.0042915 1752214928.7489803
1752214928.7490048 1752214955.8344502
1752214955.834479 1752214983.8566425
1752214983.8566678 1752215012.0299897
1752215012.0300128 1752215036.314444
1752215036.3144696 1752215065.260272
1752215065.2602968 1752215088.2898204
1752215088.2898388 1752215113.910826
1752215113.9108515 1752215140.7466295
1752215140.7466486 1752215171.3949664
1752215171.3949862 1752215193.952432
1752215193.9524581 1752215220.9414802
1752215220.9414976 1752215240.2644541
1752215240.2644725 1752215263.5601075
1752215263.560131 1752215287.7371387
1752215287.737172 1752215316.5454879
1752215316.5455074 1752215333.3753812
1752215333.3753974 1752215366.160967
1752215366.1609879 1752215389.7288985
1752215389.7289233 1752215413.413704
1752215413.4137244 1752215438.8993342
1752215438.8993855 1752215463.756539
1752215463.7565572 1752215485.311942
1752215485.311968 1752215511.0042362
1752215511.004256 1752215536.1709387
1752215536.1709604 1752215557.0728662
1752215557.0728865 1752215579.1171463
1752215579.117174 1752215599.6410768
1752215599.6411004 1752215623.1453104
1752215623.1453307 1752215647.836728
1752215647.83675 1752215669.4309137
1752215669.4309309 1752215699.421681
1752215699.4217057 1752215726.449676
1752215726.449699 1752215753.8969474
1752215753.8969667 1752215782.4886498
1752215782.4886672 1752215804.393855
1752215804.3938804 1752215833.1654494
1752215833.165468 1752215849.5807085
1752215849.5807285 1752215878.834574
1752215878.8345962 1752215907.2019386
1752215907.201961 1752215932.0419831
1752215932.042001 1752215952.8792038
1752215952.8792272 1752215984.3143947
1752215984.3144188 1752216008.7095938
1752216008.70961 1752216029.7153137
1752216029.7153347 1752216058.7750766
1752216058.7751007 1752216083.3844535
1752216083.3844736 1752216108.227815
1752216108.2278428 1752216129.6991694
1752216129.6991906 1752216161.1307118
1752216161.1307352 1752216184.5603707
1752216184.5603921 1752216202.8539217
1752216202.853939 1752216235.8860424
1752216235.88606 1752216255.0897727
1752216255.0898032 1752216281.0820358
1752216281.0820565 1752216304.177345
1752216304.1773684 1752216326.6766725
1752216326.6766922 1752216350.771871
1752216350.7718947 1752216367.7206185
1752216367.7206347 1752216398.755642
1752216398.755668 1752216427.2873974
1752216427.2874193 1752216457.8962793
1752216457.8963027 1752216486.464583
1752216486.4646015 1752216510.9970455
1752216510.997071 1752216539.9143982
1752216539.9144237 1752216570.71974
1752216570.719761 1752216601.4720109
1752216601.4720376 1752216630.1642184
1752216630.1642406 1752216657.8028667
1752216657.8028896 1752216681.3966646
1752216681.3966901 1752216701.8836439
1752216701.8836632 1752216733.095357
1752216733.095383 1752216752.6487267
1752216752.6487534 1752216776.8114069
1752216776.8114288 1752216801.4195006
1752216801.41952 1752216823.90317
1752216823.9031947 1752216853.4434397
1752216853.4434583 1752216869.1959786
1752216869.1959984 1752216899.9087443
1752216899.908774 1752216926.5678976
1752216926.5679245 1752216952.2422457
1752216952.2422674 1752216974.2059717
1752216974.2059975 1752217006.9554415
1752217006.9554625 1752217031.9974017
1752217031.9974205 1752217050.9344606
1752217050.93448 1752217083.978222
1752217083.978244 1752217106.8995802
1752217106.8995984 1752217125.309678
1752217125.3096967 1752217154.59787
1752217154.5978947 1752217178.9280608
1752217178.9280887 1752217201.1909988
1752217201.191017 1752217230.0402167
1752217230.0402415 1752217251.421306
1752217251.4213274 1752217274.541392
1752217274.541411 1752217298.4321015
1752217298.4321227 1752217323.6153405
1752217323.6153727 1752217346.819094
1752217346.8191137 1752217371.8019955
1752217371.8020222 1752217402.9258978
1752217402.9259226 1752217421.9192927
1752217421.9193122 1752217449.5741901
1752217449.574212 1752217474.9643056
1752217474.9643233 1752217491.2111526
1752217491.2111795 1752217512.9325252
1752217512.9325418 1752217541.1880143
1752217541.1880403 1752217569.8217115
1752217569.8217318 1752217590.2437067
1752217590.2437298 1752217612.20548
1752217612.205506 1752217643.6284997
1752217643.6285205 1752217665.2955353
1752217665.2955709 1752217687.2076774
1752217687.2077012 1752217713.0460958
1752217713.0461383 1752217737.3313694
1752217737.3313873 1752217755.8109703
1752217755.810996 1752217782.7228785
1752217782.722897 1752217804.2976108
1752217804.2976356 1752217824.0838912
1752217824.0839152 1752217843.4786563
1752217843.4786723 1752217872.1628547
1752217872.1628795 1752217897.1948435
1752217897.194862 1752217920.0522459
1752217920.0522797 1752217948.7010782
1752217948.701123 1752217974.3846998
1752217974.384725 1752217997.804684
1752217997.8047042 1752218031.2702918
1752218031.2703085 1752218052.4781702
1752218052.4781926 1752218072.3805614
1752218072.3805785 1752218104.241558
1752218104.241587 1752218131.5187833
1752218131.518803 1752218162.8494852
1752218162.849511 1752218186.44268
1752218186.4426987 1752218213.1289928
1752218213.1290145 1752218240.7231421
1752218240.723165 1752218261.3770869
1752218261.3771055 1752218289.391451
1752218289.3914788 1752218314.8362832
1752218314.8363028 1752218338.3341637
1752218338.3341901 1752218363.387101
1752218363.3871176 1752218386.4033737
1752218386.4033978 1752218405.181509
1752218405.1815274 1752218426.050109
1752218426.0501266 1752218459.1028824
1752218459.102904 1752218477.6939118
1752218477.693931 1752218502.3862529
1752218502.386275 1752218533.9696188
1752218533.9696395 1752218562.4150126
1752218562.4150372 1752218585.4894009
1752218585.4894207 1752218608.2160182
1752218608.216036 1752218633.8951242
1752218633.8951588 1752218656.6918662
1752218656.6918843 1752218683.5390875
1752218683.5391083 1752218708.496539
1752218708.4965644 1752218731.6222696
1752218731.622288 1752218758.5175552
1752218758.5175736 1752218790.5256226
1752218790.525647 1752218813.5287333
1752218813.5287547 1752218840.868558
1752218840.8685844 1752218864.8438263
1752218864.8438454 1752218895.256652
1752218895.256675 1752218920.7384393
1752218920.7384589 1752218940.69847
1752218940.6984956 1752218969.0856774
1752218969.0856984 1752218994.1748362
1752218994.1748755 1752219019.1462567
1752219019.146277 1752219040.7412796
1752219040.7413008 1752219060.7342699
1752219060.7342882 1752219092.1361039
1752219092.13613 1752219113.3571303
1752219113.3571482 1752219137.6251447
1752219137.625172 1752219160.7146442
1752219160.7146587 1752219184.2411575
1752219184.2411826 1752219207.6110492
1752219207.6110694 1752219233.1824462
1752219233.182472 1752219261.7652833
1752219261.7653017 1752219286.2790864
1752219286.2791054 1752219310.9149876
1752219310.9150188 1752219335.9748104
1752219335.9748302 1752219359.6301477
1752219359.630175 1752219382.893355
1752219382.8933752 1752219405.9651246
1752219405.9651554 1752219430.423302
1752219430.4233205 1752219450.87995
1752219450.8799682 1752219477.377508
1752219477.3775415 1752219500.6236644
1752219500.6236882 1752219519.3042715
1752219519.3042874 1752219547.340741
1752219547.340764 1752219573.122977
1752219573.1229997 1752219600.2944355
1752219600.2944548 1752219626.0053318
1752219626.0053508 1752219647.4126263
1752219647.412648 1752219678.6379414
1752219678.6379652 1752219703.0113773
1752219703.011404 1752219730.0808718
1752219730.080898 1752219754.0704658
1752219754.070493 1752219770.846926
1752219770.8469427 1752219797.7429643
1752219797.7429879 1752219815.524422
1752219815.5244403 1752219846.637485
1752219846.6375127 1752219875.0106168
1752219875.0106363 1752219900.00018
1752219900.0002055 1752219923.0613613
1752219923.06138 1752219951.4931598
1752219951.493184 1752219968.3385165
1752219968.3385391 1752219992.8509822
1752219992.8510118 1752220017.17028
1752220017.1702983 1752220041.5199363
1752220041.519959 1752220063.300029
1752220063.300048 1752220087.5383167
1752220087.5383344 1752220112.7417607
1752220112.741784 1752220136.076307
1752220136.076324 1752220160.108271
1752220160.108297 1752220182.1164575
1752220182.116478 1752220202.4086552
1752220202.408674 1752220231.1101277
1752220231.1101558 1752220252.2855327
1752220252.2855518 1752220268.7406342
1752220268.740655 1752220299.886261
1752220299.8862796 1752220320.0968487
1752220320.0968676 1752220339.6297321
1752220339.6297526 1752220365.4008772
1752220365.4009016 1752220384.7375484
1752220384.7375662 1752220414.2338674
1752220414.2338924 1752220434.1525636
1752220434.1525793 1752220462.932425
1752220462.9324496 1752220487.7457218
1752220487.7457407 1752220513.3198495
1752220513.319871 1752220539.6949098
1752220539.6949441 1752220563.6763356
1752220563.6763544 1752220592.3489187
1752220592.3489466 1752220607.218556
1752220607.2185743 1752220638.664801
1752220638.6648252 1752220661.1441903
1752220661.14421 1752220688.2371137
1752220688.2371478 1752220710.0142643
1752220710.0142846 1752220741.1814094
1752220741.1814306 1752220769.5984848
1752220769.5985088 1752220795.7276394
1752220795.7276568 1752220820.7297397
1752220820.7297568 1752220850.6012506
1752220850.6012752 1752220874.4020877
1752220874.4021108 1752220896.950491
1752220896.9505107 1752220923.8686044
1752220923.8686233 1752220950.2435858
1752220950.2436078 1752220971.7484634
1752220971.7484875 1752220997.8148658
1752220997.8148904 1752221026.1034942
1752221026.1035178 1752221053.8376107
1752221053.8376358 1752221084.522816
1752221084.5228379 1752221105.5470808
1752221105.5471168 1752221128.1546106
1752221128.154627 1752221162.9307084
1752221162.930739 1752221184.269414
1752221184.2694325 1752221211.3427067
1752221211.3427336 1752221242.645533
1752221242.6455595 1752221266.7653475
1752221266.7653644 1752221300.8736103
1752221300.8736372 1752221330.8344982
1752221330.8345172 1752221351.3491347
1752221351.3491566 1752221387.4805617
1752221387.480582 1752221414.963483
1752221414.9635003 1752221450.0117176
1752221450.0117457 1752221482.6193166
1752221482.6193347 1752221513.1755335
1752221513.1755593 1752221534.3139477
1752221534.3139668 1752221560.3593814
1752221560.3594067 1752221587.9272504
1752221587.9272704 1752221612.2689958
1752221612.2690144 1752221638.4924283
1752221638.492448 1752221658.1596348
1752221658.1596603 1752221682.0516815
1752221682.0517068 1752221698.5505092
1752221698.5505326 1752221720.5417168
1752221720.5417435 1752221749.843824
1752221749.8438478 1752221775.3961868
1752221775.3962042 1752221799.07554
1752221799.07557 1752221824.0741744
1752221824.0742068 1752221851.573414
1752221851.5734332 1752221876.2374759
1752221876.237498 1752221891.580677
1752221891.5806935 1752221927.8830101
1752221927.8830297 1752221952.63459
1752221952.634613 1752221984.971975
1752221984.9719934 1752222014.230106
1752222014.2301302 1752222037.3740196
1752222037.374039 1752222062.856922
1752222062.8569407 1752222092.4536057
1752222092.4536276 1752222115.250387
1752222115.2504067 1752222147.6169567
1752222147.616981 1752222175.603172
1752222175.6031926 1752222203.2829363
1752222203.2829545 1752222222.1243873
1752222222.124412 1752222256.318125
1752222256.318143 1752222284.9696565
1752222284.9696782 1752222311.279935
1752222311.2799635 1752222332.0268846
1752222332.0269046 1752222364.7546718
1752222364.7546964 1752222387.3008294
1752222387.3008463 1752222422.361503
1752222422.3615284 1752222446.9042253
1752222446.9042459 1752222474.3375168
1752222474.3375347 1752222497.8405364
1752222497.8405688 1752222524.334574
1752222524.3345923 1752222547.8689296
1752222547.8689506 1752222573.8318698
1752222573.831895 1752222592.5185688
1752222592.5185902 1752222622.1309562
1752222622.1309783 1752222650.9011378
1752222650.9011588 1752222678.8241153
1752222678.8241408 1752222702.5899153
1752222702.5899308 1752222726.2218566
1752222726.2218764 1752222749.9938724
1752222749.9939013 1752222769.6819613
1752222769.6819773 1752222795.1948745
1752222795.1948974 1752222823.262017
1752222823.2620347 1752222843.8274977
1752222843.8275232 1752222864.9738777
1752222864.9738958 1752222883.9587703
1752222883.958795 1752222909.3499594
1752222909.349981 1752222929.0884812
1752222929.0885055 1752222954.4768748
1752222954.4769027 1752222979.6485734
1752222979.6485922 1752222998.3109233
1752222998.3109448 1752223031.214387
1752223031.214409 1752223052.9164424
1752223052.916501 1752223075.8501844
1752223075.850212 1752223106.5888073
1752223106.5888286 1752223126.2697272
1752223126.2697432 1752223157.4910402
1752223157.4910638 1752223189.384268
1752223189.384289 1752223214.2956502
1752223214.2956712 1752223246.2803254
1752223246.2803435 1752223273.5537844
1752223273.553803 1752223298.0019941
1752223298.002018 1752223326.2861485
1752223326.2861757 1752223351.9814065
1752223351.9814262 1752223379.1898923
1752223379.189919 1752223402.127739
1752223402.1277678 1752223426.0665386
1752223426.0665572 1752223446.9903436
1752223446.9903626 1752223474.2196934
1752223474.219717 1752223489.9654498
1752223489.9654708 1752223529.4418952
1752223529.4419167 1752223551.9299347
1752223551.9299502 1752223574.6038213
1752223574.6038451 1752223594.8208952
1752223594.8209136 1752223621.634397
1752223621.6344154 1752223651.142401
1752223651.1424239 1752223674.0742922
1752223674.0743144 1752223702.5938292
1752223702.5938644 1752223726.3089356
1752223726.3089645 1752223750.7016218
1752223750.7016456 1752223774.2591443
1752223774.2591746 1752223802.9120653
1752223802.912082 1752223829.4192238
1752223829.4192512 1752223858.5296595
1752223858.5296798 1752223882.0382547
1752223882.0382745 1752223903.956078
1752223903.9560955 1752223939.057113
1752223939.0571449 1752223963.6951215
1752223963.6951377 1752223987.6241748
1752223987.6242013 1752224013.1355445
1752224013.1355817 1752224030.7585082
1752224030.7585282 1752224060.4949946
1752224060.4950137 1752224085.2324746
1752224085.232495 1752224107.6236918
1752224107.6237137 1752224133.2775118
1752224133.2775316 1752224160.4236693
1752224160.4236877 1752224182.440387
1752224182.4404125 1752224212.733957
1752224212.7339852 1752224234.6319904
1752224234.6320105 1752224261.0743823
1752224261.0744147 1752224280.7285738
1752224280.7285938 1752224295.0414414
1752224295.0414631 1752224326.811253
1752224326.8112776 1752224348.8244283
1752224348.8244476 1752224371.0048842
1752224371.0049095 1752224391.8356574
1752224391.8356771 1752224411.20119
1752224411.2012115 1752224434.4800496
1752224434.4800727 1752224453.626385
1752224453.6264052 1752224479.603744
1752224479.6037614 1752224510.2727783
1752224510.272802 1752224534.0628035
1752224534.0628195 1752224559.7895708
1752224559.7895908 1752224592.5605433
1752224592.5605655 1752224610.2001834
1752224610.200201 1752224637.52023
1752224637.520253 1752224665.0507548
1752224665.0507748 1752224686.9866452
1752224686.9866638 1752224716.1060786
1752224716.1061015 1752224744.1878629
1752224744.187882 1752224767.195216
1752224767.1952426 1752224797.5774667
1752224797.5774882 1752224820.2155113
1752224820.21553 1752224846.9433906
1752224846.9434254 1752224863.2985678
1752224863.2985861 1752224893.2174904
1752224893.2175086 1752224916.0361123
