1752199822.359171 1752199844.5523508
1752199844.5523746 1752199874.9541333
1752199874.9541745 1752199895.1566415
1752199895.1566594 1752199920.7391295
1752199920.7391567 1752199948.9435804
1752199948.9436054 1752199968.0121799
1752199968.0122015 1752199989.4361475
1752199989.4361706 1752200022.8567655
1752200022.8567894 1752200042.119751
1752200042.119776 1752200074.926859
1752200074.9268856 1752200106.470219
1752200106.4702418 1752200130.2388988
1752200130.2389193 1752200150.1976256
1752200150.1976478 1752200185.8530807
1752200185.853107 1752200210.7541082
1752200210.7541356 1752200233.5150661
1752200233.5151017 1752200259.803912
1752200259.8039377 1752200282.75848
1752200282.758508 1752200309.8366814
1752200309.8367069 1752200330.0469816
1752200330.0470018 1752200359.0339494
1752200359.0339751 1752200386.438395
1752200386.4384215 1752200406.671696
1752200406.6717174 1752200435.6336875
1752200435.633713 1752200452.3404126
1752200452.3404348 1752200489.2116508
1752200489.2116811 1752200507.1343281
1752200507.1343684 1752200529.6257405
1752200529.6257656 1752200556.4778905
1752200556.4779127 1752200581.1685212
1752200581.168545 1752200600.3984363
1752200600.3984563 1752200621.614965
1752200621.6149917 1752200639.6213844
1752200639.6214108 1752200662.09092
1752200662.090941 1752200676.1438751
1752200676.1438978 1752200712.917876
1752200712.9178977 1752200739.6071293
1752200739.6071572 1752200769.8980756
1752200769.8980985 1752200795.5079513
1752200795.507979 1752200819.4567418
1752200819.4567652 1752200847.9153416
1752200847.9153779 1752200875.1434515
1752200875.1434743 1752200904.9062326
1752200904.906258 1752200929.7018697
1752200929.7018986 1752200956.3736796
1752200956.3737042 1752200981.9991372
1752200981.9991558 1752201009.2903244
1752201009.2903454 1752201040.3187482
1752201040.3187692 1752201061.5364792
1752201061.5365014 1752201084.1881988
1752201084.1882217 1752201118.883838
1752201118.8838584 1752201139.2399592
1752201139.2399955 1752201161.014944
1752201161.0149684 1752201183.7806299
1752201183.7806537 1752201208.8008196
1752201208.800847 1752201229.41054
1752201229.4105704 1752201247.8595164
1752201247.8595397 1752201279.6891458
1752201279.6891687 1752201301.9491832
1752201301.9492114 1752201327.9712496
1752201327.9712775 1752201351.1333044
1752201351.1333299 1752201371.82973
1752201371.8297548 1752201402.0119026
1752201402.0119307 1752201428.2734115
1752201428.2734344 1752201450.4592285
1752201450.4592505 1752201479.925542
1752201479.9255633 1752201511.3974385
1752201511.3974624 1752201530.5259314
1752201530.5259604 1752201557.0451818
1752201557.0452003 1752201573.2275448
1752201573.227576 1752201603.8982217
1752201603.8982491 1752201631.5270782
1752201631.5271013 1752201652.5788875
1752201652.5789115 1752201681.8849194
1752201681.8849428 1752201702.555409
1752201702.5554311 1752201736.9821105
1752201736.9821467 1752201763.408236
1752201763.4082572 1752201791.3422568
1752201791.342306 1752201809.171166
1752201809.1711862 1752201835.6507103
1752201835.650735 1752201856.5200787
1752201856.5201032 1752201880.383289
1752201880.3833163 1752201898.6765635
1752201898.6765842 1752201930.5210855
1752201930.52111 1752201951.6994247
1752201951.69945 1752201977.0266848
1752201977.026707 1752202001.190121
1752202001.1901455 1752202025.4799628
1752202025.4799924 1752202052.8255725
1752202052.8256092 1752202076.8879647
1752202076.8879848 1752202107.7883942
1752202107.7884195 1752202133.0282757
1752202133.0282981 1752202160.9352314
1752202160.9352577 1752202181.880711
1752202181.8807306 1752202213.2436328
1752202213.2436616 1752202240.9911714
1752202240.991199 1752202260.6322114
1752202260.632231 1752202286.9012456
1752202286.9012733 1752202315.2334335
1752202315.2334602 1752202340.0854237
1752202340.0854456 1752202363.7562716
1752202363.7562997 1752202384.574837
1752202384.57486 1752202409.9030154
1752202409.9030395 1752202432.2858639
1752202432.2858908 1752202455.4208562
1752202455.4208822 1752202479.1336284
1752202479.1336515 1752202498.755775
1752202498.7557967 1752202524.2098029
1752202524.2098293 1752202545.9740837
1752202545.974114 1752202568.3522472
1752202568.3522701 1752202593.174442
1752202593.1744626 1752202622.290264
1752202622.2902908 1752202645.2505732
1752202645.250598 1752202667.3584619
1752202667.3584907 1752202687.0839047
1752202687.083928 1752202716.0818756
1752202716.0818973 1752202736.9591904
1752202736.9592166 1752202763.4877977
1752202763.487818 1752202785.3642654
1752202785.3642871 1752202812.4461951
1752202812.44622 1752202829.21639
1752202829.2164097 1752202860.2232137
1752202860.223243 1752202880.429103
1752202880.4291208 1752202913.483462
1752202913.483489 1752202936.4351776
1752202936.4352064 1752202955.6287918
1752202955.6288137 1752202983.7424362
1752202983.7424588 1752203014.187512
1752203014.1875324 1752203035.2487183
1752203035.2487416 1752203049.8346047
1752203049.8346236 1752203077.486209
1752203077.4862347 1752203099.3583837
1752203099.358406 1752203121.7443979
1752203121.7444222 1752203144.5455287
1752203144.5455503 1752203157.7395072
1752203157.739526 1752203184.9478931
1752203184.9479227 1752203207.9192111
1752203207.919234 1752203230.8140578
1752203230.81409 1752203257.4168873
1752203257.4169106 1752203288.6117544
1752203288.611783 1752203321.0380878
1752203321.0381074 1752203349.5049462
1752203349.5049727 1752203374.7272692
1752203374.727288 1752203409.397077
1752203409.3970978 1752203434.148253
1752203434.14828 1752203462.700154
1752203462.7001755 1752203485.9415693
1752203485.941591 1752203513.24663
1752203513.2466543 1752203536.6160245
1752203536.6160522 1752203558.2357593
1752203558.2357845 1752203592.6112165
1752203592.6112394 1752203617.5588107
1752203617.5588377 1752203644.3047018
1752203644.3047316 1752203660.1259265
1752203660.1259453 1752203687.411736
1752203687.4117591 1752203704.367633
1752203704.3676527 1752203734.914165
1752203734.9142041 1752203757.8513134
1752203757.8513374 1752203779.787268
1752203779.7872922 1752203800.3173122
1752203800.3173318 1752203818.6545882
1752203818.654611 1752203853.5014904
1752203853.5015197 1752203877.7134352
1752203877.7134593 1752203900.7819738
1752203900.781996 1752203922.4063509
1752203922.4063773 1752203948.0096061
1752203948.009632 1752203969.9086657
1752203969.9086916 1752203987.1329842
1752203987.133005 1752204012.2227077
1752204012.222731 1752204034.5039568
1752204034.5039825 1752204053.5458872
1752204053.5459073 1752204077.552142
1752204077.5521665 1752204097.4976304
1752204097.4976597 1752204113.8600323
1752204113.8600514 1752204139.4168813
1752204139.4169085 1752204157.6135232
1752204157.613541 1752204185.4210916
1752204185.421121 1752204211.3302796
1752204211.3302987 1752204229.4916742
1752204229.491698 1752204250.437111
1752204250.4371343 1752204279.1258683
1752204279.1258917 1752204303.9679103
1752204303.96794 1752204324.532187
1752204324.5322056 1752204355.387027
1752204355.3870504 1752204382.5657172
1752204382.5657432 1752204409.0692863
1752204409.0693128 1752204429.3477514
1752204429.3477776 1752204451.283458
1752204451.2834854 1752204480.6717896
1752204480.6718125 1752204502.3320594
1752204502.3320875 1752204523.687136
1752204523.6871624 1752204550.144254
1752204550.1442795 1752204574.529418
1752204574.5294578 1752204599.9338377
1752204599.9338667 1752204622.8133852
1752204622.8134077 1752204643.5581129
1752204643.5581365 1752204674.587663
1752204674.5876863 1752204688.0838325
1752204688.0838535 1752204716.7620425
1752204716.7620704 1752204744.1966805
1752204744.196714 1752204760.2527122
1752204760.252737 1752204793.775094
1752204793.775122 1752204817.8112297
1752204817.8112519 1752204844.3717053
1752204844.3717349 1752204872.0909226
1752204872.090949 1752204904.07968
1752204904.079707 1752204930.1254163
1752204930.1254385 1752204954.3661308
1752204954.3661513 1752204982.8039489
1752204982.8039756 1752205004.570217
1752205004.5702372 1752205031.3484812
1752205031.3485084 1752205050.1590688
1752205050.1590903 1752205078.4133189
1752205078.4133449 1752205105.8439212
1752205105.8439484 1752205132.8707192
1752205132.8707528 1752205157.0398886
1752205157.0399172 1752205176.4840362
1752205176.4840581 1752205212.7487376
1752205212.7487667 1752205234.3881948
1752205234.3882287 1752205258.6106415
1752205258.6106658 1752205288.9476736
1752205288.947695 1752205318.2525918
1752205318.2526119 1752205344.135544
1752205344.1355975 1752205371.5884516
1752205371.5884764 1752205402.1699135
1752205402.1699378 1752205429.1595275
1752205429.1595562 1752205449.5419934
1752205449.5420153 1752205486.778433
1752205486.778458 1752205511.0581684
1752205511.0581932 1752205535.4281826
1752205535.428209 1752205561.7679913
1752205561.7680202 1752205587.7566695
1752205587.7566907 1752205614.5749557
1752205614.5749824 1752205633.6571774
1752205633.6571996 1752205668.0912817
1752205668.0913064 1752205693.7752957
1752205693.7753208 1752205719.3382173
1752205719.3382416 1752205753.615884
1752205753.6159053 1752205779.3455148
1752205779.345563 1752205812.5085258
1752205812.5085528 1752205837.3952968
1752205837.3953245 1752205867.10763
1752205867.1076524 1752205894.9482586
1752205894.9482896 1752205920.7370594
1752205920.7370853 1752205946.3985298
1752205946.3985543 1752205977.7526937
1752205977.7527168 1752206009.7531145
1752206009.7531416 1752206027.2104082
1752206027.2104306 1752206056.26035
1752206056.260375 1752206086.43987
1752206086.4398909 1752206114.3384297
1752206114.3384573 1752206139.7856421
1752206139.785668 1752206165.5119226
1752206165.5119467 1752206185.6185956
1752206185.6186168 1752206214.571206
1752206214.5712354 1752206237.8890626
1752206237.8890872 1752206268.4869976
1752206268.4870183 1752206293.1109135
1752206293.1109388 1752206319.3692858
1752206319.3693154 1752206346.7062633
1752206346.706288 1752206371.810117
1752206371.8101664 1752206395.5577714
1752206395.557795 1752206419.1423426
1752206419.1423662 1752206444.8526733
1752206444.8526971 1752206463.5038433
1752206463.5038717 1752206484.8081925
1752206484.8082206 1752206505.3124423
1752206505.3124647 1752206535.0354478
1752206535.0354762 1752206561.5684063
1752206561.5684378 1752206588.3990498
1752206588.3990755 1752206609.767681
1752206609.767707 1752206634.69644
1752206634.6964715 1752206666.079994
1752206666.0800164 1752206686.2901657
1752206686.290192 1752206708.808045
1752206708.8080628 1752206742.940298
1752206742.9403374 1752206770.2494662
1752206770.2494876 1752206795.1729934
1752206795.1730187 1752206814.8763003
1752206814.8763287 1752206838.5496087
1752206838.5496297 1752206858.156688
1752206858.1567183 1752206876.817973
1752206876.8179944 1752206907.0414653
1752206907.0414944 1752206928.7165947
1752206928.7166233 1752206948.382148
1752206948.382177 1752206976.6984713
1752206976.6984925 1752207002.6446166
1752207002.644649 1752207031.1165287
1752207031.1165602 1752207056.2960317
1752207056.2960544 1752207079.8006926
1752207079.800715 1752207113.5473604
1752207113.547398 1752207138.4934037
1752207138.4934328 1752207161.1688523
1752207161.1688778 1752207181.9031222
1752207181.9031422 1752207209.6953468
1752207209.695373 1752207225.680209
1752207225.6802347 1752207261.4431536
1752207261.443177 1752207292.7051125
1752207292.7051356 1752207322.343036
1752207322.3430614 1752207350.324943
1752207350.324966 1752207377.3928359
1752207377.3928623 1752207401.6399438
1752207401.6399703 1752207435.5270445
1752207435.5270674 1752207462.1066148
1752207462.1066363 1752207490.2864983
1752207490.2865226 1752207513.9460897
1752207513.946113 1752207542.837662
1752207542.837688 1752207563.9202704
1752207563.920292 1752207580.8471646
1752207580.8471842 1752207610.0907803
1752207610.0908062 1752207638.3853614
1752207638.385387 1752207660.0139718
1752207660.013993 1752207693.8251593
1752207693.8251889 1752207722.2656646
1752207722.2656865 1752207745.7138116
1752207745.71383 1752207767.7770271
1752207767.7770534 1752207803.2834575
1752207803.2834773 1752207826.07876
1752207826.0787878 1752207855.7708657
1752207855.7708902 1752207882.0522897
1752207882.05231 1752207900.6182272
1752207900.6182501 1752207928.4283223
1752207928.4283447 1752207945.5376
1752207945.537619 1752207974.8290093
1752207974.829038 1752207997.1266348
1752207997.1266599 1752208019.7732127
1752208019.7732322 1752208052.8599224
1752208052.8599494 1752208079.5288396
1752208079.5288882 1752208095.6971016
1752208095.6971269 1752208126.6504674
1752208126.6505008 1752208145.8931143
1752208145.893132 1752208176.6880443
1752208176.6880736 1752208199.0690312
1752208199.0690541 1752208218.7773523
1752208218.7773712 1752208246.5526824
1752208246.5527136 1752208272.0455055
1752208272.0455275 1752208290.9326794
1752208290.9327035 1752208311.6846864
1752208311.6847055 1752208336.0438628
1752208336.0438895 1752208361.3065567
1752208361.306577 1752208382.5836954
1752208382.5837283 1752208414.8885186
1752208414.8885474 1752208436.7495334
1752208436.7495775 1752208458.0554793
1752208458.0555031 1752208491.198738
1752208491.1987588 1752208513.1399717
1752208513.1399918 1752208541.7062914
1752208541.706322 1752208569.131522
1752208569.1315403 1752208589.8454177
1752208589.8454454 1752208614.8501318
1752208614.8501592 1752208633.5716674
1752208633.57169 1752208660.509092
1752208660.509114 1752208688.1894298
1752208688.1894574 1752208720.5385554
1752208720.5385756 1752208745.1991944
1752208745.1992147 1752208776.9671838
1752208776.967211 1752208807.9777129
1752208807.977733 1752208828.0238333
1752208828.023859 1752208859.045532
1752208859.0455527 1752208882.9001515
1752208882.9001715 1752208909.2993624
1752208909.2993984 1752208931.7976522
1752208931.797678 1752208961.80196
1752208961.8019826 1752208984.2362335
1752208984.236254 1752208999.2836
1752208999.2836196 1752209033.086809
1752209033.086844 1752209059.8437374
1752209059.8437655 1752209082.7048914
1752209082.7049155 1752209107.489879
1752209107.489901 1752209134.8876386
1752209134.8876677 1752209157.4089968
1752209157.4090176 1752209179.2968686
1752209179.2968967 1752209198.71194
1752209198.7119632 1752209229.2183068
1752209229.2183259 1752209252.3542275
1752209252.3542557 1752209278.3954947
1752209278.395517 1752209300.6266952
1752209300.6267226 1752209325.2314582
1752209325.2314794 1752209348.2497506
1752209348.2497773 1752209364.4248104
1752209364.4248333 1752209399.2968223
1752209399.2968438 1752209416.5314863
1752209416.531507 1752209444.107473
1752209444.1075 1752209470.1212826
1752209470.121311 1752209493.7040355
1752209493.704064 1752209517.5085392
1752209517.5085585 1752209533.043687
1752209533.0437171 1752209556.5719972
1752209556.5720205 1752209580.2206032
1752209580.220632 1752209598.7347157
1752209598.7347412 1752209625.5566804
1752209625.5567012 1752209651.646924
1752209651.6469488 1752209679.743178
1752209679.7432425 1752209699.1548576
1752209699.1548839 1752209725.1292725
1752209725.1292975 1752209748.566815
1752209748.5668414 1752209774.6075602
1752209774.607591 1752209795.038516
1752209795.038543 1752209815.9705305
1752209815.9705586 1752209840.21582
1752209840.2158585 1752209860.4174178
1752209860.4174395 1752209885.565938
1752209885.565962 1752209911.8213048
1752209911.821332 1752209939.3517945
1752209939.3518152 1752209966.424473
1752209966.4245017 1752209991.6998534
1752209991.6998758 1752210019.4622338
1752210019.462269 1752210049.0495107
1752210049.0495458 1752210075.7595723
1752210075.7595973 1752210100.9177089
1752210100.9177334 1752210129.610325
1752210129.610347 1752210157.3870173
1752210157.387044 1752210176.7174935
1752210176.7175138 1752210208.559039
1752210208.5590684 1752210232.5832298
1752210232.5832582 1752210255.410398
1752210255.410422 1752210284.3644087
1752210284.3644354 1752210303.556273
1752210303.5562937 1752210330.9993484
1752210330.9993775 1752210359.8487074
1752210359.8487508 1752210385.716976
1752210385.716998 1752210409.5844905
1752210409.584513 1752210434.0010486
1752210434.0010705 1752210455.6103826
1752210455.610412 1752210474.073185
1752210474.0732048 1752210496.488316
1752210496.4883454 1752210516.5556064
1752210516.5556285 1752210539.3788502
1752210539.3788764 1752210559.7016149
1752210559.701643 1752210584.5367236
1752210584.5367532 1752210604.5610921
1752210604.5611115 1752210620.811406
1752210620.8114314 1752210650.1179378
1752210650.1179636 1752210682.0931332
1752210682.093154 1752210703.3109896
1752210703.3110118 1752210735.3989172
1752210735.3989365 1752210761.2545142
1752210761.2545393 1752210785.1128666
1752210785.112908 1752210811.638225
1752210811.638246 1752210840.466564
1752210840.4665911 1752210861.3891969
1752210861.3892176 1752210879.6520293
1752210879.6520526 1752210908.76519
1752210908.7652192 1752210932.1374965
1752210932.137524 1752210950.6065545
1752210950.6065738 1752210977.0125155
1752210977.012542 1752210994.633058
1752210994.6330767 1752211025.3704908
1752211025.3705187 1752211043.4858882
1752211043.4859066 1752211079.3410609
1752211079.3411162 1752211103.9439123
1752211103.9439435 1752211134.960802
1752211134.9608345 1752211164.6824272
1752211164.6824527 1752211187.0234015
1752211187.0234253 1752211208.52319
1752211208.5232139 1752211231.9198434
1752211231.9198673 1752211258.6983607
1752211258.698387 1752211285.9292517
1752211285.9292803 1752211310.5315218
1752211310.5315773 1752211335.529923
1752211335.529941 1752211362.3317072
1752211362.3317358 1752211385.7699213
1752211385.7699513 1752211406.3762875
1752211406.3763094 1752211429.6419084
1752211429.6419368 1752211455.8711376
1752211455.8711572 1752211477.2176292
1752211477.217657 1752211502.9729798
1752211502.973003 1752211526.2500756
1752211526.2500985 1752211554.3569539
1752211554.3569808 1752211580.5110807
1752211580.511101 1752211610.9147222
1752211610.914749 1752211642.089477
1752211642.0894997 1752211673.1011872
1752211673.1012092 1752211701.2008104
1752211701.2008362 1752211724.8482277
1752211724.8482497 1752211756.9470582
1752211756.9470935 1752211775.3125503
1752211775.3125765 1752211807.0688496
1752211807.068871 1752211831.012081
1752211831.012111 1752211856.5467098
1752211856.5467334 1752211874.8104265
1752211874.8104453 1752211902.8575828
1752211902.857616 1752211934.2038774
1752211934.2038987 1752211952.2365668
1752211952.236592 1752211984.7581706
1752211984.7581918 1752212005.2287543
1752212005.2287781 1752212035.1595185
1752212035.1595404 1752212060.6323075
1752212060.6323283 1752212082.7019038
1752212082.701927 1752212104.1050155
1752212104.1050458 1752212127.2625577
1752212127.2625864 1752212154.3023877
1752212154.3024101 1752212176.6298618
1752212176.6298888 1752212200.3723447
1752212200.3723652 1752212219.4157984
1752212219.4158332 1752212235.914498
1752212235.9145224 1752212262.1090693
1752212262.109092 1752212289.2616816
1752212289.26171 1752212305.6363144
1752212305.6363401 1752212327.6314838
1752212327.631507 1752212352.2106056
1752212352.2106247 1752212380.797355
1752212380.7973874 1752212405.2768354
1752212405.2768564 1752212431.343028
1752212431.3430543 1752212453.4747944
1752212453.4748137 1752212476.2199638
1752212476.2199907 1752212501.3765132
1752212501.3765373 1752212519.9547873
1752212519.9548066 1752212542.776446
1752212542.7764716 1752212572.795509
1752212572.7955422 1752212595.9740527
1752212595.9740782 1752212622.734136
1752212622.7341578 1752212645.6116834
1752212645.6117108 1752212674.7392075
1752212674.7392287 1752212698.4941518
1752212698.494184 1752212727.0323262
1752212727.0323536 1752212754.0954113
1752212754.095433 1752212776.2681818
1752212776.2682023 1752212801.1758082
1752212801.1758406 1752212823.9842575
1752212823.9842806 1752212845.2905388
1752212845.2905607 1752212861.2743864
1752212861.274409 1752212885.5434248
1752212885.543447 1752212906.0988407
1752212906.0988677 1752212933.8159773
1752212933.8159995 1752212957.249671
1752212957.2497 1752212982.7540329
1752212982.7540574 1752213005.7081747
1752213005.7082002 1752213019.1795912
1752213019.179611 1752213047.7423112
1752213047.7423372 1752213065.3946579
1752213065.3946824 1752213085.3054802
1752213085.3055003 1752213114.3408713
1752213114.340898 1752213133.6953855
1752213133.6954062 1752213161.2058427
1752213161.205864 1752213179.2881217
1752213179.2881439 1752213210.4546757
1752213210.4546957 1752213234.7811074
1752213234.781135 1752213254.7000906
1752213254.7001097 1752213284.1502347
1752213284.150254 1752213305.210655
1752213305.21068 1752213330.7321646
1752213330.7321875 1752213358.0035572
1752213358.0035956 1752213382.4237502
1752213382.4237843 1752213403.5276306
1752213403.5276515 1752213426.268697
1752213426.2687263 1752213452.0746412
1752213452.0746815 1752213479.4627721
1752213479.4627924 1752213501.898009
1752213501.8980403 1752213525.3388789
1752213525.3388994 1752213544.6392536
1752213544.6392794 1752213580.6272469
1752213580.6272693 1752213607.9882658
1752213607.988291 1752213640.814443
1752213640.814467 1752213669.7981977
1752213669.7982209 1752213696.9248374
1752213696.9248652 1752213721.4705575
1752213721.4705827 1752213748.5547178
1752213748.5547378 1752213778.5245037
1752213778.5245316 1752213808.0634353
1752213808.063458 1752213833.3665829
1752213833.366608 1752213860.572635
1752213860.5726576 1752213886.3032184
1752213886.3032413 1752213912.073321
1752213912.0733414 1752213930.064616
1752213930.0646405 1752213956.466408
1752213956.4664323 1752213979.616612
1752213979.6166348 1752214001.8293717
1752214001.8293955 1752214032.5607035
1752214032.5607247 1752214054.8470364
1752214054.8470607 1752214081.4089503
1752214081.4089723 1752214107.0473971
1752214107.0474203 1752214131.5523603
1752214131.5523849 1752214154.903494
1752214154.9035175 1752214177.9479718
1752214177.9480023 1752214202.7141602
1752214202.7141857 1752214229.4096677
1752214229.4096904 1752214253.153614
1752214253.1536407 1752214280.0438428
1752214280.0438662 1752214312.545432
1752214312.545453 1752214341.7700877
1752214341.770119 1752214362.3237484
1752214362.3237703 1752214386.1660724
1752214386.1660972 1752214415.128947
1752214415.1289732 1752214435.5384948
1752214435.5385163 1752214469.375229
1752214469.3752568 1752214496.1181722
1752214496.1181993 1752214524.7755413
1752214524.7755747 1752214552.2866013
1752214552.2866263 1752214576.8632467
1752214576.863273 1752214601.4251335
1752214601.4251573 1752214622.4121542
1752214622.4121742 1752214659.0788953
1752214659.078924 1752214686.9293714
1752214686.9293926 1752214713.3744934
1752214713.3745146 1752214741.1549573
1752214741.1549842 1752214770.2525182
1752214770.2525423 1752214794.4208763
1752214794.4208992 1752214820.4978623
1752214820.4979005 1752214848.211982
1752214848.212004 1752214878.8172615
1752214878.81729 1752214904.356625
1752214904.3566513 1752214928.9601417
1752214928.9601657 1752214955.3897378
1752214955.3897595 1752214985.2763014
1752214985.276329 1752215010.0157657
1752215010.0157883 1752215036.0135121
1752215036.0135708 1752215065.3361592
1752215065.3361874 1752215088.4307067
1752215088.4307358 1752215113.624557
1752215113.624581 1752215139.482718
1752215139.4827597 1752215170.0731988
1752215170.0732222 1752215198.0476062
1752215198.0476332 1752215215.8760965
1752215215.8761208 1752215238.860513
1752215238.8605354 1752215264.8031309
1752215264.8031592 1752215285.090233
1752215285.090252 1752215310.987429
1752215310.9874506 1752215340.8405597
1752215340.8405821 1752215361.0686615
1752215361.0686862 1752215390.089468
1752215390.0894883 1752215405.5813344
1752215405.5813537 1752215436.9125783
1752215436.9126046 1752215460.4895236
1752215460.4895494 1752215485.5415726
1752215485.5415952 1752215514.973352
1752215514.9733791 1752215530.5092123
1752215530.5092304 1752215556.4931383
1752215556.4931674 1752215576.3451805
1752215576.3451998 1752215594.917038
1752215594.9170613 1752215626.1118603
1752215626.1118872 1752215645.8558192
1752215645.8558578 1752215672.6963751
1752215672.6963985 1752215694.3401704
1752215694.3401933 1752215721.9577882
1752215721.9578125 1752215744.6446285
1752215744.6446497 1752215779.3672147
1752215779.3672395 1752215804.4129877
1752215804.4130113 1752215831.5387807
1752215831.538802 1752215849.6644561
1752215849.6644816 1752215883.0811117
1752215883.0811322 1752215902.7228816
1752215902.722906 1752215932.126668
1752215932.1266916 1752215949.1138499
1752215949.1138735 1752215983.384212
1752215983.3842344 1752216014.4916208
1752216014.4916453 1752216033.9458082
1752216033.9458296 1752216052.8088784
1752216052.8089008 1752216084.0081983
1752216084.0082214 1752216107.773834
1752216107.7738562 1752216135.0984426
1752216135.0984676 1752216160.3248794
1752216160.324899 1752216186.5414896
1752216186.5415125 1752216209.837688
1752216209.8377118 1752216227.8371847
1752216227.8372097 1752216256.6981401
1752216256.6981654 1752216276.6202595
1752216276.6202807 1752216300.8217578
1752216300.8217812 1752216325.79383
1752216325.793853 1752216352.0841472
1752216352.084168 1752216372.5152695
1752216372.5152955 1752216398.4168222
1752216398.4168463 1752216427.7633069
1752216427.7633352 1752216454.7295516
1752216454.729576 1752216486.3673487
1752216486.3673713 1752216513.2979033
1752216513.2979627 1752216539.9409518
1752216539.940976 1752216566.9820902
1752216566.9821103 1752216598.6617558
1752216598.661786 1752216628.0206335
1752216628.020657 1752216656.9320498
1752216656.9320798 1752216681.2833536
1752216681.2833743 1752216708.908557
1752216708.9085846 1752216731.522547
1752216731.5225747 1752216753.2399857
1752216753.2400134 1752216771.1970508
1752216771.1970785 1752216794.0265367
1752216794.0265603 1752216824.4028234
1752216824.4028573 1752216852.43314
1752216852.4331625 1752216876.7489252
1752216876.7489603 1752216893.3223312
1752216893.3223515 1752216927.0089025
1752216927.0089407 1752216951.6694677
1752216951.6694963 1752216980.064713
1752216980.0647452 1752217004.2236123
1752217004.2236333 1752217025.059077
1752217025.059102 1752217057.5403092
1752217057.5403357 1752217077.8323736
1752217077.8323987 1752217107.9644508
1752217107.9644747 1752217125.8909519
1752217125.890973 1752217155.0546613
1752217155.054688 1752217179.0423143
1752217179.0423317 1752217200.6538737
1752217200.6539047 1752217219.65299
1752217219.6530094 1752217250.1713984
1752217250.1714346 1752217267.7338169
1752217267.7338374 1752217296.172996
1752217296.173028 1752217320.4171915
1752217320.4172184 1752217347.0052462
1752217347.0052686 1752217378.3200548
1752217378.320087 1752217396.4907558
1752217396.4907758 1752217424.6516943
1752217424.6517196 1752217450.2595417
1752217450.2595987 1752217470.0918086
1752217470.0918312 1752217499.5480547
1752217499.5480812 1752217520.4105954
1752217520.4106355 1752217545.3662517
1752217545.366282 1752217565.4079893
1752217565.4080105 1752217588.0879254
1752217588.0879517 1752217616.794808
1752217616.794831 1752217645.4018438
1752217645.4018676 1752217667.3028526
1752217667.3028743 1752217693.6473327
1752217693.647358 1752217710.9540796
1752217710.9541018 1752217729.0482476
1752217729.0482726 1752217758.9452336
1752217758.9452782 1752217782.531157
1752217782.5311873 1752217801.8756247
1752217801.8756511 1752217824.4557374
1752217824.4557672 1752217846.7555363
1752217846.7556007 1752217870.2203922
1752217870.2204146 1752217889.5144439
1752217889.5144684 1752217918.398894
1752217918.3989186 1752217948.6349056
1752217948.6349337 1752217973.735346
1752217973.7353704 1752218001.6606116
1752218001.6606426 1752218031.5272958
1752218031.527318 1752218055.4165635
1752218055.4165874 1752218078.9660695
1752218078.9661062 1752218106.3252683
1752218106.3252883 1752218131.15592
1752218131.15595 1752218162.7005384
1752218162.7005703 1752218188.8637779
1752218188.863807 1752218214.500536
1752218214.5005662 1752218241.0335877
1752218241.0336144 1752218269.0593836
1752218269.0594058 1752218289.6185844
1752218289.6186154 1752218314.2310517
1752218314.2310808 1752218338.3414845
1752218338.3415084 1752218357.098519
1752218357.0985467 1752218378.8510342
1752218378.851059 1752218409.1672454
1752218409.167273 1752218433.5957844
1752218433.5958083 1752218456.6848948
1752218456.6849234 1752218482.2953396
1752218482.2953625 1752218508.222134
1752218508.2221646 1752218536.039532
1752218536.0395536 1752218561.304774
1752218561.3048031 1752218585.0996273
1752218585.099657 1752218608.6033154
1752218608.6033347 1752218629.1338558
1752218629.133882 1752218655.0606313
1752218655.0606525 1752218686.0080595
1752218686.0080843 1752218711.0227447
1752218711.0227728 1752218737.1514094
1752218737.1514382 1752218760.554857
1752218760.5548842 1752218787.7792394
1752218787.7792659 1752218815.2067683
1752218815.206789 1752218840.9245684
1752218840.9245965 1752218866.1859837
1752218866.1860092 1752218894.033595
1752218894.0336177 1752218919.3322978
1752218919.3323221 1752218942.277751
1752218942.2777803 1752218968.377317
1752218968.377338 1752218996.8738472
1752218996.8738906 1752219017.373187
1752219017.3732107 1752219040.8101766
1752219040.8102021 1752219064.646714
1752219064.6467373 1752219086.6684916
1752219086.6685095 1752219112.3019857
1752219112.3020184 1752219138.999779
1752219138.9997993 1752219158.4624126
1752219158.4624333 1752219179.4821208
1752219179.482145 1752219202.1745088
1752219202.1745288 1752219236.522172
1752219236.5222006 1752219262.1108513
1752219262.1108785 1752219284.7105658
1752219284.710587 1752219312.0040343
1752219312.004055 1752219334.4698188
1752219334.4698458 1752219355.4238687
1752219355.4238935 1752219375.8981586
1752219375.8981884 1752219406.9866526
1752219406.9866948 1752219423.3036714
1752219423.3036938 1752219449.5071084
1752219449.5071318 1752219476.1339715
1752219476.134 1752219498.9885116
1752219498.988532 1752219524.1005902
1752219524.1006098 1752219544.8274837
1752219544.8275046 1752219573.9996705
1752219573.9996984 1752219594.0255077
1752219594.025528 1752219626.888181
1752219626.8882072 1752219651.3366494
1752219651.3366702 1752219679.49352
1752219679.4935484 1752219702.3726552
1752219702.3726788 1752219728.3727615
1752219728.3727884 1752219754.556928
1752219754.5569553 1752219775.454561
1752219775.4545918 1752219796.2129745
1752219796.2130005 1752219820.0453842
1752219820.0454037 1752219848.026047
1752219848.0260746 1752219866.012014
1752219866.0120344 1752219901.8144526
1752219901.8144765 1752219923.0891218
1752219923.0891495 1752219950.0285506
1752219950.0285735 1752219968.230583
1752219968.2306232 1752219993.382014
1752219993.382045 1752220012.59744
1752220012.5974596 1752220040.5216737
1752220040.5216978 1752220067.4892104
1752220067.4892478 1752220088.6009681
1752220088.600994 1752220112.0714788
1752220112.0715067 1752220129.0983768
1752220129.0983953 1752220160.0625176
1752220160.0625665 1752220180.1340249
1752220180.1340508 1752220206.7044666
1752220206.7044997 1752220227.0955396
1752220227.0955572 1752220254.1188698
1752220254.118899 1752220274.6165872
1752220274.6166136 1752220298.8500693
1752220298.8501105 1752220320.6369154
1752220320.6369393 1752220340.428016
1752220340.4280372 1752220367.0872872
1752220367.0873096 1752220390.6523652
1752220390.6523952 1752220416.45815
1752220416.4581733 1752220439.0021842
1752220439.002213 1752220462.13621
1752220462.1362357 1752220483.2246523
1752220483.2246742 1752220505.2250943
1752220505.225114 1752220540.0601835
1752220540.0602121 1752220568.0351589
1752220568.0351822 1752220588.2941997
1752220588.294224 1752220614.4929793
1752220614.4930077 1752220643.3731647
1752220643.373189 1752220664.8070273
1752220664.807058 1752220681.8425803
1752220681.8425999 1752220710.6461413
1752220710.6461673 1752220741.2453687
1752220741.2453938 1752220764.684561
1752220764.6845942 1752220788.83833
1752220788.838356 1752220826.1974108
1752220826.1974308 1752220848.937709
1752220848.9377508 1752220867.8794014
1752220867.8794253 1752220902.2761805
1752220902.276204 1752220925.7745304
1752220925.7745533 1752220951.9938424
1752220951.9938614 1752220969.7688105
1752220969.7688406 1752220992.8240051
1752220992.824032 1752221024.0879734
1752221024.0880032 1752221048.7208552
1752221048.720876 1752221073.660624
1752221073.6606493 1752221108.3437126
1752221108.3437426 1752221132.6825638
1752221132.6825976 1752221160.5016754
1752221160.501706 1752221180.1072166
1752221180.1072378 1752221213.3781846
1752221213.378214 1752221243.281366
1752221243.281392 1752221263.7915125
1752221263.7915347 1752221300.7275476
1752221300.7275991 1752221326.8080657
1752221326.8080955 1752221358.3273382
1752221358.3273647 1752221386.0525095
1752221386.0525327 1752221416.0111187
1752221416.0111458 1752221451.0056663
1752221451.0056908 1752221477.8506613
1752221477.8506873 1752221512.5354345
1752221512.5354586 1752221534.5430577
1752221534.543081 1752221563.5629976
1752221563.563026 1752221583.5156934
1752221583.5157154 1752221609.0450208
1752221609.0450497 1752221638.9746525
1752221638.9746807 1752221658.8546524
1752221658.8546782 1752221682.1461103
1752221682.1461327 1752221700.0243719
1752221700.0244017 1752221726.8195386
1752221726.8195896 1752221751.5579722
1752221751.557996 1752221773.9554281
1752221773.9554553 1752221800.981801
1752221800.98183 1752221824.7853045
1752221824.785335 1752221851.3471026
1752221851.3471327 1752221871.8353179
1752221871.8353384 1752221894.8039777
1752221894.804004 1752221926.1602046
1752221926.1602309 1752221958.256238
1752221958.2562654 1752221985.6219978
1752221985.6220362 1752222007.3400085
1752222007.3400342 1752222035.0598161
1752222035.0598373 1752222058.9542444
1752222058.9542696 1752222081.207123
1752222081.2071426 1752222119.4438376
1752222119.4438655 1752222148.8638833
1752222148.863911 1752222173.0924351
1752222173.0924628 1752222200.9450228
1752222200.945048 1752222225.5177293
1752222225.5177534 1752222258.275684
1752222258.2757077 1752222280.971
1752222280.971019 1752222304.582625
1752222304.5826497 1752222340.5849457
1752222340.584967 1752222365.1537964
1752222365.1538198 1752222389.100845
1752222389.1008694 1752222423.486434
1752222423.4864573 1752222449.9866724
1752222449.986699 1752222471.1252818
1752222471.1253023 1752222496.6512766
1752222496.6513045 1752222520.0682302
1752222520.0682566 1752222547.671623
1752222547.6716473 1752222574.2696486
1752222574.2696843 1752222600.396471
1752222600.3964942 1752222625.4186285
1752222625.418653 1752222640.9558518
1752222640.9558704 1752222676.76371
1752222676.763741 1752222699.6311488
1752222699.6311696 1752222723.553753
1752222723.55378 1752222748.6839607
1752222748.6839852 1752222775.1481435
1752222775.1481767 1752222794.7798214
1752222794.7798405 1752222819.8603709
1752222819.860397 1752222843.112746
1752222843.1127756 1752222866.740829
1752222866.74085 1752222886.171656
1752222886.1716866 1752222904.0643048
1752222904.0643249 1752222930.140155
1752222930.1401787 1752222954.8642852
1752222954.8643134 1752222980.4770935
1752222980.4771154 1752223011.2085686
1752223011.2085965 1752223027.065083
1752223027.0651054 1752223050.2408056
1752223050.2408402 1752223077.594865
1752223077.5948873 1752223107.1367567
1752223107.1367953 1752223130.8326674
1752223130.8326895 1752223154.8824766
1752223154.882499 1752223187.5422363
1752223187.5422642 1752223214.3339896
1752223214.334015 1752223247.4469018
1752223247.446933 1752223273.6920094
1752223273.6920292 1752223298.5482662
1752223298.5482945 1752223324.0163765
1752223324.0164003 1752223349.2678378
1752223349.2678628 1752223374.699706
1752223374.6997306 1752223401.4098861
1752223401.4099078 1752223419.5365307
1752223419.5365558 1752223445.7408676
1752223445.7408934 1752223472.939444
1752223472.9394705 1752223495.5105777
1752223495.5105975 1752223527.5758183
1752223527.5758483 1752223551.5191493
1752223551.5191784 1752223575.0517209
1752223575.0517464 1752223597.66644
1752223597.6664655 1752223618.4761696
1752223618.476192 1752223649.5415254
1752223649.541544 1752223670.5702622
1752223670.5702877 1752223697.740299
1752223697.740318 1752223728.4668212
1752223728.4668477 1752223741.6837575
1752223741.6837804 1752223771.003186
1752223771.0032115 1752223796.8909044
1752223796.8909233 1752223826.4480538
1752223826.44808 1752223858.810675
1752223858.810702 1752223883.7355998
1752223883.7356248 1752223911.0760896
1752223911.0761142 1752223935.7536016
1752223935.7536309 1752223960.1730661
1752223960.1730905 1752223987.8777046
1752223987.87773 1752224012.62273
1752224012.6227596 1752224033.2365575
1752224033.236588 1752224059.526044
1752224059.5260727 1752224084.7095053
1752224084.7095294 1752224108.165492
1752224108.1655128 1752224132.27368
1752224132.273704 1752224152.2572892
1752224152.2573133 1752224184.5697544
1752224184.5697823 1752224212.54942
1752224212.549456 1752224235.0184922
1752224235.0185368 1752224261.499451
1752224261.4994752 1752224281.5850837
1752224281.5851064 1752224304.380205
1752224304.380225 1752224320.124303
1752224320.1243303 1752224347.8026764
1752224347.8027096 1752224369.8595252
1752224369.8595498 1752224389.902847
1752224389.9028735 1752224416.796569
1752224416.796591 1752224435.5392716
1752224435.539294 1752224459.321764
1752224459.321791 1752224483.9224994
1752224483.9225204 1752224513.7548225
1752224513.7548573 1752224540.3400245
1752224540.34005 1752224562.6224632
1752224562.6224904 1752224591.7440972
1752224591.7441216 1752224612.537859
1752224612.5378876 1752224637.264608
1752224637.2646334 1752224657.5745752
1752224657.574599 1752224689.567408
1752224689.5674329 1752224719.1124341
1752224719.112457 1752224745.945642
1752224745.9456701 1752224766.8966832
1752224766.896704 1752224796.9637556
1752224796.9637816 1752224818.9732933
1752224818.973314 1752224847.9643922
1752224847.9644134 1752224866.8200972
1752224866.8201225 1752224885.3962872
1752224885.3963072 1752224922.0301504
