1764073840.6882966 1764073995.0445657
1764073995.0445843 1764074204.7375507
1764074204.737574 1764074407.6053329
1764074407.6053603 1764074676.4045615
1764074676.4045799 1764074791.1774075
1764074791.177431 1764075093.9717474
1764075093.9717767 1764075331.4561503
1764075331.4561706 1764075657.0876825
1764075657.0877066 1764075826.0576656
1764075826.0576875 1764076056.1181486
1764076056.118168 1764076250.1183882
1764076250.1184125 1764076435.7053504
1764076435.7053752 1764076641.5778558
1764076641.577879 1764076791.8874211
1764076791.8874416 1764076943.187636
1764076943.1876593 1764077165.5073795
1764077165.507398 1764077326.8232834
1764077326.8233075 1764077595.6508882
1764077595.6509125 1764077792.314463
1764077792.3144875 1764078010.2219653
1764078010.2219882 1764078209.9568565
1764078209.956882 1764078353.9600065
1764078353.9600244 1764078462.2103436
1764078462.210367 1764078707.703197
1764078707.7032192 1764078871.7966368
1764078871.79666 1764079075.0621433
1764079075.0621614 1764079215.8038507
1764079215.8038735 1764079385.057862
1764079385.057884 1764079547.2006533
1764079547.2006736 1764079739.5629394
1764079739.5629623 1764079888.0105834
1764079888.010605 1764080059.518184
1764080059.5182064 1764080272.0731037
1764080272.0731244 1764080491.5286934
1764080491.5287287 1764080656.8222427
1764080656.8222625 1764080843.664473
1764080843.6644971 1764080976.45923
1764080976.459252 1764081110.95352
1764081110.9535384 1764081292.0692787
1764081292.0693028 1764081383.7986057
1764081383.7986283 1764081566.7661967
1764081566.766217 1764081760.455883
1764081760.455907 1764081875.4998055
1764081875.4998298 1764082024.4455812
1764082024.4456007 1764082170.7496514
1764082170.7496753 1764082331.0798461
1764082331.0798643 1764082481.5633595
1764082481.5633843 1764082729.7141323
1764082729.714151 1764082961.2847486
1764082961.2847736 1764083126.6454215
1764083126.645446 1764083287.122678
1764083287.1226964 1764083417.1732857
1764083417.1733105 1764083579.4535327
1764083579.4535522 1764083757.9357705
1764083757.9357958 1764083972.2822626
1764083972.2822864 1764084105.3286583
1764084105.328682 1764084310.7283947
1764084310.7284186 1764084561.2154417
1764084561.215461 1764084752.2093248
1764084752.2093496 1764084991.593452
1764084991.5934763 1764085176.9726324
1764085176.9726577 1764085475.9469295
1764085475.9469516 1764085612.347544
1764085612.3475628 1764085804.9078743
1764085804.9078984 1764085906.7378404
1764085906.7378592 1764086189.1337485
1764086189.1337729 1764086367.3460226
1764086367.3460572 1764086575.336341
1764086575.3363655 1764086680.815819
1764086680.81584 1764086921.702103
1764086921.7021284 1764087109.033393
1764087109.0334134 1764087335.730821
1764087335.730854 1764087487.7226532
1764087487.7226765 1764087726.708783
1764087726.7088048 1764087859.0688794
1764087859.0689013 1764088003.6067894
1764088003.6068141 1764088131.7997472
1764088131.7997658 1764088405.4064577
1764088405.4064798 1764088560.6639514
1764088560.6639724 1764088760.381602
1764088760.3816266 1764088879.645213
1764088879.6452332 1764089039.8968477
1764089039.8968709 1764089170.5162048
1764089170.516224 1764089379.2561147
1764089379.2561347 1764089609.3880877
1764089609.3881118 1764089809.3516848
1764089809.3517091 1764089924.807483
1764089924.8075037 1764090081.2532802
1764090081.2533054 1764090203.0297053
1764090203.0297303 1764090364.5778852
1764090364.577905 1764090627.1559272
1764090627.1559522 1764090851.781386
1764090851.7814112 1764091012.6375608
1764091012.6375794 1764091167.8272314
1764091167.8272548 1764091322.980487
1764091322.980512 1764091441.8215122
1764091441.821533 1764091689.2991967
1764091689.2992208 1764091843.23243
1764091843.2324545 1764091996.747543
1764091996.7475681 1764092189.3696349
