1764073816.3253682 1764074009.5383725
1764074009.5383892 1764074162.1646292
1764074162.1646461 1764074438.6507323
1764074438.6507554 1764074687.1102324
1764074687.1102543 1764074803.5474048
1764074803.5474267 1764075116.5720193
1764075116.5720363 1764075411.7792141
1764075411.7792363 1764075586.7029982
1764075586.703019 1764075809.429323
1764075809.4293416 1764075987.8126612
1764075987.8126833 1764076198.0099378
1764076198.0099792 1764076417.6531506
1764076417.6531684 1764076651.1016574
1764076651.1016798 1764076753.8304653
1764076753.8304856 1764076937.6891823
1764076937.689201 1764077190.8480833
1764077190.8481054 1764077398.9956923
1764077398.9957137 1764077511.3161187
1764077511.316142 1764077789.2632313
1764077789.2632527 1764078009.9531417
1764078009.953165 1764078212.2902846
1764078212.2903025 1764078350.8441944
1764078350.8442163 1764078506.713672
1764078506.713694 1764078699.4547422
1764078699.4547634 1764078904.4024947
1764078904.4025123 1764079052.9894228
1764079052.9894457 1764079173.1357446
1764079173.1357622 1764079342.6095397
1764079342.6095607 1764079559.156981
1764079559.156999 1764079632.6014335
1764079632.6014557 1764079846.281264
1764079846.28128 1764080128.1406257
1764080128.140648 1764080284.7774687
1764080284.7774878 1764080484.0786653
1764080484.0786874 1764080546.9753566
1764080546.975378 1764080761.162833
1764080761.1628656 1764080942.2981231
1764080942.2981431 1764081082.3902814
1764081082.3903003 1764081276.8968804
1764081276.8969045 1764081430.9563522
1764081430.9563766 1764081541.1060994
1764081541.1061168 1764081695.3447838
1764081695.344806 1764081897.1585064
1764081897.158523 1764082066.7241118
1764082066.7241342 1764082215.0978122
1764082215.0978334 1764082372.7816758
1764082372.7816987 1764082511.5855808
1764082511.5855997 1764082672.4493518
1764082672.4493763 1764082899.087469
1764082899.0874856 1764083157.5942056
1764083157.5942283 1764083322.2571137
1764083322.2571352 1764083445.1644769
1764083445.1644955 1764083624.7545216
1764083624.754546 1764083750.678745
1764083750.6787612 1764083964.2927809
1764083964.2928035 1764084104.7899883
1764084104.7900093 1764084373.3750691
1764084373.3750868 1764084541.9572773
1764084541.9573004 1764084722.2406206
1764084722.2406378 1764084885.055015
1764084885.055037 1764085146.8715827
1764085146.871601 1764085392.215014
1764085392.215036 1764085588.3165336
1764085588.3165555 1764085774.5685427
1764085774.568562 1764085908.3612654
1764085908.3612878 1764086187.867821
1764086187.8678389 1764086308.5150099
1764086308.5150323 1764086530.508173
1764086530.508196 1764086750.4702005
1764086750.4702237 1764086869.2834115
1764086869.2834337 1764087176.8047931
1764087176.8048158 1764087385.8542123
1764087385.8542302 1764087516.9653533
1764087516.9653754 1764087668.2717445
1764087668.271767 1764087850.055752
1764087850.0557704 1764088012.841233
1764088012.8412547 1764088200.608975
1764088200.6089935 1764088393.0474946
1764088393.0475178 1764088612.9696174
1764088612.9696414 1764088815.9652321
1764088815.9652545 1764088939.3810248
1764088939.3810432 1764089076.8210912
1764089076.821115 1764089244.448817
1764089244.4488387 1764089405.9306176
1764089405.9306376 1764089604.2159977
1764089604.2160213 1764089792.3535166
1764089792.35354 1764089949.965496
1764089949.9655142 1764090097.2242072
1764090097.2242289 1764090227.4534411
1764090227.453465 1764090365.7061152
1764090365.7061334 1764090629.1938114
1764090629.1938355 1764090850.6832204
1764090850.6832435 1764091010.0132687
1764091010.013286 1764091115.6903746
1764091115.6903985 1764091284.7480516
1764091284.7480695 1764091393.4734125
1764091393.4734347 1764091636.842399
1764091636.8424304 1764091789.2160926
1764091789.216111 1764091976.8715663
1764091976.871588 1764092103.8188543
