1764073831.0582385 1764074011.1712847
1764074011.1713026 1764074210.0683885
1764074210.0684102 1764074340.5410066
1764074340.5410252 1764074621.2548308
1764074621.2548606 1764074942.8570287
1764074942.857051 1764075189.4240084
1764075189.4240313 1764075334.651493
1764075334.6515129 1764075582.631941
1764075582.6319635 1764075760.6959648
1764075760.6959882 1764075987.4010894
1764075987.401109 1764076197.9659634
1764076197.9659858 1764076522.573975
1764076522.573997 1764076619.032844
1764076619.032863 1764076781.2948582
1764076781.2948816 1764076933.2045152
1764076933.2045388 1764077187.5509164
1764077187.550939 1764077362.1221018
1764077362.1221228 1764077588.6736434
1764077588.6736784 1764077782.8620567
1764077782.8620787 1764078009.9129968
1764078009.9130185 1764078183.936491
1764078183.9365125 1764078351.5397117
1764078351.539731 1764078527.9780283
1764078527.9780502 1764078697.5640085
1764078697.5640259 1764078901.5553708
1764078901.5553932 1764079072.207529
1764079072.2075508 1764079168.023901
1764079168.0239186 1764079415.7719412
1764079415.7719626 1764079526.2067122
1764079526.2067335 1764079666.1393979
1764079666.1394172 1764079898.0671148
1764079898.0671372 1764080135.5148022
1764080135.5148242 1764080233.1656625
1764080233.1656804 1764080491.751429
1764080491.7514522 1764080620.1410825
1764080620.141101 1764080794.926163
1764080794.926184 1764080950.6747775
1764080950.6747952 1764081119.0358872
1764081119.0359097 1764081276.9053519
1764081276.9053743 1764081407.5304568
1764081407.5304744 1764081544.714326
1764081544.714349 1764081684.7843747
1764081684.7843924 1764081922.2368128
1764081922.236837 1764082056.1478283
1764082056.1478512 1764082205.5000699
1764082205.5000873 1764082350.69625
1764082350.6962729 1764082503.5885987
1764082503.5886219 1764082768.6309755
1764082768.6309988 1764082969.999443
1764082969.9994643 1764083178.6776855
1764083178.6777089 1764083312.5736444
1764083312.573663 1764083434.0151072
1764083434.0151303 1764083649.2203012
1764083649.2203195 1764083804.6710746
1764083804.6710975 1764083977.4912996
1764083977.4913225 1764084138.4727564
1764084138.4727755 1764084276.4144108
1764084276.414433 1764084502.9436562
1764084502.9436777 1764084673.6142828
1764084673.6143007 1764084883.251456
1764084883.2514777 1764085140.2112312
1764085140.2112505 1764085459.3732455
1764085459.3732696 1764085636.7327335
1764085636.7327523 1764085716.9554033
1764085716.9554255 1764085918.3332572
1764085918.3332758 1764086173.4390981
1764086173.4391217 1764086378.7194934
1764086378.7195158 1764086559.5370898
1764086559.5371134 1764086764.7904024
1764086764.7904267 1764086920.16251
1764086920.1625323 1764087149.9076679
1764087149.9076874 1764087305.6755853
1764087305.6756098 1764087499.422795
1764087499.4228125 1764087721.218337
1764087721.2183619 1764087815.2791348
1764087815.2791533 1764087984.5265875
1764087984.5266132 1764088136.9342523
1764088136.9342747 1764088423.9520917
1764088423.952111 1764088606.298357
1764088606.2983797 1764088816.8380566
1764088816.8380804 1764088950.4318197
1764088950.4318385 1764089085.9765584
1764089085.9765813 1764089188.170359
1764089188.170381 1764089397.2153242
1764089397.2153444 1764089600.2334137
1764089600.2334383 1764089799.3519542
1764089799.3519726 1764089943.8893604
1764089943.8893828 1764090066.4413214
1764090066.441344 1764090242.7826452
1764090242.7826638 1764090370.9100108
1764090370.91003 1764090636.324212
1764090636.324235 1764090810.3044043
1764090810.3044245 1764090987.577413
1764090987.5774362 1764091151.7098358
1764091151.709854 1764091313.4779177
1764091313.477937 1764091455.2072313
1764091455.2072556 1764091634.7893982
1764091634.7894158 1764091795.3336756
1764091795.3336992 1764091956.0626512
1764091956.062671 1764092095.9645324
