1776269583.4569778 1776269613.622589
1776269613.6226153 1776269646.3475404
1776269646.347562 1776269666.871765
1776269666.871803 1776269704.274175
1776269704.2742012 1776269736.026427
1776269736.0264523 1776269769.0641696
1776269769.064192 1776269797.8748584
1776269797.8748786 1776269828.1762028
1776269828.1762288 1776269847.7289646
1776269847.7289906 1776269881.327498
1776269881.327523 1776269917.7460217
1776269917.746058 1776269951.2348642
1776269951.234884 1776269982.676593
1776269982.6766312 1776270014.9872642
1776270014.9872842 1776270052.0069664
1776270052.006992 1776270076.5450952
1776270076.5451214 1776270118.7803495
1776270118.780369 1776270156.3560696
1776270156.3560953 1776270182.818418
1776270182.8184373 1776270223.710809
1776270223.7108362 1776270257.252741
1776270257.2527606 1776270289.7996137
1776270289.799647 1776270329.99608
1776270329.9960992 1776270353.9661074
1776270353.9661338 1776270398.5042691
1776270398.504288 1776270437.8375657
1776270437.837585 1776270470.0175838
1776270470.0176084 1776270506.2889693
1776270506.288991 1776270540.4208794
1776270540.4209 1776270574.4703667
1776270574.4703937 1776270610.8811877
1776270610.881207 1776270634.6167088
1776270634.616736 1776270676.5785637
1776270676.578584 1776270704.527638
1776270704.5276637 1776270739.8925383
1776270739.8925579 1776270769.1965141
1776270769.1965392 1776270801.0939515
1776270801.0939708 1776270825.1163085
1776270825.1163325 1776270857.4132547
1776270857.4132786 1776270885.825184
1776270885.8252037 1776270919.2740207
1776270919.274047 1776270952.298535
1776270952.2985616 1776270985.2080457
1776270985.2080646 1776271011.0056424
1776271011.0056672 1776271042.860672
1776271042.8606937 1776271067.1217077
1776271067.1217282 1776271104.1148295
1776271104.1148546 1776271129.3317778
1776271129.331797 1776271162.859649
1776271162.8596747 1776271190.900492
1776271190.9005153 1776271224.106465
1776271224.106488 1776271258.6818402
1776271258.6818595 1776271285.7559638
1776271285.7559826 1776271316.7732034
1776271316.773231 1776271345.2603512
1776271345.260371 1776271373.6742866
1776271373.674318 1776271405.5430238
1776271405.5430484 1776271436.5496998
1776271436.549724 1776271474.3407333
1776271474.340756 1776271504.3613782
1776271504.361399 1776271537.6944413
1776271537.694467 1776271568.2467701
1776271568.2467918 1776271595.1359377
1776271595.1359584 1776271629.3982067
1776271629.3982296 1776271661.0151432
1776271661.0151653 1776271683.8708725
1776271683.8708982 1776271726.0400789
1776271726.0401134 1776271755.3053565
1776271755.3053775 1776271794.7462378
1776271794.7462566 1776271824.9541602
1776271824.9541872 1776271854.6907246
1776271854.690746 1776271883.1259644
1776271883.1259906 1776271916.574766
1776271916.5747912 1776271948.298366
1776271948.2983854 1776271972.6677365
1776271972.667761 1776272014.9772546
1776272014.9772766 1776272047.073226
1776272047.0732462 1776272084.002848
1776272084.002875 1776272118.981678
1776272118.981698 1776272160.8865442
1776272160.886569 1776272194.4436045
1776272194.4436257 1776272225.5492966
1776272225.5493238 1776272265.2425652
1776272265.2425857 1776272296.8403592
1776272296.8403842 1776272335.5846682
1776272335.5846906 1776272362.4531279
1776272362.4531467 1776272407.2113228
1776272407.21135 1776272434.1375728
1776272434.137599 1776272470.3980503
1776272470.3980756 1776272503.9606874
1776272503.9607093 1776272532.2344847
1776272532.2345042 1776272562.3311427
1776272562.3311684 1776272601.1290944
1776272601.1291187 1776272628.9087403
1776272628.9087658 1776272651.5182245
1776272651.5182502 1776272691.569179
1776272691.5692062 1776272719.12861
1776272719.1286297 1776272749.176123
1776272749.1761484 1776272784.8244762
1776272784.8244987 1776272813.584515
