27.444973707199097
22.19681429862976
27.14813470840454
23.593551635742188
26.77281665802002
23.46556043624878
25.204964876174927
23.244529247283936
24.22882342338562
19.78338360786438
23.502379179000854
25.364208459854126
25.18805432319641
26.15487027168274
25.64260745048523
25.16403341293335
26.776554346084595
22.029662132263184
23.390428066253662
29.8299400806427
22.79762315750122
21.29230785369873
23.113155126571655
25.227906703948975
21.292176723480225
20.62336254119873
20.075089693069458
23.91913628578186
25.479804039001465
24.99620795249939
26.363956212997437
23.441200017929077
25.755185842514038
20.22238302230835
26.756319284439087
23.37848162651062
27.57868456840515
26.686626434326172
28.571866989135742
24.179908990859985
28.762425422668457
27.220033645629883
25.409390449523926
23.660053730010986
28.785061597824097
27.69794511795044
25.061604022979736
26.91040062904358
29.41241216659546
24.389928579330444
26.322385787963867
24.546464204788208
23.44693946838379
26.544864892959595
20.71092414855957
25.101880073547363
25.81326460838318
23.160204648971558
26.922139883041382
25.68709945678711
28.28376269340515
21.107954740524292
25.429705381393433
20.67809295654297
25.804473638534546
22.01235055923462
22.781128406524658
23.63983416557312
24.17671298980713
25.606168270111084
22.721752882003784
22.358806848526
22.847835779190063
23.20608162879944
28.342594623565674
28.47616195678711
27.66327714920044
25.403944730758667
24.685872316360474
26.429492950439453
24.00166940689087
25.264926433563232
28.1256103515625
22.323572635650635
23.058076858520508
27.98233127593994
23.506572484970093
28.522085666656494
27.03315234184265
24.13246774673462
21.990430116653442
24.449242115020752
27.529783964157104
27.492005348205566
20.162153720855713
26.44018054008484
23.89543604850769
26.561487674713135
25.9940025806427
21.837316513061523
2491.195776462555
