1756977124.31243 1756977148.6406372
1756977148.6406677 1756977171.3914998
1756977171.3915267 1756977199.8235536
1756977199.823584 1756977221.0014546
1756977221.0015075 1756977250.7630506
1756977250.763077 1756977274.934409
1756977274.9344409 1756977298.9192972
1756977298.9193254 1756977322.8181243
1756977322.8181577 1756977345.0860097
1756977345.086033 1756977367.3962233
1756977367.39625 1756977381.0772555
1756977381.0772772 1756977410.5371747
1756977410.5371993 1756977441.450929
1756977441.4509575 1756977467.6058278
1756977467.6058474 1756977493.2484548
1756977493.2484791 1756977518.4125125
1756977518.4125361 1756977544.5171182
1756977544.517145 1756977559.7458072
1756977559.745828 1756977584.441309
1756977584.4413333 1756977620.4391918
1756977620.439213 1756977642.856911
1756977642.8569396 1756977664.2467105
1756977664.2467406 1756977687.2791886
1756977687.2792137 1756977709.9769552
1756977709.976978 1756977726.1676662
1756977726.1676936 1756977749.967711
1756977749.9677353 1756977773.7303724
1756977773.7304087 1756977795.7310617
1756977795.7310863 1756977822.1232145
1756977822.1232393 1756977842.5377939
1756977842.537819 1756977875.366647
1756977875.3666742 1756977898.7637904
1756977898.7638278 1756977921.4152186
1756977921.4152422 1756977940.549913
1756977940.5499356 1756977970.0223885
1756977970.0224152 1756977989.8014877
1756977989.8015132 1756978020.951658
1756978020.951689 1756978049.1121297
1756978049.1121569 1756978072.552646
1756978072.5526733 1756978101.0009415
1756978101.0009785 1756978130.0877988
1756978130.0878294 1756978150.4949782
1756978150.4950004 1756978182.8530703
1756978182.8531003 1756978204.8404853
1756978204.840513 1756978236.0281005
1756978236.0281243 1756978259.3035057
1756978259.3035324 1756978286.3883715
1756978286.3883944 1756978313.5931938
1756978313.5932245 1756978341.936068
1756978341.9360967 1756978366.2095997
1756978366.209628 1756978391.7191994
1756978391.7192276 1756978420.350709
1756978420.3507402 1756978443.8164074
1756978443.8164344 1756978466.0623605
1756978466.0623844 1756978489.210411
1756978489.2104375 1756978510.500547
1756978510.5005684 1756978529.6323853
1756978529.6324096 1756978561.4135923
1756978561.4136133 1756978585.6559088
1756978585.6559432 1756978616.9844816
1756978616.9845102 1756978646.0407193
1756978646.040741 1756978666.5958216
1756978666.5958533 1756978689.0017335
1756978689.001758 1756978710.4565947
1756978710.4566226 1756978739.0610397
1756978739.061067 1756978757.856555
1756978757.856578 1756978782.0267625
1756978782.0267868 1756978806.9991624
1756978806.999202 1756978831.240075
1756978831.24011 1756978857.2118416
1756978857.2118843 1756978878.231695
1756978878.23172 1756978900.7430804
1756978900.7431076 1756978919.4610283
1756978919.4610515 1756978938.0923018
1756978938.0923285 1756978976.317421
1756978976.3174434 1756979002.3366988
1756979002.3367274 1756979032.1433606
1756979032.1433942 1756979058.2979999
1756979058.2980251 1756979077.6286883
1756979077.6287143 1756979105.1636531
1756979105.1636834 1756979128.6868305
1756979128.6868582 1756979158.68006
1756979158.680081 1756979184.5410435
1756979184.5410652 1756979208.950241
1756979208.9502754 1756979226.4276767
1756979226.427699 1756979257.504998
1756979257.5050223 1756979273.3150427
1756979273.315068 1756979304.5457985
1756979304.5458202 1756979330.1810055
1756979330.1810288 1756979361.3556879
1756979361.3557158 1756979376.6853032
1756979376.6853263 1756979406.7013059
1756979406.7013288 1756979437.3336391
1756979437.3336656 1756979457.0248134
1756979457.0248346 1756979482.2050078
1756979482.2050326 1756979510.5991242
1756979510.5991561 1756979534.3016713
1756979534.301696 1756979557.7086842
1756979557.7087107 1756979584.235098
1756979584.235136 1756979607.89166
