1776301719.3368247 1776301749.0164137
1776301749.016433 1776301772.285369
1776301772.285395 1776301803.0816348
1776301803.081651 1776301829.7064571
1776301829.7064755 1776301858.0796454
1776301858.0796697 1776301885.4371405
1776301885.4371588 1776301913.598809
1776301913.5988317 1776301934.9192924
1776301934.9193175 1776301969.1957858
1776301969.195808 1776301986.2594633
1776301986.2594855 1776302022.6664562
1776302022.666479 1776302050.0686836
1776302050.068706 1776302076.1140559
1776302076.114079 1776302099.629557
1776302099.629573 1776302129.6057692
1776302129.6057954 1776302158.437948
1776302158.4379642 1776302192.5268292
1776302192.5268521 1776302220.443315
1776302220.443332 1776302244.4065917
1776302244.4066136 1776302277.6981788
1776302277.6981964 1776302305.925126
1776302305.9251485 1776302339.507244
1776302339.507267 1776302372.3093774
1776302372.3093946 1776302403.3179715
1776302403.3179946 1776302432.4426525
1776302432.4426744 1776302466.9960675
1776302466.9960847 1776302486.4919207
1776302486.4919431 1776302514.484681
1776302514.4847023 1776302542.4178195
1776302542.4178426 1776302570.0767431
1776302570.076762 1776302598.7444296
1776302598.7444513 1776302619.086341
1776302619.0863597 1776302648.966716
1776302648.966739 1776302675.606972
1776302675.6069891 1776302701.2043712
1776302701.2043893 1776302727.178748
1776302727.1787705 1776302751.6173396
1776302751.617362 1776302777.5114741
1776302777.511497 1776302817.834898
1776302817.834915 1776302846.9066784
1776302846.9067008 1776302877.686859
1776302877.6868775 1776302907.6753912
1776302907.6754146 1776302931.4259481
1776302931.4259663 1776302968.0051055
1776302968.0051224 1776302991.8750756
1776302991.875099 1776303023.0776634
1776303023.0776806 1776303051.4514174
1776303051.4514346 1776303085.4792728
1776303085.4792957 1776303115.0160046
1776303115.0160213 1776303144.5072818
1776303144.5073056 1776303178.6720335
1776303178.6720502 1776303206.963359
1776303206.9633763 1776303236.6361852
1776303236.6362083 1776303261.9511013
1776303261.9511192 1776303298.7366357
1776303298.7366595 1776303331.473654
1776303331.4736714 1776303360.6878119
1776303360.6878293 1776303388.9815812
1776303388.9816046 1776303423.2423944
1776303423.2424185 1776303450.5784585
1776303450.578488 1776303481.823843
1776303481.823866 1776303514.3335457
1776303514.333563 1776303551.9971347
1776303551.997157 1776303577.6228945
1776303577.6229112 1776303607.525433
1776303607.525455 1776303645.6476324
1776303645.647651 1776303674.1660507
1776303674.1660683 1776303699.316456
1776303699.3164797 1776303741.4136274
1776303741.4136448 1776303770.6421406
1776303770.6421642 1776303804.530445
1776303804.5304675 1776303834.6880138
1776303834.6880312 1776303868.8769054
1776303868.8769298 1776303898.320579
1776303898.3205967 1776303920.552695
1776303920.552719 1776303951.118736
1776303951.1187546 1776303978.9026654
1776303978.9026825 1776303997.5056489
1776303997.5056725 1776304035.7420673
1776304035.742092 1776304065.8946452
1776304065.8946624 1776304093.7107441
1776304093.7107668 1776304124.8318355
1776304124.8318539 1776304144.8699803
1776304144.8700044 1776304176.2157052
1776304176.2157297 1776304200.3260217
1776304200.3260376 1776304232.314709
1776304232.3147326 1776304258.4496367
1776304258.449654 1776304288.1432905
1776304288.1433146 1776304315.4738362
1776304315.4738557 1776304347.0565054
1776304347.0565286 1776304374.3045378
1776304374.3045552 1776304407.5327632
1776304407.532787 1776304430.260271
1776304430.260294 1776304456.508767
1776304456.5087857 1776304487.4003727
1776304487.4003916 1776304519.4942832
1776304519.494316 1776304549.4337153
1776304549.4337337 1776304580.9200947
1776304580.9201152 1776304612.6027303
1776304612.6027539 1776304642.6830003
