1776301716.2660344 1776301746.9449165
1776301746.944936 1776301775.8505006
1776301775.8505201 1776301799.451346
1776301799.4513636 1776301827.4557536
1776301827.4557772 1776301855.900268
1776301855.9002855 1776301878.8601964
1776301878.8602211 1776301905.1926472
1776301905.1926637 1776301939.2810981
1776301939.2811232 1776301967.9818947
1776301967.981919 1776301994.1458092
1776301994.1458328 1776302022.700567
1776302022.7005854 1776302052.571639
1776302052.5716631 1776302077.8714805
1776302077.8714986 1776302105.0955834
1776302105.095604 1776302134.403934
1776302134.403958 1776302161.702572
1776302161.7025971 1776302189.7632813
1776302189.7633178 1776302220.1517613
1776302220.151786 1776302254.6122231
1776302254.6122456 1776302275.1201627
1776302275.1201804 1776302311.6493263
1776302311.649348 1776302340.4093513
1776302340.4093704 1776302371.1799078
1776302371.1799357 1776302406.6188061
1776302406.6188245 1776302434.464863
1776302434.464885 1776302466.60071
1776302466.6007311 1776302494.3804417
1776302494.380462 1776302522.232255
1776302522.2322767 1776302540.721261
1776302540.7212787 1776302574.6573598
1776302574.657383 1776302599.9880857
1776302599.9881036 1776302624.1316183
1776302624.1316354 1776302643.0682223
1776302643.0682452 1776302675.324597
1776302675.324631 1776302693.6659431
1776302693.66596 1776302725.1356971
1776302725.13572 1776302756.1342344
1776302756.1342525 1776302784.1417584
1776302784.1417813 1776302817.2597928
1776302817.259817 1776302840.132904
1776302840.1329274 1776302873.5195622
1776302873.5195823 1776302904.338003
1776302904.3380246 1776302935.0102668
1776302935.010298 1776302963.0732448
1776302963.0732672 1776302995.9365277
1776302995.9365509 1776303025.0557718
1776303025.0557885 1776303053.041583
1776303053.0416057 1776303081.8790855
1776303081.8791068 1776303112.4379134
1776303112.437934 1776303145.047683
1776303145.047705 1776303167.5215542
1776303167.521571 1776303206.1322534
1776303206.1322773 1776303237.1785617
1776303237.178584 1776303268.4915438
1776303268.4915614 1776303303.6493812
1776303303.649398 1776303332.7804897
1776303332.7805126 1776303361.4365537
1776303361.4365706 1776303385.310987
1776303385.3110034 1776303410.4344754
1776303410.4344978 1776303454.2721455
1776303454.272186 1776303486.1863234
1776303486.1863558 1776303516.3911543
1776303516.3911722 1776303545.5724907
1776303545.572512 1776303579.5357983
1776303579.5358157 1776303608.3928392
1776303608.392855 1776303636.59681
1776303636.5968325 1776303676.946631
1776303676.9466534 1776303706.1005719
1776303706.1005962 1776303736.8484662
1776303736.8484898 1776303773.6300774
1776303773.6300952 1776303803.7023227
1776303803.7023466 1776303833.1473563
1776303833.1473753 1776303869.2952983
1776303869.295322 1776303890.9713483
1776303890.9713707 1776303918.4589462
1776303918.4589646 1776303951.1426554
1776303951.142674 1776303971.9803255
1776303971.9803498 1776304010.1763315
1776304010.1763484 1776304033.3353188
1776304033.3353431 1776304062.8717055
1776304062.8717232 1776304093.020207
1776304093.0202246 1776304124.6887434
1776304124.6887681 1776304149.607582
1776304149.6076005 1776304167.3108885
1776304167.3109043 1776304200.9023561
1776304200.9023805 1776304236.394094
1776304236.394111 1776304262.9836755
1776304262.9836988 1776304287.3788533
1776304287.37887 1776304317.156903
1776304317.15692 1776304344.1987655
1776304344.1987824 1776304376.9400532
1776304376.9400768 1776304401.8122468
1776304401.8122635 1776304438.8373573
1776304438.8373806 1776304460.4983568
1776304460.4983802 1776304488.3234935
1776304488.3235128 1776304514.591813
1776304514.59183 1776304548.4267673
1776304548.4267924 1776304580.1480687
1776304580.1480858 1776304607.909235
1776304607.9092622 1776304646.0883837
