1776301721.711478 1776301751.869352
1776301751.869374 1776301777.6412673
1776301777.6412904 1776301800.4530516
1776301800.4530785 1776301829.6619632
1776301829.6620088 1776301854.2476382
1776301854.2476585 1776301886.1005976
1776301886.1006255 1776301914.085296
1776301914.0853198 1776301930.9938965
1776301930.9939175 1776301967.4461083
1776301967.4461358 1776301993.6582222
1776301993.6582468 1776302023.5905766
1776302023.590599 1776302050.644861
1776302050.644881 1776302075.33373
1776302075.3337555 1776302104.7909405
1776302104.7909591 1776302134.9023693
1776302134.9023888 1776302162.6662822
1776302162.6663253 1776302186.0531747
1776302186.0531998 1776302214.5898623
1776302214.5898871 1776302255.3312984
1776302255.331318 1776302281.590579
1776302281.5906093 1776302314.951005
1776302314.951025 1776302344.2586987
1776302344.2587264 1776302377.1682377
1776302377.168259 1776302404.6796782
1776302404.6797278 1776302433.900802
1776302433.9008296 1776302462.900071
1776302462.9000955 1776302497.0210388
1776302497.0210593 1776302520.6566603
1776302520.6566794 1776302545.1601887
1776302545.1602213 1776302575.0023568
1776302575.002381 1776302590.9046123
1776302590.9046316 1776302627.9879537
1776302627.9879782 1776302648.7481036
1776302648.7481236 1776302670.56839
1776302670.56841 1776302701.6277742
1776302701.6277988 1776302728.8228388
1776302728.822858 1776302757.7216966
1776302757.7217197 1776302781.861811
1776302781.8618286 1776302810.3952591
1776302810.3952837 1776302846.6003633
1776302846.6003826 1776302878.686791
1776302878.686815 1776302896.317845
1776302896.317863 1776302930.305393
1776302930.3054168 1776302965.7935529
1776302965.7935712 1776302995.8242478
1776302995.8242705 1776303025.138391
1776303025.138416 1776303051.031311
1776303051.0313334 1776303084.0449605
1776303084.0449853 1776303114.5508163
1776303114.5508406 1776303142.907951
1776303142.90797 1776303173.6827705
1776303173.6827953 1776303208.0693443
1776303208.0693636 1776303239.8210468
1776303239.8210714 1776303266.6823244
1776303266.6823518 1776303303.3301792
1776303303.3301983 1776303329.081266
1776303329.0812905 1776303355.9323287
1776303355.932348 1776303391.1581812
1776303391.1582055 1776303421.8408515
1776303421.840873 1776303456.1603172
1776303456.1603417 1776303487.7356546
1776303487.73568 1776303511.5185935
1776303511.5186236 1776303549.9291244
1776303549.9291496 1776303583.7284472
1776303583.7284665 1776303609.284134
1776303609.2841592 1776303636.796133
1776303636.7961566 1776303675.7038217
1776303675.7038462 1776303709.672413
1776303709.6724336 1776303741.747532
1776303741.747552 1776303772.54897
1776303772.5489962 1776303804.2150557
1776303804.2150757 1776303836.4464698
1776303836.4464965 1776303864.615197
1776303864.6152208 1776303897.3108077
1776303897.3108287 1776303920.617522
1776303920.6175468 1776303952.8823655
1776303952.8823855 1776303981.5467622
1776303981.546788 1776304004.2250097
1776304004.2250302 1776304033.0236185
1776304033.0236385 1776304065.0955918
1776304065.0956156 1776304086.4750001
1776304086.4750242 1776304125.1894426
1776304125.1894653 1776304149.8792963
1776304149.8793154 1776304176.4460907
1776304176.4461164 1776304206.2648022
1776304206.2648234 1776304232.5844347
1776304232.5844522 1776304261.3709018
1776304261.3709278 1776304288.5312552
1776304288.5312753 1776304315.461555
1776304315.4615748 1776304333.5065846
1776304333.5066094 1776304375.1967206
1776304375.196745 1776304408.1015153
1776304408.1015377 1776304434.8870676
1776304434.8870873 1776304464.6184103
1776304464.618436 1776304489.529391
1776304489.5294116 1776304516.5368843
1776304516.536911 1776304542.22147
1776304542.2214963 1776304579.9116807
1776304579.911703 1776304610.4739964
1776304610.4740255 1776304643.8019345
