1762156764.8174367 1762156859.5119019
1762156868.5196714 1762156943.1258595
1762156949.13215 1762157028.5805297
1762157029.5817373 1762157129.0838208
1762157136.091041 1762157239.7903273
1762157243.7916794 1762157307.0581243
1762157308.059344 1762157383.355957
1762157393.3661697 1762157455.274213
1762157458.2774687 1762157521.1487458
1762157525.151688 1762157586.6118927
1762157588.6141517 1762157673.5049567
1762157680.5120974 1762157778.7841585
1762157783.7894027 1762157898.8139021
1762157903.8190846 1762158012.2828417
1762158015.2860425 1762158087.2244172
1762158087.2245572 1762158214.1671574
1762158224.1756825 1762158348.834633
1762158354.8396478 1762158480.091851
1762158486.0980392 1762158606.2724497
1762158609.2756872 1762158734.6852186
1762158741.692469 1762158837.690366
1762158843.6956744 1762158968.8979807
1762158976.9062233 1762159072.4279647
1762159081.4371672 1762159144.237692
1762159149.242817 1762159204.3115695
1762159210.317852 1762159260.218764
1762159265.223681 1762159302.649818
1762159312.6599638 1762159376.074108
1762159377.0753357 1762159461.2866516
1762159471.2967913 1762159539.2245145
1762159547.232711 1762159640.5809708
1762159646.5836868 1762159720.7618473
1762159729.7710986 1762159795.1237872
1762159800.1276717 1762159865.956111
1762159870.9613242 1762159937.6493075
1762159940.6516204 1762160029.149354
1762160034.1516783 1762160118.3475137
1762160118.3476365 1762160193.1172376
1762160203.1238174 1762160300.8346202
1762160308.8386054 1762160393.7311265
1762160401.7357419 1762160471.2238166
1762160478.2276416 1762160592.238758
1762160593.239624 1762160666.291532
1762160669.2946985 1762160744.988586
1762160749.9916897 1762160837.520676
1762160846.527615 1762160930.8484917
1762160935.8516908 1762161013.7753844
1762161013.775517 1762161103.9591084
1762161107.9596846 1762161185.2614427
1762161194.2676835 1762161235.0022724
1762161240.003651 1762161338.1572013
1762161346.1636784 1762161436.9118958
1762161438.9141445 1762161553.9225843
1762161555.923972 1762161658.4290676
1762161659.4302886 1762161757.7150414
1762161763.7196033 1762161847.8078797
1762161847.8079643 1762161982.5442698
1762161990.5516741 1762162118.0451202
1762162123.0476305 1762162244.9570146
1762162250.959615 1762162341.85187
1762162348.8591187 1762162423.60327
1762162424.6038833 1762162514.6328897
1762162519.6356943 1762162603.6491258
1762162607.651631 1762162669.900985
1762162674.9036388 1762162730.6673224
1762162731.6685762 1762162790.0441806
1762162793.0473673 1762162846.1489341
1762162849.1516688 1762162911.0286608
1762162920.0378547 1762162973.0812292
1762162977.084065 1762163067.0093963
1762163068.0106323 1762163141.3552117
1762163146.3604262 1762163209.858456
1762163210.8596838 1762163281.7405238
1762163289.7487366 1762163366.0714128
1762163366.0715156 1762163448.223157
1762163458.2316818 1762163539.476379
1762163548.4837015 1762163624.9705403
1762163633.9797983 1762163718.8149345
1762163723.819689 1762163779.1084006
1762163784.111638 1762163871.3691006
1762163874.371693 1762163965.3057454
1762163966.3069313 1762164039.7684038
1762164047.7766345 1762164126.8834753
1762164130.8876228 1762164201.9875836
1762164201.9877484 1762164282.4761977
1762164288.4796069 1762164365.5102768
1762164368.513474 1762164429.3864439
1762164430.387659 1762164481.2690032
1762164490.2756124 1762164531.2381837
1762164531.2383199 1762164572.1032596
1762164580.1114433 1762164626.5088224
1762164632.515001 1762164676.3106396
1762164681.3158164 1762164737.012897
1762164746.0197062 1762164798.2753146
1762164798.275434 1762164845.148559
1762164845.1487153 1762164916.3668787
1762164924.3716168 1762165001.6314461
1762165009.6356218 1762165111.6331232
1762165112.6343164 1762165239.3233316
1762165246.327616 1762165373.0794795
