1762156771.2829108 1762156843.7808604
1762156847.7850804 1762156947.5731618
1762156957.5796793 1762157043.8348157
1762157050.842043 1762157099.7789032
1762157105.785077 1762157226.6639116
1762157228.6661446 1762157319.345235
1762157320.3463926 1762157385.6028557
1762157386.6036134 1762157454.4074934
1762157462.4156854 1762157521.994058
1762157530.9996705 1762157585.974913
1762157593.9796228 1762157663.6772041
1762157669.6834426 1762157778.94242
1762157788.9526248 1762157904.8678606
1762157908.8720653 1762158009.4339497
1762158012.437147 1762158114.173958
1762158120.1796958 1762158237.4077368
1762158243.4139526 1762158371.573223
1762158371.573307 1762158506.6962552
1762158510.6996238 1762158629.1734607
1762158636.1796916 1762158710.0127826
1762158718.0210042 1762158831.6821346
1762158835.6863613 1762158960.6673439
1762158962.6676912 1762159055.8759098
1762159061.8796253 1762159145.918049
1762159154.927242 1762159200.500456
1762159210.5076663 1762159259.0833828
1762159260.0837064 1762159310.4710066
1762159318.4756823 1762159387.7049627
1762159391.7091782 1762159456.2895489
1762159466.2997034 1762159550.315794
1762159551.3169537 1762159652.900934
1762159652.9010339 1762159719.5623488
1762159722.5636802 1762159795.5238912
1762159798.5270276 1762159867.1142397
1762159869.1156483 1762159909.708235
1762159919.715613 1762160028.086315
1762160034.0916505 1762160125.808556
1762160133.815615 1762160205.0644403
1762160206.0646665 1762160304.456437
1762160309.4596698 1762160384.0726745
1762160386.0748768 1762160472.1977549
1762160476.1996038 1762160595.0449514
1762160595.0450816 1762160670.2703593
1762160680.279654 1762160757.5021348
1762160760.5053332 1762160839.02978
1762160848.0389898 1762160927.5809839
1762160932.584296 1762161016.53529
1762161023.5396826 1762161068.4125507
1762161078.4196024 1762161168.51868
1762161169.519605 1762161252.3119645
1762161258.3156002 1762161343.861051
1762161346.8636675 1762161432.1765006
1762161442.183687 1762161556.1743004
1762161556.1744032 1762161655.8218641
1762161655.8220055 1762161751.8082557
1762161755.811631 1762161846.1744518
1762161852.1796768 1762161950.3637128
1762161953.3668444 1762162087.2469473
1762162094.2516751 1762162227.5729253
1762162235.5796578 1762162326.5159342
1762162331.5196269 1762162418.780334
1762162419.7814505 1762162518.2730389
1762162524.2792127 1762162609.5181649
1762162609.5182724 1762162670.5019467
1762162676.507625 1762162727.3172705
1762162729.3177001 1762162789.9727793
1762162798.9819365 1762162847.7485495
1762162854.7556617 1762162904.3026378
1762162908.3048952 1762162983.2776036
1762162987.279606 1762163062.2723067
1762163066.2764819 1762163140.0169818
1762163149.026176 1762163213.8119605
1762163213.8120804 1762163296.9069374
1762163296.9070408 1762163373.1172462
1762163379.1197226 1762163418.8598888
1762163428.8678253 1762163533.787794
1762163543.7956128 1762163634.287325
1762163637.2876732 1762163709.2605143
1762163711.2626877 1762163778.643512
1762163783.648743 1762163871.245437
1762163881.2464046 1762163941.131262
1762163946.1356885 1762164039.7926412
1762164041.7947993 1762164117.1830268
1762164118.1836472 1762164204.593193
1762164204.593339 1762164288.438396
1762164298.4476326 1762164360.5746765
1762164360.5747874 1762164427.0336852
1762164427.0338268 1762164480.1530318
1762164482.1550915 1762164512.7577662
1762164519.7636895 1762164565.9117885
1762164570.9156291 1762164626.706721
1762164630.707648 1762164673.0496848
1762164682.0556765 1762164735.737458
1762164735.737535 1762164796.3212502
1762164806.3276117 1762164858.1352801
1762164864.139605 1762164918.2641435
1762164925.2684882 1762165005.666694
1762165014.6756194 1762165136.3328493
1762165137.334032 1762165272.5158744
1762165278.519723 1762165378.3654277
