1762156768.7052898 1762156854.0350423
1762156858.0394242 1762156950.5772383
1762156951.5784876 1762157031.6763673
1762157031.676498 1762157131.9549692
1762157138.9621627 1762157230.3009305
1762157235.3036654 1762157322.3157835
1762157324.318017 1762157386.7768893
1762157392.7800682 1762157454.2885618
1762157461.2956822 1762157523.5264955
1762157529.5317056 1762157573.512558
1762157583.5196176 1762157664.2379909
1762157665.239179 1762157787.8656893
1762157794.8716815 1762157891.2815435
1762157895.283692 1762158006.208863
1762158013.2156298 1762158111.2443419
1762158115.2476323 1762158249.3445559
1762158249.344682 1762158320.5782125
1762158326.583658 1762158480.4881449
1762158482.490354 1762158593.2790484
1762158594.2801778 1762158707.3596961
1762158717.3676789 1762158842.129521
1762158844.1316688 1762158963.8226206
1762158972.8316267 1762159048.963774
1762159051.9669538 1762159141.8651385
1762159149.8716257 1762159204.2647312
1762159204.2648358 1762159259.241148
1762159260.2424371 1762159312.0297592
1762159314.031693 1762159387.5348165
1762159390.535615 1762159454.578206
1762159454.5783012 1762159532.0506306
1762159536.0548546 1762159633.2199783
1762159634.2211423 1762159720.167739
1762159721.168947 1762159796.5975587
1762159802.603704 1762159859.1539235
1762159864.1591284 1762159936.641591
1762159938.6436093 1762160029.6727161
1762160036.6798532 1762160089.974752
1762160089.9748778 1762160178.5427032
1762160185.5476696 1762160270.4604347
1762160275.463699 1762160363.0958092
1762160364.0969756 1762160452.3548908
1762160454.3567152 1762160576.3049333
1762160585.311646 1762160653.9769552
1762160662.986177 1762160744.926951
1762160748.9276254 1762160838.195264
1762160845.1996315 1762160927.5649192
1762160935.5731003 1762161013.9375017
1762161013.9375913 1762161101.391541
1762161110.3996427 1762161183.6961951
1762161185.6983452 1762161265.598789
1762161271.6049552 1762161349.6088097
1762161352.6119692 1762161446.5369208
1762161454.5436714 1762161514.0879445
1762161520.0940993 1762161644.2651696
1762161650.2676253 1762161752.6598825
1762161757.6636727 1762161850.1505346
1762161857.1577091 1762161987.3983033
1762161991.3996875 1762162089.2304337
1762162097.2385461 1762162237.3687105
1762162237.3688374 1762162342.823628
1762162349.8308299 1762162410.9633226
1762162420.9676461 1762162512.739505
1762162515.7427254 1762162601.3096921
1762162609.3178742 1762162668.5709229
1762162676.579101 1762162724.189898
1762162733.1956165 1762162790.4540718
1762162791.4552696 1762162848.2269347
1762162850.2276287 1762162905.5534053
1762162909.5556667 1762162976.688964
1762162977.6901314 1762163062.9162123
1762163065.9194016 1762163141.7551203
1762163146.7602813 1762163190.0498703
1762163193.0516384 1762163267.7207944
1762163272.7236168 1762163362.4201224
1762163369.4236085 1762163445.2461572
1762163447.247614 1762163530.562289
1762163540.571702 1762163613.2885544
1762163613.2886305 1762163716.834893
1762163723.8421466 1762163779.2356231
1762163781.2377903 1762163868.0591185
1762163869.0596645 1762163960.7905319
1762163961.791712 1762164048.5567608
1762164055.5639677 1762164121.825484
1762164129.8316298 1762164199.5932698
1762164209.59967 1762164287.0534205
1762164297.0636008 1762164359.7423089
1762164361.7444842 1762164404.278537
1762164405.2797437 1762164472.377687
1762164475.3808286 1762164522.8234813
1762164532.833663 1762164573.0126028
1762164582.0196264 1762164623.3092885
1762164623.3093631 1762164675.7416036
1762164678.7436063 1762164732.2409196
1762164737.243643 1762164797.7325037
1762164803.736047 1762164857.3171399
1762164867.3273025 1762164917.939964
1762164923.943609 1762165009.1346333
1762165017.1426952 1762165124.1386511
1762165131.1436186 1762165252.4098682
1762165260.4156249 1762165404.718229
