1762156762.240419 1762156843.8055675
1762156851.811687 1762156936.5295525
1762156941.5316725 1762157033.8523207
1762157036.855517 1762157132.7964823
1762157141.8036792 1762157239.4437568
1762157246.4477136 1762157329.1643438
1762157336.167679 1762157387.4547546
1762157396.4636905 1762157455.8581269
1762157464.8673418 1762157520.3785455
1762157527.3857553 1762157587.7633085
1762157590.7664998 1762157686.417926
1762157691.4196248 1762157793.47008
1762157801.4756136 1762157873.6143262
1762157882.6157734 1762157992.0772376
1762157995.080451 1762158105.7769063
1762158112.7836237 1762158245.796691
1762158245.7968364 1762158368.2050657
1762158372.2093194 1762158510.577028
1762158515.5822484 1762158616.890388
1762158621.8916357 1762158708.4797199
1762158718.4899666 1762158839.8646617
1762158842.8678794 1762158932.635043
1762158933.6362445 1762159056.6224623
1762159060.6236207 1762159148.7181246
1762159156.7238333 1762159192.1107242
1762159200.1156766 1762159242.282608
1762159242.282766 1762159308.5972571
1762159311.5996268 1762159384.053302
1762159394.0596738 1762159458.8946416
1762159458.8947408 1762159549.4787068
1762159558.4876952 1762159653.63062
1762159659.6356401 1762159713.2460866
1762159718.2510672 1762159791.820227
1762159801.82763 1762159861.8599257
1762159867.863652 1762159937.1281114
1762159942.1333444 1762159990.6920156
1762159994.6956196 1762160098.7463405
1762160102.7476633 1762160195.464692
1762160205.4749804 1762160286.381764
1762160287.3828833 1762160382.9136443
1762160387.9156327 1762160477.8301044
1762160478.831298 1762160591.003528
1762160600.012748 1762160667.9135945
1762160667.9136736 1762160758.2636151
1762160763.2681925 1762160837.358731
1762160845.363691 1762160931.2843175
1762160936.287607 1762161013.0358355
1762161022.0436714 1762161103.2770624
1762161110.2836943 1762161150.7689714
1762161155.7741885 1762161254.0999348
1762161264.107125 1762161341.4190626
1762161349.4236493 1762161435.4714434
1762161438.471608 1762161556.3539162
1762161557.3551788 1762161662.5622153
1762161670.5703473 1762161741.6154788
1762161741.6156425 1762161838.4735723
1762161845.479629 1762161988.407865
1762161996.4160576 1762162084.0499883
1762162091.0556183 1762162217.1586788
1762162225.1636076 1762162327.534828
1762162332.5399866 1762162420.0590465
1762162423.0596306 1762162512.3219612
1762162518.3278844 1762162611.6001413
1762162612.6013293 1762162654.685948
1762162658.687698 1762162726.7062993
1762162730.707671 1762162784.9696934
1762162792.9756107 1762162847.7721164
1762162851.7763343 1762162908.7712681
1762162911.7744412 1762162985.8952858
1762162988.8985026 1762163069.0876167
1762163071.0897574 1762163137.1911738
1762163139.1916757 1762163212.9155147
1762163212.9156742 1762163293.9441922
1762163302.9516377 1762163373.2645674
1762163375.265926 1762163446.846469
1762163447.847688 1762163523.2782576
1762163524.279435 1762163631.0315301
1762163636.0367723 1762163715.8150737
1762163724.823702 1762163780.230746
1762163785.2357059 1762163872.1905534
1762163881.199608 1762163962.5554485
1762163969.562709 1762164048.0660617
1762164051.0692577 1762164120.1226866
1762164127.1276832 1762164197.3081927
1762164205.3156064 1762164282.3776398
1762164284.37964 1762164366.9509468
1762164371.956198 1762164421.304026
1762164425.307681 1762164473.5651512
1762164475.5672972 1762164518.3392615
1762164518.3393707 1762164571.7130654
1762164571.713195 1762164625.0822656
1762164632.0894525 1762164673.4387405
1762164683.4488869 1762164711.9431891
1762164717.9476764 1762164783.1080852
1762164788.1117525 1762164847.0328987
1762164850.0356338 1762164908.8791611
1762164918.8877163 1762165008.958845
1762165016.963704 1762165140.3697503
1762165142.3716278 1762165268.9382458
1762165269.9394515 1762165396.375427
