1756649979.1957278 1756650029.9364932
1756650029.9365208 1756650080.0227928
1756650080.0228326 1756650138.8325148
1756650138.832557 1756650196.280908
1756650196.2809367 1756650240.386099
1756650240.3861232 1756650274.2497087
1756650274.2497325 1756650316.4380298
1756650316.4380517 1756650378.973556
1756650378.973582 1756650423.822062
1756650423.822086 1756650469.7219098
1756650469.7219296 1756650520.790506
1756650520.7905374 1756650583.2485158
1756650583.2485363 1756650617.0416257
1756650617.0416477 1756650658.2288706
1756650658.2289064 1756650709.455801
1756650709.45583 1756650751.0354016
1756650751.0354183 1756650777.3089905
1756650777.309007 1756650827.5376525
1756650827.5376797 1756650889.9341178
1756650889.934135 1756650944.4270048
1756650944.4270275 1756650980.8023818
1756650980.8023992 1756651016.5001884
1756651016.5002115 1756651051.6412046
1756651051.641226 1756651091.405224
1756651091.4052484 1756651125.5239027
1756651125.5239232 1756651161.6407125
1756651161.6407382 1756651206.5921152
1756651206.5921328 1756651235.1841464
1756651235.1841707 1756651274.4177566
1756651274.4177773 1756651313.6719239
1756651313.6719525 1756651352.9269063
1756651352.9269288 1756651382.9789162
1756651382.9789374 1756651438.2552152
1756651438.2552323 1756651494.4697711
1756651494.4697986 1756651551.782852
1756651551.782877 1756651588.2863317
1756651588.2863672 1756651614.4162135
1756651614.4162326 1756651645.0056858
1756651645.0057092 1756651675.7148228
1756651675.7148414 1756651708.646544
1756651708.6465685 1756651755.1224706
1756651755.1224885 1756651807.6883543
1756651807.6883764 1756651849.0384068
1756651849.0384283 1756651888.89853
1756651888.8985524 1756651936.294647
1756651936.294671 1756651998.7527547
1756651998.7527742 1756652047.4468884
1756652047.4469142 1756652080.7921278
1756652080.7921479 1756652129.8802967
1756652129.8803244 1756652178.5326731
1756652178.5326912 1756652232.7987084
1756652232.7987318 1756652263.4528694
1756652263.4528878 1756652302.7779887
1756652302.7780378 1756652335.9852989
1756652335.9853323 1756652381.1405816
1756652381.1406026 1756652413.5912375
1756652413.5912595 1756652454.6132646
1756652454.6132872 1756652497.2027667
1756652497.202788 1756652519.203773
1756652519.2038007 1756652552.588109
1756652552.588135 1756652591.0804515
1756652591.0804853 1756652632.7638109
1756652632.7638345 1756652669.0443287
1756652669.0443478 1756652714.9423323
1756652714.9423587 1756652750.5517213
1756652750.5517542 1756652809.0915525
1756652809.0915868 1756652862.7174344
1756652862.7174578 1756652920.4337037
1756652920.433724 1756652953.9397538
1756652953.9397788 1756652990.3300598
1756652990.3300774 1756653025.138896
1756653025.138921 1756653072.2959607
1756653072.2959805 1756653114.3524976
1756653114.352523 1756653171.93809
1756653171.938112 1756653210.828073
1756653210.8280995 1756653251.5362108
1756653251.5362303 1756653291.8587353
1756653291.8587549 1756653325.904998
1756653325.9050202 1756653362.9679546
1756653362.9679797 1756653402.024749
1756653402.024778 1756653440.4886143
1756653440.4886384 1756653482.8352187
1756653482.8352416 1756653547.6876674
1756653547.6876912 1756653593.3837092
1756653593.383729 1756653633.4576015
1756653633.4576254 1756653676.7506647
1756653676.7507002 1756653722.727771
1756653722.7277956 1756653773.4706914
1756653773.4707143 1756653808.906951
1756653808.906973 1756653843.804418
1756653843.804438 1756653881.571854
1756653881.5718787 1756653930.0183206
1756653930.018341 1756653965.884165
1756653965.8841858 1756654005.374214
1756654005.3742356 1756654044.229029
1756654044.229048 1756654088.8743496
1756654088.8743773 1756654127.4388385
1756654127.4388592 1756654171.276937
1756654171.2769659 1756654221.8529594
1756654221.852984 1756654254.1842825
