1756649974.4678097 1756650030.8634353
1756650030.8634777 1756650080.772852
1756650080.7728693 1756650139.0473108
1756650139.0473373 1756650196.0642388
1756650196.0642588 1756650234.0497715
1756650234.0497918 1756650277.903016
1756650277.903036 1756650320.0887983
1756650320.0888374 1756650374.9838316
1756650374.98386 1756650424.3209865
1756650424.3210413 1756650469.146609
1756650469.146644 1756650521.1633105
1756650521.16335 1756650574.6157289
1756650574.6157532 1756650618.3473744
1756650618.3474023 1756650663.7445223
1756650663.7445529 1756650716.8664246
1756650716.8664432 1756650752.4134178
1756650752.4134433 1756650781.4734676
1756650781.4734948 1756650821.5832314
1756650821.5832531 1756650889.9237132
1756650889.9237413 1756650938.9480464
1756650938.9480686 1756650977.4928024
1756650977.4928267 1756651011.68689
1756651011.6869125 1756651049.7222068
1756651049.7222276 1756651088.3187187
1756651088.3187478 1756651126.1277032
1756651126.1277285 1756651157.4747503
1756651157.4747756 1756651206.1162906
1756651206.1163125 1756651236.5392387
1756651236.5392654 1756651274.2324357
1756651274.2324693 1756651308.7448287
1756651308.7448509 1756651348.8240998
1756651348.824127 1756651380.9241476
1756651380.9241738 1756651432.035485
1756651432.0355067 1756651494.4427478
1756651494.4427793 1756651550.0413263
1756651550.0413506 1756651587.5763688
1756651587.5763917 1756651617.220914
1756651617.2209396 1756651648.2173061
1756651648.2173343 1756651678.1416898
1756651678.1417167 1756651709.3572946
1756651709.3573222 1756651757.4817083
1756651757.4817364 1756651810.5226104
1756651810.5226445 1756651857.6884565
1756651857.6884792 1756651893.6438274
1756651893.6438503 1756651943.3018417
1756651943.3018675 1756651996.4679236
1756651996.4679506 1756652047.94498
1756652047.9450078 1756652082.6207213
1756652082.6207452 1756652125.7294397
1756652125.7294645 1756652185.6596265
1756652185.6596537 1756652236.832209
1756652236.8322358 1756652269.5057063
1756652269.5057278 1756652305.4076908
1756652305.4077313 1756652338.5914822
1756652338.5915139 1756652379.848405
1756652379.8484278 1756652418.3983326
1756652418.3983583 1756652458.8726406
1756652458.8726802 1756652500.4598181
1756652500.4598405 1756652523.2020273
1756652523.2020578 1756652552.032467
1756652552.0325055 1756652593.2540975
1756652593.2541168 1756652638.3491054
1756652638.3491354 1756652670.3218868
1756652670.3219087 1756652714.7390184
1756652714.7390459 1756652751.9342961
1756652751.9343288 1756652811.1697795
1756652811.1698027 1756652864.1378076
1756652864.1378338 1756652921.8506818
1756652921.8507266 1756652955.6416805
1756652955.6417096 1756652992.2210987
1756652992.2211285 1756653023.3647082
1756653023.3647323 1756653075.1779885
1756653075.178011 1756653117.3020012
1756653117.3020287 1756653172.4090724
1756653172.4090922 1756653214.5209568
1756653214.520983 1756653251.6579986
1756653251.658023 1756653293.4236841
1756653293.4237053 1756653331.375411
1756653331.3754408 1756653365.9872415
1756653365.9872656 1756653399.90802
1756653399.9080632 1756653443.821978
1756653443.8220024 1756653488.2830663
1756653488.2830918 1756653548.3728216
1756653548.3728411 1756653596.3424695
1756653596.3424964 1756653634.0165136
1756653634.0165377 1756653671.9805899
1756653671.9806178 1756653718.367447
1756653718.3674674 1756653775.850285
1756653775.8503132 1756653813.136827
1756653813.13685 1756653849.1791089
1756653849.179137 1756653886.8071651
1756653886.8071878 1756653934.1124492
1756653934.11248 1756653970.0870912
1756653970.0871193 1756654010.8164828
1756654010.8165064 1756654046.4472954
1756654046.4473236 1756654092.1609573
1756654092.1609964 1756654129.9607308
1756654129.960763 1756654171.117711
1756654171.1177359 1756654218.7525315
1756654218.7525518 1756654256.9906304
