1766551678.9335597 1766551776.144834
1766551776.1448524 1766551889.9893732
1766551889.989414 1766551983.4723315
1766551983.4723558 1766552112.6758776
1766552112.6759024 1766552221.880522
1766552221.8805475 1766552323.9480233
1766552323.9480474 1766552431.9181695
1766552431.9181921 1766552534.8892734
1766552534.8892946 1766552626.0899472
1766552626.089972 1766552683.0461087
1766552683.0461326 1766552782.3213701
1766552782.3213947 1766552894.1230645
1766552894.1230886 1766552969.6523905
1766552969.6524146 1766553060.4926631
1766553060.4926815 1766553161.4199953
1766553161.4200199 1766553269.8477452
1766553269.8477693 1766553365.5487418
1766553365.548761 1766553472.2775936
1766553472.277618 1766553565.6034856
1766553565.6035173 1766553655.2364116
1766553655.2364376 1766553760.339618
1766553760.3396423 1766553876.0261369
1766553876.0261557 1766553983.1340632
1766553983.134094 1766554077.5602617
1766554077.5602858 1766554192.9456723
1766554192.9456978 1766554318.40233
1766554318.402353 1766554407.931338
1766554407.9313622 1766554501.366694
1766554501.3667119 1766554589.158388
1766554589.1584122 1766554704.6088536
1766554704.608876 1766554795.8576388
1766554795.8576584 1766554872.0931637
1766554872.0931885 1766554944.3796325
1766554944.3796568 1766555036.4312458
1766555036.431269 1766555143.276244
1766555143.2762673 1766555249.568023
1766555249.568043 1766555346.0447044
1766555346.0447273 1766555431.1178517
1766555431.117876 1766555507.37517
1766555507.3751938 1766555639.2982147
1766555639.2982342 1766555733.7822766
1766555733.7823014 1766555825.0336697
1766555825.0336945 1766555907.1041436
1766555907.1041677 1766556019.4377046
1766556019.4377222 1766556102.9400573
1766556102.9400806 1766556210.2896986
1766556210.289723 1766556314.1051233
1766556314.105148 1766556407.5588093
1766556407.5588284 1766556483.7475626
1766556483.7475855 1766556591.6033278
1766556591.6033509 1766556679.4569478
1766556679.4569724 1766556748.8771954
1766556748.877213 1766556866.3301072
1766556866.3301327 1766556951.2644444
1766556951.264469 1766557040.0059526
1766557040.0059717 1766557112.0214183
1766557112.0214412 1766557198.0166032
1766557198.0166266 1766557293.2648668
1766557293.264889 1766557364.794342
1766557364.7943656 1766557482.7155006
1766557482.7155194 1766557580.7000248
1766557580.70005 1766557656.8240254
1766557656.8240502 1766557771.9544344
1766557771.9544628 1766557861.0992107
1766557861.099235 1766557966.0917413
1766557966.0917642 1766558073.8282175
1766558073.8282385 1766558161.2484813
1766558161.2485054 1766558266.0093174
1766558266.0093365 1766558390.6871963
1766558390.6872218 1766558459.1851563
1766558459.1851811 1766558564.398108
1766558564.398133 1766558650.131816
1766558650.1318336 1766558740.5798407
1766558740.5798655 1766558826.173501
1766558826.173522 1766558909.053006
1766558909.0530293 1766559016.1184595
1766559016.1184955 1766559125.1307716
1766559125.13079 1766559202.12311
1766559202.1231341 1766559320.525903
1766559320.5259285 1766559399.9328675
1766559399.932891 1766559525.147513
1766559525.1475337 1766559617.4822304
1766559617.4822557 1766559716.5867639
1766559716.586787 1766559802.1894798
1766559802.1895041 1766559918.255387
1766559918.2554116 1766560055.1015062
1766560055.1015253 1766560158.8257327
1766560158.825765 1766560256.8810308
1766560256.8810513 1766560348.329866
1766560348.3298984 1766560409.2453623
1766560409.2453845 1766560509.0621583
1766560509.0621812 1766560617.5513017
1766560617.5513272 1766560707.3126197
1766560707.3126447 1766560820.2669392
1766560820.2669644 1766560902.6556077
1766560902.6556318 1766561017.0151234
1766561017.0151489 1766561103.0348203
1766561103.0348654 1766561209.607817
1766561209.6078346 1766561327.349901
1766561327.349925 1766561425.837801
