1766551679.4121344 1766551774.7197013
1766551774.7197304 1766551882.2344413
1766551882.2344835 1766551998.2786753
1766551998.2787044 1766552087.02587
1766552087.0258992 1766552221.272879
1766552221.2729075 1766552325.4593647
1766552325.4593923 1766552425.455411
1766552425.4554377 1766552535.7355843
1766552535.7356114 1766552622.7796752
1766552622.7797117 1766552707.9309838
1766552707.9310203 1766552808.2603297
1766552808.2603586 1766552897.5741074
1766552897.574132 1766552971.1494603
1766552971.1494887 1766553068.5714254
1766553068.5714548 1766553167.4439788
1766553167.4439995 1766553271.3257077
1766553271.3257363 1766553349.6593065
1766553349.659331 1766553466.6736772
1766553466.673706 1766553565.3069599
1766553565.306982 1766553654.5868094
1766553654.5868459 1766553764.5752065
1766553764.5752268 1766553878.220579
1766553878.2206063 1766553974.828299
1766553974.828327 1766554083.494295
1766554083.4943166 1766554173.4332776
1766554173.4333043 1766554322.4194875
1766554322.419509 1766554403.529923
1766554403.5299509 1766554504.4011402
1766554504.4011686 1766554587.849985
1766554587.8500037 1766554702.5821722
1766554702.5821996 1766554789.50159
1766554789.5016165 1766554872.3491158
1766554872.3491454 1766554947.8054628
1766554947.8054917 1766555047.52357
1766555047.5235913 1766555125.4031353
1766555125.403162 1766555244.2483351
1766555244.248363 1766555334.5643234
1766555334.5643458 1766555431.8909457
1766555431.8909745 1766555535.0261471
1766555535.026171 1766555641.1586483
1766555641.158675 1766555731.5078619
1766555731.5078812 1766555825.530174
1766555825.5302007 1766555917.7526972
1766555917.7527246 1766556006.310514
1766556006.310533 1766556118.5079985
1766556118.508024 1766556211.6373782
1766556211.6374037 1766556310.588301
1766556310.5883307 1766556381.6042874
1766556381.604315 1766556496.3090806
1766556496.3091109 1766556582.354013
1766556582.354041 1766556652.3209562
1766556652.3209774 1766556743.231668
1766556743.2316961 1766556863.9986684
1766556863.9986973 1766556954.6121294
1766556954.6121535 1766557036.7896883
1766557036.7897162 1766557129.5239844
1766557129.524009 1766557214.2148314
1766557214.2148683 1766557295.9896421
1766557295.9896624 1766557390.4445379
1766557390.444568 1766557498.5481927
1766557498.5482132 1766557573.3380432
1766557573.3380694 1766557673.2811847
1766557673.2812207 1766557770.2964315
1766557770.2964537 1766557859.7542331
1766557859.7542584 1766557989.5986934
1766557989.5987155 1766558077.6051867
1766558077.6052155 1766558175.566658
1766558175.566689 1766558269.1868265
1766558269.186856 1766558380.1287081
1766558380.1287374 1766558466.149396
1766558466.1494398 1766558553.2434275
1766558553.2434494 1766558644.5406306
1766558644.5406568 1766558736.413004
1766558736.4130325 1766558813.756032
1766558813.7560594 1766558900.8819418
1766558900.881964 1766559019.212715
1766559019.2127426 1766559127.0756881
1766559127.075714 1766559208.5166762
1766559208.5166972 1766559323.4733334
1766559323.4733624 1766559413.693614
1766559413.693642 1766559504.5650167
1766559504.5650373 1766559630.859367
1766559630.8593943 1766559715.0357726
1766559715.0357985 1766559803.011851
1766559803.011879 1766559919.4324512
1766559919.4324899 1766560037.4598196
1766560037.4598484 1766560165.1938236
1766560165.1938503 1766560246.3375273
1766560246.3375542 1766560336.9380715
1766560336.9380925 1766560419.938628
1766560419.938657 1766560501.7805073
1766560501.780534 1766560608.4662566
1766560608.4662845 1766560715.0428813
1766560715.0429225 1766560814.8032007
1766560814.8032286 1766560882.3285317
1766560882.3285584 1766561016.3879302
1766561016.387959 1766561108.242853
1766561108.242874 1766561196.2827377
1766561196.2827644 1766561308.2153873
1766561308.2154155 1766561404.318161
