1763559556.0492759 1763559590.2408988
1763559590.2409918 1763559630.117167
1763559631.1182559 1763559663.9327376
1763559672.9418373 1763559697.9967148
1763559700.9997942 1763559731.813378
1763559738.820449 1763559766.4405353
1763559769.4436069 1763559801.4544365
1763559801.4544625 1763559833.9956677
1763559835.9977493 1763559873.851731
1763559883.861855 1763559911.9741824
1763559913.9748926 1763559947.9940076
1763559949.996083 1763559984.2818072
1763559985.2828817 1763560021.026131
1763560029.0264344 1763560056.7617917
1763560063.7688637 1763560090.4621255
1763560091.4631975 1763560123.0439065
1763560127.0479815 1763560161.821513
1763560162.8216772 1763560202.5316544
1763560203.5327272 1763560236.203969
1763560241.209042 1763560270.8603241
1763560271.8613915 1763560310.4262166
1763560311.4268858 1763560344.1620777
1763560350.1681514 1763560390.9127917
1763560397.919868 1763560428.9540493
1763560430.9561849 1763560465.085909
1763560472.0929852 1763560511.7899728
1763560521.8000548 1763560545.4984598
1763560549.498881 1763560590.7423146
1763560592.7443879 1763560634.6159964
1763560638.620064 1763560666.9630234
1763560674.9710917 1763560715.360687
1763560724.3668847 1763560753.6430016
1763560753.6430328 1763560794.7129498
1763560802.72104 1763560833.479803
1763560843.4898748 1763560871.9215996
1763560873.9228952 1763560906.0812073
1763560906.0812361 1763560939.6421802
1763560943.6463087 1763560974.4534488
1763560975.4545176 1763561003.6559606
1763561008.6610346 1763561037.5873532
1763561047.5968606 1763561076.2207003
1763561080.2247727 1763561107.472386
1763561108.4732697 1763561141.5983822
1763561151.6068802 1763561177.5891042
1763561180.592173 1763561208.1768372
1763561214.1829145 1763561246.7198741
1763561251.7228813 1763561284.704575
1763561286.7066529 1763561316.1677563
1763561321.1708848 1763561357.5613585
1763561361.565429 1763561391.637886
1763561400.6389468 1763561422.5632653
1763561423.5643325 1763561454.0431824
1763561463.0523577 1763561484.0642445
1763561486.0663185 1763561515.9351716
1763561520.9388885 1763561554.4854972
1763561556.4873393 1763561589.219668
1763561589.2196884 1763561621.2298398
1763561621.2298696 1763561649.823209
1763561657.8312736 1763561677.3862274
1763561685.3908875 1763561707.0228488
1763561716.0308926 1763561734.943019
1763561744.9530914 1763561763.5300956
1763561773.5401661 1763561791.0683794
1763561800.0774546 1763561822.3942063
1763561826.3982868 1763561854.1790583
1763561863.1881301 1763561885.0512395
1763561892.0548854 1763561924.6633418
1763561931.6704187 1763561970.1937377
1763561980.2038145 1763562003.538201
1763562011.5428734 1763562031.5458627
1763562033.54798 1763562067.309633
1763562072.3108814 1763562102.5931435
1763562105.5962179 1763562140.8524992
1763562140.8525229 1763562167.879909
1763562172.8828905 1763562199.2925868
1763562203.2948916 1763562230.8936386
1763562236.899716 1763562260.1969957
1763562262.1989112 1763562293.2033305
1763562301.2048767 1763562321.1029325
1763562324.1049 1763562353.2948272
1763562355.2969205 1763562386.0060399
1763562391.0068805 1763562414.3585258
1763562420.3645904 1763562451.0280957
1763562457.0341952 1763562483.645293
1763562485.6473703 1763562511.1970854
1763562517.2031794 1763562546.8825676
1763562547.8834217 1763562582.6238463
1763562583.62491 1763562609.6484418
1763562612.6508884 1763562643.226816
1763562653.2368927 1763562675.1057634
1763562684.1148818 1763562711.9361048
1763562719.9428797 1763562743.5665963
1763562747.5706875 1763562775.6276367
1763562778.630717 1763562823.1823058
1763562826.1832547 1763562851.2376206
1763562853.2388885 1763562879.3552716
1763562879.3552945 1763562918.3399851
1763562924.3429055 1763562960.3149064
1763562968.322885 1763563005.8146918
1763563011.8188834 1763563039.839778
