1761471220.6148672 1761471267.0597832
1761471271.063922 1761471331.572441
1761471339.579781 1761471407.2640402
1761471417.271601 1761471486.9797895
1761471492.9836605 1761471548.409875
1761471552.4140072 1761471616.9017398
1761471623.9088671 1761471677.7589293
1761471684.7636647 1761471727.9205496
1761471734.9276626 1761471794.7072694
1761471801.711705 1761471857.4769633
1761471859.4790347 1761471925.2791865
1761471927.2796085 1761471990.9467752
1761471991.947862 1761472052.6201687
1761472056.6236658 1761472120.4231925
1761472122.4238527 1761472182.172868
1761472188.1756122 1761472244.3669264
1761472253.3756845 1761472303.1699204
1761472310.1756196 1761472357.8296003
1761472360.8316905 1761472424.0974588
1761472431.1036496 1761472479.251257
1761472481.2516274 1761472543.9685779
1761472553.9756496 1761472606.3205752
1761472614.3276327 1761472666.0111809
1761472667.0116262 1761472727.0150921
1761472737.0252347 1761472794.1874344
1761472799.1916828 1761472863.187909
1761472869.1916785 1761472923.438751
1761472931.4437277 1761472981.5056942
1761472981.5057225 1761473049.419636
1761473058.427716 1761473097.7790725
1761473104.7836468 1761473167.7216153
1761473174.7287426 1761473245.0779014
1761473251.0836766 1761473303.2277591
1761473310.2316084 1761473371.7611034
1761473379.7692614 1761473430.5879948
1761473435.5916698 1761473492.2284331
1761473500.2356498 1761473564.4196038
1761473573.4276733 1761473621.6827266
1761473627.6888974 1761473674.344535
1761473684.351631 1761473757.7402322
1761473757.740255 1761473810.888735
1761473811.8898692 1761473879.3273888
1761473887.33167 1761473926.9290032
1761473934.9356706 1761473991.1423457
1761473997.1476827 1761474078.2319608
1761474083.2356622 1761474131.9431992
1761474140.9523292 1761474182.3155613
1761474192.3236156 1761474262.2289305
1761474266.2318215 1761474347.9371839
1761474349.9392676 1761474420.8751698
1761474422.8757162 1761474478.960151
1761474481.9632692 1761474530.9488282
1761474540.958982 1761474582.3219671
1761474588.3276775 1761474640.4654398
1761474645.4676235 1761474702.8893168
1761474711.8956742 1761474759.486817
1761474764.4916253 1761474818.2217748
1761474820.223685 1761474881.4421513
1761474883.4436042 1761474939.3837974
1761474940.3848667 1761475006.6527793
1761475009.655684 1761475085.7990458
1761475091.8036683 1761475151.4693334
1761475160.4784498 1761475213.6721957
1761475217.6763453 1761475257.847974
1761475257.847997 1761475305.3361695
1761475314.343717 1761475372.7728374
1761475376.776959 1761475451.1582863
1761475457.1644022 1761475515.685093
1761475521.6912527 1761475576.0286083
1761475578.0307105 1761475652.6820443
1761475655.6836872 1761475713.6612484
1761475718.663657 1761475781.371614
1761475791.3779094 1761475835.2598462
1761475842.2669153 1761475888.5827198
1761475894.5876617 1761475953.5958862
1761475958.6010098 1761476013.388824
1761476018.3925512 1761476068.4984381
1761476077.5058928 1761476122.1848261
1761476128.187603 1761476179.8260565
1761476181.8281217 1761476225.6175008
1761476230.622632 1761476285.7046828
1761476292.711668 1761476335.889588
1761476341.8957105 1761476398.781683
1761476399.7827382 1761476451.4247456
1761476454.4276698 1761476522.8853679
1761476524.88749 1761476575.756256
1761476585.7636762 1761476660.0171447
1761476669.0263228 1761476723.3189135
1761476727.319594 1761476780.0205588
1761476789.0277023 1761476853.6346452
1761476863.6436708 1761476911.3659306
1761476921.3760417 1761476959.4722662
1761476966.4793696 1761477023.1850362
1761477032.191669 1761477097.570705
1761477102.5756357 1761477183.3207998
1761477187.3236024 1761477240.2713463
1761477249.280453 1761477292.3569887
1761477299.3635979 1761477357.1262872
1761477366.1316805 1761477434.125019
1761477444.1316724 1761477483.7339816
