1761471218.8060644 1761471270.3835373
1761471273.3867335 1761471341.4028282
1761471341.4028497 1761471410.330359
1761471410.3303936 1761471491.2314117
1761471492.231671 1761471550.2922466
1761471553.2953787 1761471616.2561712
1761471623.263307 1761471680.8725445
1761471682.8747067 1761471732.2996533
1761471733.3007293 1761471796.5197525
1761471805.5276747 1761471861.0115488
1761471870.019625 1761471926.9408185
1761471926.940848 1761471994.5275507
1761471995.527815 1761472056.831782
1761472066.8396971 1761472124.761833
1761472126.7636163 1761472185.6921864
1761472186.6933155 1761472249.0670836
1761472250.0676877 1761472306.6654031
1761472309.6676908 1761472361.052075
1761472365.0562162 1761472425.4717035
1761472425.4717374 1761472482.6990263
1761472483.70016 1761472545.958233
1761472554.963676 1761472602.9639266
1761472603.9650526 1761472661.684465
1761472664.6875336 1761472728.5304198
1761472736.532439 1761472788.7802029
1761472797.787681 1761472858.4439728
1761472864.4501765 1761472916.7941608
1761472918.7962883 1761472980.535668
1761472990.543685 1761473050.757989
1761473055.7618406 1761473098.2127275
1761473106.2197027 1761473170.8582788
1761473178.862498 1761473245.5187259
1761473248.5196257 1761473308.1560478
1761473317.1651828 1761473374.844718
1761473380.8476787 1761473433.631279
1761473435.633426 1761473495.2956135
1761473500.3007545 1761473566.6866007
1761473574.6873796 1761473625.2748644
1761473625.274892 1761473676.2469401
1761473684.2527428 1761473757.0364978
1761473760.037285 1761473806.4866545
1761473811.4916146 1761473880.317028
1761473890.3236678 1761473929.1647384
1761473937.1716783 1761473993.118145
1761474002.1236215 1761474077.0962963
1761474083.0996656 1761474130.488721
1761474130.4887593 1761474182.8472657
1761474188.851608 1761474264.5115592
1761474266.5136979 1761474352.2784011
1761474355.2815464 1761474424.0158935
1761474429.0210388 1761474477.6277602
1761474477.627808 1761474533.0530846
1761474541.059664 1761474581.5295444
1761474588.535676 1761474645.3242838
1761474649.3276334 1761474704.0242605
1761474710.0303395 1761474757.1962993
1761474758.1974351 1761474814.8281121
1761474816.828537 1761474882.0620496
1761474891.0712013 1761474940.3239443
1761474947.327695 1761475004.8466866
1761475013.8558319 1761475082.7344398
1761475083.7356021 1761475154.098016
1761475162.103682 1761475209.5385199
1761475217.5449471 1761475261.3548925
1761475271.3650215 1761475310.4312851
1761475318.439442 1761475380.891922
1761475390.902005 1761475449.9882483
1761475453.991682 1761475514.741554
1761475515.7426271 1761475575.2043173
1761475585.2116845 1761475652.6440463
1761475661.6532118 1761475714.117323
1761475716.119446 1761475784.1454797
1761475784.145516 1761475838.6738772
1761475843.6790094 1761475894.950567
1761475900.955913 1761475956.2695074
1761475962.2716782 1761476013.3344045
1761476018.3395479 1761476074.5566025
1761476083.5636516 1761476125.2987628
1761476133.3036826 1761476181.5833547
1761476188.590441 1761476226.9269228
1761476233.9317029 1761476285.798367
1761476295.807616 1761476344.9167423
1761476349.9196758 1761476404.13396
1761476404.1339943 1761476461.1050322
1761476468.1121168 1761476529.9605825
1761476537.968667 1761476581.2499363
1761476583.2521207 1761476661.310056
1761476666.3152027 1761476729.4191055
1761476733.4232342 1761476784.6503363
1761476785.6514807 1761476860.4337256
1761476870.4438102 1761476916.1642056
1761476926.1716712 1761476966.165894
1761476973.1730316 1761477031.697783
1761477041.7079122 1761477101.3804698
1761477101.3805058 1761477191.8843193
1761477196.8876274 1761477242.262046
1761477243.2624028 1761477295.1283956
1761477302.1316235 1761477360.0037909
1761477361.004865 1761477436.789616
1761477445.7956734 1761477490.4389338
