1776261582.5908837 1776261624.2360663
1776261624.2361012 1776261646.950738
1776261646.950763 1776261681.1763756
1776261681.176416 1776261707.128938
1776261707.128959 1776261744.3008914
1776261744.3009167 1776261767.2950976
1776261767.2951233 1776261803.437367
1776261803.4373927 1776261838.7669272
1776261838.7669485 1776261866.7086391
1776261866.7086654 1776261904.212541
1776261904.2125652 1776261938.4710631
1776261938.4710844 1776261968.79451
1776261968.7945347 1776262002.4719956
1776262002.4720225 1776262033.3412898
1776262033.3413095 1776262068.4860039
1776262068.4860299 1776262104.6484854
1776262104.648512 1776262138.9244664
1776262138.9244926 1776262171.9143932
1776262171.9144151 1776262204.1435082
1776262204.1435497 1776262239.4557135
1776262239.455733 1776262274.6959748
1776262274.6959991 1776262312.5146353
1776262312.5146618 1776262339.7264962
1776262339.726521 1776262383.8732605
1776262383.8732853 1776262418.6834838
1776262418.6835084 1776262451.827326
1776262451.8273492 1776262491.748023
1776262491.748043 1776262529.8991947
1776262529.899219 1776262569.2760754
1776262569.276097 1776262592.031073
1776262592.031092 1776262637.0888946
1776262637.0889194 1776262673.3838243
1776262673.3838472 1776262704.9504645
1776262704.950489 1776262738.0801377
1776262738.0801601 1776262780.3598697
1776262780.3598914 1776262813.4756823
1776262813.4757066 1776262854.1969001
1776262854.196924 1776262892.9328988
1776262892.93292 1776262916.689611
1776262916.689629 1776262968.2449157
1776262968.244939 1776263003.9038742
1776263003.9038935 1776263035.1753218
1776263035.1753464 1776263069.020553
1776263069.020576 1776263103.140874
1776263103.1408942 1776263129.791438
1776263129.7914567 1776263162.3782716
1776263162.3783076 1776263196.1448102
1776263196.1448333 1776263225.3477123
1776263225.3477306 1776263253.6155734
1776263253.6155968 1776263296.3803685
1776263296.380388 1776263324.7800324
1776263324.7800565 1776263353.1309245
1776263353.13095 1776263381.8959758
1776263381.896 1776263408.2826252
1776263408.2826455 1776263440.7513237
1776263440.7513463 1776263469.972416
1776263469.9724405 1776263501.1681626
1776263501.16818 1776263534.8087966
1776263534.8088195 1776263563.8197114
1776263563.8197308 1776263588.9305706
1776263588.9305944 1776263620.7515812
1776263620.7516 1776263649.4941723
1776263649.49419 1776263681.1458962
1776263681.145919 1776263710.9655366
1776263710.9655547 1776263739.0520835
1776263739.0521069 1776263769.280931
1776263769.2809496 1776263803.83576
1776263803.8358083 1776263834.0830305
1776263834.0830495 1776263866.7768123
1776263866.776845 1776263891.3503823
1776263891.3504007 1776263928.033789
1776263928.0338144 1776263964.9901865
1776263964.9902067 1776264002.6417048
1776264002.641729 1776264041.3629591
1776264041.3629787 1776264074.178203
1776264074.1782227 1776264109.5612962
1776264109.561322 1776264148.73851
1776264148.7385337 1776264185.329967
1776264185.3299882 1776264214.0101023
1776264214.0101206 1776264261.064381
1776264261.0644066 1776264294.4356816
1776264294.4357054 1776264326.1555135
1776264326.1555333 1776264360.0353394
1776264360.0353577 1776264402.0817835
1776264402.081807 1776264437.1138213
1776264437.1138477 1776264473.9039762
1776264473.903997 1776264500.0980952
1776264500.0981133 1776264536.85676
1776264536.8568358 1776264569.523905
1776264569.5239236 1776264597.7407491
1776264597.7407854 1776264625.2993214
1776264625.2993445 1776264664.31232
1776264664.312341 1776264689.044985
1776264689.0450041 1776264720.5252264
1776264720.5252528 1776264753.0837126
1776264753.0837317 1776264781.6315062
1776264781.6315308 1776264816.388098
1776264816.3881173 1776264846.5858366
1776264846.5858548 1776264877.769239
1776264877.7692628 1776264908.1596491
