1762520173.8429637 1762520203.5074642
1762520204.5088968 1762520236.2273576
1762520244.2354305 1762520269.4638932
1762520272.4669657 1762520299.5124156
1762520303.5165153 1762520332.0192049
1762520334.0212982 1762520361.8901188
1762520365.894185 1762520388.1750724
1762520389.1756213 1762520416.1824656
1762520425.1876063 1762520438.785393
1762520440.785605 1762520472.3104925
1762520473.3116584 1762520496.029982
1762520497.0310533 1762520521.3441052
1762520529.352232 1762520543.641347
1762520550.6476257 1762520568.150751
1762520570.1516604 1762520595.4501243
1762520596.4512534 1762520622.009137
1762520622.0091677 1762520650.9998744
1762520654.002991 1762520677.620667
1762520681.6241512 1762520711.2613726
1762520711.261397 1762520746.3134558
1762520752.3157215 1762520784.596039
1762520786.5981073 1762520818.9140413
1762520821.9171093 1762520841.0384116
1762520842.0394921 1762520870.8662045
1762520873.8675961 1762520906.4464922
1762520906.4465272 1762520939.6472058
1762520939.6472294 1762520971.0865715
1762520978.0936942 1762521002.8704264
1762521010.8774853 1762521033.8891888
1762521034.8902628 1762521070.5004385
1762521079.5076551 1762521103.5075333
1762521113.5156374 1762521135.4814498
1762521135.4814804 1762521163.709911
1762521170.715669 1762521197.658433
1762521197.6584558 1762521218.7586865
1762521224.763601 1762521248.551289
1762521250.553367 1762521274.0488517
1762521274.0488825 1762521302.1271858
1762521312.1356738 1762521329.2334704
1762521330.2345972 1762521357.0141766
1762521357.0142002 1762521381.708517
1762521385.7116122 1762521422.6763604
1762521427.6796176 1762521454.169969
1762521460.1746855 1762521489.2243438
1762521489.2243788 1762521519.8604403
1762521525.8637712 1762521543.3449275
1762521551.3516695 1762521571.6903195
1762521577.6956751 1762521600.9436488
1762521604.9476721 1762521628.0550444
1762521631.055677 1762521656.3675888
1762521664.3756108 1762521689.6321073
1762521694.6356242 1762521719.855737
1762521720.8568108 1762521746.254582
1762521751.259732 1762521783.5647707
1762521785.5668375 1762521809.4176118
1762521809.417644 1762521838.9065897
1762521842.9076674 1762521867.9815311
1762521867.981561 1762521894.3475366
1762521904.3576922 1762521919.0115538
1762521922.0146527 1762521948.8336945
1762521953.835684 1762521980.0408206
1762521983.0436761 1762522008.6544678
1762522016.6596787 1762522038.682972
1762522041.6860583 1762522072.0459797
1762522075.047609 1762522093.6895723
1762522103.6996222 1762522123.8433683
1762522127.8437781 1762522154.2169135
1762522164.2241352 1762522181.8180585
1762522189.82414 1762522212.0701423
1762522218.0756433 1762522239.1611373
1762522246.167625 1762522263.3570244
1762522269.3597 1762522292.9581494
1762522298.9636707 1762522320.1696131
1762522330.179617 1762522354.0396001
1762522354.0396335 1762522383.4648955
1762522387.4676921 1762522407.1037645
1762522411.107698 1762522438.4250963
1762522439.426181 1762522459.2891347
1762522468.298243 1762522481.3824627
1762522482.3835828 1762522507.8309703
1762522514.8356502 1762522536.5244944
1762522537.5255752 1762522569.8997922
1762522573.9036262 1762522604.5120373
1762522610.5181081 1762522638.1933
1762522644.1956146 1762522668.1016452
1762522670.1035995 1762522699.2609637
1762522707.2676034 1762522736.3491242
1762522737.349256 1762522763.4945576
1762522773.5039222 1762522794.207418
1762522797.2103176 1762522831.4728107
1762522838.479658 1762522864.2196121
1762522873.2276137 1762522897.4488237
1762522899.4508932 1762522928.7164066
1762522932.7196562 1762522964.5272756
1762522964.5273013 1762522996.460252
1762523006.4703825 1762523026.613745
1762523032.6198683 1762523058.356156
1762523068.3636374 1762523089.7846136
1762523098.7916453 1762523119.0872366
1762523123.0913253 1762523145.580432
