1762520169.4434195 1762520206.0024426
1762520211.0076182 1762520239.1238558
1762520248.1316268 1762520270.895878
1762520278.9037127 1762520301.1118438
1762520311.1196935 1762520328.8274052
1762520334.8316247 1762520359.06326
1762520363.0673885 1762520391.4934678
1762520397.4995387 1762520417.7876256
1762520417.7876563 1762520444.9934826
1762520455.0037117 1762520471.6556225
1762520477.660099 1762520497.4778347
1762520506.483663 1762520520.0500693
1762520523.05162 1762520544.1096585
1762520549.1116076 1762520571.2483287
1762520572.249503 1762520594.7817814
1762520601.7877338 1762520621.8388712
1762520626.8397079 1762520649.348627
1762520651.3507037 1762520678.4098094
1762520685.415706 1762520710.450178
1762520719.4557748 1762520741.044935
1762520750.0516284 1762520784.967668
1762520789.9716275 1762520814.6694932
1762520822.6756177 1762520841.2819645
1762520841.2819948 1762520871.3373566
1762520875.3396106 1762520906.546642
1762520912.5516706 1762520940.6459844
1762520949.6516242 1762520969.2944884
1762520976.3016195 1762521005.4505656
1762521014.4596865 1762521031.5303326
1762521039.5356116 1762521064.8763742
1762521067.879435 1762521102.7643714
1762521110.7716584 1762521134.79479
1762521136.7956057 1762521167.7274163
1762521174.7316456 1762521197.2676237
1762521201.2715895 1762521221.783167
1762521230.7916052 1762521248.881823
1762521250.8836677 1762521271.925844
1762521275.9299264 1762521299.6462178
1762521307.6516654 1762521326.9569383
1762521332.963015 1762521354.2953198
1762521358.2994668 1762521379.3858118
1762521381.387621 1762521420.2341542
1762521422.2356782 1762521451.5759444
1762521461.5836053 1762521485.5681229
1762521491.5742958 1762521515.388657
1762521517.3907282 1762521541.082748
1762521544.0836267 1762521573.71934
1762521582.7276149 1762521596.2682943
1762521600.2719073 1762521626.2342987
1762521632.2396805 1762521652.880518
1762521661.8877575 1762521691.2964272
1762521696.3015518 1762521721.8912272
1762521726.8956506 1762521745.512251
1762521748.512864 1762521778.628217
1762521786.6356246 1762521811.1597478
1762521814.1628475 1762521842.3725665
1762521847.375731 1762521867.805201
1762521868.8062828 1762521893.5753915
1762521897.575665 1762521920.7978096
1762521924.79962 1762521948.5589557
1762521958.5683827 1762521978.463676
1762521988.4716518 1762522005.805149
1762522013.8116255 1762522038.8375933
1762522042.8398168 1762522067.6884012
1762522075.6956081 1762522096.3794425
1762522099.3796067 1762522130.798867
1762522133.800953 1762522162.9471562
1762522165.9500866 1762522189.342569
1762522190.3436277 1762522216.6198077
1762522223.6242023 1762522244.0475354
1762522245.0486193 1762522268.1433005
1762522272.1436236 1762522299.391046
1762522300.3916094 1762522325.948453
1762522327.950507 1762522360.2911515
1762522366.2956083 1762522384.033532
1762522393.0426 1762522408.0950763
1762522416.0996215 1762522437.7705512
1762522443.775622 1762522458.9422865
1762522463.9436135 1762522485.4276526
1762522485.4276962 1762522510.6869154
1762522518.6916244 1762522538.4841247
1762522539.4852507 1762522568.913451
1762522576.9213822 1762522602.5103035
1762522612.5204344 1762522636.4104564
1762522644.4185903 1762522667.7746756
1762522668.7756112 1762522697.0379336
1762522704.0450215 1762522736.9059122
1762522738.9079974 1762522758.1151152
1762522768.1241946 1762522789.5578284
1762522791.559683 1762522822.6690092
1762522828.6716409 1762522857.1799276
1762522862.1836114 1762522900.6029854
1762522902.6036682 1762522929.9728105
1762522938.9796069 1762522961.751982
1762522969.7596436 1762522996.805898
1762523001.8076882 1762523027.340726
1762523037.3476293 1762523056.9587512
1762523066.9676049 1762523090.9006085
1762523096.9036005 1762523114.1993055
1762523118.1999285 1762523144.368333
