1764232711.9701178 1764232746.119079
1764232746.1191492 1764232783.110439
1764232783.1104739 1764232817.2707803
1764232818.2719257 1764232851.4941747
1764232853.4944494 1764232889.7014713
1764232889.7015038 1764232928.433199
1764232929.4342926 1764232959.6912158
1764232964.6948812 1764232993.5426795
1764232998.5468817 1764233031.8317177
1764233031.8317435 1764233071.6061323
1764233078.6108854 1764233108.5968766
1764233115.6039793 1764233142.8113
1764233144.8133721 1764233177.471238
1764233178.4723136 1764233209.2285984
1764233212.2313876 1764233256.6459908
1764233263.653159 1764233296.6958585
1764233298.6979306 1764233328.677078
1764233338.6810217 1764233378.2261012
1764233379.2268848 1764233415.4835982
1764233420.4839907 1764233452.3325489
1764233461.3389356 1764233497.6105769
1764233505.6149049 1764233529.4090254
1764233533.4099739 1764233570.0373034
1764233577.0443776 1764233612.2814558
1764233622.2915268 1764233647.7294655
1764233647.7294967 1764233697.5227802
1764233701.5268672 1764233739.591718
1764233744.5967984 1764233772.9611294
1764233775.9628808 1764233805.6118464
1764233808.614889 1764233845.4457805
1764233848.4468687 1764233883.6466074
1764233891.6546798 1764233920.7340972
1764233925.7388856 1764233951.1914477
1764233953.1935122 1764233988.32145
1764233992.3255124 1764234018.5815165
1764234022.5829105 1764234049.617854
1764234051.6199095 1764234085.3568192
1764234089.3573022 1764234124.5126476
1764234130.5148752 1764234163.2193348
1764234172.2284205 1764234199.7994673
1764234206.799978 1764234239.505909
1764234244.510988 1764234279.772845
1764234288.778881 1764234315.7284596
1764234325.734887 1764234352.1234756
1764234357.1286187 1764234394.943509
1764234399.9468858 1764234432.7750423
1764234436.7789347 1764234468.2820542
1764234475.2823036 1764234505.9378808
1764234513.9460282 1764234543.316847
1764234548.3188827 1764234581.6172092
1764234583.6188872 1764234616.7556024
1764234621.760614 1764234659.5558138
1764234660.5566103 1764234698.7239902
1764234700.7260568 1764234735.921282
1764234741.9273643 1764234772.5419073
1764234779.5489833 1764234810.703923
1764234816.710043 1764234848.4157102
1764234857.4210901 1764234885.2309353
1764234895.2410026 1764234928.3078694
1764234929.3089461 1764234968.6490505
1764234970.6494114 1764235007.3232791
1764235007.323326 1764235041.5221386
1764235046.527207 1764235069.551261
1764235079.5571792 1764235106.5880153
1764235110.5919893 1764235142.3268757
1764235150.3349814 1764235178.135676
1764235179.1367466 1764235210.1477342
1764235218.1548731 1764235249.7383003
1764235255.74289 1764235287.8554099
1764235297.8654943 1764235330.2649353
1764235333.2680097 1764235363.433086
1764235365.4348764 1764235400.361454
1764235407.3669696 1764235439.2976766
1764235447.2979915 1764235470.4786751
1764235474.4792051 1764235514.2456965
1764235515.2467587 1764235551.596438
1764235559.602879 1764235583.0260506
1764235593.0361133 1764235623.392536
1764235628.3928664 1764235656.0895178
1764235657.0905914 1764235688.80201
1764235692.806076 1764235724.0466843
1764235727.04976 1764235762.196383
1764235771.2018251 1764235800.5730581
1764235806.579131 1764235837.8471856
1764235839.849247 1764235868.6447787
1764235869.6458383 1764235903.8942475
1764235907.89489 1764235942.695703
1764235949.70278 1764235979.2109168
1764235981.2130058 1764236011.8891814
1764236011.8892207 1764236045.7287683
1764236048.729694 1764236075.2304142
1764236081.2348754 1764236114.0990543
1764236120.0992274 1764236144.8839543
1764236144.8839805 1764236183.5225315
1764236187.5229275 1764236215.775233
1764236224.7828784 1764236251.5393834
1764236261.5448244 1764236280.9819224
1764236287.9820392 1764236314.8172967
1764236323.8264441 1764236348.4748793
1764236356.4829044 1764236391.183878
