1764232711.6368008 1764232742.9227958
1764232747.9268909 1764232778.600119
1764232778.6001446 1764232815.0935807
1764232825.1009896 1764232849.3960345
1764232857.4028854 1764232886.7018049
1764232889.7035265 1764232928.082605
1764232933.0876756 1764232958.0947104
1764232958.0947418 1764232991.6070042
1764232993.6090786 1764233030.6717215
1764233037.6788049 1764233069.4717534
1764233074.4748902 1764233102.6909237
1764233104.6929982 1764233133.042034
1764233143.0521502 1764233176.4805982
1764233181.4856653 1764233217.7292717
1764233224.7363477 1764233256.9426918
1764233265.9508762 1764233292.6133192
1764233295.6152592 1764233329.750274
1764233331.7504427 1764233374.9684193
1764233375.9693646 1764233414.896529
1764233417.8996685 1764233453.0145
1764233460.021572 1764233494.829282
1764233502.8374221 1764233533.8598166
1764233541.866885 1764233562.42464
1764233563.425721 1764233611.0872114
1764233621.0949755 1764233649.7890868
1764233657.797157 1764233696.8806782
1764233697.8817475 1764233738.7973797
1764233747.7977273 1764233771.6184757
1764233773.6205542 1764233804.200062
1764233814.20693 1764233842.9849286
1764233842.9849591 1764233882.2280028
1764233889.2350848 1764233921.4423761
1764233924.4447975 1764233956.6236424
1764233966.630879 1764233984.4096599
1764233988.413729 1764234020.132034
1764234027.138891 1764234047.9103408
1764234056.9189384 1764234089.8857973
1764234099.8948987 1764234123.3042405
1764234130.311314 1764234166.1679997
1764234176.1780632 1764234194.826884
1764234202.834961 1764234234.3654745
1764234237.365767 1764234269.7478952
1764234273.751962 1764234316.2732334
1764234318.2747633 1764234348.632523
1764234355.6332324 1764234385.7266421
1764234393.7347896 1764234426.7475693
1764234433.7508857 1764234458.350759
1764234461.3538334 1764234500.7609324
1764234507.7680058 1764234544.478591
1764234548.4826608 1764234582.8586721
1764234591.8668838 1764234622.217802
1764234631.2228792 1764234660.8992064
1764234666.902904 1764234699.1602957
1764234705.1663692 1764234737.4152303
1764234740.415639 1764234772.385802
1764234777.3909817 1764234810.994984
1764234814.9990509 1764234849.3373654
1764234858.346445 1764234890.255791
1764234895.2589426 1764234930.0112512
1764234936.0120537 1764234968.1720674
1764234974.1748939 1764235004.9498823
1764235005.9508781 1764235041.0187473
1764235048.0228815 1764235070.119642
1764235072.1217144 1764235107.847339
1764235108.8475664 1764235140.0345733
1764235144.0386446 1764235173.2446208
1764235180.248544 1764235212.6468577
1764235219.6476557 1764235249.74697
1764235250.7480464 1764235291.1857796
1764235292.1868718 1764235330.602362
1764235333.6043344 1764235364.7055166
1764235366.7076 1764235400.813532
1764235409.8188887 1764235437.232716
1764235444.2397888 1764235470.5194972
1764235478.5228887 1764235512.2715914
1764235512.2716253 1764235547.4471734
1764235549.449226 1764235584.5056286
1764235589.5107028 1764235618.4516454
1764235621.454725 1764235655.1846468
1764235658.186892 1764235687.2808094
1764235693.2868843 1764235723.764441
1764235723.764465 1764235764.463788
1764235766.4658642 1764235799.1941655
1764235803.195485 1764235832.2312794
1764235840.2388735 1764235872.962448
1764235880.9705167 1764235906.878258
1764235910.878617 1764235942.2417037
1764235945.2447686 1764235977.5935602
1764235977.5935862 1764236011.4634266
1764236012.4645016 1764236048.1480858
1764236058.158249 1764236077.1157424
1764236084.122813 1764236112.0743215
1764236119.0788832 1764236148.4728165
1764236157.4789345 1764236179.4607437
1764236182.463818 1764236217.2308846
1764236227.238869 1764236256.886092
1764236264.8908787 1764236285.3027475
1764236291.3068762 1764236317.7196703
1764236326.7287478 1764236352.291295
1764236362.301363 1764236390.4772515
