1764232710.992862 1764232745.4612193
1764232747.4633372 1764232780.7300742
1764232790.734872 1764232817.06619
1764232821.0670717 1764232851.6304307
1764232858.6375449 1764232888.4969807
1764232895.5030563 1764232927.7985384
1764232934.8029926 1764232959.2433765
1764232962.2464502 1764232992.4885058
1764232999.4955878 1764233031.3350716
1764233037.3411515 1764233070.4802978
1764233072.4823692 1764233106.6218476
1764233112.6269262 1764233142.28573
1764233148.2909038 1764233170.712666
1764233171.7137423 1764233215.059783
1764233216.0608568 1764233257.0503871
1764233264.0575123 1764233294.568032
1764233294.5680656 1764233333.3962119
1764233341.4029207 1764233375.8679287
1764233382.8735502 1764233418.4484065
1764233424.4485862 1764233442.3261576
1764233442.3261817 1764233490.3848732
1764233500.3867483 1764233528.1314557
1764233530.13352 1764233569.6180394
1764233577.6228805 1764233606.630527
1764233610.630902 1764233647.6360238
1764233650.6392064 1764233695.97373
1764233703.9817965 1764233734.1982114
1764233743.1998708 1764233770.109589
1764233774.1136594 1764233803.8300612
1764233803.8300896 1764233842.8611727
1764233844.863303 1764233878.8840287
1764233882.8869052 1764233919.5346148
1764233929.5446956 1764233958.1946468
1764233960.1948855 1764233987.0754454
1764233992.078951 1764234018.3079813
1764234021.310877 1764234047.5955992
1764234051.5988853 1764234090.6702108
1764234096.6703165 1764234128.2429073
1764234128.2429347 1764234166.0508995
1764234175.0588803 1764234190.613533
1764234195.616661 1764234241.1053524
1764234247.111063 1764234274.2314024
1764234276.2315354 1764234310.6842208
1764234311.6852849 1764234350.793715
1764234359.798893 1764234394.175886
1764234396.1779578 1764234428.4838035
1764234431.4868839 1764234463.6434336
1764234467.6475115 1764234503.4290571
1764234506.4293368 1764234541.8874884
1764234546.8908782 1764234582.1379232
1764234582.1379683 1764234622.3765578
1764234629.3836281 1764234657.7566879
1764234660.758886 1764234697.3555298
1764234698.3565948 1764234731.5072927
1764234735.511355 1764234769.457808
1764234777.4628844 1764234812.623663
1764234819.6307616 1764234845.40158
1764234851.407737 1764234891.4089062
1764234899.414396 1764234929.5174334
1764234938.5265098 1764234969.3585246
1764234975.3645926 1764235007.4028301
1764235017.4129136 1764235039.9970748
1764235046.0029073 1764235068.2998285
1764235069.300905 1764235109.317384
1764235113.3214476 1764235140.81218
1764235141.813256 1764235175.161709
1764235183.1668758 1764235207.7645867
1764235208.7657137 1764235248.2697058
1764235251.271509 1764235289.0993543
1764235297.1069453 1764235322.609834
1764235331.6189067 1764235362.685159
1764235371.693046 1764235395.75111
1764235396.752178 1764235433.015555
1764235443.0256438 1764235470.3911483
1764235472.3932114 1764235512.4141598
1764235514.4162626 1764235549.649713
1764235558.655079 1764235583.5033607
1764235586.5064287 1764235621.9476588
1764235621.947683 1764235655.9168231
1764235664.9258997 1764235691.2264578
1764235695.226883 1764235721.9499657
1764235726.955041 1764235763.5643523
1764235770.571424 1764235796.3022878
1764235804.306879 1764235834.2930827
1764235842.3011534 1764235869.7589517
1764235874.763024 1764235907.9295216
1764235909.9299312 1764235945.0056834
1764235950.010741 1764235981.284579
1764235981.2846122 1764236011.394329
1764236018.401399 1764236049.1661322
1764236057.1742067 1764236076.8532348
1764236081.8548648 1764236113.043689
1764236115.0457613 1764236150.2882037
1764236157.2948837 1764236182.5364902
1764236189.5428865 1764236214.5990937
1764236222.6069798 1764236250.232145
1764236256.2348971 1764236288.5442243
1764236296.5508866 1764236317.3207204
1764236323.3229387 1764236347.242708
1764236356.2479427 1764236389.612379
