1754885927.080773 1754885952.5760248
1754885952.5760467 1754885979.9185505
1754885979.9185717 1754886001.458518
1754886001.4585412 1754886026.667631
1754886026.6676595 1754886050.3188348
1754886050.3188555 1754886075.1241217
1754886075.1241496 1754886098.9393404
1754886098.9393594 1754886119.8640049
1754886119.8640265 1754886142.8557048
1754886142.8557434 1754886166.238783
1754886166.2388043 1754886198.8179483
1754886198.8179722 1754886215.469536
1754886215.4695578 1754886248.4007816
1754886248.4008148 1754886273.1607463
1754886273.1607752 1754886285.3325741
1754886285.3325937 1754886312.951149
1754886312.95118 1754886340.2167037
1754886340.216759 1754886359.617503
1754886359.6175277 1754886386.2247596
1754886386.2247887 1754886414.719762
1754886414.7197878 1754886442.5583913
1754886442.5584157 1754886467.809557
1754886467.8095856 1754886488.90901
1754886488.9090364 1754886516.2999454
1754886516.299969 1754886540.4955168
1754886540.4955385 1754886564.7104073
1754886564.7104356 1754886582.5858567
1754886582.5858793 1754886603.3251655
1754886603.3251946 1754886625.668409
1754886625.6684332 1754886648.6743305
1754886648.6743555 1754886671.2290866
1754886671.229111 1754886697.8375683
1754886697.837596 1754886722.7419384
1754886722.741968 1754886751.2025948
1754886751.2026255 1754886773.7613306
1754886773.7613685 1754886797.5666375
1754886797.56666 1754886826.65152
1754886826.65155 1754886844.3823166
1754886844.3823369 1754886875.060149
1754886875.0601823 1754886897.1249952
1754886897.1250196 1754886919.9376256
1754886919.9376519 1754886942.5964808
1754886942.5965083 1754886965.4011328
1754886965.4011564 1754886992.7705598
1754886992.7705917 1754887023.0946805
1754887023.0947065 1754887048.7670417
1754887048.767064 1754887072.7989218
1754887072.7989466 1754887096.6588585
1754887096.6588924 1754887113.1664283
1754887113.166449 1754887141.0055604
1754887141.0055895 1754887158.8837
1754887158.883723 1754887184.6354148
1754887184.6354444 1754887212.6222649
1754887212.622295 1754887234.6044908
1754887234.6045194 1754887264.6220942
1754887264.6221192 1754887289.7404697
1754887289.7405 1754887314.8956244
1754887314.8956523 1754887336.986558
1754887336.9865904 1754887361.98376
1754887361.9837842 1754887387.4101396
1754887387.4101877 1754887409.665
1754887409.6650257 1754887437.001175
1754887437.001197 1754887462.0564837
1754887462.0565264 1754887488.0662153
1754887488.0662365 1754887508.190757
1754887508.1907873 1754887531.640221
1754887531.6402452 1754887549.5279782
1754887549.5279984 1754887574.5901077
1754887574.5901558 1754887604.843204
1754887604.843246 1754887625.0825567
1754887625.0825818 1754887656.7065506
1754887656.706574 1754887678.7127128
1754887678.7127438 1754887707.486968
1754887707.4869914 1754887730.150702
1754887730.1507335 1754887754.8668494
1754887754.8668725 1754887777.163833
1754887777.163861 1754887797.3055804
1754887797.3056052 1754887825.8682342
1754887825.8682632 1754887854.9071133
1754887854.907139 1754887877.2400148
1754887877.2400448 1754887903.9180555
1754887903.9180908 1754887928.2875872
1754887928.2876167 1754887955.6802583
1754887955.6802833 1754887980.0317605
1754887980.031788 1754888009.9999735
1754888009.999998 1754888037.8756886
1754888037.8757129 1754888064.3288817
1754888064.3289125 1754888087.9046319
1754888087.9046595 1754888114.974698
1754888114.974722 1754888143.7049131
1754888143.7049437 1754888170.0334501
1754888170.033474 1754888194.4278612
1754888194.4278896 1754888225.9921825
1754888225.9922085 1754888250.6075883
1754888250.6076112 1754888275.8210397
1754888275.8210695 1754888298.9093645
1754888298.9093935 1754888320.3550837
1754888320.3551068 1754888344.6148007
1754888344.6148288 1754888365.733285
1754888365.733311 1754888391.442937
