1754885927.8137665 1754885950.9907546
1754885950.9907835 1754885979.9492295
1754885979.9492536 1754885998.0519612
1754885998.05198 1754886020.7945209
1754886020.7945452 1754886043.8247511
1754886043.824775 1754886073.5471241
1754886073.5471535 1754886094.8634708
1754886094.8634999 1754886117.885408
1754886117.8854382 1754886141.5215828
1754886141.5216098 1754886172.8469083
1754886172.846947 1754886197.6700866
1754886197.6701057 1754886216.3028486
1754886216.3028705 1754886250.0236561
1754886250.0236826 1754886272.8804147
1754886272.8804445 1754886293.2113078
1754886293.2113342 1754886314.2543664
1754886314.2543948 1754886338.0751135
1754886338.0751374 1754886359.9443736
1754886359.9444273 1754886388.69334
1754886388.6933873 1754886412.8690827
1754886412.8691034 1754886440.9040983
1754886440.9041245 1754886468.190179
1754886468.1901984 1754886491.397772
1754886491.3977954 1754886514.4312284
1754886514.4312491 1754886543.9933813
1754886543.993408 1754886562.4445362
1754886562.4445717 1754886582.415831
1754886582.4158592 1754886604.553342
1754886604.5533636 1754886624.3661335
1754886624.366162 1754886653.4983582
1754886653.498388 1754886678.9738536
1754886678.9738762 1754886699.2463875
1754886699.246411 1754886724.0699515
1754886724.0700033 1754886749.544206
1754886749.5442283 1754886773.9517093
1754886773.9517372 1754886796.130684
1754886796.130704 1754886823.490282
1754886823.4903083 1754886849.8126798
1754886849.8127043 1754886870.5052533
1754886870.505277 1754886895.3482096
1754886895.348237 1754886913.7074125
1754886913.7074342 1754886943.535744
1754886943.5357733 1754886967.2943165
1754886967.2943573 1754886994.6705716
1754886994.670597 1754887019.599414
1754887019.599441 1754887048.84057
1754887048.8406 1754887076.912952
1754887076.9129927 1754887095.9785144
1754887095.9785352 1754887118.2168608
1754887118.2168937 1754887134.5638506
1754887134.5638723 1754887156.7932138
1754887156.7932382 1754887183.7349432
1754887183.7349916 1754887209.7750142
1754887209.7750356 1754887231.5831006
1754887231.5831223 1754887261.3534596
1754887261.3534844 1754887286.4143634
1754887286.414384 1754887313.0363045
1754887313.0363343 1754887335.4591513
1754887335.4591806 1754887359.2946293
1754887359.294657 1754887379.163765
1754887379.163783 1754887405.7253773
1754887405.725401 1754887439.966982
1754887439.9670072 1754887466.0234723
1754887466.0234897 1754887484.856639
1754887484.8566658 1754887504.029686
1754887504.0297065 1754887532.589257
1754887532.5892782 1754887554.0335214
1754887554.033564 1754887575.76296
1754887575.7629862 1754887606.4447272
1754887606.4447558 1754887626.8241415
1754887626.8241677 1754887653.8963745
1754887653.8963966 1754887681.3103714
1754887681.310399 1754887706.808574
1754887706.8086174 1754887730.5137334
1754887730.513762 1754887755.17648
1754887755.1765015 1754887781.7465887
1754887781.7466102 1754887804.4219263
1754887804.4219527 1754887831.471691
1754887831.4717133 1754887855.1717694
1754887855.171798 1754887877.9500856
1754887877.9501047 1754887895.5776346
1754887895.5776596 1754887921.423535
1754887921.4235547 1754887954.2020216
1754887954.2020524 1754887981.860394
1754887981.8604174 1754888008.947612
1754888008.947642 1754888034.7225115
1754888034.7225323 1754888060.2386038
1754888060.2386277 1754888088.658839
1754888088.6588607 1754888116.858186
1754888116.8582196 1754888139.2110832
1754888139.2111094 1754888169.1677837
1754888169.1678066 1754888197.5535228
1754888197.5535488 1754888222.8958888
1754888222.8959124 1754888243.4945185
1754888243.494543 1754888274.071366
1754888274.0713954 1754888300.41923
1754888300.419251 1754888319.0175877
1754888319.0176075 1754888337.7429426
1754888337.742967 1754888367.1463175
1754888367.1463392 1754888388.664406
