1754885928.4770074 1754885954.1802106
1754885954.1802316 1754885982.7159996
1754885982.7160492 1754886006.0028086
1754886006.0028334 1754886021.129016
1754886021.1290355 1754886051.1697981
1754886051.1698227 1754886070.231105
1754886070.2311301 1754886092.0126507
1754886092.0126739 1754886117.7800908
1754886117.7801318 1754886140.0084002
1754886140.0084367 1754886172.8688772
1754886172.868908 1754886194.9834344
1754886194.9834607 1754886220.1143491
1754886220.1143787 1754886251.27833
1754886251.2783692 1754886271.2969868
1754886271.2970035 1754886291.664741
1754886291.664768 1754886317.0974336
1754886317.0974517 1754886338.963222
1754886338.9632492 1754886359.1095498
1754886359.10957 1754886384.996585
1754886384.9966056 1754886414.28086
1754886414.2808876 1754886437.0903695
1754886437.0903883 1754886466.218038
1754886466.218059 1754886490.880449
1754886490.8804777 1754886516.449955
1754886516.4499848 1754886537.983282
1754886537.9833093 1754886562.5692303
1754886562.5692518 1754886582.587376
1754886582.587411 1754886606.9300606
1754886606.93008 1754886624.717798
1754886624.7178202 1754886653.2426665
1754886653.2426872 1754886677.4482424
1754886677.4482677 1754886699.2004476
1754886699.200473 1754886716.5770535
1754886716.5770729 1754886751.7916982
1754886751.7917209 1754886772.6535144
1754886772.6535401 1754886796.5271142
1754886796.527152 1754886826.8662276
1754886826.8662596 1754886853.0860305
1754886853.086057 1754886874.6600165
1754886874.66005 1754886898.5310721
1754886898.5310917 1754886921.5474436
1754886921.5474656 1754886946.0474863
1754886946.0475063 1754886966.9700558
1754886966.9700887 1754886990.4203417
1754886990.4203584 1754887013.349753
1754887013.349774 1754887048.6355085
1754887048.635535 1754887071.5394025
1754887071.5394208 1754887097.6834452
1754887097.683479 1754887115.2245097
1754887115.2245288 1754887139.8792078
1754887139.8792348 1754887161.6618192
1754887161.6618397 1754887176.4829445
1754887176.482962 1754887206.5157363
1754887206.515763 1754887236.4068003
1754887236.4068234 1754887266.395874
1754887266.3958933 1754887289.0684881
1754887289.0685127 1754887312.5628633
1754887312.5628846 1754887336.7735457
1754887336.7735727 1754887360.0066223
1754887360.0066462 1754887387.0745566
1754887387.0745852 1754887412.1057537
1754887412.1057715 1754887439.528429
1754887439.528454 1754887461.3233094
1754887461.3233316 1754887479.9563303
1754887479.9563484 1754887507.8828456
1754887507.8828712 1754887530.8288605
1754887530.8288841 1754887551.2394364
1754887551.2394528 1754887572.2084367
1754887572.208461 1754887605.8479433
1754887605.8479688 1754887628.1565247
1754887628.1565442 1754887651.9091663
1754887651.909193 1754887680.4578145
1754887680.4578452 1754887705.8088598
1754887705.8088825 1754887729.9948053
1754887729.9948318 1754887755.6323667
1754887755.6323872 1754887780.8970516
1754887780.8970776 1754887807.0318387
1754887807.031857 1754887829.9785142
1754887829.9785368 1754887853.95796
1754887853.95798 1754887875.009454
1754887875.0094767 1754887900.5138183
1754887900.5138414 1754887927.7808752
1754887927.7809067 1754887956.00142
1754887956.0014524 1754887983.8879154
1754887983.8879356 1754888010.896258
1754888010.8962762 1754888039.0634806
1754888039.063499 1754888057.949477
1754888057.9494982 1754888087.5271134
1754888087.5271325 1754888114.9115987
1754888114.9116216 1754888140.8746128
1754888140.874634 1754888171.0866547
1754888171.0866818 1754888201.758116
1754888201.7581475 1754888225.4000268
1754888225.4000487 1754888250.1594222
1754888250.1594524 1754888274.5543194
1754888274.5543382 1754888297.9010057
1754888297.9010296 1754888322.32564
1754888322.3256598 1754888340.4002285
1754888340.400247 1754888363.19789
1754888363.1979148 1754888391.3889198
