1754885927.2632604 1754885954.4200213
1754885954.4200602 1754885979.9429724
1754885979.9429994 1754886005.256958
1754886005.2569962 1754886027.5385182
1754886027.5385408 1754886047.9944465
1754886047.9944768 1754886067.743486
1754886067.7435133 1754886098.7581108
1754886098.7581725 1754886118.256427
1754886118.256463 1754886139.8215027
1754886139.8215308 1754886173.0721858
1754886173.072218 1754886197.4815614
1754886197.4815893 1754886217.914244
1754886217.9142683 1754886244.7025397
1754886244.7025676 1754886268.792599
1754886268.7926269 1754886293.3948317
1754886293.3948543 1754886319.9411707
1754886319.941198 1754886336.473569
1754886336.473601 1754886360.647538
1754886360.647559 1754886385.8037174
1754886385.8037465 1754886405.863751
1754886405.8637695 1754886439.5059335
1754886439.5059626 1754886466.8843877
1754886466.8844337 1754886490.6540027
1754886490.6540275 1754886509.0873125
1754886509.0873356 1754886540.2013721
1754886540.2013967 1754886561.8070896
1754886561.8071191 1754886581.2511587
1754886581.2511833 1754886605.6612668
1754886605.6612885 1754886629.325982
1754886629.326007 1754886653.695504
1754886653.6955347 1754886677.4907537
1754886677.4907944 1754886700.075031
1754886700.075056 1754886725.3120778
1754886725.3120987 1754886742.6309288
1754886742.630953 1754886769.0769076
1754886769.0769339 1754886799.1219912
1754886799.1220167 1754886826.9553857
1754886826.955413 1754886849.0332923
1754886849.033313 1754886874.603883
1754886874.6039135 1754886899.4737785
1754886899.4738023 1754886920.7558768
1754886920.7559032 1754886939.8536186
1754886939.8536372 1754886965.6989858
1754886965.6990104 1754886996.122372
1754886996.1224012 1754887023.6952574
1754887023.6952875 1754887049.0590525
1754887049.059079 1754887076.1497521
1754887076.1497734 1754887094.7855768
1754887094.785607 1754887116.393681
1754887116.3937082 1754887135.925526
1754887135.9255447 1754887162.4151747
1754887162.4152153 1754887180.3798723
1754887180.3798978 1754887208.5095344
1754887208.5095575 1754887233.8592951
1754887233.8593228 1754887264.7025104
1754887264.7025318 1754887291.1686597
1754887291.168686 1754887312.1813648
1754887312.181391 1754887328.1708155
1754887328.170834 1754887359.6730628
1754887359.673088 1754887384.4090736
1754887384.4091012 1754887413.3210835
1754887413.3211036 1754887438.933884
1754887438.933908 1754887463.1180089
1754887463.1180358 1754887481.4851217
1754887481.4851432 1754887506.5197303
1754887506.51977 1754887534.3009038
1754887534.3009286 1754887554.1692145
1754887554.169243 1754887577.1195047
1754887577.119538 1754887605.1421008
1754887605.142127 1754887630.8772888
1754887630.8773143 1754887653.1609638
1754887653.160991 1754887681.2599578
1754887681.2599833 1754887707.295012
1754887707.295033 1754887728.0893567
1754887728.089379 1754887747.086938
1754887747.0869596 1754887782.529011
1754887782.5290375 1754887802.645644
1754887802.6456652 1754887828.6152678
1754887828.615295 1754887850.8264635
1754887850.8264906 1754887872.5557387
1754887872.5557678 1754887904.7309005
1754887904.730927 1754887930.2704952
1754887930.2705178 1754887953.709792
1754887953.709816 1754887983.2787817
1754887983.2788093 1754888004.2651978
1754888004.2652242 1754888032.6113007
1754888032.6113217 1754888064.4995933
1754888064.499621 1754888088.004867
1754888088.0048923 1754888115.5181606
1754888115.5181854 1754888142.991641
1754888142.9916656 1754888171.6780255
1754888171.6780596 1754888201.4742448
1754888201.4742744 1754888217.396345
1754888217.3963628 1754888251.2496998
1754888251.2497275 1754888275.1158462
1754888275.1158805 1754888299.2891114
1754888299.2891405 1754888321.5529804
1754888321.5530212 1754888344.2419484
1754888344.241974 1754888367.695877
1754888367.695898 1754888389.8869314
