1757221479.1985226 1757221506.48882
1757221514.4956892 1757221535.4693806
1757221541.4755337 1757221563.3417413
1757221565.3437274 1757221593.54388
1757221603.5540168 1757221617.1925461
1757221626.1996744 1757221649.1691465
1757221649.1691697 1757221678.3569837
1757221686.363624 1757221707.4497328
1757221707.4497666 1757221743.841488
1757221743.84151 1757221767.9467561
1757221769.94768 1757221805.779707
1757221805.7797325 1757221840.8492284
1757221848.8556871 1757221866.1605308
1757221869.1636746 1757221891.2492094
1757221900.255768 1757221918.0586035
1757221925.0637255 1757221955.2751644
1757221960.2803957 1757221986.9667623
1757221987.9676666 1757222012.9381247
1757222017.943221 1757222046.0266924
1757222048.0276144 1757222075.3732612
1757222079.375667 1757222110.4311912
1757222112.4316685 1757222139.126141
1757222143.1276748 1757222173.048071
1757222182.0572999 1757222201.5084026
1757222209.5156877 1757222231.544743
1757222238.5516603 1757222252.6247678
1757222260.6329086 1757222280.3780582
1757222282.3796802 1757222317.0524704
1757222324.0557833 1757222345.229074
1757222349.233171 1757222375.2557437
1757222385.2637353 1757222397.7432969
1757222407.751676 1757222420.1219242
1757222421.1230035 1757222454.8474245
1757222457.8476942 1757222487.2365117
1757222495.2437077 1757222510.7266958
1757222514.7276626 1757222542.0860946
1757222550.0916295 1757222574.4350164
1757222584.4451706 1757222609.8315475
1757222610.8326538 1757222638.9450777
1757222641.9476926 1757222665.5495276
1757222666.550667 1757222699.890102
1757222699.8901381 1757222737.718709
1757222746.7279153 1757222766.315669
1757222769.318853 1757222799.884851
1757222806.891979 1757222826.7540162
1757222827.7551012 1757222860.2005289
1757222865.2036784 1757222889.6962726
1757222890.6967592 1757222921.4629893
1757222921.4630158 1757222951.438092
1757222952.439217 1757222978.33576
1757222986.343631 1757223004.9192705
1757223010.92367 1757223030.890858
1757223034.8916683 1757223061.6215668
1757223070.6277373 1757223087.179681
1757223088.1808395 1757223123.925807
1757223131.933939 1757223150.0577195
1757223153.0596163 1757223174.309321
1757223175.310446 1757223206.2256656
1757223207.2267275 1757223239.5431094
1757223245.5492208 1757223268.836949
1757223275.8436697 1757223296.0086198
1757223296.0086486 1757223322.8742852
1757223323.87537 1757223358.8601866
1757223367.8693275 1757223384.223104
1757223391.2299995 1757223426.3092835
1757223426.3093174 1757223455.3710494
1757223465.3757436 1757223483.6043882
1757223484.6054714 1757223509.0971053
1757223511.099252 1757223542.386792
1757223551.3958883 1757223568.912853
1757223570.9149947 1757223597.3171654
1757223601.3196428 1757223627.3151467
1757223627.3151789 1757223646.4245236
1757223649.424894 1757223680.502335
1757223686.5076942 1757223714.213467
1757223716.2140229 1757223743.0797274
1757223746.0828445 1757223770.749724
1757223773.7516649 1757223799.3123803
1757223801.314521 1757223836.2875066
1757223838.2876365 1757223857.5717595
1757223857.5717926 1757223883.2276528
1757223892.2368479 1757223920.155642
1757223924.1596982 1757223946.7710457
1757223946.7710953 1757223973.2046185
1757223974.2057104 1757224005.7804494
1757224015.7906091 1757224031.2988567
1757224040.3076117 1757224060.193052
1757224067.2001388 1757224089.7894049
1757224090.790528 1757224124.2983074
1757224130.303686 1757224152.8363256
1757224154.8384254 1757224185.3014622
1757224193.3076549 1757224216.7237842
1757224222.7299364 1757224240.1804552
1757224243.1835973 1757224278.754276
1757224285.7614381 1757224309.5333107
1757224309.5333467 1757224335.5810905
1757224343.5876653 1757224369.5140054
1757224378.523183 1757224401.8594604
1757224402.860542 1757224434.8763597
1757224444.883604 1757224464.6457894
