1767068501.2820756 1767068754.6054227
1767068755.606574 1767068870.2009091
1767068875.2060027 1767069060.3155255
1767069068.3174772 1767069244.4671714
1767069251.47425 1767069455.30626
1767069462.3108912 1767069631.5721295
1767069632.573216 1767069839.9915466
1767069839.991577 1767070037.1559422
1767070040.1590283 1767070193.3495166
1767070198.3508892 1767070386.6561656
1767070389.6588836 1767070513.660368
1767070517.66444 1767070668.5560198
1767070678.5661 1767070854.0799553
1767070862.0880294 1767070986.030063
1767070994.0323832 1767071274.4166565
1767071276.4187584 1767071380.2195213
1767071382.2215893 1767071559.711993
1767071564.7156594 1767071775.3508606
1767071780.3559337 1767071895.3679106
1767071904.3769736 1767072146.7318823
1767072150.7359576 1767072209.974801
1767072215.979625 1767072433.7986438
1767072436.8017108 1767072684.9021053
1767072694.9121768 1767072840.7413054
1767072841.7423828 1767073029.3739898
1767073031.3748715 1767073164.3269951
1767073170.3330612 1767073441.5518007
1767073451.5618708 1767073668.9817603
1767073675.9888368 1767073860.7452402
1767073867.751121 1767074080.8996599
1767074080.8996894 1767074196.495989
1767074197.4970546 1767074389.196476
1767074399.1974475 1767074652.277197
1767074652.2772245 1767074775.5884562
1767074777.5905273 1767074955.097218
1767074965.1072981 1767075165.3953378
1767075173.4034138 1767075347.5401418
1767075351.5428953 1767075510.4343715
1767075518.4424388 1767075662.0920105
1767075662.0920422 1767075793.526023
1767075802.535087 1767075941.5625353
1767075951.5647745 1767076097.4237723
1767076100.4268565 1767076285.4279346
1767076292.434876 1767076489.239277
1767076491.241346 1767076634.199364
1767076634.1993861 1767076811.8786762
1767076811.878704 1767077017.931909
1767077026.9409823 1767077116.6528804
1767077125.6619372 1767077260.8390005
1767077262.841066 1767077430.8298056
1767077430.829833 1767077560.6053865
1767077560.6054096 1767077702.1207736
1767077710.1288376 1767077896.7648604
1767077900.7676892 1767078096.6340966
1767078106.6428735 1767078325.0989766
1767078330.102896 1767078566.8815267
1767078576.8908947 1767078757.2241066
1767078758.2251692 1767078944.8567286
1767078951.8634238 1767079099.6600251
1767079099.6600487 1767079289.640379
1767079292.6434782 1767079442.8409295
1767079451.8499997 1767079610.3579087
1767079618.3659725 1767079761.8746831
1767079766.8797636 1767079928.789515
1767079937.7985766 1767080173.6915183
1767080181.6995845 1767080388.9761977
1767080389.9772658 1767080546.0040016
1767080549.0070827 1767080840.5026345
1767080842.504697 1767080989.854421
1767080989.854451 1767081158.7626803
1767081168.7631376 1767081265.6928768
1767081270.6948752 1767081427.5506828
1767081430.553749 1767081700.5785916
1767081702.5787225 1767081928.206844
1767081929.2079124 1767082200.1690457
1767082203.1721206 1767082335.6633766
1767082342.6704566 1767082468.1269283
1767082472.1310012 1767082630.0182707
1767082636.0243523 1767082807.8435361
1767082811.8476098 1767083002.9116132
1767083012.921685 1767083212.9220455
1767083217.9271371 1767083385.013411
1767083395.013497 1767083526.242221
1767083531.2473001 1767083729.9782403
1767083733.9788816 1767083890.3522787
1767083900.3623471 1767084061.3840253
1767084066.3890946 1767084202.9619658
1767084202.9619958 1767084368.1825259
1767084368.1825476 1767084561.1236734
1767084561.1237028 1767084741.9210098
1767084743.9230785 1767084871.6821322
1767084871.682156 1767085004.7800238
1767085012.7880993 1767085164.086711
1767085170.092782 1767085314.5814872
1767085315.5825586 1767085485.8628757
1767085488.8659377 1767085686.8483164
1767085692.849636 1767085807.7669697
1767085813.77304 1767085983.3191109
1767085993.3291802 1767086100.8137596
1767086108.818174 1767086266.9131124
