1767068557.889899 1767068757.5050185
1767068763.5073934 1767068885.0939622
1767068892.1010387 1767069039.1700134
1767069039.1700466 1767069281.6415854
1767069283.6436608 1767069432.795653
1767069439.8027253 1767069600.681392
1767069609.685289 1767069833.6953256
1767069842.7044127 1767070047.7962651
1767070051.8003347 1767070206.4006586
1767070213.4077508 1767070381.3865936
1767070387.3908942 1767070498.2259846
1767070504.2308831 1767070671.396744
1767070671.396776 1767070870.9579802
1767070876.9632392 1767071025.6339622
1767071035.642876 1767071266.1381667
1767071276.1482465 1767071413.8759236
1767071421.878882 1767071581.1617327
1767071588.1669152 1767071729.3198805
1767071731.3219583 1767071922.0333607
1767071931.0424442 1767072143.5433216
1767072151.5514038 1767072254.985801
1767072254.9858246 1767072459.221928
1767072467.2300055 1767072735.2359536
1767072740.2410345 1767072778.5427868
1767072785.5498629 1767072986.201551
1767072990.2056208 1767073107.7182982
1767073108.7188885 1767073366.8458579
1767073368.846882 1767073686.0415742
1767073695.0487301 1767073834.1738322
1767073843.1829066 1767074028.776235
1767074028.7762647 1767074237.021474
1767074240.0245464 1767074431.4589496
1767074436.4640198 1767074620.2755587
1767074624.2796373 1767074839.943309
1767074845.949383 1767074986.4431612
1767074992.4492276 1767075181.9333642
1767075191.943438 1767075339.0603244
1767075346.0668867 1767075503.7881515
1767075508.790903 1767075667.3872445
1767075677.3877041 1767075828.6322737
1767075838.6388772 1767075973.600794
1767075979.6068633 1767076123.8744051
1767076131.8824935 1767076278.0319943
1767076285.039071 1767076459.639602
1767076467.6476681 1767076664.934961
1767076673.9440446 1767076816.0571592
1767076821.0622346 1767076980.1288922
1767076980.1289225 1767077153.8922253
1767077155.8942974 1767077255.7405097
1767077263.7468812 1767077399.764541
1767077406.771615 1767077557.4518273
1767077558.4529016 1767077723.3953295
1767077730.4023976 1767077878.788446
1767077883.7935128 1767078138.3607702
1767078140.3628516 1767078364.667759
1767078371.67478 1767078533.0498843
1767078541.053129 1767078673.3226302
1767078675.3229258 1767078915.3095458
1767078922.3166142 1767079163.5414977
1767079170.5468862 1767079304.745752
1767079309.7508318 1767079462.677365
1767079465.680433 1767079609.29633
1767079617.3044047 1767079774.5753546
1767079774.5753849 1767079984.8827274
1767079985.8838034 1767080134.6879427
1767080140.694016 1767080421.5249238
1767080430.529814 1767080598.6567771
1767080607.6658678 1767080870.3995712
1767080871.4006498 1767081005.6321216
1767081013.6402006 1767081126.0793982
1767081132.0854795 1767081269.2306209
1767081270.2316923 1767081464.8175614
1767081469.82265 1767081714.6055367
1767081718.606907 1767081939.182164
1767081940.1834471 1767082171.075313
1767082176.0794456 1767082347.6645567
1767082351.66864 1767082464.9245822
1767082467.9276605 1767082629.0808759
1767082630.0819385 1767082803.5620039
1767082813.5720856 1767083021.49102
1767083023.4930904 1767083111.6663332
1767083111.6663587 1767083383.2635734
1767083389.2696466 1767083540.9575727
1767083541.9586477 1767083743.3831196
1767083753.3931959 1767083916.7272422
1767083920.7313285 1767084018.6888418
1767084026.6922734 1767084177.7873015
1767084186.7963953 1767084383.0386484
1767084392.0468807 1767084576.3673131
1767084581.3708844 1767084711.4607284
1767084715.4648132 1767084850.0947502
1767084854.0978794 1767085024.8366199
1767085033.8456917 1767085219.1737518
1767085223.177822 1767085346.6709473
1767085355.6800208 1767085498.1820676
1767085500.1834311 1767085648.7433918
1767085653.7484677 1767085814.3218458
1767085818.3228817 1767085950.0708213
1767085951.0718923 1767086133.893141
1767086134.894219 1767086275.896486
