1765607234.994154 1765607276.3033447
1765607283.3105087 1765607318.7581189
1765607319.758881 1765607359.0258174
1765607363.0297563 1765607404.8522992
1765607411.8589733 1765607451.101496
1765607451.1016176 1765607488.461327
1765607497.470452 1765607538.1454134
1765607539.1466115 1765607574.27226
1765607577.275368 1765607612.9133353
1765607621.9188862 1765607649.8709974
1765607651.8731694 1765607687.9720387
1765607695.980165 1765607722.2460628
1765607724.2468855 1765607760.9486542
1765607767.9558237 1765607794.6948287
1765607798.6989539 1765607831.795475
1765607835.7996402 1765607870.7598102
1765607873.7629292 1765607909.0127163
1765607917.0208836 1765607938.118597
1765607947.12771 1765607967.9328763
1765607976.9420981 1765607999.5460696
1765608004.550881 1765608036.4994044
1765608046.499737 1765608076.3381371
1765608086.348351 1765608100.9170387
1765608102.9192028 1765608136.0621345
1765608144.066879 1765608167.116529
1765608177.1267195 1765608198.4881842
1765608207.4885452 1765608231.8860395
1765608239.8942454 1765608264.1279078
1765608266.130071 1765608298.558644
1765608298.5587146 1765608331.860968
1765608339.8691463 1765608371.4429681
1765608372.4441297 1765608410.3917139
1765608417.3948836 1765608440.7787683
1765608444.7828991 1765608487.3679998
1765608489.370186 1765608522.7896414
1765608527.7909052 1765608553.7309058
1765608557.7342389 1765608592.6862922
1765608599.6934953 1765608641.7086694
1765608649.7118912 1765608677.7609086
1765608678.762074 1765608723.8483021
1765608732.8574846 1765608764.2491057
1765608773.2583308 1765608797.8643649
1765608801.8685396 1765608834.2216752
1765608842.2298834 1765608863.9097912
1765608864.9108748 1765608894.452937
1765608900.4589674 1765608932.7024717
1765608942.7126436 1765608964.1362028
1765608968.1388943 1765608997.8754148
1765609004.8825867 1765609034.967895
1765609035.969002 1765609063.6618237
1765609072.6710112 1765609093.9804208
1765609103.9870315 1765609119.9342144
1765609127.9423947 1765609152.965157
1765609162.9752893 1765609186.078337
1765609193.085514 1765609215.46142
1765609215.46149 1765609244.8391688
1765609254.8475435 1765609275.517045
1765609277.5178065 1765609304.3217118
1765609314.331836 1765609337.252419
1765609341.256602 1765609367.8154185
1765609374.8226259 1765609403.4309433
1765609407.4351296 1765609437.7774954
1765609446.7828994 1765609477.0875473
1765609482.088233 1765609510.685812
1765609510.685958 1765609540.0926015
1765609550.101699 1765609566.3422837
1765609567.342879 1765609596.0991454
1765609604.107357 1765609625.4952865
1765609633.4995522 1765609662.4758043
1765609662.4760103 1765609693.0452242
1765609693.0452976 1765609717.7384613
1765609721.7388847 1765609750.3191946
1765609755.3243272 1765609789.3373306
1765609791.3394847 1765609823.2286534
1765609831.234996 1765609854.3935335
1765609856.395646 1765609883.3864393
1765609886.3896134 1765609914.2851577
1765609918.2868876 1765609962.2036438
1765609962.2037647 1765610002.57834
1765610008.582883 1765610049.421437
1765610050.422554 1765610082.3382592
1765610084.3403993 1765610115.7849824
1765610125.786888 1765610156.932259
1765610158.934372 1765610196.3579159
1765610205.367151 1765610229.3833551
1765610229.3834834 1765610267.7552295
1765610275.762877 1765610303.2091088
1765610310.2162886 1765610337.66652
1765610340.6696987 1765610375.7301614
1765610384.7392952 1765610406.067477
1765610409.0706286 1765610436.4937396
1765610442.499899 1765610468.111552
1765610469.1126778 1765610495.2837307
1765610505.2939625 1765610525.591098
1765610525.5912216 1765610559.4769306
1765610566.4828925 1765610591.754887
1765610591.7549684 1765610636.9176052
1765610636.917724 1765610663.2981198
1765610669.302881 1765610699.2909653
1765610702.2941234 1765610728.1128361
