1765607238.0257652 1765607276.021071
1765607282.0272377 1765607317.9848828
1765607324.9920125 1765607358.5100107
1765607368.5194576 1765607398.0988317
1765607398.0989792 1765607450.4281042
1765607454.4322293 1765607490.6153302
1765607499.6245134 1765607536.784589
1765607543.7916932 1765607582.7379344
1765607589.745104 1765607617.2814116
1765607622.28652 1765607651.1103926
1765607654.1135561 1765607688.7890549
1765607690.7911844 1765607724.701568
1765607731.7021635 1765607762.192369
1765607765.195497 1765607798.0984118
1765607802.1025586 1765607835.3533454
1765607843.361448 1765607871.0683284
1765607880.0696673 1765607903.5884197
1765607911.596548 1765607938.3252645
1765607945.3308797 1765607972.005791
1765607972.0059102 1765608004.5674174
1765608012.5755925 1765608041.0434058
1765608050.0525353 1765608075.4735363
1765608083.4805393 1765608107.5837698
1765608112.587743 1765608139.8866315
1765608143.8907387 1765608171.3793688
1765608174.382308 1765608200.3622808
1765608200.3623753 1765608230.9977932
1765608234.000977 1765608259.966111
1765608260.967267 1765608295.6508472
1765608302.6580505 1765608329.4462538
1765608335.4508834 1765608372.2707698
1765608382.2804816 1765608409.107759
1765608410.1089456 1765608443.0978324
1765608446.1009455 1765608484.1919763
1765608484.1921053 1765608519.7882755
1765608525.7909365 1765608561.5999098
1765608561.6000845 1765608600.5019622
1765608606.5068822 1765608640.9025142
1765608647.9096835 1765608675.3741055
1765608677.3759124 1765608721.4672227
1765608725.4713795 1765608762.71936
1765608771.7268808 1765608797.9530013
1765608804.9532197 1765608831.522145
1765608831.5222814 1765608859.7412107
1765608860.742321 1765608893.7081387
1765608898.7108905 1765608931.7749915
1765608934.7781146 1765608961.1635473
1765608969.170894 1765608998.406587
1765609003.411321 1765609035.452713
1765609036.4538817 1765609066.4732778
1765609074.47889 1765609098.52287
1765609105.529997 1765609126.5758135
1765609126.5759447 1765609157.4831834
1765609158.4843168 1765609181.9381733
1765609182.9393477 1765609216.7997386
1765609220.8032684 1765609245.3200238
1765609248.3202312 1765609275.8525696
1765609276.8536758 1765609305.3944795
1765609312.3988872 1765609339.0942311
1765609349.1029093 1765609368.8460517
1765609373.8508902 1765609403.6010015
1765609407.602878 1765609438.3325744
1765609445.3388708 1765609477.9676304
1765609478.9684997 1765609512.3743844
1765609521.3814616 1765609538.9276557
1765609539.9288177 1765609568.4483128
1765609575.455443 1765609598.03886
1765609599.040027 1765609630.473741
1765609637.478885 1765609665.3894742
1765609668.3926423 1765609694.9313269
1765609695.9324443 1765609722.7266803
1765609724.728852 1765609754.4606392
1765609754.4607217 1765609789.1053956
1765609795.1115515 1765609823.2606761
1765609832.2670105 1765609852.34169
1765609859.3488195 1765609882.983082
1765609889.9900715 1765609915.5135014
1765609916.514645 1765609961.3217094
1765609970.3269486 1765610007.794004
1765610017.804176 1765610048.5608747
1765610050.5630236 1765610081.6248941
1765610083.625353 1765610119.572839
1765610128.581952 1765610156.1290126
1765610157.1302173 1765610194.0811095
1765610204.091235 1765610230.4667351
1765610238.4748948 1765610261.8763585
1765610267.8784568 1765610297.695918
1765610307.7028856 1765610333.5189514
1765610341.5271115 1765610374.2053316
1765610376.207495 1765610410.4446924
1765610410.4447734 1765610440.4389825
1765610446.44515 1765610465.5247998
1765610465.524894 1765610496.2599204
1765610505.2668805 1765610528.0913222
1765610530.0935094 1765610556.867621
1765610564.8757744 1765610585.926892
1765610593.934901 1765610634.8484566
1765610636.850628 1765610668.6290848
1765610674.6293786 1765610702.770248
1765610710.7783594 1765610730.538645
