1761302473.1107779 1761302514.2990594
1761302516.2999172 1761302549.3932571
1761302549.3932796 1761302586.566432
1761302590.570505 1761302633.681307
1761302639.6836064 1761302678.1112874
1761302679.1124039 1761302731.1305985
1761302738.1356802 1761302778.6750798
1761302780.675635 1761302820.2882042
1761302827.2916186 1761302882.6672018
1761302890.6752968 1761302928.279787
1761302934.2836664 1761302983.5121427
1761302984.512527 1761303032.542338
1761303036.5465019 1761303076.4131317
1761303086.4232705 1761303129.9225457
1761303129.9225702 1761303173.8858304
1761303176.8876784 1761303225.3488276
1761303235.3556213 1761303269.0289822
1761303275.0351117 1761303312.8120382
1761303321.8197136 1761303360.9369307
1761303363.939604 1761303407.3528266
1761303416.3619537 1761303456.7419312
1761303465.7476485 1761303492.8486998
1761303495.8517807 1761303533.6539152
1761303539.6596792 1761303585.7733607
1761303587.775484 1761303637.876862
1761303645.8849475 1761303680.6562018
1761303689.665268 1761303725.0700665
1761303734.0756023 1761303776.180981
1761303781.183701 1761303823.0344226
1761303831.0425465 1761303866.0282943
1761303871.0316644 1761303910.5295393
1761303917.5357072 1761303944.5806816
1761303947.5836895 1761304004.0658324
1761304012.0739505 1761304053.457502
1761304054.458597 1761304100.5608087
1761304109.5699334 1761304137.9064271
1761304143.91162 1761304181.3904793
1761304185.3945966 1761304227.9245684
1761304234.9316308 1761304285.5945764
1761304294.6036692 1761304337.8880503
1761304344.8916404 1761304373.5515323
1761304378.5556707 1761304405.9855378
1761304414.9916682 1761304454.3281012
1761304456.3302226 1761304494.7213778
1761304494.7213998 1761304541.5072963
1761304551.5174258 1761304579.1285365
1761304580.1296039 1761304615.434543
1761304622.4416318 1761304657.4762
1761304663.4798658 1761304695.944249
1761304705.9516783 1761304739.7656193
1761304749.7756412 1761304775.6907272
1761304781.6968813 1761304824.609223
1761304831.616299 1761304865.7671723
1761304865.7672083 1761304923.825868
1761304929.8319964 1761304974.7502205
1761304976.7522924 1761305038.4212573
1761305038.4212823 1761305080.168197
1761305090.178289 1761305111.6197565
1761305113.6218836 1761305151.0263593
1761305155.03049 1761305197.7415388
1761305198.7426329 1761305238.877265
1761305247.8837657 1761305279.617186
1761305280.6182537 1761305331.1008203
1761305339.1089375 1761305369.503176
1761305374.5082445 1761305435.3932765
1761305440.3984056 1761305481.5461934
1761305487.551687 1761305537.7435129
1761305546.7526577 1761305595.5286815
1761305599.531677 1761305645.4170125
1761305646.418129 1761305693.4365296
1761305697.4406672 1761305734.088729
1761305737.0916035 1761305798.89672
1761305800.898849 1761305837.5096972
1761305838.5099566 1761305883.3838942
1761305884.385022 1761305924.4132814
1761305933.4196563 1761305968.5553741
1761305978.5655239 1761306024.7817068
1761306033.7908387 1761306077.7699323
1761306087.7800086 1761306144.3282793
1761306152.3357 1761306194.959879
1761306201.9672182 1761306238.4920382
1761306243.4956784 1761306274.3382342
1761306282.3463311 1761306309.2900672
1761306311.2921944 1761306339.4558933
1761306339.4559214 1761306385.6488056
1761306385.6488514 1761306419.0804098
1761306422.0835283 1761306462.0131106
1761306467.0182114 1761306500.5371525
1761306502.537373 1761306551.1324568
1761306554.1356006 1761306599.018372
1761306603.022516 1761306641.564709
1761306641.5647352 1761306682.8647294
1761306685.8676178 1761306726.588309
1761306732.591752 1761306781.1979384
1761306789.2036543 1761306841.151815
1761306851.1619563 1761306892.497722
1761306899.5036201 1761306928.4515016
1761306932.455633 1761306974.3046584
1761306984.3116362 1761307031.160125
1761307037.163685 1761307070.3062966
