1761302472.2256339 1761302516.1967607
1761302523.1996186 1761302550.9293578
1761302558.9374413 1761302591.1644828
1761302596.1695797 1761302634.4157877
1761302644.425883 1761302681.2934036
1761302691.3034859 1761302730.64262
1761302736.6487179 1761302780.4307027
1761302780.4307427 1761302818.7506304
1761302818.7506638 1761302883.9342418
1761302890.9396074 1761302928.6209588
1761302929.622039 1761302983.7012525
1761302988.7063398 1761303032.570283
1761303033.571389 1761303075.4389884
1761303078.4396095 1761303129.0930579
1761303139.1032352 1761303174.7788203
1761303177.7819817 1761303227.673679
1761303230.6768231 1761303269.951411
1761303278.9597785 1761303318.9311786
1761303318.9312108 1761303360.6186686
1761303362.619721 1761303408.511749
1761303414.5156732 1761303459.0799692
1761303469.087698 1761303495.2654262
1761303504.274511 1761303535.222903
1761303543.2309813 1761303588.0194528
1761303591.0225406 1761303644.9742625
1761303650.9796798 1761303683.9259934
1761303685.9280682 1761303726.6733541
1761303727.6744359 1761303779.555255
1761303786.559611 1761303823.3642545
1761303825.3663888 1761303866.2413728
1761303873.247951 1761303911.3215055
1761303920.3276885 1761303944.3934193
1761303953.3996174 1761304004.3221605
1761304008.3236644 1761304053.2989821
1761304053.2990162 1761304101.7568982
1761304105.761021 1761304136.5859609
1761304142.5916739 1761304179.3674664
1761304188.375638 1761304228.203368
1761304232.2036717 1761304284.424583
1761304285.4257126 1761304330.2078288
1761304332.2099159 1761304372.0296967
1761304380.0357165 1761304404.9292116
1761304406.9313357 1761304452.5388865
1761304452.5389214 1761304500.8334804
1761304501.8346272 1761304545.2798097
1761304552.2836623 1761304585.1125417
1761304585.1125767 1761304618.259686
1761304627.2676141 1761304661.655986
1761304661.656013 1761304697.9283695
1761304697.928405 1761304737.7519076
1761304738.7520335 1761304774.6340153
1761304784.6440966 1761304825.6993353
1761304832.7064533 1761304868.8482237
1761304874.851668 1761304923.2836702
1761304923.28371 1761304981.6014843
1761304984.6046078 1761305037.29042
1761305044.2956328 1761305077.990547
1761305086.9997015 1761305109.050991
1761305113.0517054 1761305147.6532333
1761305152.6556683 1761305194.1658084
1761305204.1759415 1761305238.0430052
1761305246.0476623 1761305282.9706724
1761305289.9777908 1761305332.096754
1761305338.1028895 1761305375.6386542
1761305383.6438866 1761305441.1953542
1761305451.2036147 1761305479.5747495
1761305486.5818245 1761305536.6493664
1761305542.6516752 1761305598.542235
1761305607.547611 1761305643.9016855
1761305645.9036255 1761305692.162246
1761305693.1623302 1761305736.4042518
1761305737.4045208 1761305794.250297
1761305798.2544336 1761305838.9832222
1761305843.988357 1761305884.9076738
1761305886.9097452 1761305926.9997294
1761305934.00369 1761305966.5468352
1761305969.5475993 1761306020.8675892
1761306021.8687084 1761306071.693868
1761306079.7019918 1761306145.1756346
1761306146.17672 1761306198.9271615
1761306198.9271898 1761306239.0332654
1761306242.0363567 1761306271.1725178
1761306278.1748881 1761306307.7834864
1761306309.7836757 1761306339.4959106
1761306343.499619 1761306383.2726266
1761306389.275631 1761306420.840226
1761306424.8443022 1761306462.1573012
1761306466.1602705 1761306496.7475166
1761306504.755737 1761306552.4923275
1761306552.4923675 1761306600.6667128
1761306610.6769123 1761306637.3166988
1761306639.31878 1761306685.260963
1761306687.2630959 1761306724.5252144
1761306732.531614 1761306779.295184
1761306780.296271 1761306835.991181
1761306836.9916637 1761306887.943852
1761306888.9449825 1761306926.725785
1761306926.725818 1761306971.9450774
1761306971.9451087 1761307029.5307865
1761307033.53492 1761307069.6691015
