1752460021.1560862 1752460047.5238893
1752460047.5239096 1752460071.1341586
1752460071.134177 1752460094.1772902
1752460094.1773133 1752460125.4129326
1752460125.4129572 1752460145.8083756
1752460145.8083937 1752460163.3801835
1752460163.3802288 1752460192.2186894
1752460192.218711 1752460220.9637458
1752460220.9637723 1752460247.4023752
1752460247.402397 1752460270.9815376
1752460270.9815621 1752460300.0466578
1752460300.0466821 1752460319.6551707
1752460319.6551924 1752460338.0754404
1752460338.0754628 1752460370.5462332
1752460370.5462587 1752460395.3887918
1752460395.3888147 1752460411.2265642
1752460411.2265882 1752460441.656531
1752460441.6565802 1752460465.0293188
1752460465.0293548 1752460491.8415828
1752460491.84163 1752460518.1998537
1752460518.1998732 1752460535.492523
1752460535.4925478 1752460566.8097935
1752460566.8098161 1752460593.2398384
1752460593.2398627 1752460618.62637
1752460618.6263914 1752460645.8147821
1752460645.8148115 1752460673.6849854
1752460673.6850164 1752460699.6834245
1752460699.683448 1752460722.568635
1752460722.5686576 1752460749.7261715
1752460749.7262042 1752460777.0467877
1752460777.046808 1752460797.8312275
1752460797.8312638 1752460826.0401025
1752460826.040125 1752460846.8951252
1752460846.8951478 1752460878.0892406
1752460878.0892615 1752460905.5604107
1752460905.560434 1752460922.7439227
1752460922.7439458 1752460956.7947223
1752460956.7947474 1752460981.6109028
1752460981.610925 1752461003.3084395
1752461003.3084617 1752461034.2589722
1752461034.2590027 1752461054.9023983
1752461054.9024203 1752461076.9621584
1752461076.9621792 1752461100.7899776
1752461100.7900076 1752461124.140731
1752461124.1407528 1752461147.693274
1752461147.693299 1752461176.9738252
1752461176.9738457 1752461199.7724257
1752461199.7724557 1752461223.4376566
1752461223.4376793 1752461243.9521804
1752461243.9522097 1752461267.4480522
1752461267.44808 1752461294.0241482
1752461294.0241723 1752461314.669817
1752461314.669843 1752461336.964038
1752461336.9640694 1752461363.3711238
1752461363.3711452 1752461388.0180914
1752461388.0181258 1752461410.1849132
1752461410.184938 1752461436.397016
1752461436.3970504 1752461451.8531644
1752461451.8531845 1752461484.340452
1752461484.3404787 1752461505.2624118
1752461505.2624333 1752461530.8737583
1752461530.873779 1752461550.4567037
1752461550.456729 1752461583.0189514
1752461583.0189734 1752461608.1894515
1752461608.1894755 1752461639.5218387
1752461639.5218823 1752461664.585744
1752461664.5857658 1752461689.016366
1752461689.0163963 1752461710.243885
1752461710.2439182 1752461735.2557347
1752461735.2557685 1752461762.607828
1752461762.6078606 1752461785.4382617
1752461785.4382882 1752461805.461377
1752461805.4613981 1752461834.516697
1752461834.5167239 1752461855.6145556
1752461855.6145792 1752461872.0106514
1752461872.010677 1752461900.975514
1752461900.9755373 1752461927.993615
1752461927.993642 1752461951.4150531
1752461951.4150743 1752461982.8130238
1752461982.8130488 1752462010.8112838
1752462010.811318 1752462034.2622612
1752462034.2623007 1752462062.2266893
1752462062.2267172 1752462083.4013796
1752462083.4014103 1752462103.386364
1752462103.3863854 1752462134.9178228
1752462134.9178534 1752462159.922449
1752462159.9224734 1752462176.3052967
1752462176.3053215 1752462205.077648
1752462205.0776715 1752462235.9147725
1752462235.9147959 1752462255.9433155
1752462255.9433436 1752462281.9285948
1752462281.9286175 1752462308.1345096
1752462308.1345377 1752462331.8430848
1752462331.8431084 1752462360.1975646
1752462360.1975942 1752462384.0025764
1752462384.002603 1752462406.7147002
1752462406.7147272 1752462422.5024948
1752462422.5025163 1752462457.2485695
1752462457.2485988 1752462486.5754614
1752462486.5754898 1752462513.3227718
1752462513.322794 1752462536.8357816
1752462536.8358064 1752462561.8559775
1752462561.855999 1752462583.4279184
1752462583.4279416 1752462612.0729523
1752462612.072978 1752462642.2013428
1752462642.201366 1752462665.9515336
1752462665.9515724 1752462689.8038938
1752462689.8039174 1752462712.1838014
1752462712.1838264 1752462736.71305
1752462736.7130747 1752462763.1679704
1752462763.168004 1752462778.995135
1752462778.9951556 1752462814.017128
1752462814.0171578 1752462842.3819225
1752462842.3819456 1752462866.2243893
1752462866.2244391 1752462889.085117
1752462889.0851467 1752462914.566785
1752462914.5668085 1752462937.1426582
1752462937.1426895 1752462957.914468
1752462957.914489 1752462983.7608783
1752462983.7609172 1752463003.7774246
1752463003.7774522 1752463032.5746741
1752463032.5747018 1752463053.2436492
1752463053.2436721 1752463083.7865462
1752463083.7865784 1752463112.6541207
1752463112.6541424 1752463134.9745166
1752463134.9745405 1752463159.5891662
1752463159.589185 1752463193.9878068
1752463193.9878323 1752463222.9951446
1752463222.995167 1752463248.0890875
1752463248.0891082 1752463275.3426106
1752463275.3426456 1752463297.922685
1752463297.9227102 1752463325.1124585
1752463325.1124816 1752463352.2227254
1752463352.2227526 1752463380.5218954
1752463380.5219207 1752463401.049394
1752463401.0494173 1752463428.3167808
1752463428.316811 1752463450.1352017
1752463450.1352212 1752463482.829794
1752463482.8298225 1752463508.2360613
1752463508.2360847 1752463531.824265
1752463531.824291 1752463565.8331237
1752463565.8331633 1752463587.106942
1752463587.1069655 1752463614.418724
1752463614.4187582 1752463639.6108384
1752463639.6108615 1752463668.257256
1752463668.2572844 1752463692.4520376
1752463692.45206 1752463711.5445323
1752463711.5445597 1752463739.390429
1752463739.3904514 1752463761.9980142
1752463761.9980407 1752463784.7750776
1752463784.775101 1752463800.3628078
1752463800.3628337 1752463827.9495926
1752463827.9496229 1752463853.8755949
1752463853.8756287 1752463881.9921274
1752463881.9921534 1752463903.932244
1752463903.9322689 1752463931.1661851
1752463931.1662188 1752463957.2036755
1752463957.2037046 1752463975.674116
1752463975.6741383 1752464003.5674837
1752464003.5675082 1752464028.471681
1752464028.47171 1752464053.8062863
1752464053.806313 1752464078.5533926
1752464078.5534174 1752464099.7036953
1752464099.7037232 1752464125.6866806
1752464125.6867032 1752464141.3489292
1752464141.3489532 1752464169.4341254
1752464169.4341483 1752464189.8504703
1752464189.8505006 1752464206.45394
1752464206.4539614 1752464233.8417203
1752464233.8417456 1752464255.942353
1752464255.9423761 1752464279.5483003
1752464279.5483272 1752464304.4964283
1752464304.4964514 1752464324.3016064
1752464324.3016303 1752464354.7378342
1752464354.7378552 1752464376.0031877
1752464376.0032127 1752464406.5632925
1752464406.563324 1752464431.3969853
1752464431.3970084 1752464456.8165166
1752464456.81654 1752464477.2197318
1752464477.2197669 1752464501.1829913
1752464501.183015 1752464541.0793753
1752464541.0794048 1752464570.0814602
1752464570.0814855 1752464592.4055007
1752464592.4055233 1752464614.105333
1752464614.1053703 1752464630.7573283
1752464630.7573488 1752464663.439584
1752464663.4396143 1752464684.451716
1752464684.4517426 1752464711.9273388
1752464711.927367 1752464742.047164
1752464742.0471973 1752464770.2584434
1752464770.2584739 1752464795.669929
1752464795.6699574 1752464823.9291563
1752464823.929178 1752464846.1608493
1752464846.1608784 1752464874.2407022
1752464874.2407422 1752464897.9965813
1752464897.9966023 1752464925.2422745
1752464925.2423124 1752464944.469589
1752464944.4696155 1752464971.9391599
1752464971.939185 1752464997.3341784
1752464997.3342245 1752465012.3181984
1752465012.3182197 1752465048.155241
1752465048.155272 1752465072.4234202
1752465072.423441 1752465098.7899115
1752465098.7899406 1752465128.4212277
1752465128.421249 1752465152.6190267
1752465152.6190507 1752465184.484103
1752465184.4841292 1752465207.4751103
1752465207.4751318 1752465247.391292
1752465247.391332 1752465271.4250338
1752465271.4250572 1752465295.4018373
1752465295.4018714 1752465320.568411
1752465320.5684416 1752465347.665735
1752465347.665764 1752465369.8411748
1752465369.841205 1752465398.5473459
1752465398.547372 1752465415.609781
1752465415.6098073 1752465443.8990104
1752465443.8990386 1752465472.391406
1752465472.3914309 1752465500.2448533
1752465500.2448735 1752465519.6962266
1752465519.6962621 1752465550.6700175
1752465550.6700432 1752465572.2544122
1752465572.2544382 1752465593.6860566
1752465593.6860833 1752465623.2810562
1752465623.2810903 1752465647.6434407
1752465647.6434686 1752465676.2328024
1752465676.2328284 1752465703.8036234
1752465703.8036458 1752465734.7206013
1752465734.720637 1752465759.7773917
1752465759.7774186 1752465782.0024197
1752465782.0024438 1752465811.246385
1752465811.2464082 1752465842.0210674
1752465842.021097 1752465863.2160716
1752465863.216097 1752465887.3041008
1752465887.304124 1752465906.8104358
1752465906.810462 1752465941.127408
1752465941.1274374 1752465965.6428413
1752465965.6428628 1752465989.1573787
1752465989.1574073 1752466016.7705112
1752466016.7705333 1752466035.676869
1752466035.676894 1752466065.4606586
1752466065.46068 1752466092.807913
1752466092.8079445 1752466116.6870549
1752466116.6870756 1752466140.3538353
1752466140.353863 1752466167.7747724
1752466167.7748024 1752466186.9623868
1752466186.9624085 1752466210.0873098
1752466210.0873358 1752466240.8053427
1752466240.8053722 1752466266.284604
1752466266.2846253 1752466289.2493112
1752466289.249344 1752466316.9551985
1752466316.9552228 1752466339.3306842
1752466339.3307104 1752466359.759189
1752466359.7592099 1752466383.9432907
1752466383.9433203 1752466403.0332701
1752466403.03329 1752466433.611931
1752466433.6119566 1752466458.9714882
1752466458.9715092 1752466482.2681017
1752466482.2681298 1752466504.070862
1752466504.070884 1752466525.5345054
1752466525.5345378 1752466554.3500757
1752466554.3500986 1752466581.8849661
1752466581.8849943 1752466607.7912729
1752466607.791295 1752466634.1670055
1752466634.1670332 1752466660.3583856
1752466660.358409 1752466685.5366118
1752466685.5366364 1752466710.2816596
1752466710.281689 1752466738.4134736
1752466738.4135025 1752466759.4712138
1752466759.471241 1752466776.0414395
1752466776.041465 1752466809.6858823
1752466809.6859088 1752466824.8734717
1752466824.873498 1752466849.613571
1752466849.6135945 1752466871.7472982
1752466871.747326 1752466899.0363243
1752466899.0363555 1752466914.8266249
1752466914.8266482 1752466947.2086973
1752466947.2087302 1752466969.7640204
1752466969.7640438 1752466998.2261271
1752466998.226157 1752467017.2996705
1752467017.299693 1752467052.9386039
1752467052.938627 1752467072.2925673
1752467072.2925918 1752467094.6425624
1752467094.6425838 1752467123.8662684
1752467123.8662963 1752467146.2146394
1752467146.2146673 1752467167.2748082
1752467167.274838 1752467188.841029
1752467188.8410509 1752467208.1960878
1752467208.1961086 1752467236.0081115
1752467236.0081449 1752467256.763717
1752467256.7637484 1752467284.356544
1752467284.356577 1752467307.3671074
1752467307.367139 1752467324.7257297
1752467324.7257507 1752467352.9920223
1752467352.992047 1752467378.4082
1752467378.408226 1752467397.797853
1752467397.7978768 1752467417.1190953
1752467417.1191168 1752467440.7934916
1752467440.7935205 1752467464.9879982
1752467464.9880183 1752467491.9694002
1752467491.9694293 1752467521.2214875
1752467521.2215104 1752467545.3464956
1752467545.346519 1752467572.852045
1752467572.8520725 1752467594.0029273
1752467594.0029473 1752467621.403469
1752467621.4034944 1752467648.599079
1752467648.5991042 1752467685.4444778
1752467685.4445038 1752467710.8192616
1752467710.8193135 1752467735.9667208
1752467735.966746 1752467759.5334523
1752467759.5334733 1752467780.9226806
1752467780.9227111 1752467796.4366834
1752467796.4367037 1752467830.800382
1752467830.8004055 1752467857.580937
1752467857.5809755 1752467872.5696418
1752467872.569662 1752467909.6753948
1752467909.6754227 1752467931.326669
1752467931.326692 1752467959.112727
1752467959.112753 1752467981.1792402
1752467981.179264 1752468003.6427903
1752468003.6428192 1752468033.4758441
1752468033.475866 1752468047.9347115
1752468047.934734 1752468079.7622194
1752468079.7622445 1752468098.5663235
1752468098.56635 1752468126.4870796
1752468126.4871025 1752468152.0932057
1752468152.0932348 1752468179.5474973
1752468179.54753 1752468203.1749592
1752468203.174989 1752468223.4916277
1752468223.4916818 1752468256.9650047
1752468256.9650273 1752468277.0467088
1752468277.0467312 1752468304.0982015
1752468304.0982294 1752468323.2108386
1752468323.21086 1752468344.3349483
1752468344.3349755 1752468371.585942
1752468371.5859654 1752468394.2435381
1752468394.2435796 1752468410.816059
1752468410.8160863 1752468446.0008907
1752468446.0009124 1752468466.267723
1752468466.2677531 1752468492.9447207
1752468492.9447508 1752468516.097929
1752468516.0979538 1752468545.682772
1752468545.6827965 1752468569.5910025
1752468569.5910294 1752468595.12213
1752468595.1221876 1752468611.5505362
1752468611.5505571 1752468643.8772721
1752468643.8772943 1752468666.4249015
1752468666.424931 1752468690.5164137
1752468690.516438 1752468715.7229187
1752468715.7229486 1752468736.707731
1752468736.707759 1752468760.613237
1752468760.6132615 1752468785.705843
1752468785.7058651 1752468813.3622649
1752468813.362289 1752468832.1379018
1752468832.137927 1752468862.0096037
1752468862.0096242 1752468879.653951
1752468879.6539772 1752468913.4335403
1752468913.4335744 1752468937.5243142
1752468937.5243382 1752468966.1007164
1752468966.1007545 1752468993.769966
1752468993.770001 1752469017.006134
1752469017.006164 1752469044.109798
1752469044.1098194 1752469068.1289194
1752469068.1289468 1752469089.7273884
1752469089.727409 1752469122.5835118
1752469122.5835512 1752469150.6972861
1752469150.697312 1752469175.7268934
1752469175.7269237 1752469203.033084
1752469203.033116 1752469227.7423096
1752469227.742334 1752469253.1372218
1752469253.137249 1752469271.0193636
1752469271.0193892 1752469303.691963
1752469303.6919868 1752469332.4322374
1752469332.4322672 1752469356.3774264
1752469356.3774493 1752469382.8081439
1752469382.808169 1752469414.4071486
1752469414.4071794 1752469441.2808447
1752469441.280873 1752469462.5067399
1752469462.5067601 1752469493.7440934
1752469493.7441146 1752469517.643302
1752469517.643339 1752469538.6464033
1752469538.6464295 1752469560.0647922
1752469560.0648184 1752469586.7970948
1752469586.7971187 1752469614.6543224
1752469614.6543436 1752469641.2797673
1752469641.279795 1752469671.8459387
1752469671.8459601 1752469698.6139772
1752469698.6139982 1752469726.7923048
1752469726.7923334 1752469746.5618699
1752469746.5618956 1752469776.7018213
1752469776.7018483 1752469798.1426957
1752469798.1427171 1752469821.2629678
1752469821.2629936 1752469850.6718755
1752469850.6718986 1752469870.8720996
1752469870.8721273 1752469900.911227
1752469900.9112513 1752469923.358105
1752469923.358126 1752469952.6484017
1752469952.6484272 1752469973.787488
1752469973.7875073 1752470002.1954823
1752470002.1955125 1752470028.0247552
1752470028.0247765 1752470056.2978413
1752470056.2978642 1752470080.8304844
1752470080.830511 1752470105.2258995
1752470105.225926 1752470128.7717204
1752470128.7717485 1752470157.7913868
1752470157.7914088 1752470180.6704903
1752470180.670522 1752470202.383137
1752470202.3831627 1752470224.1419957
1752470224.1420214 1752470254.579254
1752470254.5792832 1752470283.2417889
1752470283.2418203 1752470307.2692232
1752470307.2692447 1752470327.3313978
1752470327.3314233 1752470356.0450294
1752470356.045052 1752470382.825292
1752470382.8253164 1752470407.7443035
1752470407.7443311 1752470428.1106277
1752470428.110648 1752470462.891057
1752470462.8910887 1752470490.872844
1752470490.8728688 1752470517.1334395
1752470517.1334708 1752470538.9637072
1752470538.9637346 1752470563.6817472
1752470563.6817687 1752470590.7951336
1752470590.7951612 1752470613.7358909
1752470613.7359157 1752470639.955121
1752470639.9551494 1752470661.432227
1752470661.432263 1752470688.054231
1752470688.0542567 1752470715.8042333
1752470715.8042634 1752470737.743333
1752470737.7433596 1752470761.4265106
1752470761.4265366 1752470781.8830512
1752470781.8830774 1752470803.9923258
1752470803.9923558 1752470830.024427
1752470830.024453 1752470854.404712
1752470854.4047332 1752470876.4863002
1752470876.486329 1752470900.373629
1752470900.3736691 1752470924.224155
1752470924.2241805 1752470950.0028152
1752470950.0028439 1752470973.768761
1752470973.7687912 1752470993.0141296
1752470993.014149 1752471022.1298046
1752471022.1298337 1752471043.2827346
1752471043.2827585 1752471075.711088
1752471075.7111099 1752471104.66496
1752471104.6649904 1752471124.6905413
1752471124.6905608 1752471155.4912398
1752471155.4912684 1752471181.5259938
1752471181.5260136 1752471211.1253798
1752471211.1254036 1752471236.8434877
1752471236.843517 1752471261.8579512
1752471261.857974 1752471283.1036205
1752471283.103646 1752471302.1753314
1752471302.1753564 1752471336.2242734
1752471336.2242997 1752471356.6169338
1752471356.6169636 1752471383.5525105
1752471383.5525358 1752471406.1632264
1752471406.1632495 1752471436.3235185
1752471436.3235433 1752471461.3495178
1752471461.3495407 1752471476.907081
1752471476.907104 1752471505.510036
1752471505.5100737 1752471531.0859497
1752471531.0859745 1752471552.1685202
1752471552.1685588 1752471573.187461
1752471573.187487 1752471597.4892328
1752471597.489255 1752471619.6230602
1752471619.6230867 1752471644.0495207
1752471644.0495434 1752471670.4589891
1752471670.4590209 1752471694.044629
1752471694.044655 1752471724.7289293
1752471724.728953 1752471748.825196
1752471748.8252208 1752471776.491992
1752471776.492019 1752471794.2838957
1752471794.2839189 1752471824.6282768
1752471824.6282988 1752471858.055323
1752471858.05535 1752471882.6557565
1752471882.655779 1752471901.5961533
1752471901.5961738 1752471930.269602
1752471930.2696307 1752471956.8025086
1752471956.8025436 1752471980.3760653
1752471980.3760877 1752472006.4044254
1752472006.4044542 1752472027.5686264
1752472027.5686474 1752472053.0222452
1752472053.02227 1752472080.2442238
1752472080.2442458 1752472101.3591306
1752472101.3591595 1752472130.183335
1752472130.1833603 1752472154.112372
1752472154.112398 1752472179.1107674
1752472179.1107988 1752472203.3041754
1752472203.3042004 1752472228.796103
1752472228.7961326 1752472256.3152423
1752472256.3152676 1752472276.7331862
1752472276.7332106 1752472301.933821
1752472301.9338403 1752472333.8150394
1752472333.8150856 1752472360.362896
1752472360.36292 1752472391.0828178
1752472391.0828445 1752472417.9626644
1752472417.9626892 1752472440.0691187
1752472440.0691462 1752472463.1104536
1752472463.1104755 1752472488.9091983
1752472488.9092243 1752472516.9365363
1752472516.9365625 1752472533.060981
1752472533.0610003 1752472568.7443392
1752472568.744366 1752472588.3980722
1752472588.3980906 1752472623.7454355
1752472623.7454605 1752472646.5861492
1752472646.586178 1752472681.4542549
1752472681.4542818 1752472703.5967395
1752472703.5967824 1752472734.6357365
1752472734.6357598 1752472759.1811392
1752472759.1811712 1752472789.0820286
1752472789.0820498 1752472815.3747208
1752472815.3747678 1752472839.1732671
1752472839.1732972 1752472863.4647892
1752472863.4648137 1752472885.610769
1752472885.6107917 1752472904.113969
1752472904.1139863 1752472928.9962854
1752472928.99631 1752472958.5935504
1752472958.593573 1752472982.0079353
1752472982.007957 1752473011.4736621
1752473011.4736915 1752473039.539764
1752473039.5397904 1752473066.3854575
1752473066.38551 1752473084.2459502
1752473084.2459717 1752473113.9929376
1752473113.9929676 1752473138.395635
1752473138.3956766 1752473167.1314917
1752473167.1315267 1752473193.2963114
1752473193.2963405 1752473221.1420434
1752473221.1420686 1752473247.8750885
1752473247.8751094 1752473267.6964686
1752473267.6964939 1752473291.9905345
1752473291.9905615 1752473314.1254404
1752473314.1254647 1752473346.7807405
1752473346.7807841 1752473366.3145208
1752473366.3145409 1752473398.5736773
1752473398.5737064 1752473419.57393
1752473419.5739517 1752473442.1564808
1752473442.1565044 1752473470.4006991
1752473470.400729 1752473491.995161
1752473491.9951863 1752473522.7386668
1752473522.7386882 1752473550.0663412
1752473550.0663686 1752473569.2274623
1752473569.2274842 1752473595.977458
1752473595.9774861 1752473618.6356487
1752473618.635674 1752473638.4403467
1752473638.4403722 1752473663.1160343
1752473663.1160636 1752473689.051669
1752473689.0516996 1752473706.6903949
1752473706.6904192 1752473735.3176079
1752473735.3176312 1752473763.9001973
1752473763.9002407 1752473788.1050286
1752473788.1050572 1752473810.839591
1752473810.8396182 1752473837.252498
1752473837.2525232 1752473858.7985933
1752473858.7986166 1752473887.3893735
1752473887.3894029 1752473907.8051713
1752473907.805194 1752473938.1308162
1752473938.130841 1752473958.7251627
1752473958.7251847 1752473988.1411486
1752473988.1411724 1752474014.506066
1752474014.5060885 1752474034.2291667
1752474034.229193 1752474056.379442
1752474056.379465 1752474078.6112669
1752474078.6112993 1752474103.0424478
1752474103.0424812 1752474126.0250657
1752474126.0250986 1752474151.0780697
1752474151.0780938 1752474170.8096552
1752474170.8096828 1752474190.6244886
1752474190.6245115 1752474215.971754
1752474215.9717894 1752474233.4138134
1752474233.4138372 1752474264.1705177
1752474264.1705406 1752474285.6157355
1752474285.6157587 1752474314.430279
1752474314.430306 1752474336.59544
1752474336.595476 1752474352.9561298
1752474352.9561565 1752474385.4443772
1752474385.4443989 1752474416.2188926
1752474416.2189207 1752474441.202456
1752474441.2024872 1752474466.2049146
1752474466.2049377 1752474486.7376778
1752474486.737702 1752474515.3112438
1752474515.3112655 1752474540.7529523
1752474540.7529893 1752474560.5696902
1752474560.5697157 1752474590.3228264
1752474590.322852 1752474616.0391827
1752474616.0392041 1752474642.1288621
1752474642.1288998 1752474665.5211372
1752474665.5211656 1752474691.4820058
1752474691.48203 1752474718.773732
1752474718.7737534 1752474742.5371988
1752474742.5372243 1752474770.5656106
1752474770.5656357 1752474800.8147287
1752474800.81475 1752474822.3873987
1752474822.387423 1752474844.8635838
1752474844.863612 1752474875.274664
1752474875.2746987 1752474901.3662481
1752474901.3662703 1752474928.0084507
1752474928.0084805 1752474954.4421196
1752474954.442147 1752474977.183583
1752474977.1836066 1752475006.0837104
1752475006.083734 1752475033.2814276
1752475033.2814536 1752475061.2740774
1752475061.2741165 1752475086.4619064
1752475086.46193 1752475119.6684287
1752475119.6684585 1752475145.0725079
1752475145.0725303 1752475168.229486
1752475168.2295082 1752475192.6587415
1752475192.6587734 1752475217.6726286
1752475217.6726518 1752475244.362239
1752475244.362267 1752475262.767658
1752475262.767681 1752475297.7029438
1752475297.7029681 1752475319.4092343
1752475319.4092624 1752475345.3466887
1752475345.3467288 1752475368.856743
1752475368.8567715 1752475393.097735
1752475393.0977566 1752475417.7387774
1752475417.7388039 1752475434.156881
1752475434.1569026 1752475462.0083625
1752475462.0083885 1752475487.0200922
1752475487.0201178 1752475509.6595924
1752475509.6596193 1752475531.5363832
1752475531.5364077 1752475556.4775014
1752475556.4775295 1752475584.8369148
1752475584.8369343 1752475598.2098882
1752475598.209911 1752475624.0870447
1752475624.0870743 1752475651.2956712
1752475651.2956977 1752475671.7307434
1752475671.7307687 1752475694.6280324
1752475694.6280582 1752475718.4909475
1752475718.4909725 1752475743.12877
1752475743.1287997 1752475762.8035924
1752475762.8036168 1752475785.2778296
1752475785.2778618 1752475808.4748082
1752475808.474833 1752475830.4473317
1752475830.4473565 1752475858.3334394
1752475858.3334668 1752475880.9224913
1752475880.9225147 1752475906.6370442
1752475906.637068 1752475923.8843808
1752475923.8844042 1752475954.1625493
1752475954.162573 1752475982.6806817
1752475982.6807148 1752476001.601913
1752476001.601953 1752476026.1677368
1752476026.1677566 1752476059.3475494
1752476059.3475895 1752476084.6672125
1752476084.6672478 1752476103.4866695
1752476103.486692 1752476130.6483703
1752476130.6484015 1752476151.3880515
1752476151.3880773 1752476175.9266815
1752476175.9267046 1752476196.2460136
1752476196.2460372 1752476220.2027605
1752476220.2027962 1752476240.5939467
1752476240.593973 1752476269.080974
1752476269.080998 1752476287.4613514
1752476287.4613836 1752476312.8018107
1752476312.8018327 1752476338.0320575
1752476338.032096 1752476364.6073375
1752476364.6073627 1752476389.4191475
1752476389.4191759 1752476418.230636
1752476418.2306612 1752476434.852659
1752476434.8526938 1752476465.44419
1752476465.444218 1752476487.0687118
1752476487.0687346 1752476513.81205
1752476513.8120759 1752476542.4357142
1752476542.435741 1752476564.6989672
1752476564.6989946 1752476590.6529467
1752476590.6529732 1752476613.0581474
1752476613.05817 1752476643.8754883
1752476643.8755164 1752476669.1640859
1752476669.1641228 1752476696.4227765
1752476696.4227982 1752476711.2579982
1752476711.2580192 1752476738.9186735
1752476738.9187 1752476761.4724665
1752476761.4724874 1752476782.1706996
1752476782.1707263 1752476815.8594842
1752476815.8595061 1752476834.9467804
1752476834.9468074 1752476859.230332
1752476859.2303548 1752476887.2585838
1752476887.2586172 1752476914.285595
1752476914.2856147 1752476936.2926996
1752476936.292726 1752476956.4426348
1752476956.4426603 1752476990.134082
1752476990.1341045 1752477020.8693678
1752477020.869397 1752477041.895018
1752477041.8950408 1752477065.7786114
1752477065.778646 1752477088.6307778
1752477088.6307998 1752477114.1596806
1752477114.1597042 1752477136.0816417
1752477136.0816677 1752477164.2828045
1752477164.2828345 1752477192.3585503
1752477192.3585718 1752477218.5264752
1752477218.5265024 1752477242.2407596
1752477242.2407856 1752477268.120215
1752477268.1202447 1752477289.0253158
1752477289.0253432 1752477312.8547542
1752477312.8547797 1752477336.4843912
1752477336.484415 1752477363.7249293
1752477363.724959 1752477384.9609265
1752477384.960955 1752477404.2504773
1752477404.2505028 1752477428.1785007
1752477428.1785285 1752477449.9307406
1752477449.9307616 1752477472.5995505
1752477472.5996006 1752477487.5966797
1752477487.5967047 1752477521.783367
1752477521.7833989 1752477537.1782691
1752477537.17829 1752477565.979871
1752477565.9798965 1752477598.5057127
1752477598.5057342 1752477620.5021088
1752477620.5021331 1752477646.8401961
1752477646.8402324 1752477668.8058157
1752477668.8058462 1752477690.8998358
1752477690.899864 1752477717.1694798
1752477717.169507 1752477740.3654869
1752477740.365506 1752477772.2196817
1752477772.219716 1752477798.097542
1752477798.097582 1752477826.0230122
1752477826.02304 1752477847.4707406
1752477847.4707615 1752477878.5428874
1752477878.5429146 1752477899.4344776
1752477899.4345021 1752477929.7064383
1752477929.7064638 1752477949.0613468
1752477949.0613663 1752477974.6137311
1752477974.613759 1752478009.4807708
1752478009.4807947 1752478034.7273047
1752478034.7273262 1752478065.140271
1752478065.1403043 1752478088.6833286
1752478088.6833618 1752478114.6383367
1752478114.6383595 1752478136.1827807
1752478136.1828012 1752478167.5694532
1752478167.5694804 1752478189.416497
1752478189.416519 1752478213.3320773
1752478213.3321044 1752478236.6709857
1752478236.6710105 1752478265.0734491
1752478265.0734766 1752478291.9062228
1752478291.9062462 1752478308.2793744
1752478308.279393 1752478341.9601312
1752478341.9601603 1752478365.2955387
1752478365.29556 1752478396.2653992
1752478396.2654262 1752478424.0889552
1752478424.088977 1752478437.8874903
1752478437.887514 1752478462.4015589
1752478462.40158 1752478487.8841743
1752478487.8842 1752478512.5386112
1752478512.5386376 1752478539.2973511
1752478539.297378 1752478559.6780303
1752478559.6780527 1752478586.3063788
1752478586.3063989 1752478614.0247865
1752478614.0248203 1752478639.532134
1752478639.5321593 1752478663.679601
1752478663.6796224 1752478681.7274415
1752478681.7274714 1752478714.558156
1752478714.5581841 1752478745.6705656
1752478745.670587 1752478766.575883
1752478766.5759099 1752478793.3984718
1752478793.3984938 1752478817.9306529
1752478817.9306738 1752478853.776083
1752478853.7761188 1752478879.933737
1752478879.9337666 1752478906.1174655
1752478906.1174903 1752478934.3517082
1752478934.3517294 1752478959.812451
1752478959.8124802 1752478985.601588
1752478985.601628 1752479011.6083288
1752479011.608352 1752479038.9770923
1752479038.9771204 1752479060.6312296
1752479060.631252 1752479080.1252115
1752479080.125237 1752479104.9891095
1752479104.9891326 1752479128.3496675
1752479128.349697 1752479152.5868943
1752479152.5869172 1752479179.3458054
1752479179.3458307 1752479201.3560445
1752479201.3560665 1752479226.0910258
1752479226.0910494 1752479249.1091914
1752479249.1092181 1752479267.1085358
1752479267.108558 1752479294.9150147
1752479294.9150536 1752479321.001139
1752479321.0011632 1752479337.1663404
1752479337.1663642 1752479364.973779
1752479364.9738 1752479387.9547794
1752479387.9548028 1752479408.5733912
1752479408.573421 1752479437.3530996
1752479437.3531208 1752479463.501546
1752479463.5015683 1752479488.921758
1752479488.921799 1752479509.9661498
1752479509.9661732 1752479540.481572
1752479540.4815934 1752479562.7193449
1752479562.7193727 1752479588.7784708
1752479588.7785003 1752479619.5888755
1752479619.5889027 1752479642.3402941
1752479642.3403184 1752479660.055791
1752479660.0558195 1752479688.0009158
1752479688.000945 1752479711.1502874
1752479711.15031 1752479732.7797117
1752479732.7797322 1752479763.9604008
1752479763.9604287 1752479788.3255272
1752479788.3255486 1752479814.333842
1752479814.3338716 1752479830.3563848
1752479830.3564055 1752479860.2475793
1752479860.2476273 1752479889.3330896
1752479889.3331108 1752479913.363231
1752479913.3632572 1752479937.850588
1752479937.8506196 1752479967.1429675
1752479967.1429915 1752479994.136169
1752479994.1361988 1752480009.3981495
1752480009.3981695 1752480036.0525768
1752480036.0526102 1752480061.2433975
1752480061.243422 1752480085.1274302
1752480085.127456 1752480106.8705664
1752480106.870593 1752480121.256014
1752480121.2560499 1752480152.9008992
1752480152.9009285 1752480176.5881355
1752480176.5881584 1752480199.1997344
1752480199.1997583 1752480229.5360672
1752480229.536095 1752480254.882286
1752480254.8823142 1752480277.349461
1752480277.3494904 1752480303.3528805
1752480303.3529098 1752480333.5282857
1752480333.528309 1752480354.0982146
1752480354.098249 1752480374.6880302
1752480374.6880527 1752480401.431794
1752480401.4318194 1752480424.6497598
1752480424.6497872 1752480451.3272436
1752480451.3272674 1752480473.2936196
1752480473.2936463 1752480505.1403978
1752480505.1404328 1752480528.729343
1752480528.7293744 1752480546.368219
1752480546.3682456 1752480574.8346279
1752480574.8346648 1752480599.2942612
1752480599.2942843 1752480623.9788377
1752480623.9788616 1752480645.1412966
1752480645.1413202 1752480670.0722165
1752480670.0722446 1752480686.211145
1752480686.2111652 1752480704.1968203
1752480704.1968443 1752480736.4197893
1752480736.4198241 1752480764.2038777
1752480764.2038999 1752480789.2656357
1752480789.2656639 1752480806.3000789
1752480806.3001034 1752480829.8855667
1752480829.885598 1752480855.6165545
1752480855.6165755 1752480876.407167
1752480876.407188 1752480901.7971497
1752480901.7971766 1752480929.173996
1752480929.1740286 1752480952.3767076
1752480952.3767335 1752480973.5362184
1752480973.53626 1752481001.6215596
1752481001.6215801 1752481024.4390228
1752481024.4390442 1752481051.0562506
1752481051.0562775 1752481074.0206492
1752481074.0206811 1752481093.5841923
1752481093.5842175 1752481122.3913617
1752481122.391382 1752481148.0090227
1752481148.0090508 1752481173.3613305
1752481173.3613548 1752481194.4285173
1752481194.4285462 1752481215.291491
1752481215.2915187 1752481241.544366
1752481241.5443943 1752481266.398915
1752481266.398938 1752481291.6382143
1752481291.6382372 1752481319.0620985
1752481319.0621307 1752481336.4602764
1752481336.4602985 1752481364.3207033
1752481364.320726 1752481387.1327415
1752481387.1327696 1752481409.9891129
1752481409.9891431 1752481429.6804156
1752481429.6804388 1752481457.5916185
1752481457.5916524 1752481482.5758884
1752481482.575912 1752481507.5619826
1752481507.562006 1752481530.5097234
1752481530.509746 1752481546.8263779
1752481546.8264055 1752481572.45324
1752481572.453261 1752481591.6289425
1752481591.6289709 1752481618.6842422
1752481618.6842709 1752481645.1695504
1752481645.1695771 1752481671.2913055
1752481671.291333 1752481686.7401721
1752481686.7401974 1752481721.5455277
1752481721.5455565 1752481749.4092417
1752481749.4092877 1752481770.5682833
1752481770.568303 1752481795.2849188
1752481795.2849696 1752481823.7489955
1752481823.74903 1752481852.9364126
1752481852.9364436 1752481873.3958852
1752481873.3959088 1752481892.0673275
1752481892.0673528 1752481922.787386
1752481922.787413 1752481946.16183
1752481946.1618545 1752481961.8009672
1752481961.8009915 1752481985.424142
1752481985.4241667 1752482012.6319728
1752482012.6320026 1752482037.7053533
1752482037.705378 1752482062.9833457
1752482062.9833746 1752482084.353282
1752482084.3533037 1752482110.4339154
1752482110.433946 1752482134.4657538
1752482134.465778 1752482165.3348575
1752482165.3348842 1752482188.873884
1752482188.8739116 1752482209.5714402
1752482209.5714734 1752482231.9702806
1752482231.9703097 1752482252.668699
1752482252.6687198 1752482288.968747
1752482288.968774 1752482315.083137
1752482315.08317 1752482336.292585
1752482336.2926075 1752482364.5645807
1752482364.5646212 1752482380.54773
1752482380.547751 1752482411.7530816
1752482411.753113 1752482439.8170197
1752482439.817044 1752482462.671785
1752482462.671812 1752482481.0164511
1752482481.0164711 1752482508.7781637
1752482508.7781901 1752482531.2307532
1752482531.230776 1752482547.547521
1752482547.5475407 1752482577.1045113
1752482577.1045423 1752482609.3552043
1752482609.3552241 1752482631.0225692
1752482631.0225923 1752482652.4370673
1752482652.4370928 1752482678.2623026
1752482678.2623243 1752482709.9949985
1752482709.9950223 1752482730.3981829
1752482730.398206 1752482751.0493045
1752482751.0493295 1752482773.5154588
1752482773.5154853 1752482795.913618
1752482795.9136393 1752482815.580133
1752482815.5801542 1752482835.251748
1752482835.251773 1752482854.6033552
1752482854.6033766 1752482883.0774481
1752482883.077471 1752482911.6699607
1752482911.6699996 1752482934.359248
1752482934.3592753 1752482958.8070898
1752482958.807112 1752482978.787221
1752482978.7872434 1752482994.9176912
1752482994.9177113 1752483025.8090725
1752483025.8091013 1752483045.472366
1752483045.4723883 1752483066.8995497
1752483066.899595 1752483093.6219525
1752483093.621981 1752483109.5096605
1752483109.5096793 1752483135.37158
1752483135.3716075 1752483165.2359838
1752483165.2360077 1752483192.2828918
1752483192.2829227 1752483217.5418777
1752483217.541923 1752483236.4070146
1752483236.407035 1752483261.869962
1752483261.8699856 1752483284.400065
1752483284.4000895 1752483311.4897776
1752483311.4897997 1752483337.7886348
1752483337.7886608 1752483363.689595
1752483363.689617 1752483388.5762851
1752483388.5763164 1752483414.341379
1752483414.3414054 1752483439.3201158
1752483439.3201442 1752483462.8889751
1752483462.8890035 1752483484.548018
1752483484.5480444 1752483512.0013077
1752483512.0013373 1752483530.7271163
1752483530.7271545 1752483558.7410178
1752483558.7410831 1752483579.0389616
1752483579.0389824 1752483604.6614518
1752483604.661481 1752483626.6488202
1752483626.648844 1752483650.6865156
1752483650.6865425 1752483675.3913043
1752483675.391331 1752483700.777346
1752483700.7773738 1752483723.7508485
1752483723.7508755 1752483754.03968
1752483754.0397024 1752483778.2989147
1752483778.2989361 1752483793.7707434
1752483793.7707708 1752483821.201167
1752483821.201197 1752483850.5967772
1752483850.5968287 1752483876.387264
1752483876.387321 1752483897.1111274
1752483897.111147 1752483924.6032648
1752483924.6032863 1752483952.7112775
1752483952.711307 1752483975.150177
1752483975.1502008 1752483991.7270088
1752483991.727032 1752484018.2648911
1752484018.2649145 1752484047.5173635
1752484047.517389 1752484074.1045365
1752484074.1045613 1752484091.2787843
1752484091.278809 1752484121.1262596
1752484121.1262798 1752484145.9412982
1752484145.9413204 1752484168.6565876
1752484168.6566155 1752484199.6335144
1752484199.6335354 1752484220.6022062
1752484220.602233 1752484249.235132
1752484249.2351599 1752484276.5303
1752484276.5303223 1752484302.3014233
1752484302.3014495 1752484322.7060032
1752484322.7060301 1752484352.0947523
1752484352.0947788 1752484382.3373382
1752484382.3373618 1752484406.2573173
1752484406.257342 1752484428.8519053
1752484428.8519256 1752484446.2013884
1752484446.2014093 1752484469.97751
1752484469.9775336 1752484489.4627435
1752484489.4627647 1752484518.9822645
1752484518.9822903 1752484548.9018564
1752484548.901885 1752484576.9577549
1752484576.9577768 1752484602.750727
1752484602.7507522 1752484626.9993196
1752484626.9993463 1752484653.7691226
1752484653.7691674 1752484681.7808928
1752484681.7809129 1752484702.6114304
1752484702.611459 1752484734.796541
1752484734.7965662 1752484756.728965
1752484756.7289906 1752484787.557446
1752484787.5574706 1752484812.8043997
1752484812.80443 1752484837.8768785
1752484837.8768992 1752484860.7939472
1752484860.7939668 1752484872.245044
1752484872.2450678 1752484896.1321266
