1776133604.071109 1776133654.091643
1776133654.091671 1776133694.6908875
1776133694.6909094 1776133751.329663
1776133751.3296819 1776133803.8674824
1776133803.8675067 1776133850.2421465
1776133850.2421694 1776133902.5405447
1776133902.540568 1776133954.0752175
1776133954.075242 1776133993.346943
1776133993.3469653 1776134029.1880674
1776134029.18809 1776134079.3190753
1776134079.3191001 1776134125.1857326
1776134125.1857557 1776134159.4142482
1776134159.4142728 1776134207.3535433
1776134207.353566 1776134256.862089
1776134256.8621137 1776134297.5427876
1776134297.542814 1776134345.852203
1776134345.8522234 1776134387.0862968
1776134387.0863235 1776134433.899886
1776134433.8999102 1776134468.4787629
1776134468.478786 1776134514.3142416
1776134514.3142607 1776134565.1289558
1776134565.1289816 1776134610.9778378
1776134610.9778595 1776134656.791571
1776134656.791594 1776134697.5340123
1776134697.534034 1776134748.573663
1776134748.5736833 1776134796.3639653
1776134796.3639913 1776134837.3019965
1776134837.302021 1776134887.5427747
1776134887.542798 1776134942.1781833
1776134942.178207 1776134982.8114955
1776134982.811512 1776135037.9518013
1776135037.9518273 1776135088.99421
1776135088.9942353 1776135133.8199615
1776135133.8199792 1776135173.8679655
1776135173.8679879 1776135227.1345618
1776135227.1345797 1776135266.8583603
1776135266.8583848 1776135315.300146
1776135315.3001723 1776135361.4908297
1776135361.4908485 1776135407.9334466
1776135407.9334702 1776135454.029084
1776135454.0291069 1776135501.6303272
1776135501.6303475 1776135537.6803513
1776135537.6803737 1776135585.046259
1776135585.0462763 1776135625.0012355
1776135625.0012538 1776135665.9669526
1776135665.9669752 1776135718.4730744
1776135718.4731185 1776135761.2378056
1776135761.2378294 1776135803.3036852
1776135803.3037167 1776135857.0990176
1776135857.0990613 1776135905.3272076
1776135905.3272324 1776135941.6683748
1776135941.6683934 1776135996.7897553
1776135996.7897882 1776136035.546567
1776136035.5465846 1776136075.2422988
1776136075.242323 1776136134.1149206
1776136134.1149447 1776136179.4099498
1776136179.4099681 1776136210.9414916
1776136210.9415143 1776136277.15587
1776136277.1558928 1776136316.4313123
1776136316.4313304 1776136360.4964159
1776136360.4964404 1776136400.5041847
1776136400.5042021 1776136443.9054244
1776136443.9054477 1776136483.1147246
1776136483.1147618 1776136534.721188
1776136534.721213 1776136565.6965854
1776136565.6966023 1776136606.8930464
1776136606.8930745 1776136661.7224874
1776136661.7225187 1776136706.1710026
1776136706.1710215 1776136742.628709
1776136742.6287282 1776136799.089801
1776136799.0898256 1776136842.5732672
1776136842.5732923 1776136884.4119925
1776136884.4120126 1776136930.328056
1776136930.3280816 1776136975.1197596
1776136975.1197786 1776137013.183436
1776137013.1834624 1776137059.9033034
1776137059.9033217 1776137101.5538566
1776137101.553883 1776137147.4867935
1776137147.4868176 1776137180.9872925
1776137180.9873111 1776137231.2244494
1776137231.2244737 1776137277.410734
1776137277.4107587 1776137323.82402
1776137323.824038 1776137355.6005425
1776137355.6005652 1776137414.8202522
1776137414.8202765 1776137466.8122811
1776137466.8123024 1776137512.8810115
1776137512.8810298 1776137560.661844
1776137560.6618767 1776137609.7620912
1776137609.7621171 1776137657.35688
1776137657.3569007 1776137702.8991928
1776137702.899213 1776137746.4665952
1776137746.4666207 1776137794.7728877
1776137794.772917 1776137846.205797
1776137846.205821 1776137891.722542
1776137891.7225628 1776137941.5807836
1776137941.5808067 1776137979.7760913
1776137979.7761152 1776138026.721101
1776138026.7211177 1776138081.7405624
1776138081.7405875 1776138124.6163924
1776138124.6164126 1776138160.7018483
