1776133606.938927 1776133655.3572767
1776133655.3573043 1776133704.2381372
1776133704.23816 1776133753.609724
1776133753.6097522 1776133805.4257996
1776133805.4258199 1776133851.5545633
1776133851.5545917 1776133901.6781704
1776133901.6781993 1776133954.50899
1776133954.5090249 1776133995.3444731
1776133995.344499 1776134040.177827
1776134040.1778567 1776134081.3050017
1776134081.305029 1776134125.725322
1776134125.725368 1776134154.7905474
1776134154.790602 1776134206.3045993
1776134206.3046257 1776134253.5375774
1776134253.5376043 1776134291.3650186
1776134291.3650389 1776134342.0640333
1776134342.0640655 1776134388.457443
1776134388.4574704 1776134426.597945
1776134426.5979795 1776134473.10888
1776134473.1089072 1776134516.3133817
1776134516.3134022 1776134560.28403
1776134560.2840502 1776134610.897381
1776134610.8974109 1776134638.4351318
1776134638.4351575 1776134707.0069723
1776134707.007007 1776134751.8893056
1776134751.8893359 1776134794.5487766
1776134794.5488014 1776134840.1619232
1776134840.1619444 1776134887.7427697
1776134887.742802 1776134943.1883593
1776134943.1883879 1776134992.4772856
1776134992.4773152 1776135035.6536689
1776135035.653688 1776135083.1196682
1776135083.1196952 1776135133.943717
1776135133.9437444 1776135166.8127685
1776135166.8127906 1776135225.1522028
1776135225.152233 1776135266.1184807
1776135266.1184995 1776135313.6722493
1776135313.67227 1776135359.8765512
1776135359.8765786 1776135410.4484508
1776135410.4484746 1776135449.591345
1776135449.591366 1776135499.8914099
1776135499.8914375 1776135540.0799184
1776135540.0799453 1776135587.3037076
1776135587.303737 1776135629.6962123
1776135629.6962402 1776135662.8162684
1776135662.8162885 1776135712.7817736
1776135712.7818015 1776135758.4369838
1776135758.4370112 1776135809.4860127
1776135809.4860406 1776135856.13846
1776135856.1384978 1776135895.0623589
1776135895.0623887 1776135943.309963
1776135943.3099825 1776135995.334299
1776135995.3343298 1776136034.7702398
1776136034.770259 1776136088.3737273
1776136088.3737493 1776136134.9263444
1776136134.9263625 1776136182.8813813
1776136182.8814077 1776136224.6798894
1776136224.6799142 1776136275.6615849
1776136275.6616216 1776136306.160844
1776136306.1608691 1776136359.6533678
1776136359.6533914 1776136401.873231
1776136401.8732593 1776136442.2849805
1776136442.2850099 1776136491.0775535
1776136491.0775812 1776136535.071608
1776136535.0716286 1776136571.0864954
1776136571.0865228 1776136617.040144
1776136617.0401778 1776136657.2499545
1776136657.2499785 1776136705.5665236
1776136705.566545 1776136755.266606
1776136755.2666347 1776136803.242519
1776136803.242546 1776136830.1049564
1776136830.1049788 1776136887.055146
1776136887.0551689 1776136919.589946
1776136919.5899725 1776136976.398477
1776136976.3984983 1776137013.1061814
1776137013.1062074 1776137056.3535657
1776137056.3535893 1776137099.0786765
1776137099.0787077 1776137143.641603
1776137143.641624 1776137182.9543486
1776137182.954375 1776137233.6323342
1776137233.632365 1776137280.5712996
1776137280.5713205 1776137322.6732335
1776137322.6732624 1776137367.91657
1776137367.9165957 1776137420.0310855
1776137420.0311246 1776137469.000627
1776137469.0006552 1776137515.3241172
1776137515.3241444 1776137547.0756695
1776137547.0757072 1776137610.8500419
1776137610.8500688 1776137651.2707834
1776137651.2708116 1776137697.810624
1776137697.810644 1776137741.8276398
1776137741.827668 1776137795.5657678
1776137795.5657935 1776137845.46962
1776137845.4696436 1776137890.201888
1776137890.2019215 1776137934.379975
1776137934.3799956 1776137985.683218
1776137985.683253 1776138028.6772397
1776138028.6772673 1776138074.395581
1776138074.3956091 1776138121.4172704
1776138121.4172904 1776138170.1576674
