1776133604.0701594 1776133656.1794407
1776133656.1794658 1776133703.2539952
1776133703.254029 1776133749.9706068
1776133749.9706247 1776133797.1441717
1776133797.1441948 1776133850.754698
1776133850.7547212 1776133894.1992693
1776133894.1992981 1776133954.9651537
1776133954.9651997 1776133992.9629526
1776133992.962977 1776134038.6231363
1776134038.6231625 1776134082.6701555
1776134082.6701808 1776134117.533946
1776134117.5339708 1776134172.5870163
1776134172.5870407 1776134211.4825954
1776134211.4826205 1776134257.536269
1776134257.5363054 1776134298.9117038
1776134298.9117234 1776134346.902403
1776134346.902428 1776134391.5936904
1776134391.5937297 1776134433.0923653
1776134433.0924006 1776134470.18662
1776134470.1866674 1776134521.5864453
1776134521.5864692 1776134558.3091197
1776134558.3091435 1776134611.0543308
1776134611.054351 1776134657.4941883
1776134657.494213 1776134695.6467223
1776134695.6467462 1776134747.2646909
1776134747.264715 1776134794.29825
1776134794.2982748 1776134840.8751547
1776134840.87518 1776134892.6711497
1776134892.6711757 1776134946.0323584
1776134946.032379 1776134987.6165485
1776134987.6165683 1776135025.2617812
1776135025.2618043 1776135082.4328218
1776135082.4328456 1776135124.5738735
1776135124.5738966 1776135170.6535883
1776135170.653611 1776135227.1121702
1776135227.11219 1776135271.6752508
1776135271.675276 1776135316.7163205
1776135316.7163446 1776135366.08293
1776135366.0829468 1776135414.0557337
1776135414.0557501 1776135452.7393575
1776135452.7393935 1776135504.037725
1776135504.0377595 1776135543.8899128
1776135543.8899329 1776135587.881792
1776135587.881817 1776135626.589449
1776135626.589469 1776135669.4965222
1776135669.496546 1776135712.7527294
1776135712.752754 1776135762.4690459
1776135762.4690633 1776135811.7658682
1776135811.7658944 1776135856.7951248
1776135856.795206 1776135903.4686468
1776135903.4686735 1776135947.4341452
1776135947.434166 1776135993.415689
1776135993.4157178 1776136039.9748096
1776136039.9748292 1776136086.3080611
1776136086.308087 1776136138.1523414
1776136138.1523638 1776136180.1848128
1776136180.1848502 1776136219.8361108
1776136219.8361328 1776136262.181372
1776136262.1813965 1776136321.3371973
1776136321.3372173 1776136359.136635
1776136359.1366608 1776136401.3853695
1776136401.3853931 1776136441.6408176
1776136441.6408374 1776136493.491205
1776136493.4912293 1776136534.1704423
1776136534.1704607 1776136577.0343206
1776136577.0343468 1776136620.12788
1776136620.1279044 1776136658.2403617
1776136658.2403817 1776136714.01648
1776136714.0165033 1776136755.558386
1776136755.5584042 1776136800.400808
1776136800.4008286 1776136839.488171
1776136839.4881957 1776136885.7484462
1776136885.7484696 1776136918.5272057
1776136918.5272229 1776136965.452208
1776136965.4522336 1776137011.4676547
1776137011.4676797 1776137062.2231019
1776137062.2231216 1776137101.9880939
1776137101.9881215 1776137133.4873629
1776137133.4873807 1776137184.8207204
1776137184.8207517 1776137215.6561065
1776137215.6561265 1776137277.4733183
1776137277.4733443 1776137321.964152
1776137321.964176 1776137368.9929676
1776137368.992992 1776137418.3460357
1776137418.3460805 1776137464.1563044
1776137464.156339 1776137507.8721387
1776137507.872162 1776137563.475222
1776137563.4752421 1776137612.2525747
1776137612.2525988 1776137661.0337317
1776137661.033756 1776137704.6668537
1776137704.6668715 1776137749.6012313
1776137749.6012566 1776137796.5775383
1776137796.577564 1776137842.7028325
1776137842.7028556 1776137893.190302
1776137893.1903217 1776137938.2586632
1776137938.2586865 1776137982.528277
1776137982.5282972 1776138031.5060828
1776138031.506105 1776138074.4688818
1776138074.4689064 1776138122.188777
1776138122.1888013 1776138169.819741
