1756479804.9255002 1756479826.8451755
1756479826.8451946 1756479849.5535731
1756479849.5535927 1756479882.8373847
1756479882.8374095 1756479907.9888394
1756479907.9888637 1756479935.3505044
1756479935.3505626 1756479962.754462
1756479962.7544858 1756479986.3335857
1756479986.3336124 1756480010.3753934
1756480010.3754215 1756480031.4368694
1756480031.4368925 1756480058.4111867
1756480058.411214 1756480083.3570654
1756480083.3570912 1756480105.1084514
1756480105.1084812 1756480139.0089526
1756480139.0089781 1756480167.0407605
1756480167.0407991 1756480198.6851728
1756480198.685196 1756480226.180148
1756480226.1801734 1756480260.3220353
1756480260.3220634 1756480291.8486185
1756480291.8486497 1756480321.331329
1756480321.3313532 1756480357.236859
1756480357.2368834 1756480385.0316966
1756480385.0317261 1756480414.5247903
1756480414.5248413 1756480441.662806
1756480441.6628313 1756480467.474237
1756480467.474266 1756480492.351216
1756480492.351237 1756480520.1518972
1756480520.1519337 1756480546.440458
1756480546.4404848 1756480572.028589
1756480572.0286138 1756480598.6082292
1756480598.6082535 1756480621.8149285
1756480621.8149686 1756480648.3164766
1756480648.3164988 1756480671.5510838
1756480671.5511107 1756480693.1709464
1756480693.170971 1756480714.4481218
1756480714.4481494 1756480736.815311
1756480736.8153353 1756480761.5489678
1756480761.5489917 1756480808.2682405
1756480808.268266 1756480849.2391336
1756480849.2391615 1756480883.0020378
1756480883.0020785 1756480933.0329916
1756480933.033012 1756480973.787612
1756480973.787638 1756481018.1221604
1756481018.122188 1756481059.870197
1756481059.8702254 1756481108.3037827
1756481108.3038054 1756481156.2680316
1756481156.2680688 1756481207.2533512
1756481207.2533772 1756481241.4240994
1756481241.4241276 1756481276.0485818
1756481276.0486114 1756481313.5090113
1756481313.5090353 1756481353.1367462
1756481353.1367776 1756481386.6363873
1756481386.6364074 1756481424.7536669
1756481424.7536943 1756481462.7339342
1756481462.7339597 1756481494.3236895
1756481494.3237255 1756481517.4747152
1756481517.4747398 1756481546.5301127
1756481546.5301359 1756481587.5980241
1756481587.5980523 1756481619.1547415
1756481619.1547647 1756481651.4624197
1756481651.4624436 1756481683.8479924
1756481683.848023 1756481717.778688
1756481717.7787113 1756481750.779416
1756481750.7794385 1756481786.3924887
1756481786.3925247 1756481819.4652977
1756481819.4653218 1756481847.3439033
1756481847.3439367 1756481876.3702161
1756481876.3702404 1756481904.876505
1756481904.8765378 1756481935.122418
1756481935.122445 1756481959.2902975
1756481959.2903297 1756481986.160145
1756481986.1601708 1756482015.091644
1756482015.0916808 1756482044.03076
1756482044.0307868 1756482069.9518638
1756482069.9518895 1756482098.5056627
1756482098.5056849 1756482126.2185974
1756482126.2186215 1756482155.5314684
1756482155.5314934 1756482184.9118989
1756482184.9119225 1756482215.1780787
1756482215.1781087 1756482243.0234737
1756482243.0234993 1756482271.4327652
1756482271.4327993 1756482294.4362183
1756482294.4362466 1756482316.2223794
1756482316.2224033 1756482338.1105723
1756482338.1106021 1756482362.4010906
1756482362.4011195 1756482383.656692
1756482383.6567137 1756482404.0106964
1756482404.0107245 1756482426.9725316
1756482426.9725616 1756482448.9466262
1756482448.9466455 1756482471.5320344
1756482471.5320616 1756482495.7668178
1756482495.7668378 1756482515.1552656
1756482515.1552927 1756482537.2713406
1756482537.2713635 1756482559.2796607
1756482559.2796884 1756482580.84277
1756482580.8427925 1756482601.8619533
1756482601.8619807 1756482624.4198937
1756482624.4199228 1756482645.792303
1756482645.7923262 1756482683.7504263
1756482683.7504585 1756482723.0154727
1756482723.0154943 1756482753.8826728
