1756479803.2406983 1756479829.8938766
1756479829.8939276 1756479855.7234302
1756479855.7234561 1756479883.6708915
1756479883.6709306 1756479905.9962204
1756479905.996248 1756479942.107665
1756479942.1076906 1756479964.9802787
1756479964.9803069 1756479988.1226149
1756479988.1226406 1756480010.021313
1756480010.0213547 1756480035.722691
1756480035.7227254 1756480058.0187936
1756480058.0188167 1756480084.8102934
1756480084.8103163 1756480107.220271
1756480107.2202952 1756480137.161608
1756480137.1616342 1756480168.7286177
1756480168.7286553 1756480197.7300372
1756480197.7300684 1756480231.1743464
1756480231.1743689 1756480267.744243
1756480267.744264 1756480298.3124363
1756480298.312452 1756480324.295244
1756480324.2952664 1756480356.6633902
1756480356.6634119 1756480388.0679185
1756480388.0679388 1756480415.6360464
1756480415.636073 1756480441.2733538
1756480441.2733762 1756480467.4562514
1756480467.4562733 1756480497.4451616
1756480497.4451816 1756480520.0664032
1756480520.0664282 1756480545.6846895
1756480545.684709 1756480570.152225
1756480570.1522424 1756480596.828002
1756480596.828019 1756480620.413422
1756480620.4134452 1756480645.667
1756480645.66702 1756480669.5865278
1756480669.5865455 1756480691.0939918
1756480691.0940173 1756480711.2961922
1756480711.2962112 1756480734.3914998
1756480734.3915238 1756480758.1031933
1756480758.1032143 1756480805.1966243
1756480805.1966496 1756480843.90355
1756480843.9035838 1756480883.4490016
1756480883.4490206 1756480931.3078914
1756480931.3094985 1756480975.0244334
1756480975.0244565 1756481017.1953409
1756481017.1953683 1756481056.665952
1756481056.6659763 1756481105.2349653
1756481105.2349856 1756481151.9073632
1756481151.9073787 1756481204.6014247
1756481204.6014476 1756481242.2363021
1756481242.2363296 1756481278.8262422
1756481278.8262608 1756481315.7714634
1756481315.7714894 1756481352.292712
1756481352.2927358 1756481393.2015731
1756481393.201592 1756481427.951148
1756481427.951173 1756481462.4573753
1756481462.457394 1756481494.9188778
1756481494.9189005 1756481521.1481397
1756481521.1481588 1756481553.0773916
1756481553.077415 1756481590.4594605
1756481590.4594784 1756481623.7569094
1756481623.7569306 1756481655.3318503
1756481655.3318727 1756481686.548364
1756481686.5483906 1756481723.9370525
1756481723.9370718 1756481752.66123
1756481752.661251 1756481787.8424072
1756481787.8424253 1756481820.6074264
1756481820.6074512 1756481848.460765
1756481848.460792 1756481877.836531
1756481877.8365612 1756481907.299494
1756481907.2995138 1756481936.4566674
1756481936.45669 1756481964.027703
1756481964.0277286 1756481988.9618278
1756481988.9618464 1756482016.9802434
1756482016.9802704 1756482046.9139225
1756482046.9139423 1756482073.363535
1756482073.363557 1756482100.5916827
1756482100.5917048 1756482129.525714
1756482129.5257378 1756482158.2901163
1756482158.2901375 1756482187.8364224
1756482187.8364544 1756482212.2732594
1756482212.2732766 1756482240.0269055
1756482240.0269284 1756482269.5918157
1756482269.591866 1756482292.5028858
1756482292.5029023 1756482315.3552272
1756482315.355252 1756482335.7146373
1756482335.714655 1756482358.4170496
1756482358.4170742 1756482382.3230774
1756482382.323097 1756482400.9095798
1756482400.9096048 1756482423.6286256
1756482423.6286488 1756482446.6059377
1756482446.6059594 1756482468.6874402
1756482468.687462 1756482491.8486576
1756482491.8486807 1756482511.98643
1756482511.986455 1756482533.9510884
1756482533.9511054 1756482556.2005825
1756482556.2006097 1756482577.7027535
1756482577.702772 1756482598.7865853
1756482598.7866027 1756482622.901356
1756482622.9013805 1756482644.0283873
1756482644.0284178 1756482682.1303875
1756482682.1304367 1756482716.8022804
1756482716.8023021 1756482753.0282433
