1757060206.4864728 1757060230.0425231
1757060232.0447032 1757060258.4058523
1757060258.4059293 1757060285.8929944
1757060288.8960855 1757060318.9051015
1757060327.9116569 1757060349.5670774
1757060358.5756602 1757060382.1246862
1757060390.1328075 1757060406.974107
1757060414.982233 1757060431.863956
1757060437.8676677 1757060468.3610482
1757060471.363667 1757060489.7115326
1757060493.711815 1757060523.8132436
1757060530.820385 1757060554.4632752
1757060554.4632988 1757060578.2615614
1757060586.2696936 1757060608.9063845
1757060613.9115486 1757060646.2447705
1757060655.2538981 1757060678.838821
1757060681.8396072 1757060702.1001973
1757060705.103358 1757060738.2631514
1757060745.2683394 1757060768.9225423
1757060770.9246402 1757060792.3252618
1757060792.32529 1757060823.4202697
1757060829.4236634 1757060854.0320716
1757060859.0372133 1757060878.17401
1757060882.1756148 1757060912.3812075
1757060913.3822875 1757060934.9516633
1757060944.9617577 1757060971.7366722
1757060972.7370462 1757060999.607287
1757060999.6073134 1757061029.9819212
1757061036.9876163 1757061066.263673
1757061066.2637005 1757061094.4171584
1757061098.4196136 1757061120.262819
1757061126.2676122 1757061154.5079534
1757061157.5110283 1757061179.9307
1757061186.935607 1757061210.2470486
1757061216.2531223 1757061253.4149034
1757061256.4156115 1757061281.5611217
1757061291.5712564 1757061311.5176344
1757061316.5196564 1757061342.6069086
1757061352.6170235 1757061369.4841356
1757061376.4876559 1757061401.2869418
1757061403.287662 1757061433.429841
1757061436.4329603 1757061456.3034577
1757061461.3077378 1757061486.9994328
1757061491.0035903 1757061517.7939007
1757061524.799636 1757061548.312307
1757061556.3204262 1757061577.4381993
1757061582.443321 1757061608.1549392
1757061614.1596224 1757061640.2286983
1757061650.2387817 1757061668.5561216
1757061672.5596142 1757061698.4189758
1757061698.4190116 1757061731.5057516
1757061731.5058148 1757061764.988979
1757061765.9894292 1757061796.942579
1757061798.9446979 1757061822.8186529
1757061822.8186796 1757061850.6109915
1757061852.6131341 1757061876.390566
1757061880.3947294 1757061903.7324214
1757061907.7360783 1757061942.7213342
1757061951.7276726 1757061968.2217646
1757061968.221795 1757061999.9282143
1757062001.9303367 1757062030.6336668
1757062030.6337032 1757062062.0716975
1757062071.080784 1757062093.4356081
1757062096.4359255 1757062123.8018517
1757062131.8076537 1757062153.1326275
1757062156.1357598 1757062176.5712273
1757062179.5743482 1757062215.3076503
1757062225.315672 1757062246.722287
1757062255.727621 1757062278.8761668
1757062288.8863037 1757062309.1277952
1757062313.1316094 1757062342.4502683
1757062349.4556618 1757062368.908288
1757062377.915609 1757062389.4486003
1757062389.4486308 1757062424.776309
1757062427.7794065 1757062458.2216158
1757062462.223945 1757062491.786122
1757062492.7872362 1757062523.0307412
1757062529.0368183 1757062555.391371
1757062565.399671 1757062585.7659516
1757062585.765987 1757062609.3434737
1757062612.343654 1757062645.684625
1757062655.6947136 1757062676.3074152
1757062684.3116133 1757062709.1518981
1757062717.1600325 1757062735.5713272
1757062741.5774634 1757062762.5326965
1757062767.5356736 1757062794.6213152
1757062803.6276739 1757062821.5773647
1757062828.5844934 1757062852.356787
1757062858.3596053 1757062880.1752076
1757062886.1796777 1757062914.8159423
1757062917.8190117 1757062937.5818808
1757062947.5920045 1757062975.3971555
1757062978.3996112 1757063008.6488912
1757063016.657034 1757063033.8578866
1757063039.8639727 1757063062.0551279
1757063064.0571015 1757063092.021188
1757063098.0236053 1757063125.8992848
1757063130.9036095 1757063152.5955586
1757063157.6007059 1757063182.2205493
1757063183.2216833 1757063211.431061
