1757060204.4727979 1757060222.0918996
1757060232.1020508 1757060256.5723298
1757060260.576432 1757060286.050581
1757060290.0516686 1757060319.0755458
1757060324.079672 1757060350.139735
1757060352.1418025 1757060379.93673
1757060386.9438083 1757060407.3045497
1757060414.3116639 1757060436.6106334
1757060440.614697 1757060467.0026581
1757060474.0097766 1757060497.946623
1757060502.9516127 1757060527.9530993
1757060535.961216 1757060552.5051136
1757060561.5142286 1757060582.900456
1757060584.9025912 1757060611.4428694
1757060613.4447753 1757060647.4269502
1757060652.4316232 1757060676.5144906
1757060680.515596 1757060708.926055
1757060710.9276676 1757060737.5978386
1757060747.6076279 1757060763.8742661
1757060766.8756843 1757060795.9186645
1757060803.9267523 1757060825.3353217
1757060825.335376 1757060852.2676024
1757060862.2756195 1757060886.114842
1757060895.1239197 1757060913.2051015
1757060915.207216 1757060940.8156862
1757060941.8167727 1757060970.8979712
1757060978.9060578 1757061001.2944818
1757061006.2956707 1757061032.4244788
1757061039.4276018 1757061065.5641775
1757061072.5712574 1757061095.7699487
1757061100.7716568 1757061127.5916655
1757061129.5937934 1757061150.4925168
1757061159.4995992 1757061185.271887
1757061193.2799764 1757061220.593057
1757061229.5996237 1757061253.27588
1757061259.2796662 1757061279.0080292
1757061279.0080576 1757061310.8358653
1757061316.839651 1757061341.9858625
1757061343.9876075 1757061370.7692075
1757061375.7743332 1757061400.1456385
1757061406.1517668 1757061426.8012347
1757061436.8078845 1757061458.983197
1757061464.9876862 1757061492.3130913
1757061502.3213456 1757061522.7676282
1757061527.772759 1757061547.3593645
1757061549.3614354 1757061577.3823104
1757061582.3874002 1757061611.7985823
1757061620.8075972 1757061643.324735
1757061643.3247576 1757061672.3903124
1757061680.3984048 1757061700.6130538
1757061703.6156201 1757061732.8298223
1757061741.8388884 1757061760.4392674
1757061763.4396758 1757061792.3673468
1757061799.3716629 1757061822.8023133
1757061832.8124428 1757061853.623103
1757061858.6276898 1757061880.955872
1757061889.9649491 1757061911.8632677
1757061911.8632958 1757061935.5833495
1757061937.585463 1757061969.179171
1757061977.1872542 1757061999.8272643
1757061999.8272884 1757062030.4503715
1757062030.4504015 1757062058.3842707
1757062067.3933961 1757062090.5011623
1757062091.5022907 1757062121.5308754
1757062123.5316324 1757062147.5741627
1757062153.579645 1757062183.8714516
1757062186.874576 1757062215.2121062
1757062217.21423 1757062246.7873902
1757062254.795516 1757062277.048287
1757062277.0483098 1757062309.2238557
1757062317.231672 1757062340.416528
1757062346.422605 1757062369.8862607
1757062372.8893855 1757062396.3101094
1757062402.3162575 1757062420.7691567
1757062426.7752442 1757062460.665742
1757062461.6668644 1757062487.1260624
1757062488.1271803 1757062522.5546439
1757062531.5637915 1757062554.2753587
1757062563.2756562 1757062585.2546701
1757062593.2628047 1757062617.3461852
1757062622.3512688 1757062648.0839202
1757062649.0850458 1757062670.890887
1757062679.899622 1757062707.3075783
1757062717.3176894 1757062732.8878188
1757062735.8886144 1757062757.8522432
1757062762.8565474 1757062792.5853653
1757062799.5925055 1757062822.5769794
1757062828.5830975 1757062853.9070458
1757062856.9101577 1757062879.15405
1757062887.1597729 1757062917.5004146
1757062924.507552 1757062944.5256052
1757062953.5316453 1757062976.1470976
1757062976.147132 1757063003.4551823
1757063009.46131 1757063036.857483
1757063045.8666074 1757063063.014342
1757063073.0236633 1757063090.618583
1757063094.619617 1757063125.9000392
1757063129.9041557 1757063152.5502124
1757063158.5563364 1757063179.305015
1757063182.3080983 1757063210.83746
