1765444902.37803 1765444948.5079124
1765444948.5079384 1765445010.923385
1765445010.9234087 1765445187.5000207
1765445187.5000584 1765445258.7317984
1765445258.7318308 1765445361.551401
1765445361.5514271 1765445451.0501897
1765445451.0502143 1765445580.2170682
1765445580.2170892 1765445658.987294
1765445658.9873154 1765445728.2465727
1765445728.246618 1765445863.0344203
1765445863.0344403 1765445957.860315
1765445957.860339 1765446091.4878862
1765446091.4879098 1765446164.9386873
1765446164.9387069 1765446296.5285954
1765446296.5286162 1765446384.5802011
1765446384.5802348 1765446407.6315503
1765446407.6315691 1765446512.9601665
1765446512.9602005 1765446672.9337015
1765446672.933722 1765446766.8890333
1765446766.8890522 1765446874.5385
1765446874.538523 1765447044.8730817
1765447044.8731809 1765447106.36718
1765447106.3671978 1765447217.8931968
1765447217.893218 1765447310.6633031
1765447310.6633265 1765447425.2802892
1765447425.2803082 1765447468.2506728
1765447468.2507017 1765447555.907078
1765447555.9071076 1765447685.7616143
1765447685.761632 1765447826.3204997
1765447826.3205185 1765447961.6264946
1765447961.6265178 1765448017.6394675
1765448017.639498 1765448191.9512372
1765448191.9512568 1765448258.955939
1765448258.9559574 1765448411.5490491
1765448411.5490687 1765448435.096543
1765448435.096576 1765448549.1393046
1765448549.1393235 1765448775.8312254
1765448775.8312433 1765448819.558163
1765448819.5581825 1765448976.130051
1765448976.1300743 1765449097.2138524
1765449097.2138715 1765449195.1323776
1765449195.132398 1765449335.6247494
1765449335.6247725 1765449450.8739054
1765449450.873923 1765449595.613189
1765449595.6132069 1765449679.296068
1765449679.296096 1765449899.0258672
1765449899.0258975 1765449907.516227
1765449907.516245 1765450028.979546
1765450028.9795635 1765450182.7524288
1765450182.7524514 1765450283.937032
1765450283.9370508 1765450435.6138656
1765450435.6138835 1765450571.6947608
1765450571.6947792 1765450659.0537481
1765450659.053782 1765450748.320317
1765450748.320336 1765450841.827532
1765450841.8275497 1765451010.8417206
1765451010.841744 1765451118.1256397
1765451118.1256583 1765451222.2085388
1765451222.2085578 1765451410.64799
1765451410.6480148 1765451458.2338336
1765451458.2338517 1765451607.965364
1765451607.9653814 1765451657.9430451
1765451657.9430683 1765451789.2682316
1765451789.2682521 1765451941.743055
1765451941.743074 1765451983.900416
1765451983.900448 1765452101.999523
1765452101.9995408 1765452259.1104264
1765452259.110445 1765452403.3368177
1765452403.3368373 1765452597.270334
1765452597.2703683 1765452665.834356
1765452665.8343742 1765452798.8611321
1765452798.861151 1765452924.0001493
1765452924.0001674 1765453012.1839662
1765453012.1840005 1765453065.2030814
1765453065.2031014 1765453249.7286456
1765453249.7286642 1765453311.3665953
1765453311.366615 1765453391.948421
1765453391.9484446 1765453573.622901
1765453573.62292 1765453636.1663344
1765453636.166353 1765453760.9585006
1765453760.9585352 1765453812.8360298
1765453812.8360505 1765453955.713718
1765453955.713753 1765454020.6892836
1765454020.6893017 1765454117.9952583
1765454117.995278 1765454189.1117122
1765454189.1117465 1765454351.550011
1765454351.5500295 1765454371.721996
1765454371.7220142 1765454480.6096206
1765454480.609639 1765454621.9159117
1765454621.9159322 1765454729.99642
1765454729.9964428 1765454739.9163115
1765454739.91633 1765454853.765717
1765454853.7657363 1765454984.8889694
1765454984.8890028 1765455209.102615
1765455209.102634 1765455328.6380723
1765455328.6380918 1765455395.5836387
1765455395.5836737 1765455476.053949
1765455476.0539677 1765455554.249228
1765455554.2492468 1765455680.761807
1765455680.7618256 1765455848.1391306
