1765444898.9279273 1765444926.858223
1765444926.8582408 1765445067.150968
1765445067.150989 1765445121.7490504
1765445121.749076 1765445252.5310667
1765445252.5310922 1765445329.4489396
1765445329.448958 1765445461.669771
1765445461.6697953 1765445595.598506
1765445595.5985253 1765445624.725736
1765445624.7257547 1765445796.5487595
1765445796.5487835 1765445866.5632775
1765445866.563295 1765445937.7911158
1765445937.7911384 1765446100.4346616
1765446100.4346812 1765446191.3773148
1765446191.3773327 1765446302.4463596
1765446302.4463766 1765446325.825842
1765446325.825861 1765446464.1382928
1765446464.1383157 1765446560.3570755
1765446560.3570938 1765446737.242563
1765446737.2425804 1765446755.7033784
1765446755.703397 1765446860.848206
1765446860.8482285 1765447013.5495775
1765447013.549596 1765447125.837409
1765447125.837426 1765447205.886335
1765447205.8863544 1765447298.9703414
1765447298.9703639 1765447422.1736917
1765447422.1737096 1765447491.7961993
1765447491.7962213 1765447670.0349896
1765447670.0350094 1765447734.614728
1765447734.6147468 1765447872.75317
1765447872.753192 1765447917.046193
1765447917.0462112 1765448062.9493947
1765448062.9494193 1765448160.322222
1765448160.322241 1765448284.787032
1765448284.7870505 1765448400.6414802
1765448400.641511 1765448445.0469081
1765448445.046926 1765448596.4657657
1765448596.4657834 1765448680.381363
1765448680.3813803 1765448836.738262
1765448836.7382846 1765449019.6809423
1765449019.6809611 1765449116.8882313
1765449116.8882532 1765449155.7231276
1765449155.7231476 1765449254.875902
1765449254.875919 1765449447.702302
1765449447.7023263 1765449624.8447952
1765449624.844813 1765449727.5453854
1765449727.545406 1765449823.3354452
1765449823.3354688 1765449987.8678539
1765449987.8678715 1765450117.0767107
1765450117.0767295 1765450134.6978612
1765450134.6978846 1765450228.0038633
1765450228.003881 1765450379.7469447
1765450379.7469628 1765450534.0398703
1765450534.0398939 1765450609.1523793
1765450609.152398 1765450740.965369
1765450740.9653912 1765450839.3837843
1765450839.3838038 1765451026.9619722
1765451026.9619904 1765451104.9781392
1765451104.9781618 1765451210.9703486
1765451210.9703686 1765451353.9112463
1765451353.911264 1765451474.0492609
1765451474.0492795 1765451523.084685
1765451523.0847082 1765451626.207024
1765451626.207041 1765451764.6700406
1765451764.670058 1765451924.4188938
1765451924.4189136 1765452029.1437728
1765452029.1437964 1765452186.1187534
1765452186.1187713 1765452309.7131302
1765452309.7131498 1765452375.9003742
1765452375.9003966 1765452538.9546313
1765452538.9546502 1765452701.012478
1765452701.0124955 1765452783.3344386
1765452783.3344626 1765452889.7224007
1765452889.7224188 1765452966.9106016
1765452966.910621 1765453056.9379997
1765453056.9380226 1765453180.5975358
1765453180.5975554 1765453298.6319952
1765453298.632012 1765453464.429373
1765453464.4293957 1765453577.413534
1765453577.4135547 1765453610.5299284
1765453610.529947 1765453710.5594165
1765453710.559435 1765453859.3548105
1765453859.354829 1765453883.96746
1765453883.9674838 1765453980.7942817
1765453980.7942991 1765454067.6560972
1765454067.656124 1765454194.970489
1765454194.9705126 1765454291.8663723
1765454291.8663905 1765454373.6380465
1765454373.6380646 1765454511.9340565
1765454511.9340816 1765454570.888315
1765454570.8883324 1765454693.5104892
1765454693.5105073 1765454825.464194
1765454825.4642117 1765454906.8547294
1765454906.8547525 1765455079.6183527
1765455079.618374 1765455134.323262
1765455134.3232858 1765455299.9971025
1765455299.9971216 1765455412.3449876
1765455412.3450112 1765455520.7167776
1765455520.7167957 1765455606.0680895
1765455606.0681124 1765455706.745691
1765455706.7457147 1765455728.6100018
