1776247395.2681828 1776247432.0159042
1776247435.0183425 1776247480.2218015
1776247489.2303286 1776247517.8042307
1776247522.8043332 1776247565.3096204
1776247569.3099132 1776247612.3035343
1776247616.3064003 1776247661.916631
1776247670.9258199 1776247699.9408302
1776247700.9419475 1776247750.7363071
1776247757.7415802 1776247803.8597589
1776247805.8619077 1776247852.2951226
1776247858.3012755 1776247892.3668575
1776247893.3680491 1776247936.5847404
1776247944.5905852 1776247980.678351
1776247982.6788526 1776248025.706044
1776248025.7061927 1776248074.9733727
1776248075.9744947 1776248125.15368
1776248128.1568632 1776248166.1690247
1776248171.1704 1776248217.0509999
1776248224.058183 1776248261.5530262
1776248261.5531719 1776248309.2598472
1776248317.2663662 1776248354.4559667
1776248361.463152 1776248393.3268282
1776248396.330076 1776248446.6131907
1776248456.622317 1776248493.5247078
1776248493.524844 1776248538.6639519
1776248543.666344 1776248589.81753
1776248591.8199866 1776248622.985558
1776248624.9877696 1776248676.4951794
1776248680.4993634 1776248726.4886994
1776248729.491877 1776248767.0810454
1776248774.0847719 1776248817.3630054
1776248827.3732593 1776248860.3567946
1776248861.3570507 1776248909.2266102
1776248913.2307477 1776248956.212499
1776248961.2143416 1776248997.5480223
1776249005.5561411 1776249044.6846128
1776249050.6907918 1776249083.3678162
1776249083.367958 1776249136.7565348
1776249138.7583358 1776249182.7927473
1776249188.79893 1776249214.6137197
1776249224.6239274 1776249270.5367956
1776249272.538343 1776249316.4814413
1776249316.4815185 1776249361.6248999
1776249366.6300578 1776249404.7932277
1776249410.7993963 1776249456.9218144
1776249465.930932 1776249499.3745868
1776249509.3847961 1776249541.4468393
1776249548.450339 1776249581.2078583
1776249582.208986 1776249619.9953861
1776249623.9995968 1776249666.4442916
1776249668.444996 1776249707.473036
1776249715.481194 1776249750.711086
1776249750.7112064 1776249793.756445
1776249793.7566 1776249838.6373622
1776249838.637443 1776249880.4072287
1776249886.4134407 1776249925.401633
1776249929.405758 1776249963.402661
1776249972.41183 1776250011.9879963
1776250014.9903228 1776250053.264898
1776250055.2663486 1776250099.903216
1776250099.9033704 1776250132.5072515
1776250133.5083892 1776250178.3222654
1776250182.3264558 1776250219.5167305
1776250225.5223577 1776250248.734472
1776250249.7356052 1776250295.9986029
1776250300.0006485 1776250348.310106
1776250349.3112948 1776250389.8337104
1776250392.8362298 1776250438.2968268
1776250440.299028 1776250475.6893575
1776250476.6903987 1776250535.0121546
1776250541.0183368 1776250577.0711982
1776250578.0723546 1776250623.1360588
1776250625.1383455 1776250660.2478778
1776250666.250342 1776250705.0402005
1776250708.0433557 1776250746.6903265
1776250751.6909592 1776250792.7298808
1776250792.7300234 1776250840.4832418
1776250840.4833329 1776250889.0161242
1776250896.0223393 1776250932.6200056
1776250936.624185 1776250976.4034493
1776250980.4068809 1776251026.833925
1776251030.8381066 1776251057.70696
1776251062.7120805 1776251106.3923097
1776251112.3940797 1776251152.6314635
1776251156.635634 1776251202.2617626
1776251211.270334 1776251243.3378282
1776251243.3379617 1776251282.150639
1776251286.1548266 1776251327.055628
1776251337.0657537 1776251370.6850421
1776251372.6861522 1776251407.5235755
1776251417.530369 1776251469.34068
1776251476.3458939 1776251515.0100436
1776251524.01463 1776251564.6118329
1776251565.6130323 1776251610.969221
1776251612.9713387 1776251664.505988
1776251671.5062072 1776251711.943628
1776251720.944167 1776251760.479384
1776251764.4823363 1776251808.1341352
1776251811.1343691 1776251856.8664763
1776251859.8696575 1776251903.9929993
