1776247392.0554223 1776247436.9070947
1776247443.9142368 1776247480.0854034
1776247484.0894718 1776247518.9506125
1776247526.9583416 1776247566.8895
1776247571.8945694 1776247606.8006542
1776247606.8008215 1776247663.9343379
1776247664.935514 1776247704.0009506
1776247707.0024085 1776247748.1837583
1776247756.191934 1776247799.1186864
1776247799.1188033 1776247852.807202
1776247862.8173301 1776247897.6838224
1776247907.6939409 1776247937.7962985
1776247945.804467 1776247975.5057127
1776247985.5144432 1776248026.9756758
1776248033.9828582 1776248074.650464
1776248074.650537 1776248121.3860152
1776248121.3861523 1776248172.0938773
1776248181.1030116 1776248213.3281622
1776248219.3288229 1776248261.5279775
1776248271.5314305 1776248300.9603539
1776248305.9655626 1776248344.2204885
1776248351.2207348 1776248398.3233469
1776248402.3237262 1776248445.557456
1776248453.5623348 1776248489.137765
1776248489.1378915 1776248539.8718548
1776248544.874337 1776248575.031672
1776248585.0384338 1776248633.3071513
1776248640.3104134 1776248675.393813
1776248677.3959212 1776248726.65785
1776248735.6663537 1776248766.6410618
1776248770.6413395 1776248814.553099
1776248817.5540767 1776248862.8076932
1776248862.807768 1776248910.022066
1776248918.0302153 1776248955.5360425
1776248958.5391748 1776248995.2640517
1776248998.2672286 1776249036.0445275
1776249040.0463302 1776249086.056377
1776249088.0583467 1776249136.9097874
1776249143.9169285 1776249184.4910011
1776249194.5011826 1776249220.959533
1776249222.9617047 1776249260.049643
1776249261.0507858 1776249316.160635
1776249323.167761 1776249355.9470322
1776249361.9531412 1776249404.933875
1776249414.9440646 1776249453.610096
1776249458.6143289 1776249502.0569193
1776249507.0583432 1776249530.7523103
1776249530.7523837 1776249571.28669
1776249580.2959259 1776249611.6126037
1776249615.616734 1776249662.0721242
1776249669.0780797 1776249712.4620106
1776249715.4623373 1776249748.9163475
1776249750.918529 1776249784.8369308
1776249785.8381 1776249839.0465848
1776249840.0477328 1776249872.7214432
1776249875.7245715 1776249915.5326707
1776249918.5340784 1776249969.3579254
1776249969.3580394 1776250016.6512542
1776250016.6513462 1776250056.6118436
1776250064.6183414 1776250098.3522975
1776250108.362335 1776250128.4072645
1776250130.409433 1776250173.9849288
1776250183.995091 1776250218.8611813
1776250220.8623154 1776250247.1805182
1776250251.1846776 1776250301.3825855
1776250302.383761 1776250344.620078
1776250344.6202347 1776250390.205912
1776250396.2121077 1776250432.3352594
1776250438.3414743 1776250486.6148314
1776250493.6219954 1776250529.9141192
1776250535.9202974 1776250570.8276978
1776250571.8288727 1776250618.2890832
1776250626.2972572 1776250663.6865335
1776250663.6866927 1776250698.337301
1776250703.3424475 1776250748.155723
1776250758.1655827 1776250796.3272538
1776250801.3323677 1776250838.2311707
1776250838.2313018 1776250875.5516946
1776250881.557848 1776250930.3843317
1776250934.3864613 1776250975.4923847
1776250983.5005531 1776251024.1343675
1776251024.1344855 1776251063.0704153
1776251068.075544 1776251114.5818172
1776251120.5863183 1776251154.0658443
1776251160.0719597 1776251201.9329648
1776251204.9343567 1776251243.3652635
1776251252.3703685 1776251287.755882
1776251294.763059 1776251315.7426674
1776251315.7427347 1776251374.3434043
1776251379.346373 1776251417.2885451
1776251427.2987156 1776251464.1880312
1776251473.197494 1776251516.7800815
1776251516.780256 1776251561.8946857
1776251571.9008157 1776251611.4898303
1776251620.497132 1776251659.5563033
1776251660.5574312 1776251710.7552705
1776251716.761459 1776251760.895777
1776251770.905887 1776251808.0358443
1776251811.0383415 1776251855.4355316
1776251857.4376945 1776251902.3608377
