1756634147.6261017 1756634191.9224293
1756634191.922457 1756634232.446848
1756634232.4468713 1756634264.6405785
1756634264.6406486 1756634301.9298213
1756634301.9298465 1756634332.2910569
1756634332.2910814 1756634362.8629398
1756634362.8629675 1756634392.0013475
1756634392.001368 1756634421.1312323
1756634421.1312592 1756634455.4979625
1756634455.4979835 1756634491.5687046
1756634491.5687308 1756634534.7453523
1756634534.7453785 1756634569.6765916
1756634569.6766126 1756634602.3042984
1756634602.304327 1756634635.136578
1756634635.1366029 1756634672.2042224
1756634672.2042449 1756634695.4134967
1756634695.413523 1756634722.9897869
1756634722.9898067 1756634754.499524
1756634754.4995494 1756634786.0970283
1756634786.0970488 1756634822.6526752
1756634822.6526997 1756634867.1843653
1756634867.1843953 1756634894.8833785
1756634894.8834093 1756634928.4285617
1756634928.4285831 1756634960.6759462
1756634960.6759634 1756634999.532825
1756634999.5328448 1756635049.9717543
1756635049.9717858 1756635095.5665452
1756635095.56657 1756635146.211366
1756635146.2113867 1756635190.573541
1756635190.573564 1756635231.5455577
1756635231.5455768 1756635271.8735561
1756635271.8735764 1756635308.348084
1756635308.3481035 1756635354.1367683
1756635354.1367867 1756635408.1512668
1756635408.1512904 1756635461.707715
1756635461.7077346 1756635499.0870812
1756635499.0871036 1756635539.4106584
1756635539.4106762 1756635565.0562973
1756635565.0563202 1756635614.697384
1756635614.697403 1756635668.128355
1756635668.1283798 1756635738.3214285
1756635738.3214655 1756635783.9662063
1756635783.9662309 1756635832.904089
1756635832.904116 1756635861.9221084
1756635861.9221287 1756635905.4364984
1756635905.4365165 1756635947.3565974
1756635947.3566172 1756635986.0421677
1756635986.04219 1756636025.3899603
1756636025.3899882 1756636056.739167
1756636056.7391913 1756636102.7090123
1756636102.7090483 1756636127.2168312
1756636127.216854 1756636161.0299287
1756636161.029957 1756636191.6095376
1756636191.6095767 1756636225.8345754
1756636225.8346 1756636260.018812
1756636260.018832 1756636286.4562025
1756636286.4562294 1756636316.777336
1756636316.7773514 1756636351.0043812
1756636351.0044074 1756636381.7234938
1756636381.7235155 1756636418.8578382
1756636418.8578627 1756636451.3152921
1756636451.315316 1756636481.373509
1756636481.3735352 1756636521.5662172
1756636521.566245 1756636556.5081184
1756636556.5081403 1756636590.9233766
1756636590.923404 1756636627.3344374
1756636627.3344605 1756636656.0383413
1756636656.0383627 1756636691.5689757
1756636691.568996 1756636720.863652
1756636720.863677 1756636746.3577511
1756636746.3577735 1756636771.1673584
1756636771.1673803 1756636801.070829
1756636801.0708487 1756636836.3939428
1756636836.3939655 1756636875.3339345
1756636875.3339539 1756636922.7103379
1756636922.7103577 1756636963.7203507
1756636963.7203772 1756637014.2796242
1756637014.2796435 1756637055.579601
1756637055.57963 1756637094.8058555
1756637094.8058736 1756637152.7548661
1756637152.7549026 1756637199.3592386
1756637199.3592584 1756637246.2976341
1756637246.2976544 1756637283.2326546
1756637283.2326815 1756637336.2015114
1756637336.2015398 1756637397.0259905
1756637397.0260158 1756637456.9789214
1756637456.9789484 1756637516.8423216
1756637516.8423436 1756637566.8583746
1756637566.858415 1756637595.237064
1756637595.2370887 1756637630.0021737
1756637630.0022032 1756637670.0915062
1756637670.0915291 1756637704.541399
1756637704.5414183 1756637742.4543338
1756637742.4543605 1756637774.1216307
1756637774.1216483 1756637841.2717996
1756637841.2718232 1756637903.564524
1756637903.5645528 1756637943.7259192
1756637943.725939 1756637985.4922426
1756637985.4922678 1756638037.5912678
1756638037.5912886 1756638075.614903
