1754445738.7709556 1754445768.1051342
1754445768.1051567 1754445799.6901803
1754445799.6901999 1754445815.3872783
1754445815.3872943 1754445843.0109131
1754445843.010955 1754445877.8645968
1754445877.864619 1754445901.0134091
1754445901.0134304 1754445924.9620702
1754445924.962097 1754445958.728874
1754445958.7289045 1754445985.7128105
1754445985.7128322 1754446018.7741706
1754446018.7741947 1754446051.106134
1754446051.1061556 1754446073.95392
1754446073.953943 1754446110.7342308
1754446110.734251 1754446131.3993416
1754446131.3993583 1754446160.9713354
1754446160.9713566 1754446187.0956926
1754446187.0957112 1754446218.6277883
1754446218.6278124 1754446243.7720878
1754446243.7721066 1754446272.635541
1754446272.6355715 1754446309.3677096
1754446309.3677325 1754446341.1626744
1754446341.1626987 1754446367.74648
1754446367.746498 1754446390.7304702
1754446390.7304938 1754446421.0938673
1754446421.0938854 1754446451.2896
1754446451.289624 1754446475.1012146
1754446475.1012373 1754446496.9038472
1754446496.903875 1754446519.9627643
1754446519.9627843 1754446544.675622
1754446544.675645 1754446573.279381
1754446573.2794023 1754446596.6881711
1754446596.6881924 1754446622.6946185
1754446622.6946363 1754446654.4880586
1754446654.488085 1754446684.3075967
1754446684.3076158 1754446708.9501078
1754446708.9501288 1754446739.742424
1754446739.7424412 1754446780.88249
1754446780.882509 1754446808.5962744
1754446808.596312 1754446840.0292675
1754446840.0292907 1754446869.1103392
1754446869.1103606 1754446896.2375169
1754446896.2375348 1754446928.9888477
1754446928.988868 1754446953.564827
1754446953.5648532 1754446982.48295
1754446982.4829693 1754447013.0015774
1754447013.001596 1754447040.8535008
1754447040.853525 1754447070.5880773
1754447070.5881019 1754447104.8258035
1754447104.825827 1754447129.1078284
1754447129.1078467 1754447150.4088964
1754447150.408926 1754447174.0777373
1754447174.0777552 1754447200.6760151
1754447200.6760395 1754447227.447135
1754447227.4471543 1754447251.938883
1754447251.938899 1754447289.7390404
1754447289.7390664 1754447315.0792568
1754447315.0792742 1754447342.0732236
1754447342.073242 1754447366.9010494
1754447366.9010727 1754447402.8337052
1754447402.8337276 1754447434.3988788
1754447434.398903 1754447455.012611
1754447455.012628 1754447489.8044996
1754447489.804534 1754447518.1116316
1754447518.1116512 1754447546.8232996
1754447546.8233237 1754447574.877913
1754447574.8779333 1754447607.485698
1754447607.4857163 1754447626.779272
1754447626.7792952 1754447659.6412559
1754447659.6412733 1754447687.1310759
1754447687.1310973 1754447718.9564934
1754447718.956514 1754447742.1245499
1754447742.1245737 1754447766.775608
1754447766.7756414 1754447791.342978
1754447791.3430014 1754447818.9340785
1754447818.9341002 1754447849.1777313
1754447849.1777482 1754447885.9915268
1754447885.991553 1754447912.1379728
1754447912.1379907 1754447954.0088084
1754447954.0088494 1754447970.6994736
1754447970.6994898 1754447999.3130322
1754447999.3130527 1754448033.9765913
1754448033.9766133 1754448060.6279724
1754448060.6279926 1754448088.6331835
1754448088.6332047 1754448123.332019
1754448123.3320363 1754448158.4206595
1754448158.4206812 1754448179.563248
1754448179.5632703 1754448205.2002833
1754448205.2003071 1754448233.310032
1754448233.3100488 1754448263.7213173
1754448263.7213383 1754448297.4853847
1754448297.485404 1754448320.77374
1754448320.7737608 1754448349.3756976
1754448349.375719 1754448373.046994
1754448373.04701 1754448390.384932
1754448390.3849525 1754448417.7084262
1754448417.7084448 1754448446.051963
1754448446.0519867 1754448475.4667287
1754448475.4667492 1754448503.3512876
1754448503.3513079 1754448532.0913606
1754448532.0913827 1754448555.8643231
1754448555.8643434 1754448594.141974
1754448594.1419992 1754448627.1087399
1754448627.1087599 1754448652.8650393
1754448652.8650634 1754448683.0587497
1754448683.0587668 1754448707.4446156
1754448707.4446433 1754448737.488297
1754448737.488322 1754448762.8596451
1754448762.859665 1754448791.1477172
1754448791.1477427 1754448822.7864246
1754448822.786444 1754448848.660181
1754448848.6602137 1754448880.8064103
1754448880.806431 1754448907.8166065
1754448907.8166325 1754448937.8383472
1754448937.838366 1754448964.198609
1754448964.1986334 1754448994.1541562
1754448994.154174 1754449027.3693876
1754449027.3694065 1754449054.3644981
1754449054.364526 1754449081.3491187
1754449081.3491414 1754449109.258513
1754449109.2585323 1754449144.829163
1754449144.8291802 1754449182.3344517
1754449182.3344767 1754449207.7966552
1754449207.7966886 1754449234.4445887
1754449234.4446118 1754449262.5005083
1754449262.5005374 1754449293.306661
1754449293.3066847 1754449328.7313657
1754449328.7313833 1754449349.867133
1754449349.8671575 1754449371.9419444
1754449371.941966 1754449397.8599977
1754449397.860026 1754449428.0246952
1754449428.0247152 1754449455.9951696
1754449455.9951897 1754449487.5789003
1754449487.5789235 1754449509.1581047
1754449509.1581247 1754449537.2431548
1754449537.2431738 1754449569.505162
1754449569.5052052 1754449596.7680929
1754449596.7681131 1754449620.6795502
1754449620.679573 1754449650.8171706
1754449650.8171935 1754449676.9246118
1754449676.9246342 1754449708.9999492
1754449708.9999695 1754449732.3048186
1754449732.3048406 1754449759.6403522
1754449759.6403704 1754449789.6869495
1754449789.6869662 1754449821.1887228
1754449821.1887507 1754449848.8945756
1754449848.8945925 1754449884.2035763
1754449884.2036166 1754449911.0175672
1754449911.0175905 1754449932.2489488
1754449932.2489667 1754449954.598368
1754449954.5983841 1754449984.8823574
1754449984.8823829 1754450008.2701867
1754450008.2702036 1754450039.4511988
1754450039.4512367 1754450073.38588
1754450073.3858979 1754450103.0372105
1754450103.0372338 1754450129.6892192
1754450129.689241 1754450170.934976
1754450170.9349945 1754450197.3290777
1754450197.3291018 1754450223.1354241
1754450223.1354444 1754450247.9243488
1754450247.9243734 1754450277.173117
1754450277.1731422 1754450306.5093427
1754450306.5093699 1754450343.6543653
1754450343.6543915 1754450368.377661
1754450368.3776782 1754450393.5308661
1754450393.530884 1754450431.7045174
1754450431.7045424 1754450459.229875
1754450459.2298944 1754450487.811321
1754450487.8113542 1754450510.694012
1754450510.69404 1754450537.3601186
1754450537.360143 1754450566.536752
1754450566.536775 1754450596.7271338
1754450596.7271597 1754450627.8851662
1754450627.8851871 1754450654.5159054
1754450654.5159252 1754450689.0020957
1754450689.0021186 1754450719.965195
1754450719.9652183 1754450750.1190827
1754450750.1191082 1754450774.3529184
1754450774.352938 1754450805.7836888
1754450805.7837138 1754450832.5545087
1754450832.5545294 1754450860.9903562
1754450860.9903767 1754450890.4316504
1754450890.4316766 1754450922.9213958
1754450922.9214163 1754450957.8957589
1754450957.895782 1754450982.6910126
1754450982.6910338 1754451006.9038303
1754451006.903852 1754451037.3817768
1754451037.3818061 1754451063.155395
1754451063.1554112 1754451089.0463166
1754451089.0463443 1754451119.1518772
1754451119.1518972 1754451147.3284512
1754451147.328471 1754451176.6162775
1754451176.6163073 1754451204.5753248
1754451204.5753555 1754451234.0966382
1754451234.0966651 1754451260.5924125
1754451260.5924346 1754451287.45321
1754451287.4532418 1754451307.9222147
1754451307.9222336 1754451339.428741
1754451339.42878 1754451366.5845087
1754451366.5845292 1754451394.447921
1754451394.4479384 1754451425.8980083
1754451425.8980365 1754451450.3208163
1754451450.3208346 1754451483.566919
1754451483.5669448 1754451512.7539217
1754451512.7539418 1754451546.1364932
1754451546.136515 1754451571.5771399
1754451571.577164 1754451604.432045
1754451604.4320645 1754451638.9397068
1754451638.9397392 1754451671.125937
1754451671.1259553 1754451695.92732
1754451695.9273465 1754451724.3856819
1754451724.3857052 1754451751.2445834
1754451751.2446136 1754451779.679306
1754451779.6793234 1754451813.1951337
1754451813.1951554 1754451846.89221
1754451846.892235 1754451865.7768328
1754451865.7768586 1754451895.749964
1754451895.7499888 1754451921.5674646
1754451921.5674913 1754451951.4515762
1754451951.4516494 1754451973.3836756
1754451973.3837044 1754451996.6384082
1754451996.6384299 1754452026.2735999
1754452026.2736378 1754452054.9581652
1754452054.958189 1754452083.6711092
1754452083.671134 1754452117.829907
1754452117.8299255 1754452140.3580842
1754452140.3581123 1754452169.6481779
1754452169.6481965 1754452197.8761692
1754452197.8762026 1754452223.902178
1754452223.9021966 1754452247.5727527
1754452247.572778 1754452275.175322
1754452275.175343 1754452306.4013238
1754452306.4013424 1754452332.9679286
1754452332.9679568 1754452369.3097825
1754452369.309803 1754452390.5508857
1754452390.5509145 1754452424.129906
1754452424.1299243 1754452463.0057533
1754452463.005772 1754452487.3970146
1754452487.3970387 1754452522.7984338
1754452522.798459 1754452549.8620076
1754452549.8620265 1754452575.2015016
1754452575.2015293 1754452605.6966736
1754452605.6967013 1754452638.2641048
1754452638.2641265 1754452657.3604436
1754452657.3604782 1754452684.6867614
1754452684.6867795 1754452717.958189
1754452717.9582088 1754452749.7628675
1754452749.762894 1754452778.0622633
1754452778.0622892 1754452805.829829
1754452805.8298504 1754452831.2889855
1754452831.2890174 1754452867.426831
1754452867.4268496 1754452894.12528
1754452894.1253076 1754452917.800988
1754452917.8010075 1754452943.461171
1754452943.4611974 1754452975.0409033
1754452975.0409248 1754452998.056854
1754452998.0568774 1754453038.8602653
1754453038.8602853 1754453062.0421736
1754453062.0422118 1754453088.7477653
1754453088.7477872 1754453110.8413541
1754453110.8413815 1754453139.0999625
1754453139.099991 1754453170.8681207
1754453170.8681412 1754453197.99321
1754453197.9932373 1754453227.3445094
1754453227.3445277 1754453255.7827723
1754453255.7827978 1754453279.443076
1754453279.443094 1754453306.713764
1754453306.7137957 1754453339.3820078
1754453339.3820288 1754453368.1085062
1754453368.1085255 1754453406.047785
1754453406.047812 1754453426.8447084
1754453426.844726 1754453455.2310126
1754453455.2310355 1754453486.6683564
1754453486.668377 1754453513.0262291
1754453513.0262575 1754453540.6419666
1754453540.6419919 1754453561.8735065
1754453561.8735244 1754453591.5295506
1754453591.529573 1754453620.308738
1754453620.308758 1754453649.240524
1754453649.2405446 1754453682.5363333
1754453682.5363572 1754453706.8098962
1754453706.809916 1754453734.9614058
1754453734.9614315 1754453766.8208492
1754453766.8208802 1754453792.8577442
1754453792.8577666 1754453810.458396
1754453810.4584165 1754453834.2540352
1754453834.2540565 1754453862.8525584
1754453862.8525863 1754453890.1108346
1754453890.1108544 1754453918.7742305
1754453918.7742522 1754453952.9441597
1754453952.944187 1754453981.1543365
1754453981.1543534 1754454011.7332838
1754454011.733308 1754454042.2495944
1754454042.2496157 1754454067.624714
1754454067.624732 1754454097.407381
1754454097.4074035 1754454131.2954283
1754454131.295452 1754454159.3844726
1754454159.3844993 1754454184.178036
1754454184.1780574 1754454210.4221094
1754454210.4221294 1754454239.6491318
1754454239.649163 1754454270.7887647
1754454270.7887964 1754454295.3805254
1754454295.380553 1754454326.832204
1754454326.832227 1754454365.2940784
1754454365.2940967 1754454390.8651676
1754454390.8651938 1754454421.8393607
1754454421.8393779 1754454447.0607383
1754454447.060768 1754454476.28564
1754454476.2856572 1754454503.5157883
1754454503.5158155 1754454532.8584168
1754454532.8584342 1754454560.1332855
1754454560.1333249 1754454590.041455
1754454590.041474 1754454625.6669264
1754454625.6669488 1754454650.82905
1754454650.8290687 1754454679.842827
1754454679.8428485 1754454710.9187603
1754454710.9187841 1754454734.1725953
1754454734.172615 1754454766.9784462
1754454766.9784708 1754454793.5159774
1754454793.516002 1754454821.8360143
1754454821.8360367 1754454851.0607734
1754454851.0607936 1754454877.8676848
1754454877.86772 1754454912.038416
1754454912.0384362 1754454945.260395
1754454945.2604196 1754454975.0094495
1754454975.0094748 1754455008.3451602
1754455008.3451793 1754455034.343226
1754455034.3432481 1754455069.9340272
1754455069.9340506 1754455095.91099
1754455095.9110086 1754455129.0531354
1754455129.0531712 1754455154.700211
1754455154.7002356 1754455183.0129712
1754455183.0129995 1754455204.8975751
1754455204.8975925 1754455233.1279595
1754455233.1279874 1754455264.2056072
1754455264.2056248 1754455296.285649
1754455296.2856743 1754455326.01119
1754455326.0112212 1754455358.1510174
1754455358.1510417 1754455390.417028
1754455390.4170494 1754455414.7942953
1754455414.79432 1754455441.0454514
1754455441.0454705 1754455472.3931005
1754455472.393123 1754455495.3889976
1754455495.3890197 1754455527.1673284
1754455527.1673548 1754455552.4461656
1754455552.4461844 1754455585.187001
1754455585.1870306 1754455621.5216367
1754455621.521656 1754455642.741273
1754455642.7412992 1754455678.1112146
1754455678.1112332 1754455709.6365495
1754455709.636576 1754455735.6300673
1754455735.6300864 1754455764.8269145
1754455764.8269393 1754455793.822876
1754455793.8228936 1754455834.0140486
1754455834.014075 1754455858.4074607
1754455858.4074812 1754455881.4024527
1754455881.4024801 1754455914.5788765
1754455914.5788956 1754455951.4941077
1754455951.4941318 1754455980.9951267
1754455980.995149 1754456013.453567
1754456013.4535863 1754456043.595516
1754456043.5955474 1754456068.7139995
1754456068.7140167 1754456098.8621612
1754456098.862188 1754456127.9760668
1754456127.9760857 1754456156.6831586
1754456156.6831834 1754456188.6728108
1754456188.6728399 1754456210.0936277
1754456210.0936534 1754456246.3712287
1754456246.3712478 1754456272.3175504
1754456272.3175745 1754456296.449616
1754456296.4496427 1754456331.010937
1754456331.0109599 1754456355.3695827
1754456355.3696086 1754456385.4206398
1754456385.4206605 1754456420.4167442
1754456420.416773 1754456453.884985
1754456453.8850071 1754456483.6561632
1754456483.6561918 1754456508.7646234
1754456508.7646418 1754456537.335274
1754456537.3352923 1754456566.2982042
1754456566.2982273 1754456598.9271243
1754456598.927146 1754456633.8725226
1754456633.8725438 1754456661.9732473
1754456661.9732761 1754456688.1074495
1754456688.107468 1754456718.198782
1754456718.1988103 1754456753.9250476
1754456753.9250717 1754456782.6946912
1754456782.6947124 1754456806.9172616
1754456806.9172873 1754456840.5939178
1754456840.5939527 1754456867.9669816
1754456867.9670055 1754456905.6022363
1754456905.6022553 1754456930.476378
1754456930.4764044 1754456952.2297463
1754456952.2297635 1754456975.946806
1754456975.946835 1754457012.0592816
1754457012.0593007 1754457041.7727807
1754457041.7728095 1754457074.8748035
1754457074.8748288 1754457093.9972475
1754457093.9972734 1754457128.1944182
1754457128.1944354 1754457154.5365682
1754457154.536587 1754457182.8375726
1754457182.837596 1754457214.5599027
1754457214.5599236 1754457245.006001
1754457245.0060208 1754457274.0137901
1754457274.0138123 1754457311.401987
1754457311.4020107 1754457341.6579785
1754457341.658006 1754457371.8518424
1754457371.8518643 1754457401.1820462
1754457401.1820714 1754457426.3156312
1754457426.3156517 1754457447.3644218
1754457447.364455 1754457476.6169183
1754457476.6169372 1754457507.385627
1754457507.3856504 1754457540.93999
1754457540.9400082 1754457570.4157562
1754457570.4157846 1754457595.9388306
1754457595.9388473 1754457626.6742303
1754457626.6742568 1754457652.9404786
1754457652.9404972 1754457681.3507152
1754457681.350742 1754457714.7382023
1754457714.738222 1754457742.8060703
1754457742.8060956 1754457767.2190418
1754457767.2190654 1754457794.5525413
1754457794.5525591 1754457820.8592005
1754457820.8592222 1754457852.6339328
1754457852.6339538 1754457888.7817242
1754457888.7817466 1754457920.9008322
1754457920.9008505 1754457942.4016821
1754457942.40171 1754457972.1801963
1754457972.1802173 1754458000.149273
1754458000.1492941 1754458033.084424
1754458033.084445 1754458056.4320807
1754458056.4321055 1754458083.039063
1754458083.0390797 1754458110.643825
1754458110.6438608 1754458139.2160873
1754458139.2161047 1754458174.5434825
1754458174.543506 1754458203.82662
1754458203.8266392 1754458225.9451513
1754458225.9451764 1754458251.0710723
1754458251.0710921 1754458286.0436645
1754458286.0436885 1754458309.5318332
1754458309.5318518 1754458334.8237314
1754458334.8237617 1754458364.4556527
1754458364.4556725 1754458390.059543
1754458390.0595784 1754458411.9218168
1754458411.921835 1754458434.738992
1754458434.7390087 1754458466.8018613
1754458466.8018835 1754458490.1442928
1754458490.144313 1754458514.566167
1754458514.5661898 1754458546.6410425
1754458546.6410632 1754458576.9550297
1754458576.955049 1754458606.3739662
1754458606.3739867 1754458633.9341476
1754458633.934169 1754458666.1559453
1754458666.155967 1754458693.454508
1754458693.4545357 1754458721.1491604
1754458721.1491954 1754458744.5045881
1754458744.5046055 1754458778.739772
1754458778.7397978 1754458808.3880143
1754458808.388038 1754458838.4905794
1754458838.4906075 1754458865.4851923
1754458865.4852145 1754458892.8286557
1754458892.8286836 1754458927.112357
1754458927.112377 1754458955.2610722
1754458955.2610905 1754458980.138647
1754458980.1386719 1754459012.057298
1754459012.0573194 1754459046.729695
1754459046.7297149 1754459076.3478298
1754459076.347865 1754459103.08226
1754459103.0822783 1754459134.0274127
1754459134.0274413 1754459163.8661003
1754459163.866119 1754459200.1994271
1754459200.1994522 1754459223.8384206
1754459223.8384387 1754459248.5364187
1754459248.5364437 1754459274.7711093
1754459274.7711267 1754459309.1319785
1754459309.1320007 1754459338.7451932
1754459338.7452214 1754459364.9851274
1754459364.9851515 1754459386.9534
1754459386.9534187 1754459410.52447
1754459410.5244896 1754459449.4507036
1754459449.4507282 1754459476.237342
1754459476.2373607 1754459512.6983197
1754459512.6983442 1754459536.4122448
1754459536.4122643 1754459564.292401
1754459564.292421 1754459592.2398615
1754459592.2398875 1754459625.1052017
1754459625.1052198 1754459648.4214268
1754459648.4214447 1754459673.3401885
1754459673.3402135 1754459716.3029923
1754459716.3030114 1754459733.3398993
1754459733.3399227 1754459756.3869886
1754459756.387006 1754459786.288658
1754459786.2886841 1754459813.9260685
1754459813.9260974 1754459843.099787
1754459843.0998132 1754459868.5859838
1754459868.586002 1754459896.4117765
1754459896.4117973 1754459927.2041645
1754459927.2041876 1754459961.7961724
1754459961.7961917 1754459984.8511033
1754459984.8511326 1754460011.220348
1754460011.220369 1754460039.9229934
1754460039.9230192 1754460065.6978967
1754460065.6979148 1754460097.8441408
1754460097.844164 1754460125.116224
1754460125.1162477 1754460153.827354
1754460153.8273776 1754460186.0825183
1754460186.0825427 1754460214.4567862
1754460214.4568198 1754460251.9780777
1754460251.978098 1754460268.7308726
1754460268.7308946 1754460303.7974253
1754460303.7974434 1754460327.1488771
1754460327.148916 1754460356.6665692
1754460356.666586 1754460382.0122159
1754460382.0122414 1754460407.1580398
1754460407.1580603 1754460435.6728141
1754460435.6728315 1754460467.0713987
1754460467.0714238 1754460491.1153858
1754460491.1154065 1754460518.7346148
1754460518.734634 1754460546.8057318
1754460546.8057559 1754460576.8536713
1754460576.8536897 1754460608.7944314
1754460608.794455 1754460641.9059818
1754460641.9060025 1754460661.5836322
1754460661.5836565 1754460693.062275
1754460693.0622952 1754460720.7066004
1754460720.7066336 1754460745.1501482
1754460745.1501732 1754460771.3041124
1754460771.3041306 1754460804.7186577
1754460804.7186809 1754460836.9035077
1754460836.9035296 1754460857.7580874
1754460857.7581077 1754460887.283264
1754460887.283286 1754460914.7831843
1754460914.783205 1754460937.1671832
1754460937.1672049 1754460961.7850814
1754460961.7851 1754460993.3093967
1754460993.3094177 1754461022.1017017
1754461022.1017237 1754461048.2019336
1754461048.2019587 1754461077.1643202
1754461077.1643503 1754461105.2964957
1754461105.2965138 1754461135.506656
1754461135.5066812 1754461159.0090148
1754461159.009042 1754461192.390587
1754461192.3906085 1754461217.3455324
1754461217.3455555 1754461242.5774603
1754461242.5774777 1754461269.3818107
1754461269.3818512 1754461306.0509014
1754461306.050919 1754461329.6650343
1754461329.665057 1754461359.2245724
1754461359.2245977 1754461388.435546
1754461388.4356017 1754461411.9931784
1754461411.9932058 1754461438.2674842
1754461438.2675028 1754461471.318389
1754461471.3184125 1754461494.4646113
1754461494.4646318 1754461524.3141384
1754461524.3141606 1754461549.0288775
1754461549.0288978 1754461587.7844777
1754461587.784503 1754461622.6631148
1754461622.6631372 1754461647.2083335
1754461647.208354 1754461672.6363046
1754461672.6363282 1754461699.9372485
1754461699.9372673 1754461730.0733104
1754461730.0733314 1754461771.771848
1754461771.771867 1754461791.3641555
1754461791.364184 1754461819.3640783
1754461819.3640974 1754461847.2366195
1754461847.2366464 1754461875.7751124
1754461875.775136 1754461903.0893931
1754461903.0894117 1754461935.3973677
1754461935.3973863 1754461966.673993
1754461966.674019 1754461996.3588135
1754461996.358831 1754462026.634995
1754462026.6350188 1754462055.027298
1754462055.0273156 1754462087.3431866
1754462087.343213 1754462119.7760284
1754462119.776046 1754462146.4366133
1754462146.436638 1754462172.8544724
1754462172.8544917 1754462202.425229
1754462202.4252524 1754462228.0779457
1754462228.0779655 1754462255.4974298
1754462255.4974494 1754462285.0128162
1754462285.01284 1754462310.4078236
1754462310.4078612 1754462340.992816
1754462340.9928353 1754462369.517417
1754462369.5174344 1754462401.1540184
1754462401.1540406 1754462443.083949
1754462443.083968 1754462474.9581811
1754462474.9582038 1754462493.1756864
1754462493.1757207 1754462522.850228
1754462522.8502457 1754462551.475897
1754462551.4759197 1754462578.4290595
1754462578.42908 1754462600.851736
1754462600.8517623 1754462622.2659485
1754462622.265965 1754462647.4779499
1754462647.4779708 1754462677.0245867
1754462677.0246077 1754462711.5069695
1754462711.5070026 1754462744.2906945
1754462744.2907157 1754462767.603011
1754462767.6030312 1754462794.8225312
1754462794.8225598 1754462821.1163483
1754462821.1163692 1754462854.8719609
1754462854.8719854 1754462882.0012999
1754462882.0013216 1754462912.1228125
1754462912.1228335 1754462941.6677213
1754462941.6677437 1754462970.9608579
1754462970.9608784 1754463001.4271033
1754463001.4271288 1754463028.0468063
1754463028.0468276 1754463049.3540514
1754463049.354093 1754463078.0060349
1754463078.0060534 1754463108.520469
1754463108.5204937 1754463138.2176442
1754463138.2176726 1754463168.184792
1754463168.1848192 1754463196.828824
1754463196.8288457 1754463218.4493532
1754463218.449384 1754463246.163125
1754463246.1631434 1754463270.558638
1754463270.5586617 1754463301.1904635
1754463301.1904838 1754463324.290391
1754463324.2904134 1754463353.3616877
1754463353.3617055 1754463381.1490822
1754463381.1491082 1754463408.2297132
1754463408.2297313 1754463436.5474281
1754463436.5474505 1754463469.3711915
1754463469.37121 1754463496.949977
1754463496.9499996 1754463527.2604024
1754463527.2604196 1754463559.3102274
1754463559.3102515 1754463579.2241971
1754463579.224218 1754463601.4634328
1754463601.463456 1754463627.621147
1754463627.621167 1754463657.0210087
1754463657.0210338 1754463688.2132664
1754463688.2132866 1754463711.5381956
1754463711.5382152 1754463743.750699
1754463743.750727 1754463776.3658278
1754463776.3658473 1754463801.0068984
1754463801.0069208 1754463835.3178701
1754463835.3178892 1754463867.3528104
1754463867.3528295 1754463891.8616183
1754463891.8616414 1754463921.7621255
1754463921.7621462 1754463952.826793
1754463952.8268123 1754463986.440314
1754463986.4403365 1754464024.8878262
1754464024.8878477 1754464045.4581165
1754464045.4581401 1754464076.371625
1754464076.3716471 1754464100.9929972
1754464100.9930198 1754464127.6159282
1754464127.6159484 1754464163.6185913
1754464163.618614 1754464193.0569046
1754464193.0569317 1754464216.9410045
1754464216.9410396 1754464240.5952277
1754464240.5952642 1754464273.470862
1754464273.4709044 1754464300.202294
1754464300.2023141 1754464323.7125142
1754464323.7125387 1754464357.3481815
1754464357.3482027 1754464388.743673
1754464388.743691 1754464414.8680234
1754464414.868049 1754464446.7763364
1754464446.7763555 1754464482.4519546
1754464482.4519756 1754464505.469026
1754464505.469067 1754464537.7154515
1754464537.7154725 1754464571.6884415
1754464571.688466 1754464601.450843
1754464601.4508684 1754464627.2783186
1754464627.2783396 1754464651.751613
1754464651.7516398 1754464687.402078
1754464687.4021006 1754464713.327088
1754464713.3271103 1754464736.553699
1754464736.553725 1754464764.4233172
1754464764.4233398 1754464791.7807875
1754464791.7808082 1754464821.525786
1754464821.5258102 1754464842.764353
1754464842.7643766 1754464879.9754758
1754464879.975495 1754464906.6806874
1754464906.6807215 1754464930.7127585
1754464930.7127798 1754464960.746399
1754464960.7464268 1754464989.727828
1754464989.7278504 1754465010.519183
1754465010.519205 1754465033.5386357
1754465033.5386558 1754465057.258402
1754465057.25843 1754465087.7619092
1754465087.761928 1754465118.8882966
1754465118.888324 1754465146.5254853
1754465146.5255132 1754465176.9942296
1754465176.994249 1754465206.4273162
1754465206.4273539 1754465232.1114528
1754465232.111471 1754465257.793889
1754465257.793913 1754465288.4223201
1754465288.4223437 1754465316.460809
1754465316.460834 1754465345.7308395
1754465345.7308614 1754465370.4477944
1754465370.4478145 1754465401.8494387
1754465401.8494654 1754465435.5755358
1754465435.575572 1754465463.4743764
1754465463.4743974 1754465496.5126076
1754465496.5126288 1754465519.7385879
1754465519.738624 1754465551.985207
1754465551.9852264 1754465578.0300558
1754465578.0300903 1754465605.0226188
1754465605.0226471 1754465637.187269
1754465637.1872904 1754465669.5752692
1754465669.5752947 1754465701.382912
1754465701.382933 1754465731.2382355
1754465731.2382605 1754465757.6506264
1754465757.6506462 1754465783.6689067
1754465783.6689358 1754465821.483436
1754465821.4834592 1754465846.0610676
1754465846.0610905 1754465870.2760339
1754465870.2760549 1754465898.1360059
1754465898.1360338 1754465925.0161383
1754465925.0161595 1754465957.6345794
1754465957.6346028 1754465984.4726956
1754465984.472715 1754466011.5641415
1754466011.5641701 1754466041.8949292
1754466041.8949482 1754466071.976376
1754466071.9763968 1754466104.9843998
1754466104.9844255 1754466137.2426696
1754466137.2426934 1754466159.034716
1754466159.034734 1754466183.1818151
1754466183.181837 1754466215.3483093
1754466215.3483303 1754466242.305924
1754466242.3059454 1754466265.9039457
1754466265.903968 1754466295.4094088
1754466295.4094267 1754466325.1140335
1754466325.1140594 1754466349.4059803
1754466349.405999 1754466374.6122127
1754466374.6122353 1754466406.5468864
1754466406.546906 1754466435.4480355
1754466435.448062 1754466459.3289037
1754466459.3289292 1754466480.1374338
1754466480.1374502 1754466507.6383808
1754466507.6384058 1754466533.7552793
1754466533.7552986 1754466555.6696339
1754466555.6696632 1754466578.1666062
1754466578.1666265 1754466607.9052968
1754466607.905324 1754466638.914886
1754466638.914904 1754466666.5482225
1754466666.54825 1754466694.0427706
1754466694.0427878 1754466723.801356
1754466723.8013735 1754466750.6913958
1754466750.6914222 1754466777.326644
1754466777.3266604 1754466810.1732779
1754466810.173298 1754466841.8979852
1754466841.8980134 1754466867.487291
1754466867.4873145 1754466893.6468697
1754466893.6468925 1754466923.9057386
1754466923.9057608 1754466948.8070853
1754466948.807136 1754466973.2232463
1754466973.2232716 1754467002.7480705
1754467002.7480938 1754467031.9265373
1754467031.9265573 1754467062.091197
1754467062.091227 1754467092.381304
1754467092.3813229 1754467122.362777
1754467122.3628013 1754467153.4805222
1754467153.4805446 1754467179.4656425
1754467179.4656708 1754467210.2294593
1754467210.2294781 1754467245.8340588
1754467245.834087 1754467268.1393373
1754467268.1393547 1754467299.5025866
1754467299.5026143 1754467328.572889
1754467328.572916 1754467359.264147
1754467359.2641823 1754467387.4370723
1754467387.4370944 1754467412.7216918
1754467412.721713 1754467444.1953547
1754467444.1953738 1754467478.8778949
1754467478.877918 1754467499.822284
1754467499.822302 1754467532.1146662
1754467532.1146939 1754467559.70422
1754467559.7042415 1754467584.1403456
1754467584.1403656 1754467610.6783216
1754467610.678351 1754467638.1967933
1754467638.196825 1754467667.023975
1754467667.0240135 1754467693.1031814
1754467693.1032004 1754467720.2178967
1754467720.217924 1754467742.8410661
1754467742.8410842 1754467768.8897865
1754467768.8898096 1754467796.2813811
1754467796.2814085 1754467824.7936883
1754467824.793705 1754467855.5308495
1754467855.530876 1754467880.8255057
1754467880.8255262 1754467903.7219617
1754467903.7219818 1754467932.252382
1754467932.2524047 1754467960.222112
1754467960.2221298 1754467985.6325343
1754467985.6325545 1754468009.998465
1754468009.9984903 1754468039.893359
1754468039.893381 1754468071.7153893
1754468071.715408 1754468098.873403
1754468098.873429 1754468122.7517102
1754468122.7517302 1754468151.21792
1754468151.2179425 1754468173.0852976
1754468173.0853245 1754468200.8378012
1754468200.837836 1754468228.7341707
1754468228.7341924 1754468264.5004604
1754468264.5004802 1754468291.421273
1754468291.4212956 1754468318.6512516
1754468318.651276 1754468346.4285245
1754468346.4285433 1754468380.3886714
1754468380.3887122 1754468418.5864332
1754468418.586459 1754468443.6823928
1754468443.6824164 1754468470.7406929
1754468470.7407255 1754468497.0647073
1754468497.0647376 1754468520.9515984
1754468520.9516256 1754468544.5273435
1754468544.527365 1754468570.5939937
1754468570.5940125 1754468596.983888
1754468596.983913 1754468630.0353644
1754468630.035387 1754468661.0834758
1754468661.0834959 1754468693.9781883
1754468693.978215 1754468721.8101895
1754468721.8102112 1754468750.1535394
1754468750.153566 1754468776.0514035
1754468776.0514219 1754468801.012892
1754468801.0129128 1754468831.6838624
1754468831.6838841 1754468859.3222826
1754468859.322302 1754468885.4836488
1754468885.4836698 1754468910.819173
1754468910.8191957 1754468939.5723822
1754468939.5724106 1754468966.4749944
1754468966.4750214 1754468997.8248153
1754468997.8248384 1754469018.980101
1754469018.9801223 1754469048.1410158
1754469048.1410406 1754469083.7524788
1754469083.752505 1754469111.8949578
1754469111.8949842 1754469140.7887812
1754469140.7888095 1754469171.7759855
1754469171.7760046 1754469192.4917552
1754469192.4917817 1754469227.1332204
1754469227.1332395 1754469259.230545
1754469259.230574 1754469289.4477122
1754469289.4477324 1754469316.3669574
1754469316.3669808 1754469342.9611893
1754469342.9612107 1754469368.9120052
1754469368.9120305 1754469398.0681791
1754469398.0682018 1754469426.79818
1754469426.7982032 1754469453.4414966
1754469453.4415221 1754469479.9053798
1754469479.9053988 1754469511.295667
1754469511.2956908 1754469538.6784372
1754469538.678462 1754469570.8711836
1754469570.8712032 1754469599.2671535
1754469599.2671785 1754469627.1118994
1754469627.111928 1754469662.046403
1754469662.0464196 1754469691.4479156
1754469691.4479394 1754469717.5632744
1754469717.5632925 1754469736.9746144
1754469736.9746375 1754469766.897782
1754469766.8978012 1754469795.2085955
1754469795.2086205 1754469820.4419203
1754469820.4419422 1754469846.4063017
1754469846.4063256 1754469870.7664094
1754469870.7664342 1754469902.1238043
1754469902.1238248 1754469933.251392
1754469933.2514133 1754469959.525833
1754469959.5258582 1754469995.1211832
1754469995.121206 1754470020.3945105
1754470020.394534 1754470049.9544437
1754470049.95447 1754470075.5094736
1754470075.509503 1754470098.8292146
1754470098.8292413 1754470131.2640617
1754470131.264079 1754470154.2933187
1754470154.2933462 1754470176.9200287
1754470176.9200475 1754470211.7937357
1754470211.793755 1754470237.873919
1754470237.8739514 1754470269.8430154
1754470269.8430355 1754470293.2570047
1754470293.2570324 1754470327.2854276
1754470327.285444 1754470345.613505
1754470345.6135273 1754470379.9529066
1754470379.952928 1754470404.0218287
1754470404.021856 1754470423.7183828
1754470423.7184 1754470454.1739113
1754470454.1739326 1754470484.5634654
1754470484.563498 1754470506.281205
1754470506.281224 1754470536.1869473
1754470536.1869757 1754470567.106154
1754470567.1061723 1754470591.1643393
1754470591.164359 1754470615.7456963
1754470615.74572 1754470648.946404
1754470648.9464304 1754470672.5136838
1754470672.5137115 1754470703.096645
1754470703.096668 1754470738.040086
1754470738.0401084 1754470762.2298205
1754470762.2298505 1754470790.7510228
1754470790.7510397 1754470819.4770286
1754470819.477054 1754470844.173751
1754470844.173775 1754470871.6936018
1754470871.6936207 1754470902.4865522
1754470902.486578 1754470933.2684886
1754470933.268508 1754470961.3506382
1754470961.350664 1754470990.0984302
1754470990.0984473 1754471033.2409923
1754471033.241023 1754471057.0012288
1754471057.00125 1754471087.3383179
1754471087.3383367 1754471114.3073916
1754471114.3074193 1754471140.2794673
1754471140.2794867 1754471171.8697057
1754471171.8697324 1754471197.5050366
1754471197.5050578 1754471225.653354
1754471225.6533844 1754471264.3371074
1754471264.3371243 1754471289.2753246
1754471289.2753537 1754471312.725576
1754471312.7255988 1754471352.910426
1754471352.910457 1754471378.2282221
1754471378.2282414 1754471405.847751
1754471405.8477783 1754471433.0083766
1754471433.008395 1754471465.2051435
1754471465.205171 1754471491.7312
1754471491.731221 1754471516.1215737
1754471516.1216068 1754471540.126459
1754471540.1264868 1754471573.4863408
1754471573.4863605 1754471598.0251122
1754471598.0251343 1754471637.213989
1754471637.214014 1754471658.7632859
1754471658.7633061 1754471689.697908
1754471689.6979268 1754471715.439964
1754471715.439987 1754471742.9847016
1754471742.9847283 1754471769.7984533
1754471769.798474 1754471800.7183864
1754471800.718408 1754471834.166738
1754471834.1667566 1754471864.9284155
1754471864.9284391 1754471889.3847086
1754471889.3847325 1754471917.9603806
1754471917.9604077 1754471944.47148
1754471944.4715009 1754471968.68527
1754471968.6852906 1754471999.523452
1754471999.5234804 1754472023.3982012
1754472023.3982272 1754472055.0619602
1754472055.0619812 1754472077.9846792
1754472077.9847023 1754472108.6088834
1754472108.6089115 1754472135.7698092
1754472135.769827 1754472159.2898211
1754472159.2898455 1754472193.4760563
1754472193.4760795 1754472214.5481963
1754472214.5482183 1754472245.8740735
1754472245.874091 1754472272.4949548
1754472272.4949803 1754472297.23412
1754472297.2341423 1754472328.3507288
1754472328.350752 1754472356.4139316
1754472356.413948 1754472393.7232535
1754472393.7232778 1754472424.5337584
1754472424.5337775 1754472449.8865414
1754472449.8865705 1754472477.8608816
1754472477.860907 1754472505.6523561
1754472505.6523883 1754472536.727167
1754472536.7271888 1754472563.2550712
1754472563.2550967 1754472593.5593653
1754472593.5593874 1754472615.4095871
1754472615.4096072 1754472642.4225037
1754472642.4225283 1754472671.1644597
1754472671.1644807 1754472698.4188182
1754472698.4188445 1754472724.2223194
1754472724.2223585 1754472752.6039448
1754472752.6039681 1754472777.3845465
1754472777.3845665 1754472803.5507383
1754472803.5507603 1754472829.970389
1754472829.9704053 1754472858.7055626
1754472858.705586 1754472889.2847962
1754472889.28483 1754472910.2323728
1754472910.2323978 1754472947.135205
1754472947.1352227 1754472968.814608
1754472968.8146338 1754472996.8251772
1754472996.825201 1754473024.579673
1754473024.5796924 1754473056.9187117
1754473056.9187407 1754473094.7417212
1754473094.741738 1754473111.115974
1754473111.1160016 1754473132.7366273
1754473132.7366486 1754473158.672178
1754473158.6721995 1754473184.5000513
1754473184.5000823 1754473211.784537
1754473211.7845557 1754473235.252968
1754473235.252994 1754473265.9873922
1754473265.9874105 1754473293.6361563
1754473293.6361864 1754473319.5083158
1754473319.508336 1754473345.4383075
1754473345.4383264 1754473377.2372441
1754473377.2372694 1754473404.1613796
1754473404.1613996 1754473435.6431377
1754473435.6431563 1754473461.1743224
1754473461.1743467 1754473490.1861894
1754473490.1862166 1754473517.3805194
1754473517.3805423 1754473540.828843
1754473540.8288624 1754473564.5734107
1754473564.5734346 1754473587.0336146
1754473587.033635 1754473618.5751688
1754473618.575194 1754473646.3890073
1754473646.3890293 1754473673.3383152
1754473673.3383415 1754473695.7917366
1754473695.7917564 1754473733.9134448
1754473733.913464 1754473765.0319014
1754473765.0319288 1754473790.974509
1754473790.9745307 1754473821.685787
1754473821.6858108 1754473844.342644
1754473844.3426828 1754473871.9581468
1754473871.9581637 1754473902.1534922
1754473902.1535134 1754473926.9716637
1754473926.9716835 1754473955.1358044
1754473955.1358325 1754473981.5424592
1754473981.5424824 1754474014.8179123
1754474014.8179367 1754474041.5138452
1754474041.5138724 1754474071.7296321
1754474071.7296689 1754474096.494523
1754474096.4945498 1754474119.0550442
1754474119.0550973 1754474150.179419
