1754445740.9867456 1754445765.2726088
1754445765.2726269 1754445794.0962636
1754445794.096284 1754445818.2455025
1754445818.2455213 1754445844.4546201
1754445844.4546435 1754445878.5559804
1754445878.556008 1754445903.066823
1754445903.0668406 1754445928.69402
1754445928.694041 1754445956.4441934
1754445956.4442124 1754445988.819638
1754445988.8196611 1754446014.3227603
1754446014.3227766 1754446045.049172
1754446045.0491912 1754446076.3273063
1754446076.3273256 1754446112.0674095
1754446112.0674312 1754446135.9143367
1754446135.9143574 1754446165.5704966
1754446165.570517 1754446191.1181653
1754446191.1181881 1754446222.1969285
1754446222.1969461 1754446242.6125271
1754446242.6125486 1754446271.3390896
1754446271.3391073 1754446303.261182
1754446303.261198 1754446338.1273396
1754446338.1273649 1754446365.5181658
1754446365.5181844 1754446393.9899259
1754446393.989949 1754446421.5919101
1754446421.5919313 1754446444.89956
1754446444.8995833 1754446473.24789
1754446473.2479143 1754446497.011701
1754446497.011725 1754446517.9342804
1754446517.9342964 1754446544.3642187
1754446544.3642437 1754446571.3339584
1754446571.3339748 1754446598.254226
1754446598.2542546 1754446623.410927
1754446623.410948 1754446650.176685
1754446650.1767058 1754446676.633479
1754446676.6334958 1754446702.5967634
1754446702.5967827 1754446743.5425255
1754446743.542546 1754446767.805568
1754446767.805586 1754446805.931495
1754446805.9315135 1754446836.3501275
1754446836.350146 1754446866.7284074
1754446866.7284324 1754446895.5864863
1754446895.5865073 1754446926.344027
1754446926.3440464 1754446955.6578474
1754446955.6578734 1754446978.3034198
1754446978.3034372 1754447006.5123503
1754447006.5123749 1754447035.6960092
1754447035.6960292 1754447070.299509
1754447070.2995386 1754447095.4230986
1754447095.4231179 1754447122.7418044
1754447122.7418315 1754447151.2444866
1754447151.2445152 1754447171.2601242
1754447171.2601516 1754447203.0280974
1754447203.0281155 1754447228.2499561
1754447228.2499797 1754447259.7526293
1754447259.7526476 1754447291.4413238
1754447291.441349 1754447321.4854589
1754447321.4854796 1754447349.5803783
1754447349.5804029 1754447371.8049755
1754447371.805001 1754447406.1788912
1754447406.1789103 1754447429.6366506
1754447429.6366727 1754447459.4148085
1754447459.4148269 1754447490.0961134
1754447490.0961375 1754447515.7948828
1754447515.7948985 1754447546.332499
1754447546.3325212 1754447573.366173
1754447573.3661914 1754447602.554999
1754447602.5550141 1754447634.1218483
1754447634.1218703 1754447659.6796293
1754447659.679648 1754447688.2674637
1754447688.2674847 1754447714.8822327
1754447714.8822532 1754447737.424407
1754447737.4244244 1754447765.7342103
1754447765.7342312 1754447789.4163089
1754447789.4163277 1754447818.9205008
1754447818.9205258 1754447850.8703182
1754447850.870336 1754447880.967592
1754447880.96763 1754447913.7460883
1754447913.7461112 1754447946.4294326
1754447946.4294486 1754447972.7465398
1754447972.7465634 1754448003.2200375
1754448003.220062 1754448025.8376832
1754448025.8377047 1754448054.9758875
1754448054.975905 1754448090.6518176
1754448090.6518395 1754448119.5079148
1754448119.5079334 1754448146.4482026
1754448146.4482217 1754448176.8256266
1754448176.8256478 1754448212.4180462
1754448212.4180708 1754448237.5770862
1754448237.577108 1754448270.2141056
1754448270.2141347 1754448300.3675346
1754448300.367577 1754448322.8657362
1754448322.865755 1754448346.6455495
1754448346.645568 1754448371.378438
1754448371.3784611 1754448395.245207
1754448395.245225 1754448422.3644698
1754448422.3644927 1754448447.3320405
1754448447.3320603 1754448476.8586085
1754448476.858627 1754448500.8115053
1754448500.8115237 1754448529.0165553
1754448529.0165792 1754448555.9737577
1754448555.9737828 1754448587.7326021
1754448587.7326207 1754448623.3120039
1754448623.312024 1754448649.7738187
1754448649.7738414 1754448673.4373043
1754448673.4373217 1754448701.5174913
1754448701.517514 1754448737.2185318
1754448737.2185504 1754448757.9654763
1754448757.9654965 1754448785.2898273
1754448785.2898476 1754448815.8546004
1754448815.854621 1754448844.7999554
1754448844.7999816 1754448873.9014413
1754448873.9014614 1754448902.1381269
1754448902.1381457 1754448931.2314293
1754448931.2314484 1754448960.8823235
1754448960.8823493 1754448990.051345
1754448990.051377 1754449026.9888465
1754449026.988871 1754449053.7961466
1754449053.796164 1754449080.9522066
1754449080.952228 1754449111.0060506
1754449111.0060768 1754449139.2499216
1754449139.249939 1754449173.326652
1754449173.3266773 1754449201.453205
1754449201.4532235 1754449228.1521263
1754449228.1521497 1754449257.9241261
1754449257.9241462 1754449289.7286792
1754449289.7286973 1754449322.4218097
1754449322.4218369 1754449346.1624546
1754449346.162473 1754449374.2072577
1754449374.207282 1754449399.4156525
1754449399.415672 1754449424.9482338
1754449424.9482594 1754449453.3088906
1754449453.3089154 1754449482.6518185
1754449482.6518362 1754449511.1102765
1754449511.1102974 1754449539.5003424
1754449539.5003636 1754449568.325619
1754449568.3256361 1754449598.4066086
1754449598.4066312 1754449626.0868087
1754449626.0868275 1754449653.59377
1754449653.5937912 1754449679.3703482
1754449679.3703654 1754449709.4589403
1754449709.4589603 1754449740.3473313
1754449740.3473501 1754449764.6735716
1754449764.673591 1754449794.5236177
1754449794.5236447 1754449822.6332862
1754449822.6333036 1754449849.4714627
1754449849.4714868 1754449881.695261
1754449881.6952817 1754449909.3578389
1754449909.3578596 1754449933.7119372
1754449933.7119575 1754449956.7496564
1754449956.7496727 1754449987.3685007
1754449987.3685253 1754450014.0305984
1754450014.03062 1754450039.267873
1754450039.267899 1754450073.7332926
1754450073.7333214 1754450099.929903
1754450099.9299226 1754450131.3015604
1754450131.3015842 1754450165.2874107
1754450165.2874289 1754450194.715533
1754450194.7155564 1754450218.7455206
1754450218.7455392 1754450248.9758751
1754450248.9758997 1754450271.8982887
1754450271.898306 1754450305.7652209
1754450305.7652516 1754450339.383187
1754450339.3832097 1754450365.6991627
1754450365.6991801 1754450388.3160048
1754450388.3160286 1754450419.1403022
1754450419.1403203 1754450456.1376424
1754450456.1376693 1754450482.1625018
1754450482.1625204 1754450507.2609508
1754450507.2609763 1754450535.4383717
1754450535.4383898 1754450560.7909293
1754450560.7909477 1754450589.620929
1754450589.620951 1754450619.7917194
1754450619.7917404 1754450649.4711869
1754450649.4712052 1754450691.1523557
1754450691.1523848 1754450717.4172003
1754450717.4172194 1754450745.7996988
1754450745.799724 1754450768.841866
1754450768.8418841 1754450804.3189101
1754450804.3189294 1754450829.7180266
1754450829.718049 1754450856.297076
1754450856.2970943 1754450887.5730307
1754450887.5730495 1754450919.2242677
1754450919.2242928 1754450948.4926279
1754450948.4926512 1754450976.542662
1754450976.5426853 1754451006.301971
1754451006.3019998 1754451036.4101045
1754451036.4101472 1754451064.8115394
1754451064.8115559 1754451090.5434773
1754451090.5434995 1754451118.3115282
1754451118.3115494 1754451150.110276
1754451150.1102967 1754451175.3071146
1754451175.3071377 1754451204.5026684
1754451204.50269 1754451230.5356958
1754451230.5357244 1754451257.7884665
1754451257.7884865 1754451281.423753
1754451281.4237785 1754451310.9782925
1754451310.9783132 1754451340.7934952
1754451340.7935216 1754451370.8237846
1754451370.8238094 1754451399.3792486
1754451399.379274 1754451430.5078654
1754451430.5078871 1754451455.0861964
1754451455.0862222 1754451488.9207444
1754451488.9207742 1754451510.38424
1754451510.3842654 1754451542.9949048
1754451542.9949224 1754451583.0605795
1754451583.0606062 1754451606.9994226
1754451606.999442 1754451635.124462
1754451635.1244886 1754451665.6505659
1754451665.6505911 1754451693.9534612
1754451693.9534824 1754451718.7382562
1754451718.7382767 1754451750.4325743
1754451750.432602 1754451783.391796
1754451783.3918157 1754451808.701991
1754451808.7020175 1754451835.9651384
1754451835.9651558 1754451863.3983254
1754451863.398356 1754451893.3699353
1754451893.3699625 1754451920.6264033
1754451920.6264362 1754451949.4180374
1754451949.4180572 1754451970.4041665
1754451970.4041913 1754451994.8864589
1754451994.8864796 1754452021.8518786
1754452021.8518999 1754452049.418034
1754452049.4180632 1754452072.8003025
1754452072.8003252 1754452107.160056
1754452107.160078 1754452136.609517
1754452136.60954 1754452168.5989666
1754452168.5989895 1754452195.4916637
1754452195.4916835 1754452223.0905247
1754452223.0905497 1754452245.5251088
1754452245.5251296 1754452274.437238
1754452274.4372642 1754452298.881505
1754452298.8815217 1754452332.1744149
1754452332.174443 1754452360.281452
1754452360.281471 1754452389.3637195
1754452389.363748 1754452419.7888248
1754452419.788846 1754452454.8934934
1754452454.8935142 1754452485.4672947
1754452485.4673138 1754452519.0812316
1754452519.0812595 1754452545.8164122
1754452545.8164327 1754452570.6895852
1754452570.689607 1754452603.2671888
1754452603.2672095 1754452633.4343657
1754452633.4343905 1754452657.2193632
1754452657.2193906 1754452682.1010513
1754452682.1010706 1754452718.6224513
1754452718.6224778 1754452749.2039008
1754452749.2039227 1754452776.1330044
1754452776.1330264 1754452802.080957
1754452802.0809784 1754452829.066367
1754452829.066393 1754452859.3698072
1754452859.3698292 1754452893.412655
1754452893.4126773 1754452914.3221247
1754452914.3221426 1754452940.7178893
1754452940.7179196 1754452968.4346342
1754452968.4346511 1754452999.225367
1754452999.225388 1754453029.2395473
1754453029.2395825 1754453059.1239696
1754453059.1239872 1754453084.3471158
1754453084.3471406 1754453108.985316
1754453108.985342 1754453131.3315113
1754453131.3315325 1754453169.287542
1754453169.2875776 1754453191.944256
1754453191.944279 1754453222.966348
1754453222.9663663 1754453253.2997186
1754453253.2997394 1754453279.71624
1754453279.716266 1754453307.0577667
1754453307.0577855 1754453342.0564458
1754453342.0564835 1754453377.386811
1754453377.3868296 1754453400.2826655
1754453400.2826924 1754453428.4808197
1754453428.4808376 1754453457.9955418
1754453457.9955764 1754453484.523099
1754453484.523116 1754453508.2210248
1754453508.2210438 1754453540.1885455
1754453540.1885717 1754453567.0048556
1754453567.0048747 1754453595.081414
1754453595.0814385 1754453619.8877301
1754453619.887755 1754453645.2895727
1754453645.2895923 1754453675.0119157
1754453675.0119414 1754453704.9810936
1754453704.9811118 1754453732.0973804
1754453732.097405 1754453758.7284744
1754453758.728493 1754453782.221397
1754453782.2214198 1754453804.972785
1754453804.9728136 1754453829.6706283
1754453829.6706514 1754453857.326803
1754453857.3268201 1754453886.1066158
1754453886.1066394 1754453916.4397867
1754453916.4398053 1754453949.8501058
1754453949.8501275 1754453976.2626343
1754453976.2626512 1754454009.1129785
1754454009.1130044 1754454037.5027094
1754454037.502731 1754454066.1065555
1754454066.1065767 1754454095.1069243
1754454095.106941 1754454125.3650575
1754454125.3650804 1754454154.5668457
1754454154.5668678 1754454181.1558588
1754454181.1558774 1754454208.1573317
1754454208.1573484 1754454237.8323653
1754454237.832388 1754454269.4206712
1754454269.4206908 1754454293.390429
1754454293.3904502 1754454324.2730143
1754454324.273031 1754454362.522823
1754454362.5228455 1754454390.0920277
1754454390.0920484 1754454419.4558754
1754454419.455903 1754454443.877732
1754454443.8777516 1754454468.9026432
1754454468.9026663 1754454498.727394
1754454498.7274115 1754454525.8718948
1754454525.8719194 1754454552.050775
1754454552.0507917 1754454579.9297829
1754454579.9298046 1754454609.529232
1754454609.5292552 1754454646.8374605
1754454646.837478 1754454679.5216856
1754454679.5217142 1754454708.6164503
1754454708.6164753 1754454732.9959495
1754454732.9959698 1754454762.4978201
1754454762.497844 1754454788.3740416
1754454788.3740582 1754454818.4445162
1754454818.4445405 1754454846.2832708
1754454846.2833035 1754454874.281721
1754454874.2817395 1754454906.8596745
1754454906.8597007 1754454932.9863274
1754454932.9863462 1754454968.3247523
1754454968.324775 1754454998.0099344
1754454998.009954 1754455032.5011988
1754455032.5012221 1754455066.8484807
1754455066.8485112 1754455090.2064314
1754455090.206448 1754455125.906431
1754455125.9064517 1754455155.382716
1754455155.3827372 1754455174.6250136
1754455174.6250372 1754455199.1541011
1754455199.1541193 1754455228.4450932
1754455228.4451134 1754455256.977205
1754455256.9772236 1754455293.2778125
1754455293.2778373 1754455323.5461745
1754455323.5461957 1754455355.8735516
1754455355.873576 1754455382.6745834
1754455382.6746058 1754455408.9462285
1754455408.9462497 1754455433.5563607
1754455433.5563815 1754455461.4257824
1754455461.4258006 1754455492.8920708
1754455492.892099 1754455520.5775018
1754455520.577519 1754455550.0520499
1754455550.0520766 1754455579.452816
1754455579.452833 1754455610.9604936
1754455610.96052 1754455634.4314132
1754455634.4314303 1754455665.0473902
1754455665.0474124 1754455700.979811
1754455700.9798305 1754455729.8129323
1754455729.8129592 1754455755.5500472
1754455755.5500648 1754455796.6078944
1754455796.6079216 1754455830.8128178
1754455830.8128357 1754455851.7206678
1754455851.7206905 1754455883.0767334
1754455883.0767536 1754455911.845257
1754455911.845278 1754455947.0741181
1754455947.074144 1754455977.827414
1754455977.827432 1754456008.9934754
1754456008.9934983 1754456041.8837864
1754456041.8838055 1754456069.140162
1754456069.1401916 1754456094.5120482
1754456094.5120664 1754456124.1857827
1754456124.1858065 1754456157.0193548
1754456157.019375 1754456182.5721529
1754456182.5721698 1754456207.8613083
1754456207.8613343 1754456235.1325412
1754456235.1325634 1754456264.5999773
1754456264.5999963 1754456293.2667534
1754456293.2667773 1754456322.4660437
1754456322.4660647 1754456349.5202732
1754456349.5202956 1754456382.4725688
1754456382.4725924 1754456418.6186192
1754456418.618645 1754456450.5376422
1754456450.5376606 1754456480.2182944
1754456480.2183158 1754456502.7264214
1754456502.7264397 1754456531.0021846
1754456531.002208 1754456559.715764
1754456559.7157888 1754456596.7794218
1754456596.779441 1754456627.990319
1754456627.9903414 1754456656.561514
1754456656.5615337 1754456684.5333161
1754456684.5333402 1754456715.2242467
1754456715.224266 1754456750.74384
1754456750.74386 1754456778.196105
1754456778.196133 1754456807.2365935
1754456807.2366126 1754456836.0419326
1754456836.0419543 1754456863.738978
1754456863.7389956 1754456894.7658527
1754456894.7658718 1754456924.070083
1754456924.0701046 1754456949.4968784
1754456949.496896 1754456981.0703478
1754456981.0703735 1754457010.2816079
1754457010.2816253 1754457044.6921492
1754457044.6921744 1754457073.2364957
1754457073.2365177 1754457097.6952531
1754457097.6952796 1754457134.7916758
1754457134.7916965 1754457156.3688986
1754457156.3689253 1754457187.2868185
1754457187.2868378 1754457212.7683158
1754457212.7683468 1754457243.360394
1754457243.3604124 1754457278.3774595
1754457278.3774846 1754457308.289906
1754457308.289926 1754457337.4510465
1754457337.4510646 1754457368.371451
1754457368.3714747 1754457399.6528509
1754457399.6528707 1754457426.6999815
1754457426.7000055 1754457449.1902206
1754457449.1902409 1754457484.426304
1754457484.426329 1754457507.1963987
1754457507.1964192 1754457543.6688914
1754457543.6689136 1754457571.3607695
1754457571.3607903 1754457598.4387455
1754457598.4387643 1754457626.4399166
1754457626.4399426 1754457652.6497245
1754457652.6497428 1754457680.6171815
1754457680.6172047 1754457704.9041889
1754457704.904209 1754457735.4386768
1754457735.4386985 1754457766.4387417
1754457766.4387608 1754457798.3937342
1754457798.3937624 1754457826.6072888
1754457826.6073058 1754457851.87681
1754457851.8768418 1754457880.6684792
1754457880.6685 1754457912.0097005
1754457912.0097175 1754457940.1138809
1754457940.1139069 1754457965.3412383
1754457965.3412554 1754457994.7589612
1754457994.758984 1754458028.4692345
1754458028.4692528 1754458051.2883246
1754458051.2883458 1754458081.1925821
1754458081.1926043 1754458113.0997732
1754458113.099797 1754458145.7171552
1754458145.7171855 1754458172.2229636
1754458172.2229888 1754458196.7867546
1754458196.7867725 1754458226.7877579
1754458226.787785 1754458248.3501093
1754458248.3501294 1754458277.5248084
1754458277.524837 1754458307.043045
1754458307.043067 1754458334.6440713
1754458334.644101 1754458363.987536
1754458363.9875534 1754458387.40622
1754458387.4062393 1754458409.143964
1754458409.143992 1754458435.281348
1754458435.2813685 1754458461.0547354
1754458461.0547574 1754458484.7765532
1754458484.776575 1754458510.910677
1754458510.910695 1754458540.597022
1754458540.59704 1754458572.6628797
1754458572.662899 1754458603.2651768
1754458603.265194 1754458632.2185647
1754458632.2185886 1754458659.9057267
1754458659.9057436 1754458686.0240204
1754458686.0240393 1754458717.4798808
1754458717.4799044 1754458741.9806557
1754458741.9806793 1754458773.251703
1754458773.2517216 1754458799.1946177
1754458799.1946335 1754458832.6417723
1754458832.6417944 1754458866.1171656
1754458866.1171863 1754458894.3791282
1754458894.379147 1754458923.2065659
1754458923.2065892 1754458952.589649
1754458952.5896666 1754458979.2455213
1754458979.2455456 1754459012.127247
1754459012.127264 1754459045.954278
1754459045.954308 1754459074.992659
1754459074.9926782 1754459097.170431
1754459097.1704497 1754459127.7029014
1754459127.7029262 1754459158.08824
1754459158.0882578 1754459193.937814
1754459193.937839 1754459217.012377
1754459217.0123944 1754459253.820341
1754459253.820361 1754459275.811858
1754459275.8118885 1754459305.1907253
1754459305.190749 1754459332.486158
1754459332.4861765 1754459367.2913284
1754459367.2913494 1754459390.0124922
1754459390.0125208 1754459412.7560167
1754459412.7560363 1754459441.6864238
1754459441.686445 1754459472.860566
1754459472.8605845 1754459508.6587656
1754459508.6587837 1754459540.9000232
1754459540.900051 1754459567.031893
1754459567.0319233 1754459594.794683
1754459594.7947085 1754459619.1507745
1754459619.1507924 1754459643.5883155
1754459643.5883384 1754459673.0263002
1754459673.02632 1754459702.6236963
1754459702.6237323 1754459733.5449395
1754459733.5449634 1754459761.4203184
1754459761.4203413 1754459782.5895848
1754459782.5896075 1754459809.0089853
1754459809.0090063 1754459837.2393239
1754459837.2393425 1754459864.5635347
1754459864.5635564 1754459891.7483108
1754459891.748331 1754459922.0823562
1754459922.0823736 1754459951.0343785
1754459951.034403 1754459982.6259124
1754459982.6259317 1754460005.2233148
1754460005.2233374 1754460033.6930265
1754460033.693043 1754460066.2982755
1754460066.2982984 1754460092.9851847
1754460092.98521 1754460120.0005455
1754460120.0005643 1754460147.0418591
1754460147.0418825 1754460183.1131258
1754460183.1131423 1754460214.9564216
1754460214.9564483 1754460242.4754088
1754460242.475428 1754460268.3288279
1754460268.3288476 1754460295.5500178
1754460295.5500379 1754460326.0205593
1754460326.0205805 1754460352.8950968
1754460352.89512 1754460380.007004
1754460380.0070274 1754460403.748828
1754460403.7488456 1754460429.9442966
1754460429.944339 1754460461.1739404
1754460461.1739724 1754460491.640688
1754460491.640709 1754460516.2415922
1754460516.2416148 1754460543.758454
1754460543.7584696 1754460574.5714462
1754460574.5714695 1754460606.8381157
1754460606.8381345 1754460632.812871
1754460632.81289 1754460658.4353411
1754460658.4353642 1754460691.6029549
1754460691.6029766 1754460714.1280937
1754460714.1281145 1754460737.1414347
1754460737.141454 1754460765.3334744
1754460765.333507 1754460798.667375
1754460798.6673937 1754460828.0307198
1754460828.0307417 1754460855.9041533
1754460855.9041743 1754460883.3659487
1754460883.365984 1754460908.5408063
1754460908.54083 1754460940.3548913
1754460940.3549154 1754460965.4774482
1754460965.4774756 1754460988.0273964
1754460988.0274124 1754461011.7819026
1754461011.781923 1754461045.9322004
1754461045.9322212 1754461074.540174
1754461074.5401928 1754461098.0668333
1754461098.0668528 1754461130.92268
1754461130.9226975 1754461156.6851115
1754461156.6851285 1754461193.176288
1754461193.1763117 1754461220.0669842
1754461220.067002 1754461243.6545448
1754461243.6545703 1754461269.6318617
1754461269.6318827 1754461301.5793548
1754461301.5793872 1754461327.2977483
1754461327.297766 1754461355.9693139
1754461355.969338 1754461385.6175928
1754461385.617612 1754461414.4009805
1754461414.401006 1754461439.8894596
1754461439.8894784 1754461465.1740508
1754461465.174073 1754461490.4560258
1754461490.45605 1754461520.344467
1754461520.3445039 1754461553.8592048
1754461553.859232 1754461584.791964
1754461584.7919848 1754461618.0250285
1754461618.0250494 1754461649.801025
1754461649.8010454 1754461675.6910832
1754461675.691101 1754461704.6620848
1754461704.6621163 1754461734.1059523
1754461734.1059856 1754461763.9812438
1754461763.9812665 1754461795.7602298
1754461795.76026 1754461821.9351053
1754461821.9351237 1754461847.987263
1754461847.987286 1754461873.0403836
1754461873.040404 1754461907.762815
1754461907.7628388 1754461935.7559485
1754461935.7559721 1754461966.9156728
1754461966.9156945 1754461998.7395098
1754461998.7395334 1754462024.2214108
1754462024.2214305 1754462052.6342719
1754462052.6342921 1754462081.6590765
1754462081.6590974 1754462111.4044425
1754462111.4044662 1754462139.9719806
1754462139.9720018 1754462175.2448692
1754462175.2448862 1754462199.0029552
1754462199.0029826 1754462230.3924563
1754462230.3924818 1754462260.7089179
1754462260.7089345 1754462286.2142975
1754462286.214321 1754462313.5031085
1754462313.5031478 1754462344.0604472
1754462344.0604703 1754462373.41752
1754462373.4175391 1754462406.7988722
1754462406.7989025 1754462437.1666777
1754462437.1666965 1754462466.5778162
1754462466.577839 1754462493.2101362
1754462493.2101598 1754462518.7673974
1754462518.7674143 1754462549.0435538
1754462549.0436156 1754462582.0610006
1754462582.061017 1754462601.067886
1754462601.067912 1754462624.6766493
1754462624.6766672 1754462653.3621948
1754462653.3622298 1754462679.7887065
1754462679.788726 1754462707.9831223
1754462707.983144 1754462738.5198953
1754462738.519914 1754462766.9913313
1754462766.991359 1754462787.395495
1754462787.3955138 1754462816.4326947
1754462816.4327145 1754462850.791069
1754462850.7910914 1754462876.6985795
1754462876.6985955 1754462906.7009006
1754462906.7009218 1754462935.2957125
1754462935.2957296 1754462962.553511
1754462962.5535321 1754462991.7249744
1754462991.7249937 1754463021.3631632
1754463021.3631864 1754463045.0407434
1754463045.0407634 1754463074.6786485
1754463074.6786659 1754463107.1606116
1754463107.1606364 1754463135.4855413
1754463135.4855597 1754463164.7408657
1754463164.7408912 1754463192.2021737
1754463192.2021923 1754463218.5980303
1754463218.5980556 1754463247.2107682
1754463247.2107873 1754463264.751581
1754463264.7516222 1754463297.331475
1754463297.3315043 1754463326.687247
1754463326.687291 1754463359.135933
1754463359.1359513 1754463382.060788
1754463382.0608068 1754463404.3523917
1754463404.3524177 1754463431.6450849
1754463431.6451037 1754463464.063159
1754463464.0631893 1754463491.9967022
1754463491.996724 1754463516.687462
1754463516.6874852 1754463548.830613
1754463548.8306315 1754463579.6681614
1754463579.6681857 1754463608.010084
1754463608.0101032 1754463628.8593297
1754463628.8593552 1754463662.6053
1754463662.6053183 1754463681.1180677
1754463681.118092 1754463707.8063593
1754463707.8063781 1754463740.1178544
1754463740.1178772 1754463768.9293313
1754463768.9293492 1754463794.4664772
1754463794.4664993 1754463829.4679494
1754463829.4679663 1754463862.370541
1754463862.3705628 1754463886.1879554
1754463886.1879747 1754463917.2446864
1754463917.244711 1754463949.094725
1754463949.0947423 1754463978.3106973
1754463978.3107202 1754464015.215868
1754464015.2158875 1754464039.6954052
1754464039.6954265 1754464069.7563632
1754464069.7563858 1754464093.0943425
1754464093.094364 1754464123.0612745
1754464123.0612943 1754464157.42788
1754464157.4278998 1754464182.2021024
1754464182.202126 1754464211.41473
1754464211.4147484 1754464238.598068
1754464238.5980897 1754464272.2206962
1754464272.2207177 1754464293.2199004
1754464293.219924 1754464320.846785
1754464320.8468037 1754464349.59848
1754464349.5984957 1754464388.3923638
1754464388.3923907 1754464416.6322434
1754464416.6322875 1754464447.0257912
1754464447.0258121 1754464474.7667422
1754464474.7667592 1754464505.3282819
1754464505.3283226 1754464539.9638047
1754464539.963824 1754464565.7741022
1754464565.7741265 1754464599.826501
1754464599.8265355 1754464625.3602302
1754464625.3602514 1754464651.1558115
1754464651.1558356 1754464683.5851111
1754464683.5851321 1754464707.2301002
1754464707.2301238 1754464734.8488245
1754464734.8488472 1754464764.9659038
1754464764.9659233 1754464788.2168968
1754464788.2169232 1754464815.9024382
1754464815.9024556 1754464845.4582777
1754464845.4582973 1754464878.98981
1754464878.9898348 1754464903.7499065
1754464903.749928 1754464928.397643
1754464928.3976665 1754464953.550445
1754464953.5504618 1754464980.0012963
1754464980.0013192 1754465007.4139903
1754465007.4140086 1754465031.4307446
1754465031.4307685 1754465060.5143433
1754465060.5143642 1754465086.0651376
1754465086.0651627 1754465119.755509
1754465119.7555277 1754465145.136958
1754465145.1369834 1754465175.8366804
1754465175.8367045 1754465198.873961
1754465198.8739781 1754465227.2517447
1754465227.251769 1754465253.185127
1754465253.1851456 1754465281.520236
1754465281.5202546 1754465313.5134907
1754465313.5135155 1754465339.440507
1754465339.4405262 1754465369.967408
1754465369.967429 1754465399.821975
1754465399.8219938 1754465427.7821047
1754465427.782123 1754465458.3085437
1754465458.308566 1754465496.6753914
1754465496.6754131 1754465518.9519045
1754465518.9519258 1754465550.6904361
1754465550.690465 1754465573.2911143
1754465573.2911308 1754465608.453855
1754465608.4538825 1754465635.8701231
1754465635.8701487 1754465666.6325576
1754465666.632578 1754465696.337476
1754465696.337502 1754465726.5766582
1754465726.5766792 1754465754.2391586
1754465754.2391834 1754465780.7573323
1754465780.7573516 1754465814.348973
1754465814.3490036 1754465846.6203723
1754465846.6203988 1754465873.4393368
1754465873.439364 1754465895.1896791
1754465895.1896992 1754465926.0522406
1754465926.0522678 1754465949.1646256
1754465949.1646452 1754465979.2475257
1754465979.2475486 1754466012.7635047
1754466012.7635274 1754466039.6539307
1754466039.6539524 1754466071.156159
1754466071.1561844 1754466100.906616
1754466100.9066386 1754466127.0197747
1754466127.0197964 1754466160.9899995
1754466160.9900234 1754466178.1616013
1754466178.1616175 1754466208.5560107
1754466208.556031 1754466235.3772638
1754466235.377288 1754466266.7750773
1754466266.77511 1754466289.4653046
1754466289.4653215 1754466317.5591772
1754466317.5592055 1754466353.0389946
1754466353.0390131 1754466377.0358014
1754466377.0358276 1754466404.004118
1754466404.0041366 1754466431.9624386
1754466431.9624655 1754466455.4245622
1754466455.424579 1754466480.7350726
1754466480.7350945 1754466504.3684795
1754466504.3685026 1754466528.33719
1754466528.3372064 1754466550.842016
1754466550.8420413 1754466575.9307399
1754466575.9307587 1754466603.1255774
1754466603.1255956 1754466633.9248557
1754466633.9248817 1754466660.7855735
1754466660.7855928 1754466688.880041
1754466688.8800654 1754466714.639292
1754466714.6393096 1754466745.7307181
1754466745.7307355 1754466777.2392292
1754466777.2392545 1754466811.7707002
1754466811.770726 1754466836.8784826
1754466836.8785017 1754466867.4583008
1754466867.4583254 1754466895.0249698
1754466895.0249972 1754466921.1111622
1754466921.1111794 1754466948.4335713
1754466948.4336143 1754466971.6095197
1754466971.6095386 1754466998.7116299
1754466998.7116485 1754467028.1535912
1754467028.1536145 1754467058.047226
1754467058.0472438 1754467090.4799128
1754467090.4799402 1754467122.148412
1754467122.1484308 1754467150.455535
1754467150.4555538 1754467177.9060078
1754467177.906034 1754467201.2265916
1754467201.226609 1754467234.6020124
1754467234.602034 1754467263.5807045
1754467263.5807226 1754467295.893935
1754467295.8939543 1754467325.8467271
1754467325.8467543 1754467352.6579485
1754467352.6579685 1754467385.0917933
1754467385.091816 1754467412.7205155
1754467412.7205417 1754467441.7039442
1754467441.7039654 1754467474.3757155
1754467474.3757415 1754467500.0905917
1754467500.090611 1754467525.0508983
1754467525.0509267 1754467556.8011842
1754467556.801202 1754467581.4822583
1754467581.48229 1754467608.0553718
1754467608.0553877 1754467633.2989366
1754467633.2989588 1754467660.734348
1754467660.734366 1754467686.963211
1754467686.9632301 1754467715.208235
1754467715.2082555 1754467744.9233031
1754467744.9233298 1754467765.3300855
1754467765.3301022 1754467797.9555218
1754467797.9555752 1754467826.3118265
1754467826.3118472 1754467852.8826678
1754467852.8826852 1754467880.4218524
1754467880.4218788 1754467905.1317031
1754467905.1317246 1754467936.014143
1754467936.014167 1754467959.4237654
1754467959.423787 1754467985.8831365
1754467985.8831654 1754468010.4304695
1754468010.4304893 1754468037.1049032
1754468037.1049209 1754468069.0268402
1754468069.026864 1754468094.5708156
1754468094.5708346 1754468122.2667878
1754468122.2668104 1754468151.8940506
1754468151.8940756 1754468176.3710365
1754468176.3710659 1754468204.6623158
1754468204.6623373 1754468233.1828635
1754468233.1828837 1754468268.717291
1754468268.7173188 1754468297.8612983
1754468297.8613164 1754468323.3713896
1754468323.3714118 1754468350.2469158
1754468350.2469409 1754468375.5824785
1754468375.5824986 1754468408.4461458
1754468408.4461684 1754468436.2414904
1754468436.2415078 1754468464.5228915
1754468464.5229137 1754468492.6723979
1754468492.6724157 1754468516.558119
1754468516.5581386 1754468545.8824792
1754468545.8825023 1754468571.9818473
1754468571.98187 1754468598.3557715
1754468598.3557954 1754468632.0142787
1754468632.0143 1754468658.3930707
1754468658.3930933 1754468689.3511891
1754468689.3512063 1754468723.7287226
1754468723.7287443 1754468742.9796808
1754468742.9797058 1754468776.3491914
1754468776.3492103 1754468804.9375336
1754468804.9375613 1754468833.9252932
1754468833.9253151 1754468857.5154917
1754468857.515509 1754468886.3236403
1754468886.3236673 1754468913.046277
1754468913.0462956 1754468937.2339551
1754468937.2339742 1754468959.7776816
1754468959.7777035 1754468987.695619
1754468987.69564 1754469024.0756037
1754469024.0756269 1754469045.2521665
1754469045.2521856 1754469077.8647034
1754469077.8647296 1754469109.3460107
1754469109.346032 1754469141.4313238
1754469141.4313426 1754469173.3992305
1754469173.399256 1754469193.4386852
1754469193.4387033 1754469220.0007722
1754469220.0008097 1754469255.3056395
1754469255.3056574 1754469282.7991521
1754469282.7991683 1754469308.8535464
1754469308.8535693 1754469335.9237301
1754469335.9237468 1754469361.836974
1754469361.8369963 1754469390.1589227
1754469390.158941 1754469418.3517709
1754469418.3517914 1754469451.7068229
1754469451.7068489 1754469474.2816284
1754469474.2816448 1754469506.0891428
1754469506.0891697 1754469535.8165364
1754469535.8165634 1754469566.036956
1754469566.0369933 1754469589.633161
1754469589.6331859 1754469624.4816692
1754469624.481691 1754469652.0666258
1754469652.0666466 1754469682.3222299
1754469682.3222494 1754469707.696157
1754469707.69618 1754469732.9193811
1754469732.9194324 1754469768.9024546
1754469768.9024744 1754469791.5887167
1754469791.5887353 1754469816.3136117
1754469816.313637 1754469842.5308232
1754469842.5308409 1754469866.787716
1754469866.7877405 1754469895.0391192
1754469895.0391414 1754469923.8394861
1754469923.8395069 1754469951.0697222
1754469951.0697408 1754469978.2885773
1754469978.288596 1754470010.1421976
1754470010.1422203 1754470043.6994228
1754470043.6994402 1754470071.2003605
1754470071.2003963 1754470092.1071894
1754470092.1072094 1754470123.4620984
1754470123.4621212 1754470148.051377
1754470148.0513957 1754470181.2834861
1754470181.2835152 1754470205.1454828
1754470205.1455028 1754470237.531813
1754470237.5318406 1754470266.970437
1754470266.970458 1754470290.9070876
1754470290.9071066 1754470318.255338
1754470318.2553625 1754470346.3575835
1754470346.3576012 1754470371.3233829
1754470371.323406 1754470396.1696117
1754470396.1696284 1754470420.5888152
1754470420.588839 1754470452.6896565
1754470452.689677 1754470482.5570781
1754470482.557106 1754470504.6072671
1754470504.607284 1754470532.984387
1754470532.9844048 1754470563.759818
1754470563.7598436 1754470588.2083187
1754470588.208336 1754470614.1874938
1754470614.1875262 1754470644.807389
1754470644.8074062 1754470667.6785657
1754470667.6785872 1754470700.3407426
1754470700.3407621 1754470737.876975
1754470737.8769958 1754470762.3963416
1754470762.3963673 1754470795.5724323
1754470795.5724518 1754470823.3392022
1754470823.339227 1754470845.6810188
1754470845.6810374 1754470870.5863612
1754470870.586393 1754470902.2644656
1754470902.2644858 1754470936.1766348
1754470936.1766584 1754470962.4346352
1754470962.434661 1754470992.6501768
1754470992.650197 1754471026.3004043
1754471026.3004305 1754471055.6928403
1754471055.6928577 1754471081.2099051
1754471081.209923 1754471110.1375997
1754471110.1376224 1754471136.962196
1754471136.962218 1754471167.7367668
1754471167.7367854 1754471192.1055908
1754471192.105618 1754471224.1271372
1754471224.1271563 1754471254.7849162
1754471254.784958 1754471281.057585
1754471281.0576038 1754471307.5457118
1754471307.5457335 1754471342.0575736
1754471342.0575926 1754471371.3675435
1754471371.367561 1754471399.045998
1754471399.0460238 1754471427.34028
1754471427.340302 1754471455.827046
1754471455.8270674 1754471491.2365534
1754471491.236576 1754471515.5472276
1754471515.547247 1754471540.0029206
1754471540.00295 1754471578.2909484
1754471578.2909768 1754471604.1975288
1754471604.197552 1754471633.0226285
1754471633.0226467 1754471661.6516645
1754471661.6516871 1754471684.3009377
1754471684.3009572 1754471713.0664866
1754471713.0665069 1754471736.404659
1754471736.404683 1754471765.1913538
1754471765.1913717 1754471794.2479982
1754471794.2480147 1754471831.8969383
1754471831.8969598 1754471862.6654205
1754471862.665445 1754471886.292252
1754471886.292269 1754471912.9087672
1754471912.9088008 1754471946.0021222
1754471946.0021412 1754471964.777921
1754471964.7779377 1754471992.3525655
1754471992.35259 1754472019.8085678
1754472019.8085864 1754472047.4820957
1754472047.482113 1754472072.6081605
1754472072.6081848 1754472102.4035592
1754472102.4036028 1754472132.0673985
1754472132.0674284 1754472157.628698
1754472157.628718 1754472187.0163236
1754472187.0163531 1754472210.8201618
1754472210.820181 1754472243.1259065
1754472243.1259248 1754472267.3230495
1754472267.323071 1754472295.5546956
1754472295.5547159 1754472321.3566542
1754472321.3566794 1754472358.9844618
1754472358.9844823 1754472391.1091347
1754472391.1091592 1754472414.3202894
1754472414.3203087 1754472444.6916766
1754472444.6917017 1754472471.0796454
1754472471.0796628 1754472500.273255
1754472500.2732773 1754472532.8756359
1754472532.8756554 1754472557.0560513
1754472557.056075 1754472584.1703777
1754472584.1703959 1754472612.545115
1754472612.5451345 1754472641.56432
1754472641.5643463 1754472668.782524
1754472668.7825415 1754472689.8062408
1754472689.806264 1754472719.8907585
1754472719.8907754 1754472751.6103923
1754472751.6104145 1754472779.730814
1754472779.7308373 1754472806.2783105
1754472806.2783306 1754472832.5724115
1754472832.572439 1754472859.267227
1754472859.267245 1754472882.6557384
1754472882.6557605 1754472912.000499
1754472912.0005207 1754472940.2926955
1754472940.2927191 1754472969.2913406
1754472969.2913656 1754472991.8712578
1754472991.871275 1754473021.842123
1754473021.8421395 1754473054.9591842
1754473054.9592087 1754473085.3932462
1754473085.3932664 1754473107.5143769
1754473107.5143964 1754473131.5836864
1754473131.583705 1754473161.3294132
1754473161.3294382 1754473179.0807168
1754473179.0807352 1754473208.0487542
1754473208.0487876 1754473232.0251179
1754473232.0251386 1754473257.1901789
1754473257.1901956 1754473289.826137
1754473289.826159 1754473318.1954985
1754473318.195519 1754473343.7108274
1754473343.7108433 1754473372.0502207
1754473372.0502434 1754473400.947599
1754473400.9476316 1754473432.5954165
1754473432.5954378 1754473456.4837167
1754473456.4837394 1754473489.1055741
1754473489.105597 1754473514.2622426
1754473514.2622662 1754473541.3918815
1754473541.391915 1754473559.411804
1754473559.4118235 1754473586.3622997
1754473586.3623219 1754473620.854745
1754473620.8547635 1754473648.081112
1754473648.0811396 1754473669.2630482
1754473669.2630644 1754473693.8984041
1754473693.8984263 1754473725.6165977
1754473725.6166186 1754473763.7773852
1754473763.7774105 1754473789.9303038
1754473789.9303265 1754473815.7880614
1754473815.7880828 1754473845.3090856
1754473845.3091235 1754473869.0264778
1754473869.0264976 1754473898.9774635
1754473898.9774876 1754473922.0917978
1754473922.0918176 1754473950.7143245
1754473950.7143476 1754473979.7377067
1754473979.7377288 1754474005.7926254
1754474005.792649 1754474035.3266222
1754474035.3266423 1754474064.1341977
1754474064.134215 1754474092.4838872
1754474092.4839203 1754474116.692593
1754474116.6926162 1754474148.4181776
