1761234346.1351478 1761234383.0940378
1761234387.0956085 1761234425.1628683
1761234433.170938 1761234476.8545837
1761234486.8646665 1761234537.502559
1761234543.5076067 1761234596.6327922
1761234600.6368794 1761234642.101723
1761234649.1088624 1761234682.196107
1761234689.1996768 1761234725.6808424
1761234732.6876044 1761234770.6437125
1761234777.6508546 1761234835.2191215
1761234837.2196872 1761234887.9986856
1761234890.000775 1761234935.0842016
1761234936.0853217 1761234984.4791532
1761234988.4832983 1761235019.728359
1761235021.730432 1761235063.8289287
1761235069.8315954 1761235109.1076665
1761235118.1157143 1761235149.482192
1761235156.487592 1761235190.0248995
1761235193.0276015 1761235231.3467233
1761235238.3516634 1761235283.3296938
1761235285.331607 1761235325.288459
1761235335.2985911 1761235369.8800063
1761235377.8878438 1761235424.8872628
1761235425.8876743 1761235463.791322
1761235473.8014493 1761235514.8650198
1761235519.8676867 1761235548.8346376
1761235554.839668 1761235589.5151002
1761235597.5197093 1761235632.1442773
1761235632.1443105 1761235673.9981208
1761235683.0072548 1761235715.0671659
1761235722.0742881 1761235747.1847904
1761235754.1919487 1761235780.9119925
1761235786.9158363 1761235821.5371046
1761235828.5429318 1761235866.8992271
1761235874.903619 1761235913.8160567
1761235918.8196142 1761235959.0032609
1761235967.0076692 1761235997.3957603
1761236006.403463 1761236038.5367906
1761236044.5402644 1761236083.0803115
1761236093.0903952 1761236123.531074
1761236123.5310981 1761236162.6000493
1761236163.6011713 1761236210.1171823
1761236218.1236963 1761236247.5769114
1761236255.58374 1761236293.525166
1761236299.5313008 1761236333.33779
1761236338.3428836 1761236373.9506624
1761236382.959886 1761236415.9636517
1761236425.9716575 1761236455.2034726
1761236459.2076178 1761236490.5105846
1761236492.5116706 1761236526.1231537
1761236528.125277 1761236564.7299511
1761236567.7316575 1761236605.6757834
1761236615.6859086 1761236647.473857
1761236653.4796526 1761236682.0513558
1761236687.056493 1761236726.3209531
1761236735.32768 1761236769.737417
1761236774.73966 1761236806.192387
1761236808.1944907 1761236849.6042702
1761236851.6063886 1761236889.32632
1761236890.3273823 1761236927.6636162
1761236930.6667402 1761236972.4671125
1761236978.4732342 1761237008.6653385
1761237017.6716912 1761237044.3531253
1761237048.3556848 1761237090.905513
1761237090.9055479 1761237145.4522877
1761237154.4614158 1761237203.7302237
1761237207.7343442 1761237255.4809177
1761237261.4840257 1761237296.0175424
1761237302.0236723 1761237337.723935
1761237339.7260616 1761237388.4844384
1761237391.4875102 1761237445.3773258
1761237450.3824136 1761237486.8623478
1761237496.8716688 1761237526.4781053
1761237533.4836318 1761237577.9644723
1761237583.9676774 1761237614.1673515
1761237619.172472 1761237666.283757
1761237671.2888498 1761237716.0295374
1761237725.0356708 1761237752.9523551
1761237758.9584975 1761237789.4584177
1761237791.4605386 1761237836.2637317
1761237841.2688696 1761237881.2368279
1761237888.2439554 1761237918.5129704
1761237924.5172212 1761237952.583379
1761237953.583951 1761238010.5151818
1761238013.5183058 1761238074.7803009
1761238076.7824297 1761238124.8166885
1761238134.821219 1761238166.2764063
1761238175.2855396 1761238216.3573518
1761238220.359607 1761238253.512081
1761238262.5211651 1761238292.9820604
1761238302.9916806 1761238327.421197
1761238337.4313755 1761238360.3184962
1761238367.3255696 1761238391.5742462
1761238400.5834308 1761238432.1920626
1761238437.1972134 1761238483.5536675
1761238487.557813 1761238532.3663423
1761238541.3754282 1761238579.196123
1761238586.2032902 1761238620.4684632
1761238629.477607 1761238656.7450433
1761238666.7522662 1761238706.7658875
