1766223255.3503273 1766223708.0543344
1766223717.0635052 1766224241.9613044
1766224250.9703836 1766224724.2419503
1766224734.2520278 1766225061.605363
1766225069.6134403 1766225684.5040286
1766225687.5071182 1766226176.5577013
1766226176.557732 1766226696.1527243
1766226698.1547928 1766227196.0483177
1766227200.0523963 1766227524.9883766
1766227525.9894567 1766227981.5163903
1766227989.5244734 1766228474.3346493
1766228477.337729 1766228945.106776
1766228946.1078498 1766229303.5300279
1766229305.532094 1766229860.959161
1766229869.968241 1766230417.0129085
1766230426.0219915 1766230796.5505104
1766230796.5505419 1766231243.947378
1766231252.9564571 1766231697.5375123
1766231698.5385878 1766232226.686167
1766232231.6864166 1766232526.2958283
1766232526.295858 1766233278.9751954
1766233286.9832788 1766233595.0675719
1766233605.0776534 1766234043.6793008
1766234051.6796184 1766234658.1451116
1766234665.1508896 1766234899.5012815
1766234907.5093632 1766235481.3803277
1766235483.3824124 1766235900.920543
1766235906.926628 1766236505.6585383
1766236514.6676192 1766236882.2032351
1766236892.2133186 1766237330.5806327
1766237337.586877 1766237607.7795749
1766237608.7806444 1766238133.9075353
1766238133.9075663 1766238596.226976
1766238606.237057 1766239131.4235482
1766239133.4256206 1766239592.604934
1766239597.6088505 1766240256.647314
1766240258.6493933 1766240515.5765526
1766240520.5788813 1766241112.1551793
1766241114.1572459 1766241623.2457619
1766241628.2490344 1766242025.9288633
1766242032.9359436 1766242437.9140506
1766242445.9221172 1766242966.6416235
1766242971.6428852 1766243323.8894143
1766243326.8924968 1766243828.8309143
1766243837.8399951 1766244185.6910589
1766244193.699136 1766244678.727464
1766244683.732541 1766245200.184441
1766245208.1908882 1766245673.3079638
1766245676.311034 1766245934.6325374
1766245944.6426156 1766246489.2027142
1766246489.2027445 1766246863.0553622
1766246869.0614345 1766247457.5140252
1766247464.518892 1766247869.2339103
1766247877.238915 1766248337.998518
1766248341.0015955 1766248691.4093664
1766248699.4149585 1766249220.735792
1766249229.7388828 1766249841.9573839
1766249849.965471 1766250182.8412218
1766250188.8472958 1766250741.7928638
1766250749.7988894 1766251030.7040443
1766251031.7051165 1766251426.393432
1766251431.3985019 1766252138.0619524
1766252145.0690281 1766252475.0279284
1766252484.0370085 1766253065.0415523
1766253067.0428715 1766253680.495081
1766253681.496151 1766254062.727659
1766254062.7276902 1766254545.7175045
1766254552.7229 1766255077.5253603
1766255082.5304468 1766255401.7965505
1766255403.7986326 1766255905.4968116
1766255912.5038893 1766256254.1059525
1766256256.1080153 1766256815.6687698
1766256817.6708596 1766257293.4807744
1766257294.4818513 1766257798.7173653
1766257804.723441 1766258364.1761415
1766258365.1772196 1766258880.2354734
1766258884.2395535 1766259321.2770479
1766259330.2828877 1766259835.6146023
1766259836.615677 1766260147.8323636
1766260154.8329787 1766260817.6540074
1766260817.6540382 1766261338.5393052
1766261339.5403793 1766261740.0143852
1766261740.014417 1766262223.4583964
1766262223.4584281 1766262648.9231331
1766262648.9231641 1766263104.579343
1766263104.5793812 1766263428.6782033
1766263429.6792789 1766263939.5972114
1766263940.598294 1766264523.7852685
1766264531.7933493 1766265013.972569
1766265020.9796472 1766265324.0838323
1766265327.086904 1766265868.178307
1766265872.1788855 1766266414.780483
1766266424.790567 1766266773.47287
1766266783.4829445 1766267445.7845182
1766267451.789685 1766267767.8148293
1766267771.8189151 1766268279.2097976
1766268283.2138755 1766268696.9594083
1766268698.961492 1766269122.3209016
1766269124.3212335 1766269566.830455
1766269575.8395326 1766270060.2827528
