1766223299.5492325 1766223761.7680771
1766223766.7708836 1766224167.1158738
1766224177.12595 1766224677.8582523
1766224684.8653212 1766225257.6443741
1766225267.6544526 1766225660.032944
1766225668.0388963 1766226121.8820834
1766226131.892167 1766226648.4715319
1766226654.4748838 1766227150.1432967
1766227150.143327 1766227595.7969673
1766227597.79904 1766228045.892691
1766228054.9017715 1766228393.2708423
1766228395.272914 1766228944.9175348
1766228951.9246213 1766229441.4279478
1766229445.4305909 1766229705.5240893
1766229713.5321636 1766230384.214143
1766230388.2171748 1766230786.3675687
1766230795.3766441 1766231321.0343857
1766231325.0359027 1766231712.923099
1766231718.9291797 1766232107.2893627
1766232114.294894 1766232671.7823784
1766232673.7844517 1766233239.3213089
1766233249.331387 1766233571.3164983
1766233575.3205788 1766234035.8700368
1766234044.8791163 1766234641.006006
1766234642.007077 1766235092.4813995
1766235093.482469 1766235592.3971624
1766235594.3992295 1766235774.9573262
1766235784.9673958 1766236370.4730184
1766236375.4781039 1766236859.0562096
1766236864.0612838 1766237160.3915966
1766237163.3946695 1766237617.3425832
1766237618.343661 1766238196.2320547
1766238199.2351189 1766238672.3063266
1766238676.3068788 1766238937.7673862
1766238947.777465 1766239603.9585595
1766239609.9646382 1766240083.9282653
1766240084.9293308 1766240635.8072333
1766240642.8081636 1766241222.767277
1766241222.7673066 1766241581.6810105
1766241587.6868794 1766241841.8550162
1766241849.8630848 1766242506.6848736
1766242508.6869516 1766242983.83753
1766242993.8476014 1766243367.313961
1766243371.3180282 1766243824.3289893
1766243830.3348794 1766244324.5769649
1766244331.5828755 1766244755.6610112
1766244755.6610405 1766245136.258064
1766245137.2591348 1766245582.9438875
1766245587.948968 1766246072.5242832
1766246082.5343504 1766246528.6331303
1766246531.6348777 1766246869.754215
1766246877.7622876 1766247475.0912237
1766247482.0983016 1766247787.3244
1766247788.3254225 1766248320.0476418
1766248328.0548751 1766248831.2450106
1766248837.2510877 1766249278.0952995
1766249281.098372 1766249737.3747158
1766249743.3807864 1766250252.523361
1766250261.5324376 1766250645.8900146
1766250650.8950872 1766251038.8163822
1766251039.817453 1766251643.7712505
1766251645.7733285 1766252139.0789614
1766252141.0810273 1766252607.334936
1766252609.3370054 1766252960.2800877
1766252962.2805438 1766253649.6977262
1766253651.6998 1766254103.3139155
1766254111.3219829 1766254396.0219092
1766254398.023983 1766255011.4048307
1766255012.4059062 1766255455.8582335
1766255462.8653176 1766255873.1729107
1766255878.174723 1766256247.3445528
1766256251.348626 1766256872.0608797
1766256873.0619528 1766257247.111251
1766257253.1173358 1766257809.6143045
1766257816.6213872 1766258383.0291286
1766258392.0382068 1766258680.922799
1766258690.9328055 1766259338.5464728
1766259340.5468857 1766259710.8237927
1766259716.8298752 1766260203.9237814
1766260205.9258573 1766260760.9160597
1766260764.920137 1766261318.9883847
1766261328.9984658 1766261779.5515313
1766261782.5546036 1766262212.600194
1766262218.6028876 1766262542.1552262
1766262550.1633008 1766263128.168139
1766263135.1752183 1766263560.0045567
1766263569.0136368 1766264007.8442256
1766264008.845292 1766264467.3048677
1766264470.3079581 1766264996.5848467
1766264997.5859149 1766265480.338926
1766265481.340001 1766265926.7996361
1766265935.8069012 1766266309.2751677
1766266318.2828891 1766266973.9841268
1766266973.984156 1766267348.82966
1766267349.8307338 1766267832.0067103
1766267841.0146098 1766268115.9281442
1766268118.9312167 1766268726.3123019
1766268726.3123329 1766269161.414997
1766269171.4228883 1766269649.8979871
1766269652.9010668 1766270131.9244123
