1766223109.2588584 1766223816.4173353
1766223821.4225564 1766224129.2513385
1766224130.252418 1766224730.7148666
1766224735.7199497 1766225245.8050745
1766225255.8145125 1766225569.2866268
1766225571.2887132 1766226149.8385317
1766226149.8385618 1766226550.4798772
1766226554.4839525 1766227011.314794
1766227021.324875 1766227593.0324273
1766227602.0415115 1766227920.8543968
1766227926.8604856 1766228479.5355053
1766228480.536586 1766228782.9080143
1766228786.9108949 1766229322.0912
1766229327.0962884 1766229846.3809354
1766229854.3890185 1766230244.128375
1766230253.1374564 1766230837.15951
1766230841.1628933 1766231318.446765
1766231319.447853 1766231670.5677626
1766231677.5708828 1766232164.6570086
1766232172.6650925 1766232697.6250415
1766232707.6351302 1766233263.9847126
1766233271.9928014 1766233677.4458911
1766233687.4559817 1766234173.4480166
1766234183.4581013 1766234640.7210476
1766234640.7210789 1766235075.2332065
1766235078.2348871 1766235575.0485287
1766235578.0502994 1766236017.450117
1766236019.4503713 1766236539.5930922
1766236546.5958111 1766236920.1412675
1766236929.1503444 1766237176.61412
1766237186.6242056 1766237677.8857534
1766237680.8888378 1766238081.5691319
1766238084.5708945 1766238641.1411083
1766238647.1471982 1766239093.0211935
1766239097.0252728 1766239697.0179398
1766239702.022891 1766240197.418145
1766240197.418176 1766240649.4527576
1766240650.4538336 1766241173.774913
1766241178.779998 1766241646.4762225
1766241650.4797335 1766242077.074017
1766242078.0750968 1766242415.9944034
1766242417.996481 1766242976.8591838
1766242980.8632693 1766243277.724698
1766243282.7297692 1766243770.6285248
1766243773.6308925 1766244274.2043345
1766244276.206412 1766244632.464886
1766244635.468019 1766245144.933694
1766245150.9397802 1766245668.8607023
1766245675.8677788 1766246068.013296
1766246074.0193882 1766246491.5366662
1766246491.5366955 1766246948.472635
1766246957.481715 1766247346.9818416
1766247348.9839213 1766247804.4603548
1766247804.4603846 1766248278.101741
1766248279.1028156 1766248715.44152
1766248720.4465988 1766249332.3375432
1766249342.3476248 1766249648.662239
1766249653.667329 1766250194.675083
1766250202.683163 1766250702.0722435
1766250702.0722742 1766251193.2592022
1766251195.261281 1766251451.0506883
1766251455.054774 1766252032.9174461
1766252032.9174771 1766252421.9729543
1766252421.9729786 1766253001.7476277
1766253001.747658 1766253590.901092
1766253591.9021657 1766254060.891178
1766254065.8962657 1766254402.4072745
1766254406.4113603 1766255054.909503
1766255060.9155846 1766255317.7239728
1766255317.723999 1766255908.1000788
1766255914.1061683 1766256338.2316892
1766256347.2407873 1766256749.6535451
1766256754.654899 1766257234.0724616
1766257237.0755434 1766257744.2138352
1766257744.2138665 1766258285.5877101
1766258290.5927947 1766258704.7909353
1766258711.7980285 1766259208.8469384
1766259216.8550088 1766259792.3670855
1766259796.371177 1766260289.618627
1766260289.6186597 1766260714.8921404
1766260719.896234 1766261219.6433578
1766261226.6504447 1766261806.6933315
1766261809.6964047 1766262186.6561854
1766262191.6612628 1766262640.5802243
1766262642.582305 1766263098.7199028
1766263105.7269888 1766263507.4946573
1766263517.5047374 1766264103.4890914
1766264109.4951737 1766264500.1268458
1766264501.1279287 1766265004.257702
1766265012.2628884 1766265300.8055718
1766265304.8068979 1766265963.9082403
1766265970.9153242 1766266330.6217127
1766266334.625812 1766266889.4868221
1766266899.4969153 1766267152.1123729
1766267160.1204488 1766267771.7535822
1766267774.7566564 1766268186.2491508
1766268190.2532396 1766268649.5900776
1766268654.591208 1766269181.401427
1766269183.403297 1766269674.238012
1766269677.241095 1766269953.2513928
