1766223252.9479454 1766223714.323555
1766223719.325657 1766224366.4299912
1766224376.4332812 1766224661.6753488
1766224667.6814263 1766225201.5725327
1766225204.5748887 1766225734.7058396
1766225737.7089112 1766226165.3344576
1766226173.3388891 1766226709.1093254
1766226710.110397 1766227107.7077868
1766227116.7168658 1766227592.863978
1766227602.8740487 1766228094.6031587
1766228097.6062303 1766228345.2264278
1766228355.2364964 1766228865.8874612
1766228867.889536 1766229432.176473
1766229435.1795506 1766229775.1352787
1766229779.1393523 1766230318.2955232
1766230323.3006024 1766230727.964673
1766230736.9708834 1766231296.7921937
1766231305.798889 1766231664.115878
1766231666.1179476 1766232188.597154
1766232189.598229 1766232616.9670882
1766232617.9681761 1766233080.996244
1766233091.0063214 1766233525.481403
1766233530.4864857 1766234036.7937207
1766234040.797801 1766234649.6113846
1766234653.6154606 1766235053.0058384
1766235056.0064256 1766235502.978705
1766235507.978889 1766235986.4257708
1766235992.4318433 1766236472.41952
1766236472.4195497 1766236911.6041605
1766236915.6082387 1766237167.6895852
1766237175.6948829 1766237694.8268957
1766237701.8308794 1766238015.465747
1766238019.4698248 1766238642.860287
1766238648.8663554 1766239032.9116147
1766239036.915145 1766239615.293091
1766239620.298171 1766240072.4123101
1766240073.4133832 1766240729.701733
1766240739.7118008 1766241210.7988803
1766241215.80288 1766241481.9969933
1766241481.997022 1766242025.8089986
1766242030.8140755 1766242460.7449927
1766242462.7470646 1766242933.0020413
1766242939.0081134 1766243424.3945265
1766243425.3955965 1766243571.3421586
1766243575.3462346 1766244170.8426037
1766244171.843276 1766244677.9739065
1766244687.9828875 1766245201.1682594
1766245210.174901 1766245667.4396274
1766245673.445703 1766246134.5333855
1766246134.5334148 1766246500.797801
1766246507.8003333 1766246864.3982077
1766246867.401282 1766247463.2121813
1766247465.2142591 1766247868.4457548
1766247875.451137 1766248186.127923
1766248192.1308804 1766248798.8964498
1766248802.9005194 1766249314.9683137
1766249315.9693866 1766249783.2420354
1766249786.2451096 1766250289.170151
1766250296.1772199 1766250693.9246016
1766250693.9246292 1766251150.1609108
1766251154.1649833 1766251648.4242394
1766251655.4313247 1766252108.9336586
1766252113.934885 1766252638.8575754
1766252644.8636508 1766253051.682688
1766253060.6917584 1766253675.0707388
1766253685.0788825 1766253972.2433848
1766253975.246454 1766254544.8222864
1766254551.8293571 1766254891.0663571
1766254896.0714285 1766255505.4168627
1766255506.4179363 1766255813.4623737
1766255818.46282 1766256342.7685182
1766256342.7685478 1766256639.4447052
1766256642.4468772 1766257256.7989173
1766257256.7989461 1766257835.9159997
1766257835.9160304 1766258124.7265944
1766258127.7269084 1766258686.6493375
1766258686.6493669 1766259341.1258962
1766259347.1319747 1766259568.2728574
1766259573.2779298 1766260263.0661447
1766260271.0742242 1766260736.2612493
1766260736.2612772 1766261255.5801718
1766261261.5862474 1766261710.0214396
1766261713.0245142 1766262139.7342126
1766262142.737282 1766262628.5734367
1766262633.5755231 1766262951.2057495
1766262951.2057807 1766263533.5517673
1766263535.5538352 1766264065.3115034
1766264067.3135872 1766264483.4976382
1766264487.5017107 1766264943.7314203
1766264953.7414937 1766265316.7015316
1766265324.7096055 1766266004.0794842
1766266013.0868912 1766266402.8440897
1766266410.8521657 1766266790.8833632
1766266792.8854387 1766267435.8239443
1766267437.8260167 1766267771.6836517
1766267777.6897213 1766268300.2316737
1766268301.232754 1766268612.9061527
1766268620.9142334 1766269117.6217144
1766269122.626298 1766269597.855037
1766269598.8561146 1766270145.6109903
