1754230109.5919545 1754230142.711018
1754230142.7110445 1754230172.3873615
1754230172.3873804 1754230204.3687336
1754230204.368763 1754230230.8750975
1754230230.8751147 1754230258.7149057
1754230258.714935 1754230275.9371848
1754230275.9372063 1754230303.8683913
1754230303.868418 1754230334.5732334
1754230334.5732546 1754230367.878427
1754230367.8784494 1754230400.0430431
1754230400.0430627 1754230432.929076
1754230432.9290981 1754230457.7765467
1754230457.7765763 1754230485.803688
1754230485.8037102 1754230510.4646037
1754230510.464635 1754230543.4854867
1754230543.4855075 1754230577.378232
1754230577.378255 1754230603.8467593
1754230603.846776 1754230629.0199544
1754230629.0199788 1754230658.6561797
1754230658.6562014 1754230704.51408
1754230704.5141037 1754230726.7940087
1754230726.7940261 1754230756.8586943
1754230756.858721 1754230787.7769618
1754230787.776989 1754230815.747989
1754230815.7480116 1754230838.8320408
1754230838.8320835 1754230875.4918423
1754230875.4918597 1754230904.4103482
1754230904.4103699 1754230933.6051617
1754230933.6051881 1754230970.3080783
1754230970.3080976 1754230999.599207
1754230999.5992281 1754231027.5758011
1754231027.5758283 1754231055.3876724
1754231055.3876982 1754231092.225151
1754231092.225172 1754231120.4271877
1754231120.4272106 1754231159.8696687
1754231159.8696914 1754231182.1699798
1754231182.170005 1754231223.3718693
1754231223.3718865 1754231246.8417087
1754231246.8417463 1754231281.6070046
1754231281.6070273 1754231314.3609152
1754231314.360937 1754231339.966048
1754231339.9660683 1754231365.690029
1754231365.690056 1754231395.271054
1754231395.2710774 1754231437.4822705
1754231437.482289 1754231476.4325821
1754231476.4326055 1754231490.9664242
1754231490.9664466 1754231517.0941596
1754231517.0941765 1754231554.4240053
1754231554.424028 1754231585.318778
1754231585.3187964 1754231615.1123433
1754231615.1123624 1754231643.7782354
1754231643.7782557 1754231673.8635252
1754231673.8635445 1754231702.5541322
1754231702.5541506 1754231744.4291208
1754231744.4291437 1754231775.1766436
1754231775.1766846 1754231811.1610863
1754231811.161109 1754231843.9494328
1754231843.9494538 1754231871.060126
1754231871.0601442 1754231903.7429237
1754231903.742943 1754231928.1392376
1754231928.1392581 1754231956.5855734
1754231956.5856047 1754231989.8006587
1754231989.8006825 1754232025.6463614
1754232025.6463814 1754232059.7962267
1754232059.7962477 1754232089.3205857
1754232089.3206365 1754232122.239887
1754232122.2399106 1754232152.8057356
1754232152.805752 1754232193.322769
1754232193.3227952 1754232223.1446607
1754232223.144681 1754232257.1397133
1754232257.1397352 1754232291.9459949
1754232291.9460192 1754232321.6417744
1754232321.6417968 1754232346.878162
1754232346.878182 1754232373.8777182
1754232373.8777404 1754232408.4297736
1754232408.4297907 1754232440.8268611
1754232440.8268807 1754232481.4682455
1754232481.4682872 1754232502.5536835
1754232502.5537045 1754232532.847351
1754232532.8473704 1754232563.4756172
1754232563.47564 1754232591.8541272
1754232591.8541434 1754232621.7301767
1754232621.7301974 1754232651.830114
1754232651.8301353 1754232685.794895
1754232685.794916 1754232705.9266248
1754232705.9266496 1754232738.4971473
1754232738.497167 1754232765.05213
1754232765.0521536 1754232790.5870929
1754232790.5871134 1754232823.3937228
1754232823.3937454 1754232850.614174
1754232850.6141949 1754232885.5944047
1754232885.5944235 1754232914.8167732
1754232914.8167906 1754232941.3671877
1754232941.3672082 1754232973.5673878
1754232973.5674064 1754233004.603934
1754233004.6039522 1754233030.9717295
1754233030.9717472 1754233072.7571163
1754233072.7571409 1754233101.8976548
1754233101.8976786 1754233125.4109826
1754233125.4110074 1754233149.8945744
1754233149.8945968 1754233177.617732
1754233177.6177485 1754233203.260736
1754233203.2607522 1754233235.3225954
1754233235.322618 1754233271.1047382
1754233271.1047595 1754233299.3214145
1754233299.321434 1754233339.96924
1754233339.9692602 1754233367.1302173
1754233367.1302402 1754233410.1608088
1754233410.1608315 1754233442.7598763
1754233442.7598941 1754233466.1387331
1754233466.1387575 1754233498.1279633
1754233498.1279833 1754233525.5116637
1754233525.5116901 1754233550.8524587
1754233550.8524787 1754233582.028467
1754233582.0284917 1754233608.7566514
1754233608.756673 1754233646.3425293
1754233646.3425474 1754233686.0457134
1754233686.045737 1754233720.1575072
1754233720.1575317 1754233750.258131
1754233750.258157 1754233778.0002034
1754233778.0002265 1754233803.6152592
1754233803.615277 1754233830.7523997
1754233830.7524264 1754233862.6353765
1754233862.6353948 1754233888.5500298
1754233888.550056 1754233918.4169586
1754233918.4169822 1754233944.2830706
1754233944.283124 1754233972.1632395
1754233972.1632712 1754233990.6599965
1754233990.6600153 1754234021.7882645
1754234021.7882893 1754234048.1670275
1754234048.1670506 1754234081.5896814
1754234081.589698 1754234111.7110162
1754234111.7110393 1754234132.819347
1754234132.8193667 1754234163.141452
1754234163.141478 1754234193.766896
1754234193.766923 1754234231.7852585
1754234231.7852776 1754234256.2279768
1754234256.2280023 1754234282.8273194
1754234282.8273413 1754234311.763734
1754234311.763756 1754234341.1298995
1754234341.1299167 1754234376.408072
1754234376.408092 1754234404.3217516
1754234404.321779 1754234430.1881287
1754234430.1881478 1754234464.5321662
1754234464.5321963 1754234495.8617074
1754234495.861728 1754234526.544034
1754234526.5440602 1754234561.4998538
1754234561.4998777 1754234590.4474764
1754234590.4474962 1754234622.50537
1754234622.5053933 1754234654.571883
1754234654.5719004 1754234683.7978015
1754234683.7978246 1754234707.0355117
1754234707.0355322 1754234733.2223852
1754234733.2224083 1754234771.426053
1754234771.4260716 1754234797.1707525
1754234797.1707714 1754234833.3476896
1754234833.347712 1754234863.790089
1754234863.7901056 1754234889.2197087
1754234889.2197378 1754234919.6733913
1754234919.6734204 1754234947.8983955
1754234947.8984466 1754234977.4472938
1754234977.447315 1754235010.2456985
1754235010.24572 1754235039.3881822
1754235039.3882377 1754235073.0842927
1754235073.0843132 1754235101.488368
1754235101.4883978 1754235133.3236973
1754235133.3237238 1754235166.1744914
1754235166.174529 1754235195.875274
1754235195.8752933 1754235226.9875307
1754235226.987552 1754235257.9830706
1754235257.9830995 1754235286.3486807
1754235286.3486972 1754235315.2626407
1754235315.2626638 1754235344.847542
1754235344.8475716 1754235372.5268497
1754235372.5268693 1754235397.9605942
1754235397.9606192 1754235425.531658
1754235425.531678 1754235460.190581
1754235460.1906064 1754235489.433086
1754235489.433111 1754235522.3921704
1754235522.3921986 1754235548.236172
1754235548.2361922 1754235576.7424073
1754235576.742431 1754235607.1360767
1754235607.1361015 1754235632.542754
1754235632.542774 1754235660.299434
1754235660.2994535 1754235694.0980375
1754235694.098056 1754235722.4435484
1754235722.4435985 1754235756.0708609
1754235756.0708768 1754235786.2384546
1754235786.2384753 1754235809.8070576
1754235809.8070827 1754235838.7212725
1754235838.7212958 1754235878.6031578
1754235878.6031811 1754235906.2263496
1754235906.2263732 1754235932.712605
1754235932.712635 1754235963.048195
1754235963.0482163 1754235999.9501064
1754235999.950128 1754236026.2923408
1754236026.2923665 1754236048.7273555
1754236048.7273812 1754236080.8511412
1754236080.851161 1754236115.9106717
1754236115.9106884 1754236150.5103345
1754236150.510364 1754236175.0020096
1754236175.0020378 1754236201.1520147
1754236201.1520326 1754236231.2038713
1754236231.203899 1754236256.1590257
1754236256.1590526 1754236279.2630026
1754236279.2630277 1754236310.8484774
1754236310.8485003 1754236344.9406493
1754236344.9406714 1754236377.7243626
1754236377.724391 1754236406.7061567
1754236406.706174 1754236441.9988618
1754236441.9988902 1754236472.02947
1754236472.0294883 1754236507.5461407
1754236507.5461643 1754236545.191505
1754236545.1915243 1754236576.3126953
1754236576.3127239 1754236605.9910047
1754236605.9910223 1754236636.531309
1754236636.531326 1754236663.1266654
1754236663.1266935 1754236703.6007614
1754236703.600781 1754236732.946106
1754236732.946144 1754236762.2854846
1754236762.2855022 1754236791.540545
1754236791.5405724 1754236823.7322063
1754236823.732231 1754236851.5649521
1754236851.564981 1754236883.6677978
1754236883.66782 1754236920.3349214
1754236920.3349426 1754236949.469409
1754236949.4694436 1754236981.851868
1754236981.8518877 1754237012.6938987
1754237012.6939268 1754237048.8366973
1754237048.836715 1754237070.7474284
1754237070.7474551 1754237103.4944046
1754237103.4944258 1754237131.256406
1754237131.2564347 1754237154.713918
1754237154.713936 1754237183.399513
1754237183.3995342 1754237215.9291224
1754237215.9291449 1754237240.8083324
1754237240.8083534 1754237265.829725
1754237265.8297577 1754237297.3651018
1754237297.3651216 1754237323.1631644
1754237323.1631882 1754237353.0674086
1754237353.0674276 1754237392.4910343
1754237392.4910655 1754237423.5959337
1754237423.595958 1754237450.5998847
1754237450.5999074 1754237479.887262
1754237479.887286 1754237511.7391748
1754237511.7391963 1754237543.1608093
1754237543.160837 1754237573.3294
1754237573.3294175 1754237603.2351475
1754237603.235169 1754237632.0287986
1754237632.0288286 1754237658.5400336
1754237658.5400572 1754237691.9426482
1754237691.9426706 1754237720.8030899
1754237720.8031147 1754237752.3184855
1754237752.3185089 1754237786.2438297
1754237786.2438645 1754237815.668456
1754237815.6684835 1754237845.837022
1754237845.8370414 1754237870.2340972
1754237870.2341256 1754237906.4527314
1754237906.4527524 1754237935.5631866
1754237935.563211 1754237961.9434605
1754237961.943482 1754237995.8336134
1754237995.8336313 1754238018.5364094
1754238018.5364304 1754238052.1604614
1754238052.1604865 1754238079.827734
1754238079.8277543 1754238111.1779711
1754238111.177997 1754238135.160419
1754238135.160441 1754238161.7058141
1754238161.7058408 1754238190.7101035
1754238190.7101247 1754238217.1786492
1754238217.178668 1754238241.9068482
1754238241.9068758 1754238270.7257907
1754238270.725812 1754238301.78652
1754238301.7865431 1754238324.2606423
1754238324.2606618 1754238364.4507406
1754238364.4507606 1754238390.503765
1754238390.5037878 1754238423.2349029
1754238423.2349243 1754238452.6993556
1754238452.699375 1754238484.9283779
1754238484.9284034 1754238520.3632247
1754238520.3632479 1754238548.9694238
1754238548.9694502 1754238580.7208004
1754238580.7208192 1754238612.6393147
1754238612.6393416 1754238631.036484
1754238631.0365036 1754238661.5668325
1754238661.5668578 1754238695.9096036
1754238695.909622 1754238722.9537957
1754238722.9538221 1754238746.0052726
1754238746.0052931 1754238773.3511753
1754238773.3511922 1754238803.7422264
1754238803.7422495 1754238830.4725199
1754238830.472543 1754238864.7858293
1754238864.7858505 1754238895.7369754
1754238895.7369952 1754238930.892459
1754238930.8924847 1754238963.526338
1754238963.5263557 1754238991.6627674
1754238991.662803 1754239026.512162
1754239026.5121808 1754239054.2998106
1754239054.299837 1754239082.5773025
1754239082.5773294 1754239110.2212067
1754239110.2212253 1754239142.530584
1754239142.5306127 1754239171.1814134
1754239171.181435 1754239203.2581725
1754239203.2581975 1754239229.725084
1754239229.7251039 1754239258.208346
1754239258.208387 1754239286.2630825
1754239286.2631104 1754239317.0033443
1754239317.0033712 1754239345.5585701
1754239345.558596 1754239372.224874
1754239372.2248924 1754239398.2553246
1754239398.2553499 1754239422.5566597
1754239422.5566814 1754239454.055653
1754239454.0556746 1754239480.9059112
1754239480.9059348 1754239510.47526
1754239510.4752836 1754239543.123008
1754239543.1230254 1754239576.8268514
1754239576.8268754 1754239607.3178656
1754239607.3178854 1754239651.625357
1754239651.6253736 1754239670.3917162
1754239670.391744 1754239705.2250268
1754239705.2250469 1754239741.4769943
1754239741.4770272 1754239770.5531154
1754239770.5531325 1754239800.7798169
1754239800.7798526 1754239830.6451023
1754239830.6451352 1754239865.5089684
1754239865.5089922 1754239897.3018582
1754239897.301876 1754239925.3549702
1754239925.3549936 1754239954.8365548
1754239954.8365748 1754239985.6845918
1754239985.6846285 1754240018.9246204
1754240018.924636 1754240053.5139258
1754240053.5139503 1754240091.490572
1754240091.4905887 1754240121.887177
1754240121.8871973 1754240153.3767602
1754240153.3767912 1754240179.0616481
1754240179.0616705 1754240209.9446883
1754240209.9447181 1754240239.9393399
1754240239.9393659 1754240274.2310429
1754240274.231062 1754240308.0839057
1754240308.0839343 1754240335.8723762
1754240335.8724027 1754240370.5984845
1754240370.5985048 1754240398.456613
1754240398.4566438 1754240426.7692893
1754240426.76932 1754240456.9469993
1754240456.947022 1754240489.1627722
1754240489.162791 1754240527.0475802
1754240527.0476027 1754240560.3807433
1754240560.3807745 1754240591.0236723
1754240591.023702 1754240629.513288
1754240629.5133064 1754240660.8849692
1754240660.884993 1754240686.1268125
1754240686.126831 1754240713.7167351
1754240713.7167537 1754240737.0017397
1754240737.0017684 1754240763.704736
1754240763.704756 1754240795.968987
1754240795.9690096 1754240825.3550835
1754240825.3551023 1754240859.9048777
1754240859.9049137 1754240892.760214
1754240892.7602353 1754240922.5662768
1754240922.566297 1754240945.8581202
1754240945.8581462 1754240975.637678
1754240975.637697 1754241005.004703
1754241005.0047307 1754241031.7579193
1754241031.757941 1754241059.8722496
1754241059.8722744 1754241095.6626084
1754241095.6626296 1754241129.0539763
1754241129.0539935 1754241155.3403566
1754241155.340382 1754241183.5942533
1754241183.594272 1754241214.6174743
1754241214.6174972 1754241232.8404775
1754241232.8404973 1754241268.5250604
1754241268.52508 1754241305.8677242
1754241305.8677492 1754241333.1143026
1754241333.1143322 1754241361.3032715
1754241361.3032897 1754241391.7597392
1754241391.7597635 1754241426.8962326
1754241426.8962567 1754241456.626737
1754241456.6267583 1754241487.321994
1754241487.3220127 1754241523.617777
1754241523.6177974 1754241554.5949497
1754241554.5949743 1754241588.013231
1754241588.013251 1754241617.3506284
1754241617.350655 1754241641.9836981
1754241641.9837193 1754241670.4754417
1754241670.4754674 1754241702.790758
1754241702.7907777 1754241732.7448466
1754241732.7448723 1754241759.9131992
1754241759.91324 1754241794.8357823
1754241794.8358073 1754241826.9190278
1754241826.9190543 1754241846.4543283
1754241846.4543507 1754241883.5175788
1754241883.5175993 1754241910.9432018
1754241910.9432209 1754241941.9246516
1754241941.9246771 1754241969.9942915
1754241969.9943116 1754241997.002775
1754241997.0027945 1754242026.6914165
1754242026.6914444 1754242061.108804
1754242061.108822 1754242093.2525954
1754242093.2526197 1754242116.341804
1754242116.3418229 1754242157.6018932
1754242157.6019158 1754242183.6314778
1754242183.6315053 1754242214.4503138
1754242214.4503365 1754242245.184747
1754242245.184773 1754242274.0648768
1754242274.0649111 1754242303.3827722
1754242303.3827913 1754242330.8669057
1754242330.8669372 1754242359.209021
1754242359.2090406 1754242393.342824
1754242393.34285 1754242421.9429493
1754242421.942968 1754242458.5788777
1754242458.5788972 1754242486.5801964
1754242486.5802207 1754242510.8139892
1754242510.8140051 1754242546.0471148
1754242546.0471437 1754242577.8970861
1754242577.897106 1754242610.5128994
1754242610.5129335 1754242648.74918
1754242648.7492096 1754242680.5599713
1754242680.5599911 1754242709.5708647
1754242709.5708826 1754242735.5525506
1754242735.5525882 1754242761.4270627
1754242761.4270856 1754242790.058221
1754242790.0582495 1754242816.7986078
1754242816.7986257 1754242857.0683165
1754242857.068342 1754242886.660129
1754242886.660149 1754242920.4821799
1754242920.4822023 1754242941.2364213
1754242941.2364519 1754242970.8294253
1754242970.8294494 1754243003.6656907
1754243003.665721 1754243027.9730937
1754243027.9731128 1754243060.1402574
1754243060.1403022 1754243091.533001
1754243091.5330238 1754243126.2268543
1754243126.2268786 1754243156.6824808
1754243156.6825066 1754243184.7922397
1754243184.7922647 1754243209.0092058
1754243209.0092242 1754243245.1114702
1754243245.1114926 1754243264.146414
1754243264.146432 1754243300.8937516
1754243300.893774 1754243327.2410326
1754243327.2410786 1754243351.5482247
1754243351.548247 1754243380.487599
1754243380.4876232 1754243407.5492375
1754243407.5492601 1754243444.0306199
1754243444.0306404 1754243462.3957522
1754243462.39577 1754243497.5452452
1754243497.5452707 1754243524.828151
1754243524.82818 1754243556.3533566
1754243556.353376 1754243590.5732737
1754243590.5732975 1754243624.5216615
1754243624.5216813 1754243654.7578819
1754243654.757908 1754243680.400707
1754243680.4007347 1754243715.2132072
1754243715.2132242 1754243746.0120556
1754243746.0120795 1754243778.890487
1754243778.8905096 1754243810.1063068
1754243810.1063275 1754243842.2766397
1754243842.276671 1754243867.0957112
1754243867.0957394 1754243897.4538233
1754243897.453845 1754243922.9359913
1754243922.9360335 1754243955.3652816
1754243955.3653011 1754243983.1780822
1754243983.178105 1754244006.7484996
1754244006.748522 1754244043.1833656
1754244043.1833937 1754244071.8061686
1754244071.806187 1754244103.1337721
1754244103.1338 1754244137.000778
1754244137.000798 1754244161.041165
1754244161.0411837 1754244199.3762398
1754244199.3762665 1754244224.1360302
1754244224.1360557 1754244255.7012124
1754244255.7012362 1754244283.6461754
1754244283.6462004 1754244315.6013167
1754244315.6013317 1754244347.0049975
1754244347.005026 1754244374.3078012
1754244374.307823 1754244399.1564107
1754244399.156436 1754244431.5841603
1754244431.584182 1754244455.2008486
1754244455.2008777 1754244493.50812
1754244493.5081453 1754244528.8318853
1754244528.831915 1754244565.7831976
1754244565.783229 1754244597.6420875
1754244597.6421094 1754244629.684126
1754244629.6841507 1754244652.9154034
1754244652.9154365 1754244679.5261176
1754244679.526136 1754244706.150332
1754244706.1503565 1754244740.520706
1754244740.5207248 1754244767.4857671
1754244767.4857938 1754244799.725756
1754244799.725778 1754244822.9650578
1754244822.9650795 1754244849.1951926
1754244849.1952164 1754244876.8528485
1754244876.8528743 1754244905.9586716
1754244905.9586897 1754244938.7960877
1754244938.7961223 1754244967.8091512
1754244967.809171 1754244999.3193872
1754244999.3194137 1754245029.7192154
1754245029.7192338 1754245062.0735056
1754245062.073531 1754245089.827191
1754245089.8272178 1754245122.4788094
1754245122.4788313 1754245153.818219
1754245153.818238 1754245186.7902653
1754245186.7902837 1754245213.8106716
1754245213.8106976 1754245245.2072775
1754245245.2072978 1754245280.130194
1754245280.130216 1754245314.4100003
1754245314.4100258 1754245338.7714667
1754245338.7714915 1754245369.8954275
1754245369.895461 1754245396.106648
1754245396.106672 1754245427.1803663
1754245427.1803896 1754245454.555198
1754245454.5552502 1754245482.6717503
1754245482.6717727 1754245517.2329175
1754245517.2329433 1754245546.553559
1754245546.553578 1754245573.9646206
1754245573.964646 1754245600.2495387
1754245600.2495596 1754245628.0200634
1754245628.02009 1754245660.165716
1754245660.165739 1754245682.2388473
1754245682.2388828 1754245715.901166
1754245715.901184 1754245742.3039484
1754245742.3039753 1754245772.107278
1754245772.1073017 1754245799.5901644
1754245799.5901916 1754245830.7099426
1754245830.7099638 1754245870.2029724
1754245870.2029965 1754245902.215462
1754245902.2154844 1754245936.1563628
1754245936.1564062 1754245957.869594
1754245957.869614 1754245981.2767477
1754245981.2767713 1754246014.728941
1754246014.7289627 1754246055.213332
1754246055.2133498 1754246084.0386293
1754246084.0386546 1754246119.5546396
1754246119.554658 1754246144.8563616
1754246144.856389 1754246183.8583481
1754246183.85837 1754246210.2061114
1754246210.206135 1754246234.1654484
1754246234.1654668 1754246265.9008763
1754246265.9009006 1754246299.135196
1754246299.135215 1754246330.267589
1754246330.2676156 1754246359.3154602
1754246359.315482 1754246388.3536515
1754246388.3536704 1754246414.8457544
1754246414.8457775 1754246447.577109
1754246447.5771308 1754246478.7021823
1754246478.7022038 1754246509.3127077
1754246509.3127332 1754246544.5831676
1754246544.5831926 1754246574.7951891
1754246574.795208 1754246603.8790555
1754246603.8790998 1754246629.6487796
1754246629.648829 1754246659.5262213
1754246659.5262542 1754246690.6626062
1754246690.6626291 1754246719.532644
1754246719.5326672 1754246751.2441502
1754246751.244195 1754246778.7037318
1754246778.7037528 1754246808.5594175
1754246808.5594416 1754246830.8523428
1754246830.852373 1754246855.526614
1754246855.5266373 1754246880.6701076
1754246880.6701307 1754246912.0193908
1754246912.0194118 1754246941.8142982
1754246941.814325 1754246971.793651
1754246971.7936726 1754247006.3570733
1754247006.357096 1754247028.6962798
1754247028.6963015 1754247058.2899156
1754247058.2899392 1754247084.7627368
1754247084.7627573 1754247109.296656
1754247109.2966866 1754247129.7499435
1754247129.7499664 1754247161.7376316
1754247161.7376487 1754247195.175067
1754247195.1750898 1754247223.2553504
1754247223.2553704 1754247254.6948035
1754247254.6948256 1754247286.7137077
1754247286.7137263 1754247320.956044
1754247320.9560847 1754247349.8586411
1754247349.8586676 1754247376.5011704
1754247376.5011938 1754247404.6415274
1754247404.6415565 1754247428.6057544
1754247428.605773 1754247465.6602442
1754247465.6602664 1754247491.4586632
1754247491.4586916 1754247522.8134654
1754247522.8134863 1754247546.7438412
1754247546.7438648 1754247573.97377
1754247573.97379 1754247610.062904
1754247610.0629246 1754247635.1743803
1754247635.174399 1754247673.4394398
1754247673.4394608 1754247699.31787
1754247699.3179038 1754247732.1752067
1754247732.1752303 1754247762.5613134
1754247762.561336 1754247796.9899547
1754247796.9899797 1754247824.3981607
1754247824.39819 1754247858.3906686
1754247858.3906918 1754247887.3286488
1754247887.32867 1754247913.199619
1754247913.1996422 1754247939.077376
1754247939.0774043 1754247969.0128336
1754247969.0128765 1754247998.0683224
1754247998.0683477 1754248029.4472237
1754248029.4472418 1754248058.1161811
1754248058.116206 1754248086.2158344
1754248086.2158577 1754248110.3585773
1754248110.3586001 1754248148.6296587
1754248148.6296868 1754248176.9525878
1754248176.9526083 1754248201.383292
1754248201.3833194 1754248231.1091373
1754248231.1091542 1754248256.14594
1754248256.1459594 1754248289.5694582
1754248289.5694797 1754248312.2243705
1754248312.2243955 1754248348.3052151
1754248348.3052433 1754248382.346713
1754248382.3467329 1754248404.4595716
1754248404.4595935 1754248437.0921671
1754248437.0921862 1754248457.3582811
1754248457.3583071 1754248488.3865793
1754248488.3865979 1754248518.5668645
1754248518.5668902 1754248548.2269287
1754248548.2269473 1754248576.1814632
1754248576.181485 1754248606.996483
1754248606.9965005 1754248634.2753687
1754248634.2753901 1754248665.0355582
1754248665.0355978 1754248705.745013
1754248705.745038 1754248733.8622708
1754248733.8622904 1754248762.8771472
1754248762.8771813 1754248790.2859004
1754248790.2859194 1754248819.3821194
1754248819.3821428 1754248856.8869905
1754248856.8870156 1754248888.8772025
1754248888.8772266 1754248927.6007802
1754248927.6008017 1754248952.4092577
1754248952.4092815 1754248987.7470415
1754248987.7470644 1754249018.5482447
1754249018.5482721 1754249045.3638396
1754249045.3638673 1754249071.357398
1754249071.3574233 1754249102.1309679
1754249102.130987 1754249132.9277844
1754249132.9278083 1754249166.6564462
1754249166.6564643 1754249201.4743338
1754249201.4743536 1754249232.226236
1754249232.2262692 1754249265.4709654
1754249265.4709947 1754249285.1031024
1754249285.103122 1754249315.3368704
1754249315.336888 1754249349.7089164
1754249349.7089455 1754249379.7502112
1754249379.7502575 1754249405.510055
1754249405.510075 1754249439.539752
1754249439.5397716 1754249479.4951332
1754249479.4951563 1754249517.654874
1754249517.6548948 1754249559.5275748
1754249559.5276196 1754249592.6119134
1754249592.6119308 1754249617.743789
1754249617.7438157 1754249645.3896294
1754249645.3896663 1754249668.9046576
1754249668.9046857 1754249704.4278824
1754249704.4279044 1754249732.3098266
1754249732.3098574 1754249759.986142
1754249759.9861724 1754249793.803736
1754249793.8037598 1754249827.9006982
1754249827.9007301 1754249859.8988602
1754249859.8988822 1754249880.7594743
1754249880.759498 1754249909.7624052
1754249909.7624285 1754249935.982599
1754249935.9826252 1754249967.443099
1754249967.4431334 1754249995.970366
1754249995.9703906 1754250035.2400315
1754250035.2400563 1754250065.0777483
1754250065.0777652 1754250091.5722537
1754250091.572281 1754250119.8966856
1754250119.8967028 1754250148.9509053
1754250148.95093 1754250172.771021
1754250172.771041 1754250204.9889333
1754250204.9889598 1754250232.9257572
1754250232.9257786 1754250266.0912955
1754250266.0913186 1754250297.7248063
1754250297.7248356 1754250332.8759115
1754250332.875932 1754250355.5338047
1754250355.5338306 1754250387.731334
1754250387.7313545 1754250423.4103868
1754250423.4104133 1754250453.9949603
1754250453.9949918 1754250484.5904467
1754250484.5904665 1754250514.6932414
1754250514.6932633 1754250539.428991
1754250539.4290257 1754250571.3247547
1754250571.324787 1754250603.088632
1754250603.0886545 1754250637.0986521
1754250637.0986757 1754250671.0882442
1754250671.0882647 1754250702.5303705
1754250702.5303898 1754250733.9911585
1754250733.9911852 1754250764.6781237
1754250764.6781604 1754250794.975342
1754250794.975368 1754250829.014511
1754250829.0145319 1754250860.0919588
1754250860.0919886 1754250892.0086622
1754250892.0086844 1754250922.0801334
1754250922.0801651 1754250956.0942812
1754250956.0943007 1754250991.3283145
1754250991.3283393 1754251020.9117188
1754251020.9117358 1754251052.331263
1754251052.3312886 1754251079.5636342
1754251079.5636578 1754251118.6959972
1754251118.6960251 1754251148.9472349
1754251148.9472632 1754251174.8421938
1754251174.8422158 1754251200.6706717
1754251200.6706927 1754251227.640749
1754251227.6407728 1754251252.1885796
1754251252.1886082 1754251284.1932561
1754251284.193276 1754251313.9023242
1754251313.902345 1754251338.3349347
1754251338.3349657 1754251376.657904
1754251376.6579356 1754251407.6207016
1754251407.6207314 1754251432.7841659
1754251432.7841935 1754251459.05414
1754251459.0541673 1754251490.7152855
1754251490.7153263 1754251520.622101
1754251520.6221259 1754251552.0766814
1754251552.0767024 1754251581.554417
1754251581.5544443 1754251604.9735677
1754251604.973593 1754251632.240576
1754251632.240598 1754251666.0361507
1754251666.036173 1754251699.273236
1754251699.2732792 1754251731.9113147
1754251731.9113338 1754251761.5229993
1754251761.5230227 1754251799.91515
1754251799.9151764 1754251835.547984
1754251835.5480099 1754251865.2906115
1754251865.2906287 1754251893.8609734
1754251893.8610137 1754251921.1726286
1754251921.1726494 1754251951.2938368
1754251951.2938612 1754251976.5895743
1754251976.5896177 1754252006.04404
1754252006.044061 1754252026.9408576
1754252026.9408863 1754252057.795431
1754252057.795451 1754252084.7913654
1754252084.7913845 1754252119.229255
1754252119.2292783 1754252164.4893432
1754252164.489369 1754252188.7144706
1754252188.7144878 1754252229.0870943
1754252229.0871217 1754252253.8451202
1754252253.8451421 1754252282.8924422
1754252282.8924687 1754252317.1715548
1754252317.1716065 1754252343.8665192
1754252343.8665428 1754252378.075349
1754252378.0753763 1754252408.0799615
1754252408.0799828 1754252434.7317667
1754252434.7317874 1754252462.1336384
1754252462.13367 1754252487.0602171
1754252487.0602381 1754252516.6942255
1754252516.694254 1754252544.3541284
1754252544.354156 1754252584.8055775
1754252584.8056004 1754252607.1238725
1754252607.1238909 1754252640.2934344
1754252640.29346 1754252675.8798604
1754252675.8798826 1754252708.7824726
1754252708.7825046 1754252737.5534332
1754252737.553451 1754252765.8737793
1754252765.8738027 1754252793.3097079
1754252793.3097258 1754252816.7148473
1754252816.7148736 1754252847.7174387
1754252847.7174656 1754252882.4681678
1754252882.4681861 1754252913.3125777
1754252913.3125997 1754252938.271419
1754252938.2714446 1754252961.69417
1754252961.6941962 1754252994.5506854
1754252994.5507104 1754253018.4562283
1754253018.4562492 1754253045.65248
1754253045.6525056 1754253076.0975347
1754253076.097576 1754253108.014082
1754253108.0141082 1754253140.2696037
1754253140.2696269 1754253170.2802227
1754253170.280249 1754253191.8600092
1754253191.860033 1754253218.1347075
1754253218.134731 1754253248.8705425
1754253248.8705611 1754253281.1723962
1754253281.1724224 1754253313.716882
1754253313.7169044 1754253345.9320722
1754253345.9321065 1754253372.837285
1754253372.8373091 1754253401.7200248
1754253401.7200468 1754253430.2497938
1754253430.2498174 1754253463.1889305
1754253463.188953 1754253501.7736201
1754253501.7736473 1754253526.5205936
1754253526.5206153 1754253560.5120962
1754253560.5121377 1754253592.8240588
1754253592.8240807 1754253621.4424138
1754253621.4424384 1754253655.0042017
1754253655.0042238 1754253682.4902997
1754253682.4903204 1754253711.4431922
1754253711.4432166 1754253747.2281055
1754253747.2281282 1754253777.1741757
1754253777.174198 1754253809.7591536
1754253809.759178 1754253840.273404
1754253840.2734265 1754253873.9495995
1754253873.9496312 1754253896.6481776
1754253896.6482086 1754253928.7392688
1754253928.7392957 1754253967.9515543
1754253967.9515786 1754253991.6285677
1754253991.6285915 1754254033.1217475
1754254033.1217763 1754254063.5820181
1754254063.5820417 1754254094.323162
1754254094.3231812 1754254121.212217
1754254121.21224 1754254152.8188353
1754254152.8188574 1754254184.9565673
1754254184.956593 1754254215.8529344
1754254215.8529553 1754254255.2997456
1754254255.2997715 1754254288.3056328
1754254288.3056588 1754254314.1168725
1754254314.1168976 1754254339.917309
1754254339.9173317 1754254367.4029224
1754254367.4029415 1754254397.6485863
1754254397.6486125 1754254425.7484112
1754254425.7484334 1754254448.531228
1754254448.5312495 1754254475.1259723
1754254475.1260014 1754254496.8102553
1754254496.810285 1754254523.2939389
1754254523.2939682 1754254551.8367832
1754254551.8368142 1754254584.6523328
1754254584.65236 1754254617.4910266
1754254617.4910522 1754254650.1470165
1754254650.1470423 1754254674.0934331
1754254674.0934544 1754254709.0157323
1754254709.0157547 1754254731.3924408
1754254731.3924632 1754254758.1431491
1754254758.143172 1754254797.6100638
1754254797.6100848 1754254829.0490253
1754254829.0490546 1754254856.354235
1754254856.3542554 1754254889.4404147
1754254889.440442 1754254921.6490228
1754254921.6490436 1754254958.8525896
1754254958.8526115 1754254990.9578114
1754254990.9578295 1754255012.5776937
1754255012.5777192 1754255040.9450366
1754255040.9450636 1754255071.5355365
1754255071.5355809 1754255100.8585527
1754255100.858575 1754255135.4182801
1754255135.4182992 1754255167.5055048
1754255167.5055296 1754255197.943882
1754255197.9439049 1754255226.7581284
1754255226.7581575 1754255257.8177857
1754255257.8178093 1754255281.9212902
1754255281.9213128 1754255311.8962302
1754255311.8962536 1754255349.2247913
1754255349.2248273 1754255372.6004684
1754255372.6004891 1754255403.311106
1754255403.3111305 1754255432.3569586
1754255432.3569832 1754255459.9199753
1754255459.9199965 1754255495.1456988
1754255495.14572 1754255521.2940083
1754255521.2940304 1754255553.8831198
1754255553.8831496 1754255583.2242599
1754255583.2242892 1754255612.0048127
1754255612.0048432 1754255647.2100346
1754255647.2100592 1754255682.7853558
1754255682.7853804 1754255712.194152
1754255712.1941693 1754255746.6258929
1754255746.6259184 1754255771.799931
1754255771.7999575 1754255799.5104167
1754255799.5104394 1754255824.3974771
1754255824.3974972 1754255850.188848
1754255850.188873 1754255886.6594625
1754255886.6594794 1754255913.0024366
1754255913.0024629 1754255940.961655
1754255940.9616785 1754255971.4263728
1754255971.4263933 1754256003.824432
1754256003.8244605 1754256026.8515015
1754256026.8515236 1754256055.5907934
1754256055.590813 1754256093.7628582
1754256093.7628846 1754256115.8047209
1754256115.8047423 1754256148.1173499
1754256148.1173885 1754256177.9005525
1754256177.9005723 1754256201.9778347
1754256201.9778595 1754256234.3437028
1754256234.3437276 1754256266.0979211
1754256266.0979538 1754256298.7867613
1754256298.7867815 1754256332.3969402
1754256332.3969598 1754256359.4930613
1754256359.4930892 1754256395.4466345
1754256395.4466596 1754256432.1419942
1754256432.1420329 1754256467.1946266
1754256467.1946456 1754256505.177916
1754256505.1779408 1754256528.658748
1754256528.658775 1754256557.3462842
1754256557.346308 1754256589.0698633
1754256589.069884 1754256617.887754
1754256617.8877826 1754256653.227169
1754256653.2271872 1754256682.2448854
1754256682.2449112 1754256710.6255922
1754256710.6256142 1754256733.6994205
1754256733.6994398 1754256765.8107228
1754256765.8107493 1754256791.1782627
1754256791.1782856 1754256826.0188832
1754256826.018905 1754256861.691405
1754256861.6914334 1754256901.899003
1754256901.8990285 1754256929.4741302
1754256929.4741492 1754256960.8287582
1754256960.8287811 1754256989.7400222
1754256989.7400508 1754257021.649001
1754257021.649039 1754257044.4712336
1754257044.4712517 1754257079.287041
1754257079.2870672 1754257112.2029893
1754257112.2030096 1754257142.8637712
1754257142.8638008 1754257173.0345945
1754257173.0346165 1754257201.104744
1754257201.1047728 1754257232.318144
1754257232.3181632 1754257259.1249843
1754257259.1250055 1754257291.5142226
1754257291.5142484 1754257322.7872524
1754257322.7872767 1754257353.9425929
1754257353.942615 1754257382.9356356
1754257382.9356608 1754257413.3132656
1754257413.313287 1754257442.2376196
1754257442.2376401 1754257477.9031565
1754257477.9031823 1754257508.669229
1754257508.669269 1754257544.1527467
1754257544.152773 1754257577.9639828
1754257577.9640164 1754257604.8511124
1754257604.8511329 1754257631.0744455
1754257631.074465 1754257670.9226196
1754257670.9226425 1754257691.0207622
1754257691.0207973 1754257719.3548656
1754257719.3548825 1754257757.456764
1754257757.456788 1754257786.051478
1754257786.0515053 1754257814.2704911
1754257814.2705183 1754257850.0545619
1754257850.0545874 1754257881.60818
1754257881.6082041 1754257913.4037046
1754257913.403725 1754257942.4802504
1754257942.480277 1754257967.2954988
1754257967.2955174 1754257990.8690655
1754257990.8690932 1754258028.1861117
1754258028.1861324 1754258056.6045527
1754258056.604578 1754258091.133741
1754258091.1337714 1754258117.4616299
1754258117.4616528 1754258157.1594434
1754258157.1594625 1754258182.816451
1754258182.8164775 1754258209.8550766
1754258209.8550975 1754258242.7360992
1754258242.7361264 1754258277.3625433
1754258277.3625667 1754258306.3402379
1754258306.3402603 1754258334.0635602
1754258334.0636172 1754258366.3226135
1754258366.3226335 1754258394.0814214
1754258394.081443 1754258423.1125283
1754258423.112553 1754258449.304053
1754258449.3040752 1754258483.6007655
1754258483.6007948 1754258508.914694
1754258508.9147224 1754258537.6180747
1754258537.6180992 1754258563.6865344
1754258563.6865618 1754258596.1830773
1754258596.183104 1754258622.275193
1754258622.2752197 1754258648.9081101
1754258648.9081342 1754258670.085298
1754258670.0853152 1754258707.3326328
1754258707.332662 1754258730.8725626
1754258730.8725905 1754258755.339399
1754258755.3394263 1754258781.5147529
1754258781.5147705 1754258817.9003227
1754258817.9003484 1754258847.7151875
1754258847.7152138 1754258876.0029516
1754258876.0029685 1754258907.9883356
1754258907.9883642 1754258946.3432949
1754258946.343312 1754258974.0892873
1754258974.089311 1754259011.1948967
1754259011.194925 1754259039.6364326
1754259039.636464 1754259070.994695
1754259070.9947221 1754259102.1347604
1754259102.134785 1754259127.4618268
1754259127.4618564 1754259159.384582
1754259159.3846068 1754259192.513803
1754259192.5138335 1754259220.9535015
1754259220.9535291 1754259254.3699698
1754259254.3699934 1754259285.7558277
1754259285.7558525 1754259314.8196428
1754259314.8196697 1754259339.405868
1754259339.4058936 1754259369.242582
1754259369.2426035 1754259404.5690596
1754259404.569092 1754259437.7663765
1754259437.7664027 1754259467.4832103
1754259467.4832337 1754259501.1157556
1754259501.1157854 1754259528.206163
1754259528.2061944 1754259553.584093
1754259553.584113 1754259590.3506238
1754259590.3506486 1754259618.420207
1754259618.420225 1754259645.1620483
1754259645.1620746 1754259680.8594015
1754259680.8594408 1754259707.6890104
1754259707.689034 1754259737.1527853
1754259737.1528091 1754259765.4632163
1754259765.463251 1754259797.866409
1754259797.866437 1754259828.8750398
1754259828.8750672 1754259861.3009822
1754259861.301009 1754259889.191919
1754259889.1919467 1754259921.0415323
1754259921.0415547 1754259948.2869878
1754259948.2870262 1754259981.8608963
1754259981.8609211 1754260015.3130844
1754260015.313122 1754260047.7549253
1754260047.754948 1754260077.7834969
1754260077.7835155 1754260099.5928397
1754260099.592868 1754260127.877104
1754260127.8771234 1754260163.1281211
1754260163.1281438 1754260199.1516483
1754260199.1516702 1754260228.8437052
1754260228.843731 1754260263.578472
