1754230116.580666 1754230145.1284106
1754230145.1284306 1754230173.0869918
1754230173.087019 1754230208.2406924
1754230208.240744 1754230236.0403
1754230236.0403209 1754230256.7698162
1754230256.7698386 1754230280.4368112
1754230280.4368327 1754230308.0503857
1754230308.0504076 1754230333.9798334
1754230333.979857 1754230368.840177
1754230368.8401947 1754230395.272144
1754230395.2721703 1754230430.6676896
1754230430.6677125 1754230453.5543106
1754230453.5543303 1754230481.5468829
1754230481.5469034 1754230508.80576
1754230508.8057806 1754230549.4861617
1754230549.4861796 1754230580.5835526
1754230580.5835922 1754230608.3082416
1754230608.3082643 1754230635.711527
1754230635.7115498 1754230666.5349908
1754230666.5350118 1754230697.496918
1754230697.4969428 1754230732.2623248
1754230732.262352 1754230758.6224875
1754230758.6225255 1754230784.1435168
1754230784.1435392 1754230812.5813053
1754230812.581331 1754230834.9909701
1754230834.9909923 1754230861.0287366
1754230861.0287561 1754230899.3651457
1754230899.3651805 1754230925.8691487
1754230925.8691673 1754230961.7638578
1754230961.7638822 1754230988.681294
1754230988.6813126 1754231024.205264
1754231024.2052891 1754231051.7374158
1754231051.737435 1754231088.3597324
1754231088.3597577 1754231120.2314153
1754231120.2314396 1754231148.216679
1754231148.216698 1754231175.421783
1754231175.4218023 1754231218.264823
1754231218.2648478 1754231247.0107315
1754231247.010759 1754231270.639782
1754231270.6398098 1754231309.5651393
1754231309.5651622 1754231337.5175683
1754231337.517589 1754231365.3721545
1754231365.3721797 1754231387.8089964
1754231387.8090277 1754231429.4001603
1754231429.4001875 1754231469.7145193
1754231469.714538 1754231499.9085937
1754231499.9086175 1754231523.2280476
1754231523.2280695 1754231560.9201143
1754231560.9201367 1754231590.0064301
1754231590.0064614 1754231619.575159
1754231619.5752082 1754231648.360034
1754231648.360057 1754231677.1789951
1754231677.1790185 1754231707.1044245
1754231707.1044493 1754231737.4955745
1754231737.495612 1754231771.3459735
1754231771.3459945 1754231807.8251498
1754231807.8251667 1754231843.3395963
1754231843.339623 1754231867.021538
1754231867.0215676 1754231894.902861
1754231894.902881 1754231926.8137755
1754231926.8137999 1754231958.8528519
1754231958.8528714 1754231990.1140714
1754231990.1141033 1754232022.5926797
1754232022.5927029 1754232063.8132792
1754232063.8133092 1754232091.8260005
1754232091.8260267 1754232122.1529512
1754232122.1529748 1754232161.334699
1754232161.3347316 1754232186.5545592
1754232186.5545797 1754232219.0663054
1754232219.066341 1754232254.7883394
1754232254.788362 1754232283.3363853
1754232283.3364053 1754232313.4936397
1754232313.493678 1754232344.4149013
1754232344.414925 1754232375.5171793
1754232375.517198 1754232410.8805337
1754232410.8805578 1754232442.388274
1754232442.3882945 1754232473.8734329
1754232473.8734548 1754232504.3028154
1754232504.3028336 1754232540.932538
1754232540.932566 1754232571.0142763
1754232571.0143037 1754232596.5599427
1754232596.5599618 1754232619.5941274
1754232619.5941694 1754232653.040804
1754232653.0408237 1754232677.842199
1754232677.8422337 1754232703.0952213
1754232703.09524 1754232736.0875256
1754232736.0875523 1754232768.948835
1754232768.948879 1754232794.0148623
1754232794.0148814 1754232823.6957717
1754232823.6957963 1754232861.7029595
1754232861.7029827 1754232897.8019805
1754232897.8020258 1754232920.4682202
1754232920.4682486 1754232949.5917544
1754232949.5917752 1754232982.8382912
1754232982.8383129 1754233008.3858364
1754233008.3858566 1754233036.681634
1754233036.681655 1754233065.2920325
1754233065.2920618 1754233096.6191535
1754233096.6191752 1754233124.2121472
1754233124.2121723 1754233154.2838075
1754233154.2838335 1754233185.375478
1754233185.3755 1754233210.01674
1754233210.0167701 1754233240.2321713
1754233240.2321935 1754233276.2049198
1754233276.2049432 1754233302.3278213
1754233302.327847 1754233338.5986476
1754233338.5986686 1754233377.061922
1754233377.0619414 1754233405.8900187
1754233405.8900483 1754233439.1988664
1754233439.1988947 1754233473.111752
1754233473.1117785 1754233493.6379652
1754233493.6379929 1754233527.1669145
1754233527.1669362 1754233555.7930965
1754233555.793118 1754233587.3682292
1754233587.3682516 1754233617.7719796
1754233617.7720034 1754233649.1892278
1754233649.1892526 1754233683.024056
1754233683.0240808 1754233721.4343846
1754233721.4344265 1754233752.6185267
1754233752.618554 1754233776.4073966
1754233776.4074156 1754233802.073693
1754233802.0737126 1754233829.339975
1754233829.3399966 1754233858.9397185
1754233858.9397395 1754233886.2059414
1754233886.2059653 1754233919.0656128
1754233919.0656397 1754233942.4391396
1754233942.4391618 1754233969.8443613
1754233969.844397 1754233988.9727242
1754233988.972744 1754234016.861636
1754234016.8616567 1754234045.2412841
1754234045.2413056 1754234074.4909432
1754234074.490963 1754234105.5895922
1754234105.589612 1754234131.0117722
1754234131.0117955 1754234161.307653
1754234161.3076797 1754234191.1574335
1754234191.1574533 1754234228.6696663
1754234228.6696944 1754234251.172465
1754234251.172496 1754234278.7252913
1754234278.725321 1754234311.4954467
1754234311.4954662 1754234335.0774026
1754234335.0774264 1754234368.6533775
1754234368.6534026 1754234404.9588652
1754234404.9588842 1754234431.0789814
1754234431.079007 1754234464.0186527
1754234464.0186734 1754234498.0293462
1754234498.029369 1754234526.200665
1754234526.200696 1754234556.02305
1754234556.0230722 1754234593.38182
1754234593.3818424 1754234619.0584548
1754234619.0584807 1754234647.966304
1754234647.9663246 1754234678.0175736
1754234678.0176003 1754234705.6321588
1754234705.6321855 1754234731.9008877
1754234731.900914 1754234760.3565958
1754234760.3566253 1754234793.6649728
1754234793.6650004 1754234825.8782823
1754234825.8783045 1754234855.28016
1754234855.2801845 1754234886.8736317
1754234886.8736598 1754234918.0056705
1754234918.0056927 1754234944.39072
1754234944.3907433 1754234977.4005275
1754234977.4005485 1754235005.9026272
1754235005.9026546 1754235031.9595304
1754235031.9595487 1754235070.9791489
1754235070.9791737 1754235099.5101154
1754235099.5101407 1754235135.5672534
1754235135.5672803 1754235165.4066482
1754235165.4066901 1754235194.8205588
1754235194.8205836 1754235226.4176998
1754235226.4177177 1754235255.7379353
1754235255.7379591 1754235285.033415
1754235285.0334373 1754235313.904408
1754235313.9044325 1754235343.2611935
1754235343.261225 1754235371.1484437
1754235371.1484714 1754235394.984988
1754235394.9850087 1754235426.9851594
1754235426.9851801 1754235452.6513522
1754235452.6513855 1754235481.4049575
1754235481.4049776 1754235513.0299518
1754235513.0299764 1754235543.886112
1754235543.8861334 1754235572.1551902
1754235572.155222 1754235594.641082
1754235594.641104 1754235634.6936295
1754235634.6936512 1754235659.2700438
1754235659.270062 1754235685.4928043
1754235685.4928384 1754235719.8542297
1754235719.854251 1754235751.6628098
1754235751.662839 1754235784.2870886
1754235784.2871149 1754235814.690346
1754235814.6903756 1754235838.599647
1754235838.5996716 1754235870.9756212
1754235870.9756465 1754235905.6895766
1754235905.6895967 1754235937.5131326
1754235937.5131617 1754235962.8644745
1754235962.8644967 1754235994.427831
1754235994.4278584 1754236022.9965014
1754236022.9965212 1754236050.641505
1754236050.6415505 1754236078.2469974
1754236078.24702 1754236107.1316853
1754236107.131708 1754236139.6617692
1754236139.6617894 1754236175.636392
1754236175.6364186 1754236200.1506212
1754236200.1506455 1754236234.400119
1754236234.4001443 1754236257.1973627
1754236257.1973827 1754236284.4013646
1754236284.401395 1754236311.7984414
1754236311.7984595 1754236338.5064025
1754236338.5064263 1754236376.726109
1754236376.7261415 1754236408.133364
1754236408.1333935 1754236447.9545398
1754236447.954569 1754236473.6245105
1754236473.6245396 1754236508.1539235
1754236508.1539524 1754236539.7049086
1754236539.7049367 1754236572.6581557
1754236572.6581755 1754236600.5729277
1754236600.5729642 1754236631.3732083
1754236631.3732293 1754236658.7858214
1754236658.7858443 1754236693.046475
1754236693.0464976 1754236728.449994
1754236728.4500334 1754236758.3593667
1754236758.3593864 1754236790.6076713
1754236790.607697 1754236824.4560416
1754236824.4560647 1754236854.1574094
1754236854.1574392 1754236882.1568992
1754236882.1569266 1754236913.2050192
1754236913.2050447 1754236943.1591375
1754236943.159156 1754236979.7099466
1754236979.709989 1754237010.5173032
1754237010.5173304 1754237046.4177017
1754237046.4177265 1754237068.553238
1754237068.5532746 1754237101.3691733
1754237101.369201 1754237129.4013932
1754237129.401418 1754237153.812822
1754237153.8128536 1754237184.4159229
1754237184.415951 1754237209.2972503
1754237209.2972696 1754237241.8009095
1754237241.8009357 1754237264.7889817
1754237264.7889988 1754237296.8114316
1754237296.81146 1754237326.1713974
1754237326.1714168 1754237353.4045227
1754237353.4045467 1754237386.8913932
1754237386.891415 1754237416.7409549
1754237416.7409728 1754237450.4790165
1754237450.4790442 1754237480.6032655
1754237480.6032863 1754237512.1219654
1754237512.1220062 1754237539.1509776
1754237539.151002 1754237565.8086996
1754237565.8087223 1754237597.5982153
1754237597.5982442 1754237630.8553755
1754237630.8553956 1754237662.5592291
1754237662.559257 1754237691.9809225
1754237691.980946 1754237724.5455341
1754237724.5455582 1754237750.9134102
1754237750.9134293 1754237787.5549157
1754237787.5549457 1754237820.8214767
1754237820.8215053 1754237845.4340127
1754237845.4340394 1754237873.969549
1754237873.9695842 1754237901.3155582
1754237901.3156133 1754237930.8113348
1754237930.811354 1754237952.9420643
1754237952.942083 1754237982.1611042
1754237982.1611266 1754238015.3418245
1754238015.341853 1754238045.3322048
1754238045.3322318 1754238074.833206
1754238074.833249 1754238111.6063545
1754238111.6063924 1754238133.9928393
1754238133.9928591 1754238159.4064798
1754238159.4065058 1754238188.2292247
1754238188.2292447 1754238214.8545759
1754238214.8545957 1754238239.5687733
1754238239.5687993 1754238273.3988485
1754238273.3988733 1754238302.126168
1754238302.1261935 1754238328.0464122
1754238328.0464332 1754238365.0170522
1754238365.0170789 1754238398.8605852
1754238398.8606188 1754238427.0304947
1754238427.0305178 1754238458.3790581
1754238458.3790805 1754238487.9617126
1754238487.9617407 1754238513.1834514
1754238513.183472 1754238541.39434
1754238541.3943613 1754238577.7048376
1754238577.7048643 1754238605.8187509
1754238605.8187723 1754238636.3930748
1754238636.3930964 1754238668.577967
1754238668.577986 1754238693.81485
1754238693.8148723 1754238725.0903108
1754238725.0903325 1754238748.7938318
1754238748.7938514 1754238777.0965607
1754238777.0965946 1754238812.99424
1754238812.9942684 1754238839.6129196
1754238839.6129396 1754238867.8722076
1754238867.8722348 1754238898.1617186
1754238898.1617434 1754238932.3308792
1754238932.3309016 1754238959.5712857
1754238959.5713046 1754238986.354433
1754238986.3544633 1754239019.5840743
1754239019.584102 1754239050.7738628
1754239050.7738922 1754239084.1588318
1754239084.1588511 1754239116.0182297
1754239116.0182533 1754239139.8277
1754239139.8277233 1754239171.4295273
1754239171.4295533 1754239200.396493
1754239200.39652 1754239230.542981
1754239230.5430129 1754239261.3743718
1754239261.3744082 1754239291.7417135
1754239291.7417374 1754239322.103165
1754239322.1031988 1754239342.9664571
1754239342.9664783 1754239371.8980784
1754239371.8981001 1754239399.5850573
1754239399.5850797 1754239424.5573635
1754239424.5573878 1754239449.6300404
1754239449.6300604 1754239475.6511207
1754239475.651142 1754239511.4757886
1754239511.4758184 1754239546.8661654
1754239546.8661876 1754239583.7457259
1754239583.7457592 1754239607.260294
1754239607.2603219 1754239645.9001586
1754239645.9001899 1754239670.8834019
1754239670.8834233 1754239706.090463
1754239706.0904975 1754239739.167076
1754239739.1670957 1754239769.6555226
1754239769.655553 1754239796.766223
1754239796.7662423 1754239830.732715
1754239830.732737 1754239863.429436
1754239863.4294631 1754239892.0245752
1754239892.0246098 1754239921.7256327
1754239921.7256505 1754239951.0579746
1754239951.0579941 1754239983.1910105
1754239983.1910474 1754240012.7304583
1754240012.7304797 1754240055.4480646
1754240055.4480925 1754240090.9049177
1754240090.9049473 1754240119.499512
1754240119.4995437 1754240152.6686676
1754240152.6686914 1754240180.9132621
1754240180.913281 1754240207.695249
1754240207.6952727 1754240242.335088
1754240242.3351083 1754240270.7761867
1754240270.7762122 1754240304.9247959
1754240304.9248254 1754240335.1972904
1754240335.1973102 1754240368.0731163
1754240368.073144 1754240395.7765467
1754240395.776566 1754240427.086841
1754240427.08689 1754240454.083109
1754240454.0831442 1754240491.6801536
1754240491.680191 1754240521.4872675
1754240521.4872868 1754240556.857287
1754240556.8573146 1754240586.1460311
1754240586.146065 1754240624.7909358
1754240624.7909606 1754240650.9338436
1754240650.933867 1754240677.9700987
1754240677.9701176 1754240703.1965706
1754240703.1965997 1754240731.6537585
1754240731.6537845 1754240766.531616
1754240766.5316355 1754240794.2321434
1754240794.2321799 1754240818.2935343
1754240818.2935562 1754240851.0616457
1754240851.0616674 1754240888.0792367
1754240888.0792568 1754240914.1932945
1754240914.1933198 1754240940.443714
1754240940.4437335 1754240968.7186117
1754240968.718646 1754240998.4502845
1754240998.4503071 1754241032.1520355
1754241032.1520574 1754241061.5209942
1754241061.5210164 1754241093.3170905
1754241093.3171215 1754241124.1699727
1754241124.169993 1754241154.2116942
1754241154.2117162 1754241183.0210745
1754241183.0210996 1754241209.103347
1754241209.1033683 1754241235.8198895
1754241235.819909 1754241267.5091794
1754241267.5092092 1754241305.3630636
1754241305.3630836 1754241335.4580204
1754241335.4580464 1754241367.761569
1754241367.7615905 1754241395.222648
1754241395.2226708 1754241430.9093142
1754241430.9093394 1754241459.4251275
1754241459.4251473 1754241491.8204284
1754241491.8204517 1754241523.1652393
1754241523.1652725 1754241551.6503494
1754241551.650375 1754241583.1239824
1754241583.1240191 1754241612.9704945
1754241612.9705155 1754241641.4392774
1754241641.4392977 1754241673.2275283
1754241673.2275548 1754241700.5413768
1754241700.5413992 1754241725.718286
1754241725.7183123 1754241762.3578267
1754241762.3578522 1754241796.650593
1754241796.650613 1754241822.28958
1754241822.2896028 1754241851.0740457
1754241851.0740683 1754241876.5348585
1754241876.5348878 1754241902.3353097
1754241902.3353298 1754241933.8834023
1754241933.8834257 1754241965.6223974
1754241965.6224153 1754241994.323366
1754241994.3233852 1754242025.000996
1754242025.0010226 1754242063.6251879
1754242063.6252184 1754242089.4735978
1754242089.4736166 1754242125.3795211
1754242125.379547 1754242158.4016454
1754242158.401664 1754242188.1350832
1754242188.1351087 1754242216.8238099
1754242216.8238344 1754242244.9749684
1754242244.9749908 1754242278.5123763
1754242278.5124002 1754242301.6105795
1754242301.610602 1754242333.832268
1754242333.8322916 1754242356.3110292
1754242356.3110492 1754242387.680998
1754242387.681033 1754242426.3942657
1754242426.3942845 1754242467.0020385
1754242467.0020618 1754242483.4761949
1754242483.476214 1754242511.6150792
1754242511.6150978 1754242542.019765
1754242542.0197868 1754242573.6924777
1754242573.6924996 1754242610.1733453
1754242610.1733637 1754242638.7844439
1754242638.7844687 1754242672.863672
1754242672.8636925 1754242705.303931
1754242705.3039567 1754242733.5803792
1754242733.580414 1754242758.4084146
1754242758.4084353 1754242788.9046137
1754242788.9046407 1754242823.8834052
1754242823.8834307 1754242849.1847427
1754242849.184764 1754242879.8811238
1754242879.8811538 1754242914.871672
1754242914.8716989 1754242944.4606025
1754242944.4606216 1754242971.8667927
1754242971.8668122 1754242999.3091772
1754242999.3091993 1754243026.7154422
1754243026.715473 1754243054.0127735
1754243054.012793 1754243093.6417327
1754243093.6417544 1754243124.799364
1754243124.799381 1754243156.872436
1754243156.8724601 1754243182.291111
1754243182.2911358 1754243210.2568693
1754243210.2569013 1754243236.808596
1754243236.8086157 1754243266.6154335
1754243266.615456 1754243296.8718638
1754243296.8718987 1754243325.03128
1754243325.0313025 1754243350.0260944
1754243350.0261133 1754243373.2045393
1754243373.204559 1754243401.6935964
1754243401.6936185 1754243432.6918945
1754243432.6919148 1754243460.661315
1754243460.661347 1754243494.5938733
1754243494.5938954 1754243520.8535228
1754243520.853542 1754243546.5966494
1754243546.5966802 1754243582.8036757
1754243582.8037078 1754243616.2271142
1754243616.2271307 1754243646.5776231
1754243646.5776484 1754243673.9717307
1754243673.9717515 1754243705.386629
1754243705.3866544 1754243743.2958841
1754243743.295906 1754243769.9000542
1754243769.9000828 1754243803.0634465
1754243803.0634692 1754243837.6552308
1754243837.655249 1754243863.927104
1754243863.9271245 1754243896.2415395
1754243896.2415674 1754243927.9810522
1754243927.9810739 1754243953.545902
1754243953.5459383 1754243978.8636346
1754243978.8636713 1754244005.6874924
1754244005.6875129 1754244038.5650978
1754244038.5651238 1754244070.9612234
1754244070.9612415 1754244107.882419
1754244107.8824406 1754244133.1487858
1754244133.148809 1754244166.3354504
1754244166.3354733 1754244189.435989
1754244189.4360108 1754244220.8621569
1754244220.862183 1754244247.9494524
1754244247.9494824 1754244280.9361339
1754244280.9361546 1754244315.6002395
1754244315.6002648 1754244346.4923906
1754244346.4924104 1754244375.9825802
1754244375.9826045 1754244399.607793
1754244399.607816 1754244425.2947583
1754244425.2947779 1754244447.5024185
1754244447.5024412 1754244483.305392
1754244483.3054235 1754244528.4495773
1754244528.4496052 1754244562.089851
1754244562.0898764 1754244596.774883
1754244596.7749164 1754244625.1740766
1754244625.1740997 1754244651.6224523
1754244651.622474 1754244677.980425
1754244677.9804456 1754244703.1425807
1754244703.1426046 1754244738.1119745
1754244738.1119936 1754244763.54657
1754244763.5465975 1754244795.6551561
1754244795.6551943 1754244822.6227386
1754244822.6227608 1754244849.3648393
1754244849.3648634 1754244878.388861
1754244878.388884 1754244905.577028
1754244905.5770502 1754244936.8019354
1754244936.8019538 1754244965.6351278
1754244965.6351464 1754244995.5548656
1754244995.5548892 1754245031.205339
1754245031.2053616 1754245051.1984415
1754245051.1984615 1754245084.9357884
1754245084.9358132 1754245116.6914887
1754245116.6915243 1754245143.0583637
1754245143.058398 1754245176.8356616
1754245176.8356946 1754245210.513775
1754245210.513795 1754245241.8788493
1754245241.8788729 1754245273.147496
1754245273.1475136 1754245314.040222
1754245314.0402498 1754245338.8924406
1754245338.8924603 1754245370.364911
1754245370.3649318 1754245400.621354
1754245400.6213806 1754245426.8316753
1754245426.8316967 1754245447.7232914
1754245447.7233117 1754245483.1949675
1754245483.1949885 1754245508.2589526
1754245508.258972 1754245539.7270129
1754245539.7270365 1754245569.276277
1754245569.2762969 1754245595.6666908
1754245595.6667156 1754245623.579728
1754245623.5797558 1754245650.3064592
1754245650.3064861 1754245681.6791995
1754245681.6792245 1754245711.904347
1754245711.9043663 1754245737.211539
1754245737.2115948 1754245768.8827558
1754245768.8827786 1754245796.822099
1754245796.822126 1754245830.0795164
1754245830.0795379 1754245866.354923
1754245866.3549466 1754245898.757978
1754245898.7580037 1754245930.7255564
1754245930.7255757 1754245952.028754
1754245952.0287778 1754245978.180972
1754245978.181003 1754246009.4914224
1754246009.4914415 1754246048.2496853
1754246048.2497122 1754246080.0421913
1754246080.0422192 1754246106.446863
1754246106.4468834 1754246137.6860368
1754246137.686058 1754246170.399549
1754246170.3995757 1754246201.9362314
1754246201.9362552 1754246228.968596
1754246228.9686158 1754246262.9299011
1754246262.9299238 1754246292.6186075
1754246292.618629 1754246328.6965578
1754246328.6965787 1754246364.4154637
1754246364.4154866 1754246392.5912292
1754246392.5912588 1754246418.0024762
1754246418.0025 1754246446.5830016
1754246446.583019 1754246477.8632119
1754246477.86323 1754246511.288668
1754246511.2886949 1754246548.3529282
1754246548.3529475 1754246578.1945481
1754246578.1945717 1754246605.3434498
1754246605.3434765 1754246629.5108478
1754246629.510868 1754246655.3442593
1754246655.3442786 1754246686.8636034
1754246686.86363 1754246718.406932
1754246718.4069555 1754246751.1573882
1754246751.1574082 1754246782.0224392
1754246782.0224855 1754246805.9043958
1754246805.9044175 1754246830.7729204
1754246830.7729456 1754246853.861101
1754246853.8611197 1754246888.046645
1754246888.0466669 1754246910.0380812
1754246910.0381005 1754246939.9309528
1754246939.9309807 1754246974.479489
1754246974.4795072 1754247002.8671231
1754247002.867148 1754247024.8938901
1754247024.8939118 1754247055.7668362
1754247055.766857 1754247082.0522857
1754247082.0523133 1754247110.0482671
1754247110.0482888 1754247134.1144135
1754247134.114444 1754247168.68343
1754247168.683452 1754247193.6420403
1754247193.6420636 1754247222.6996427
1754247222.699682 1754247250.7441614
1754247250.7441804 1754247284.3116512
1754247284.31168 1754247317.3819554
1754247317.3819761 1754247348.8040745
1754247348.8041015 1754247377.3316717
1754247377.3316905 1754247405.906292
1754247405.9063148 1754247432.0176318
1754247432.0176542 1754247460.2346811
1754247460.2347023 1754247486.3757656
1754247486.3757908 1754247518.7606812
1754247518.760702 1754247549.6826327
1754247549.6826634 1754247575.5828323
1754247575.582853 1754247606.630818
1754247606.6308424 1754247631.294212
1754247631.2942324 1754247662.7712862
1754247662.7713103 1754247699.2756183
1754247699.275649 1754247732.8543394
1754247732.8543587 1754247763.6508095
1754247763.650835 1754247792.604941
1754247792.604961 1754247824.0676827
1754247824.0677052 1754247851.4585931
1754247851.4586167 1754247883.3839447
1754247883.3839695 1754247914.3859203
1754247914.385943 1754247937.0431652
1754247937.043189 1754247969.5234554
1754247969.523488 1754247997.0610478
1754247997.0610678 1754248027.6011987
1754248027.6012316 1754248053.9248774
1754248053.9249015 1754248080.8186903
1754248080.818724 1754248114.822539
1754248114.822559 1754248140.6698887
1754248140.6699169 1754248173.2197363
1754248173.2197967 1754248193.896905
1754248193.896923 1754248227.3168602
1754248227.3168879 1754248257.1998944
1754248257.1999125 1754248284.7522793
1754248284.752302 1754248312.0640597
1754248312.0640888 1754248336.5855248
1754248336.5855484 1754248373.570941
1754248373.5709658 1754248401.7884104
1754248401.7884295 1754248430.1542122
1754248430.1542413 1754248458.9625242
1754248458.9625463 1754248490.040219
1754248490.0402486 1754248520.7717981
1754248520.7718246 1754248551.157875
1754248551.157892 1754248585.8516881
1754248585.8517146 1754248613.7510803
1754248613.7511094 1754248642.6751027
1754248642.675143 1754248670.66446
1754248670.6644862 1754248699.474377
1754248699.4743981 1754248731.6500807
1754248731.650111 1754248763.0246694
1754248763.0246902 1754248789.410219
1754248789.4102445 1754248821.1568687
1754248821.1568887 1754248853.473594
1754248853.4736223 1754248889.3724747
1754248889.3724997 1754248919.613795
1754248919.613812 1754248949.6572678
1754248949.6572933 1754248985.620415
1754248985.6204424 1754249014.4487402
1754249014.448768 1754249043.1601818
1754249043.1602035 1754249075.4006965
1754249075.4007192 1754249104.373412
1754249104.3734362 1754249136.8220189
1754249136.822045 1754249174.7688532
1754249174.7688735 1754249204.084063
1754249204.084082 1754249228.433383
1754249228.4334123 1754249265.2917519
1754249265.2918115 1754249289.3583925
1754249289.358419 1754249324.83306
1754249324.8330889 1754249350.5438063
1754249350.5438278 1754249386.434532
1754249386.4345498 1754249412.1971278
1754249412.1971672 1754249448.6081514
1754249448.608175 1754249485.838526
1754249485.8385499 1754249525.1759071
1754249525.1759279 1754249557.282651
1754249557.2826807 1754249585.37546
1754249585.375483 1754249617.3684886
1754249617.3685129 1754249644.018286
1754249644.0183072 1754249669.646161
1754249669.64618 1754249700.1141653
1754249700.1141858 1754249731.3619168
1754249731.3619523 1754249761.4723926
1754249761.4724133 1754249785.7525144
1754249785.752538 1754249815.0092995
1754249815.009319 1754249847.4043133
1754249847.4043481 1754249878.812727
1754249878.8127465 1754249903.6556807
1754249903.6557057 1754249937.9466183
1754249937.946652 1754249966.310977
1754249966.3110023 1754249998.8260145
1754249998.8260474 1754250032.1623514
1754250032.1623766 1754250064.0554292
1754250064.055446 1754250091.271327
1754250091.2713552 1754250127.212949
1754250127.2129676 1754250154.0449357
1754250154.044966 1754250181.9364145
1754250181.936435 1754250209.2878892
1754250209.2879245 1754250238.4844728
1754250238.4844925 1754250268.1850324
1754250268.1850543 1754250300.819853
1754250300.8198774 1754250329.8364758
1754250329.836502 1754250355.9050977
1754250355.905126 1754250392.0368657
1754250392.0368862 1754250424.560758
1754250424.5607817 1754250451.2799373
1754250451.2799668 1754250476.9519382
1754250476.951959 1754250507.0208974
1754250507.0209224 1754250538.3861496
1754250538.38617 1754250572.3780403
1754250572.3780682 1754250606.6952364
1754250606.6952596 1754250638.1462567
1754250638.1462784 1754250677.7181382
1754250677.7181644 1754250708.6069047
1754250708.6069255 1754250737.9794862
1754250737.9795096 1754250764.0676124
1754250764.0676334 1754250794.4208856
1754250794.4209166 1754250826.697455
1754250826.697474 1754250870.426127
1754250870.4261498 1754250894.5827355
1754250894.5827577 1754250922.4620998
1754250922.462128 1754250954.7569597
1754250954.7569852 1754250986.2179422
1754250986.2179604 1754251011.092509
1754251011.092531 1754251041.532575
1754251041.5326087 1754251077.9443274
1754251077.9443488 1754251117.7838175
1754251117.783846 1754251151.0830772
1754251151.0830958 1754251173.4622169
1754251173.462253 1754251196.6654131
1754251196.6654434 1754251228.6544006
1754251228.654426 1754251253.3193262
1754251253.3193533 1754251281.3403177
1754251281.3403451 1754251315.1904962
1754251315.1905177 1754251344.4096503
1754251344.4096744 1754251374.7418861
1754251374.7419064 1754251403.6037242
1754251403.6037517 1754251430.312465
1754251430.3124943 1754251457.0155723
1754251457.0156016 1754251489.1865907
1754251489.1866121 1754251517.2189825
1754251517.2190032 1754251550.0159771
1754251550.016007 1754251580.7977855
1754251580.7978044 1754251611.1046543
1754251611.1046782 1754251640.6860716
1754251640.6860943 1754251673.2636926
1754251673.2637117 1754251696.5623367
1754251696.5623622 1754251725.5269957
1754251725.527016 1754251768.7259846
1754251768.726023 1754251799.864355
1754251799.8643763 1754251828.0900931
1754251828.0901148 1754251860.9135451
1754251860.9135704 1754251893.7662117
1754251893.7662313 1754251925.0021064
1754251925.0021312 1754251947.45491
1754251947.454944 1754251974.2091246
1754251974.2091513 1754252009.3818839
1754252009.3819041 1754252027.267111
1754252027.2671468 1754252054.687986
1754252054.6880054 1754252090.7251017
1754252090.7251284 1754252129.3665144
1754252129.3665376 1754252162.7503405
1754252162.7503664 1754252194.1134124
1754252194.113433 1754252229.579037
1754252229.5790582 1754252258.703311
1754252258.7033474 1754252285.362449
1754252285.362469 1754252314.9215329
1754252314.9215622 1754252347.7765028
1754252347.776522 1754252378.3653772
1754252378.365404 1754252409.8481202
1754252409.8481402 1754252439.17665
1754252439.176671 1754252463.2550297
1754252463.2550533 1754252493.2414813
1754252493.2415013 1754252517.4829302
1754252517.4829533 1754252550.663181
1754252550.663208 1754252580.141716
1754252580.141735 1754252612.654183
1754252612.654214 1754252640.1236267
1754252640.1236465 1754252672.3419476
1754252672.3419778 1754252703.4053652
1754252703.4053843 1754252729.571088
1754252729.5711136 1754252762.6170669
1754252762.617087 1754252791.0799863
1754252791.080007 1754252811.095085
1754252811.09511 1754252843.948158
1754252843.9481788 1754252879.5201864
1754252879.5202117 1754252911.7200177
1754252911.7200382 1754252938.7623365
1754252938.7623625 1754252959.2643085
1754252959.2643528 1754252988.9615157
1754252988.9615417 1754253017.3908293
1754253017.3908563 1754253043.5064077
1754253043.5064282 1754253075.0575895
1754253075.0576186 1754253106.4146805
1754253106.414703 1754253138.0611293
1754253138.0611632 1754253167.4411523
1754253167.441178 1754253193.4528224
1754253193.4528527 1754253224.2674994
1754253224.2675183 1754253249.3454363
1754253249.3454607 1754253282.01029
1754253282.0103147 1754253317.7603006
1754253317.7603211 1754253348.0319726
1754253348.0319972 1754253374.0025876
1754253374.0026083 1754253405.7084217
1754253405.7084408 1754253431.103321
1754253431.103346 1754253463.6333144
1754253463.633335 1754253496.4072626
1754253496.407285 1754253525.9571686
1754253525.9571948 1754253561.3295147
1754253561.3295352 1754253591.4838498
1754253591.4838758 1754253621.4825168
1754253621.4825373 1754253649.5683317
1754253649.5683522 1754253677.6604507
1754253677.6604767 1754253706.740625
1754253706.7406538 1754253741.4528491
1754253741.4528768 1754253776.932252
1754253776.932277 1754253807.6135411
1754253807.6135685 1754253834.679275
1754253834.6792936 1754253871.0982938
1754253871.0983152 1754253899.1500287
1754253899.1500695 1754253931.2975805
1754253931.2976036 1754253959.1509347
1754253959.1509547 1754253991.4319851
1754253991.4320128 1754254034.7030108
1754254034.7030315 1754254059.7364676
1754254059.7364986 1754254094.5861442
1754254094.5861666 1754254130.9096823
1754254130.9097009 1754254155.0054505
1754254155.0054917 1754254185.806144
1754254185.806164 1754254217.4176416
1754254217.4176748 1754254252.4665673
1754254252.466594 1754254281.3282194
1754254281.3282385 1754254310.1089675
1754254310.1089907 1754254333.2158546
1754254333.2158768 1754254361.9036574
1754254361.903677 1754254394.695626
1754254394.695654 1754254421.2143407
1754254421.21436 1754254446.4895842
1754254446.4896023 1754254471.5921884
1754254471.5922096 1754254496.793194
1754254496.7932215 1754254520.8533287
1754254520.853364 1754254552.0210207
1754254552.0210435 1754254589.2771401
1754254589.2771642 1754254617.737413
1754254617.7374341 1754254648.825599
1754254648.8256245 1754254676.376766
1754254676.3767838 1754254704.8980916
1754254704.8981154 1754254725.4087875
1754254725.4088094 1754254753.093822
1754254753.0938408 1754254786.6793435
1754254786.6793678 1754254821.9094439
1754254821.9094634 1754254853.4929297
1754254853.492955 1754254881.159446
1754254881.1594658 1754254917.0067427
1754254917.006767 1754254950.683614
1754254950.6836326 1754254986.1614282
1754254986.1614482 1754255013.7459896
1754255013.746016 1754255039.2830095
1754255039.2830293 1754255067.1921656
1754255067.1921947 1754255094.8587196
1754255094.8587415 1754255126.9285438
1754255126.9285636 1754255158.4422438
1754255158.4422624 1754255193.294571
1754255193.2945945 1754255227.0528302
1754255227.0528586 1754255248.716279
1754255248.7162998 1754255276.8536654
1754255276.8536875 1754255310.3100307
1754255310.3100562 1754255349.221328
1754255349.2213612 1754255371.8023453
1754255371.8023727 1754255405.42122
1754255405.4212496 1754255427.826393
1754255427.8264234 1754255456.9344432
1754255456.934464 1754255486.884862
1754255486.8848886 1754255519.2362154
1754255519.2362347 1754255551.9550395
1754255551.9550579 1754255582.796135
1754255582.7961602 1754255611.9830706
1754255611.983091 1754255640.4984412
1754255640.498467 1754255678.3253632
1754255678.325391 1754255707.896472
1754255707.8965032 1754255740.1629658
1754255740.1629937 1754255763.4342837
1754255763.434303 1754255793.3876388
1754255793.387667 1754255824.8162394
1754255824.8162682 1754255845.9946542
1754255845.9946752 1754255874.629001
1754255874.6290233 1754255905.6737988
1754255905.673829 1754255933.0507374
1754255933.050763 1754255967.071347
1754255967.0713665 1754256000.3158295
1754256000.3158536 1754256021.415388
1754256021.4154093 1754256049.5977802
1754256049.597801 1754256084.985202
1754256084.985225 1754256120.691083
1754256120.6911108 1754256152.181396
1754256152.181417 1754256176.3443837
1754256176.3444057 1754256202.6553524
1754256202.6553829 1754256234.3717368
1754256234.3717673 1754256263.7165048
1754256263.7165246 1754256292.7508216
1754256292.7508416 1754256322.280465
1754256322.2804906 1754256358.1802258
1754256358.1802647 1754256392.9570007
1754256392.9570312 1754256431.5100846
1754256431.5101032 1754256469.3783484
1754256469.3783712 1754256501.493618
1754256501.4936404 1754256526.0883734
1754256526.0884 1754256553.5631266
1754256553.5631452 1754256585.48027
1754256585.4802914 1754256617.4306195
1754256617.4306476 1754256650.3606067
1754256650.360629 1754256682.0277095
1754256682.0277383 1754256713.4179704
1754256713.4179897 1754256739.641773
1754256739.6417964 1754256766.5149848
1754256766.5150068 1754256793.9090936
1754256793.9091222 1754256824.5975444
1754256824.5975654 1754256859.2018049
1754256859.2018359 1754256900.3810732
1754256900.3810992 1754256927.2098246
1754256927.2098427 1754256956.0881956
1754256956.08822 1754256986.3189664
1754256986.3189876 1754257020.4680862
1754257020.468107 1754257053.388351
1754257053.3883712 1754257080.91938
1754257080.919414 1754257104.288741
1754257104.2887607 1754257145.320314
1754257145.3203402 1754257169.1917152
1754257169.1917355 1754257198.4114907
1754257198.41152 1754257232.8293507
1754257232.8293781 1754257258.1233072
1754257258.1233268 1754257294.8228076
1754257294.8228273 1754257321.8063416
1754257321.8063667 1754257354.8816223
1754257354.8816543 1754257384.6199522
1754257384.619975 1754257414.3449564
1754257414.3449836 1754257442.8525577
1754257442.8525767 1754257472.2900414
1754257472.290073 1754257505.2009256
1754257505.2009554 1754257547.078368
1754257547.0783906 1754257575.9163234
1754257575.9163456 1754257600.2997322
1754257600.2997544 1754257634.5029695
1754257634.5029886 1754257664.7294018
1754257664.7294283 1754257694.3591757
1754257694.3591964 1754257722.9306955
1754257722.9307168 1754257758.2290955
1754257758.2291179 1754257788.1556182
1754257788.1556406 1754257816.2003691
1754257816.2003963 1754257846.2131338
1754257846.213154 1754257878.3099034
1754257878.30993 1754257900.9734378
1754257900.9734569 1754257932.2161477
1754257932.2161777 1754257959.0305576
1754257959.0305767 1754257984.453405
1754257984.4534242 1754258015.2681975
1754258015.2682226 1754258057.8068128
1754258057.8068337 1754258088.6832411
1754258088.683268 1754258116.8297513
1754258116.8297784 1754258150.7309742
1754258150.730996 1754258186.981248
1754258186.981271 1754258208.5679421
1754258208.5679667 1754258240.7496011
1754258240.7496226 1754258273.8368788
1754258273.8368986 1754258300.9238577
1754258300.9238849 1754258331.2517679
1754258331.2517872 1754258358.2575352
1754258358.257557 1754258389.1539154
1754258389.1539369 1754258421.2902846
1754258421.2903135 1754258453.334006
1754258453.334032 1754258486.2087774
1754258486.2087996 1754258515.6585665
1754258515.6585884 1754258541.3374581
1754258541.3374772 1754258568.6583538
1754258568.6583881 1754258594.2623339
1754258594.2623742 1754258621.972186
1754258621.9722183 1754258645.6106114
1754258645.610635 1754258668.795249
1754258668.795269 1754258702.1403818
1754258702.140412 1754258734.7698655
1754258734.7698865 1754258757.3261294
1754258757.3261545 1754258783.1501234
1754258783.1501474 1754258812.0138757
1754258812.0138965 1754258848.1886153
1754258848.1886427 1754258881.9916146
1754258881.9916372 1754258913.1003392
1754258913.100364 1754258944.6069493
1754258944.606974 1754258972.868909
1754258972.8689322 1754259010.7326963
1754259010.7327213 1754259039.93033
1754259039.930353 1754259065.5587692
1754259065.558788 1754259102.5887642
1754259102.5887876 1754259126.898982
1754259126.8990028 1754259153.4674094
1754259153.4674296 1754259188.1410248
1754259188.1410468 1754259221.2965333
1754259221.2965584 1754259252.7563024
1754259252.7563293 1754259285.0471659
1754259285.0471861 1754259311.3365169
1754259311.336541 1754259340.9869905
1754259340.987024 1754259370.6545508
1754259370.6545718 1754259405.311382
1754259405.3114047 1754259433.6916714
1754259433.6916919 1754259467.5176518
1754259467.5176785 1754259499.4149988
1754259499.4150307 1754259534.3309474
1754259534.3309696 1754259556.370796
1754259556.3708198 1754259585.7249982
1754259585.72502 1754259611.585462
1754259611.5854843 1754259640.6933284
1754259640.6933477 1754259681.189002
1754259681.1890209 1754259710.8801293
1754259710.8801558 1754259734.1007898
1754259734.1008148 1754259760.6489236
1754259760.6489515 1754259791.7709281
1754259791.7709484 1754259823.248518
1754259823.2485378 1754259859.321321
1754259859.3213418 1754259890.4666283
1754259890.466653 1754259921.3874485
1754259921.3874698 1754259948.2173867
1754259948.2174206 1754259977.719278
1754259977.7193034 1754260017.094899
1754260017.0949302 1754260042.7432857
1754260042.743316 1754260069.8768966
1754260069.8769174 1754260096.3321838
1754260096.3322062 1754260124.347352
1754260124.3473768 1754260158.3481224
1754260158.3481452 1754260193.3441396
1754260193.344162 1754260226.7151423
1754260226.7151687 1754260259.5788357
