1760597710.890016 1760597740.786052
1760597742.7876878 1760597775.3736813
1760597776.3747637 1760597814.8523278
1760597822.8600554 1760597847.6126978
1760597856.621814 1760597882.9023178
1760597892.911654 1760597910.731811
1760597917.7389507 1760597938.664821
1760597943.6676831 1760597962.6144903
1760597962.6145122 1760597991.5706391
1760597999.5714114 1760598028.928441
1760598031.9316251 1760598067.8287506
1760598073.834902 1760598104.954269
1760598111.9596314 1760598146.610366
1760598152.6156216 1760598179.2904878
1760598185.296582 1760598212.6437848
1760598217.6489332 1760598246.7257175
1760598246.7257552 1760598275.1338296
1760598275.1338582 1760598302.8310585
1760598307.835955 1760598331.409361
1760598332.4098535 1760598359.379395
1760598362.3825216 1760598384.4810693
1760598394.4912803 1760598413.1877599
1760598416.1908813 1760598439.5762486
1760598439.5762835 1760598463.4548357
1760598469.4596255 1760598493.4163406
1760598496.4194808 1760598517.7185557
1760598521.719639 1760598542.0932212
1760598551.0996819 1760598569.3500137
1760598577.3582404 1760598593.6079352
1760598597.6116111 1760598622.4852974
1760598632.495525 1760598657.842262
1760598660.844261 1760598694.1046495
1760598695.105785 1760598732.1459568
1760598739.1515968 1760598759.1161964
1760598761.1183505 1760598794.457919
1760598794.457942 1760598839.8844044
1760598840.8855505 1760598866.656379
1760598869.6595156 1760598900.0792074
1760598905.0843375 1760598932.0762727
1760598938.082445 1760598963.403616
1760598970.4106915 1760598992.7996404
1760598999.803693 1760599024.8243334
1760599029.8277535 1760599058.0394862
1760599058.0395148 1760599088.601236
1760599089.6023676 1760599124.1968634
1760599126.1989508 1760599156.590845
1760599157.591697 1760599195.7610972
1760599200.7662306 1760599236.6507854
1760599241.6558747 1760599275.136568
1760599278.1396468 1760599312.3980064
1760599315.399625 1760599348.4638753
1760599352.4676504 1760599377.496354
1760599384.5034869 1760599414.325748
1760599422.333884 1760599450.1318378
1760599452.13393 1760599477.0755694
1760599484.0827167 1760599501.5368311
1760599506.5419664 1760599529.4740012
1760599532.4759161 1760599562.9207087
1760599562.9207451 1760599592.677636
1760599595.6807363 1760599624.1258388
1760599627.128972 1760599654.5998762
1760599657.6030366 1760599683.9245174
1760599684.9251926 1760599711.5974152
1760599718.6036863 1760599739.2322547
1760599745.2384129 1760599764.192337
1760599767.1954648 1760599793.0796628
1760599800.0836494 1760599822.8993163
1760599829.9037402 1760599854.8295388
1760599859.8346746 1760599884.7051742
1760599885.7063015 1760599913.6829262
1760599922.6920502 1760599942.0323792
1760599942.0324135 1760599968.105674
1760599973.107608 1760599994.5442011
1760599994.5442305 1760600026.6087534
1760600026.6087918 1760600064.3273683
1760600074.337507 1760600099.9552815
1760600108.9636354 1760600127.8226624
1760600127.822687 1760600160.7754974
1760600161.7766383 1760600199.121738
1760600204.126869 1760600234.6743941
1760600242.6825411 1760600273.0590508
1760600277.0596817 1760600301.4986992
1760600310.5078287 1760600329.5398173
1760600336.5436215 1760600359.8254652
1760600359.8254914 1760600389.2332962
1760600391.2353647 1760600417.8879867
1760600417.8880236 1760600446.5874462
1760600451.5925796 1760600480.1927273
1760600481.1929936 1760600513.048165
1760600514.0492346 1760600544.7983067
1760600545.7994254 1760600574.4690223
1760600577.471692 1760600609.7380443
1760600616.7436306 1760600641.3836992
1760600645.3877375 1760600678.8654675
1760600680.8676019 1760600708.9862533
1760600717.992831 1760600746.5787191
1760600755.5878105 1760600778.0020764
1760600780.004168 1760600822.810392
1760600822.8104255 1760600862.0866206
1760600872.0956948 1760600905.4725282
