1756884655.5940676 1756884685.0316565
1756884685.031677 1756884710.090395
1756884710.0904176 1756884736.1405385
1756884736.1405616 1756884766.4851117
1756884766.4851382 1756884802.4977994
1756884802.4978256 1756884823.9224265
1756884823.9224489 1756884862.1845005
1756884862.1845236 1756884887.9457421
1756884887.9457686 1756884911.0928822
1756884911.092904 1756884942.4687905
1756884942.4688234 1756884966.260674
1756884966.260706 1756884996.9899614
1756884996.9899924 1756885032.3334968
1756885032.3335342 1756885057.9452744
1756885057.945311 1756885082.7108402
1756885082.7108698 1756885113.6113715
1756885113.6113968 1756885136.7803512
1756885136.7803805 1756885165.7615397
1756885165.7615697 1756885196.9522913
1756885196.9523168 1756885221.9614403
1756885221.9614863 1756885245.2559345
1756885245.2559633 1756885271.701601
1756885271.7016253 1756885296.015004
1756885296.0150316 1756885324.2905
1756885324.2905285 1756885350.605501
1756885350.6055264 1756885377.1064284
1756885377.10645 1756885404.4266975
1756885404.4267266 1756885433.0529628
1756885433.0529916 1756885459.5975585
1756885459.5975847 1756885485.2623627
1756885485.2623844 1756885515.149227
1756885515.1492512 1756885550.5541985
1756885550.5542214 1756885575.2135532
1756885575.2135754 1756885596.326706
1756885596.3267365 1756885625.9803305
1756885625.9803576 1756885654.6052725
1756885654.6052995 1756885683.2481494
1756885683.2481859 1756885711.518211
1756885711.5182395 1756885736.3821251
1756885736.3821497 1756885760.5325541
1756885760.5325732 1756885805.3494928
1756885805.3495288 1756885834.4175582
1756885834.4175894 1756885856.8993604
1756885856.8993902 1756885890.258067
1756885890.2580879 1756885916.71341
1756885916.7134376 1756885946.037397
1756885946.0374181 1756885970.2649398
1756885970.2649634 1756885992.380528
1756885992.3805559 1756886016.4166546
1756886016.416679 1756886047.165209
1756886047.16524 1756886074.7701535
1756886074.770179 1756886101.7945154
1756886101.7945445 1756886132.3813167
1756886132.3813398 1756886162.8141882
1756886162.8142111 1756886199.0672708
1756886199.0673 1756886228.5294898
1756886228.5295236 1756886260.3199716
1756886260.3200004 1756886288.6329496
1756886288.632976 1756886311.7156534
1756886311.7156749 1756886343.369042
1756886343.369073 1756886375.6578019
1756886375.657825 1756886402.258706
1756886402.2587388 1756886432.0030766
1756886432.003105 1756886459.8950105
1756886459.8950355 1756886475.617158
1756886475.6171834 1756886502.7108643
1756886502.710891 1756886532.637173
1756886532.6371984 1756886553.4314098
1756886553.4314394 1756886579.3135457
1756886579.3135657 1756886603.5631065
1756886603.5631402 1756886638.2710369
1756886638.2710617 1756886668.0971498
1756886668.0971751 1756886702.3603296
1756886702.36036 1756886723.7042387
1756886723.7042592 1756886754.0677404
1756886754.0677776 1756886786.4811566
1756886786.481178 1756886815.931177
1756886815.9312062 1756886846.4212523
1756886846.4212787 1756886871.9429953
1756886871.9430172 1756886900.5153027
1756886900.515325 1756886932.271988
1756886932.272017 1756886965.6424847
1756886965.642508 1756886997.5050197
1756886997.505047 1756887020.1785657
1756887020.1785867 1756887046.773195
1756887046.7732203 1756887075.1405807
1756887075.1406045 1756887103.0793886
1756887103.0794122 1756887130.4203491
1756887130.4203713 1756887157.1257885
1756887157.1258113 1756887183.6147535
1756887183.6147766 1756887212.8473902
1756887212.8474154 1756887239.2307506
1756887239.2307787 1756887265.1524363
1756887265.1524653 1756887288.7445192
1756887288.7445471 1756887315.5228128
1756887315.5228426 1756887347.5520658
1756887347.5520902 1756887380.2779384
1756887380.2779648 1756887400.304368
1756887400.3043983 1756887422.1346996
1756887422.1347218 1756887453.5117407
