1767099245.1322713 1767099395.8993452
1767099395.899383 1767099948.1014686
1767099948.1014915 1767100374.2009604
1767100374.200983 1767100729.5029361
1767100729.502958 1767101043.1468682
1767101043.1468906 1767101313.3850517
1767101313.3850732 1767101613.2694604
1767101613.2694786 1767101972.0832992
1767101972.0833223 1767102225.0398874
1767102225.039905 1767102563.7061248
1767102563.7061493 1767102872.7123811
1767102872.7124047 1767103088.6485147
1767103088.6485374 1767103548.332789
1767103548.3328123 1767103819.4731038
1767103819.4731238 1767104319.7746818
1767104319.7747045 1767104586.5183222
1767104586.518345 1767104942.0717082
1767104942.071731 1767105213.295934
1767105213.2959569 1767105497.5494926
1767105497.5495164 1767105788.1900625
1767105788.1900847 1767106137.7494006
1767106137.7494252 1767106371.8907301
1767106371.8907545 1767106766.7536862
1767106766.7537088 1767107037.395706
1767107037.3957238 1767107293.6506894
1767107293.6507125 1767107610.7991223
1767107610.7991457 1767107760.3390827
1767107760.3391051 1767108089.5781596
1767108089.5781822 1767108434.1688175
1767108434.16884 1767108781.5160353
1767108781.5160594 1767109099.3892753
1767109099.3892987 1767109324.053719
1767109324.0537398 1767109554.569663
1767109554.5696864 1767109827.036887
1767109827.0369098 1767110168.3830595
1767110168.383083 1767110436.5783994
1767110436.578422 1767110811.2588537
1767110811.258878 1767111010.6151056
1767111010.6151237 1767111336.0423465
1767111336.0423696 1767111556.7189229
1767111556.718941 1767111888.396582
1767111888.3966067 1767112143.9108748
1767112143.910898 1767112478.5365267
1767112478.536551 1767112930.3939128
1767112930.393936 1767113246.0478673
1767113246.0478902 1767113585.0796723
1767113585.0796912 1767113876.0676234
1767113876.0676465 1767114074.218067
1767114074.2180836 1767114434.5643039
1767114434.5643263 1767114662.1616306
1767114662.161656 1767114882.483401
1767114882.4834247 1767115138.3534994
1767115138.353523 1767115403.2716327
1767115403.2716506 1767115652.3148165
1767115652.314848 1767116021.5424078
1767116021.5424309 1767116323.4519048
1767116323.4519272 1767116562.4227016
1767116562.422724 1767116849.6961586
1767116849.6961763 1767117128.0613697
1767117128.0613937 1767117387.8235438
1767117387.8235672 1767117767.5842862
1767117767.584309 1767117939.7017736
1767117939.7017963 1767118249.869505
1767118249.8695278 1767118584.206381
1767118584.2064035 1767118891.2825487
1767118891.2825713 1767119230.8856854
1767119230.885708 1767119662.0359557
1767119662.03598 1767119845.887579
1767119845.887598 1767120149.0948584
1767120149.0948818 1767120452.7052906
1767120452.7053137 1767120842.5747936
1767120842.5748167 1767121182.8883593
1767121182.8883824 1767121413.4701924
1767121413.47021 1767121668.9068034
1767121668.906827 1767121849.8922205
1767121849.892238 1767122123.9775472
1767122123.9775703 1767122508.871927
1767122508.8719506 1767122843.5134113
1767122843.5134351 1767122970.895827
1767122970.8958454 1767123317.3306613
1767123317.3306844 1767123777.7149007
1767123777.714928 1767124014.1076102
1767124014.107633 1767124270.5938067
1767124270.5938299 1767124483.9308832
1767124483.9309025 1767124735.890046
1767124735.8900697 1767125037.9355595
1767125037.9355826 1767125496.02285
1767125496.0228734 1767125733.4913414
1767125733.4913602 1767126082.4482002
1767126082.4482238 1767126353.6111226
1767126353.6111417 1767126688.0328994
1767126688.032923 1767126943.2015328
1767126943.2015557 1767127248.6329296
1767127248.6329517 1767127662.071701
1767127662.0717237 1767127830.26357
1767127830.2635887 1767128244.4266334
1767128244.426657 1767128423.2621498
1767128423.2621675 1767128781.0225737
1767128781.022597 1767129125.2898498
1767129125.2898726 1767129484.7713103
