1767099215.131914 1767099667.837837
1767099667.8378623 1767100047.5241265
1767100047.5241501 1767100418.6534407
1767100418.6534648 1767100743.635514
1767100743.6355402 1767101078.7315872
1767101078.731612 1767101263.744949
1767101263.7449672 1767101677.1432302
1767101677.1432552 1767101949.7898285
1767101949.7898479 1767102287.842598
1767102287.8426235 1767102613.169534
1767102613.169558 1767102874.9705133
1767102874.970533 1767103109.518344
1767103109.5183675 1767103539.1416051
1767103539.14163 1767103651.9597774
1767103651.9597967 1767104139.2128882
1767104139.2129128 1767104649.09169
1767104649.0917141 1767104846.9983072
1767104846.9983304 1767105220.0716176
1767105220.071643 1767105477.4762523
1767105477.4762764 1767105884.8040135
1767105884.8040373 1767106115.853415
1767106115.8534336 1767106293.4336689
1767106293.4336934 1767106786.439825
1767106786.43985 1767107041.2210057
1767107041.2210293 1767107316.6689844
1767107316.6690087 1767107590.400575
1767107590.4006007 1767107796.023846
1767107796.023864 1767108084.473732
1767108084.4737563 1767108437.9887054
1767108437.9887264 1767108630.3748126
1767108630.3748434 1767109047.0521624
1767109047.0521872 1767109321.446039
1767109321.4460626 1767109531.2521753
1767109531.2522008 1767109779.1891682
1767109779.1891937 1767110063.3407333
1767110063.3407576 1767110349.4620001
1767110349.4620175 1767110805.5305872
1767110805.530612 1767111030.3418858
1767111030.3419044 1767111236.104426
1767111236.104458 1767111672.6188524
1767111672.6188781 1767111867.8251047
1767111867.8251228 1767112141.638035
1767112141.6380594 1767112589.6122236
1767112589.6122482 1767112928.0713115
1767112928.0713358 1767113160.9541054
1767113160.9541302 1767113684.6669452
1767113684.6669698 1767113961.6708634
1767113961.6708896 1767114224.572208
1767114224.572234 1767114488.7686048
1767114488.768629 1767114673.7855928
1767114673.7856104 1767114940.0216348
1767114940.0216596 1767115217.3180242
1767115217.318049 1767115489.153096
1767115489.1531208 1767115676.113048
1767115676.1130726 1767116041.6170716
1767116041.617094 1767116326.614267
1767116326.6142924 1767116511.7055964
1767116511.7056153 1767116882.1047528
1767116882.1047764 1767117080.7008202
1767117080.7008452 1767117429.97918
1767117429.9792042 1767117795.1076577
1767117795.107684 1767117936.2213798
1767117936.2213964 1767118236.827206
1767118236.827231 1767118500.5314443
1767118500.5314689 1767118846.6640124
1767118846.6640313 1767119235.1425626
1767119235.1425853 1767119574.4947476
1767119574.4947727 1767119866.0876253
1767119866.087651 1767120185.4250634
1767120185.4250896 1767120571.4990087
1767120571.499033 1767120865.202591
1767120865.2026148 1767121169.5640287
1767121169.564054 1767121422.7688324
1767121422.7688572 1767121652.7392178
1767121652.739236 1767121982.642631
1767121982.6426578 1767122233.9334872
1767122233.9335124 1767122554.688113
1767122554.6881382 1767122844.9000592
1767122844.900084 1767123067.65552
1767123067.6555452 1767123439.1945484
1767123439.1945734 1767123685.5865867
1767123685.5866063 1767124046.767942
1767124046.767968 1767124293.1497762
1767124293.1498005 1767124484.8868847
1767124484.8869164 1767124769.5744898
1767124769.5745149 1767125106.1537585
1767125106.1537838 1767125525.7165997
1767125525.7166245 1767125893.267118
1767125893.267142 1767126064.9798825
1767126064.9799063 1767126402.441782
1767126402.441806 1767126747.229955
1767126747.2299798 1767126955.0505354
1767126955.050554 1767127233.3973846
1767127233.3974102 1767127646.8142295
1767127646.8142548 1767127827.2695742
1767127827.2696002 1767128257.3161058
1767128257.3161314 1767128499.2285779
1767128499.2286022 1767128819.469317
1767128819.4693418 1767129182.1956682
1767129182.1956935 1767129506.6671069
