1766724909.54404 1766725130.9761128
1766725131.9773197 1766725891.0786204
1766725894.0808983 1766726293.474315
1766726299.4804025 1766726609.3921583
1766726610.3932269 1766726968.5003755
1766726968.5004075 1766727527.9119225
1766727537.918894 1766728001.0138097
1766728002.0148883 1766728264.5350382
1766728269.5401204 1766728718.0867739
1766728723.0908887 1766729234.534768
1766729241.5418625 1766729850.9631577
1766729856.9692357 1766730330.3931618
1766730330.3931956 1766730723.144237
1766730724.1453204 1766731074.6236777
1766731083.6327636 1766731450.2983904
1766731459.3074746 1766731557.489208
1766731564.4962854 1766731970.7407162
1766731975.7457995 1766732375.7733996
1766732383.7814758 1766732928.9029303
1766732933.9080198 1766733226.2548728
1766733232.2609453 1766733470.8401
1766733473.8431816 1766733909.1794207
1766733918.188506 1766734365.5579238
1766734373.5589018 1766734795.4402256
1766734803.448306 1766735175.8326595
1766735185.8427348 1766735615.6336985
1766735615.6337306 1766735987.9215493
1766735995.9296262 1766736452.934284
1766736456.9383688 1766736918.380704
1766736921.383776 1766737308.9260888
1766737312.9301639 1766737663.4976697
1766737666.500757 1766738259.3957727
1766738266.4028816 1766738514.3285117
1766738514.3285356 1766738819.5146937
1766738824.5158064 1766739311.2966924
1766739319.3047805 1766739426.2354932
1766739430.2395825 1766739964.2528543
1766739968.2569287 1766740285.7184403
1766740289.722527 1766740667.0652022
1766740671.069288 1766740987.593945
1766740994.6010206 1766741401.9360297
1766741402.9371061 1766741839.4333591
1766741843.4349 1766742113.0056045
1766742115.006884 1766742443.3242998
1766742449.3303864 1766742954.1832697
1766742961.1856854 1766743266.0958533
1766743273.1029375 1766743502.6973538
1766743503.6984353 1766743831.1818726
1766743841.1919506 1766744273.1197588
1766744283.1298404 1766744652.161927
1766744652.1619503 1766745240.6333294
1766745247.6404183 1766745635.8291783
1766745644.8382554 1766745979.9928005
1766745979.9928322 1766746474.9474013
1766746476.9494777 1766746735.7228086
1766746744.7319 1766747157.5530536
1766747163.5591402 1766747556.6731644
1766747556.6731968 1766748161.0150332
1766748161.0150654 1766748492.838076
1766748493.8391433 1766748795.0124927
1766748799.0165823 1766749257.2292254
1766749258.230305 1766749693.3536203
1766749701.361707 1766750149.4804873
1766750153.483018 1766750768.7485685
1766750773.7536547 1766751297.8396258
1766751301.8437173 1766751609.3236437
1766751614.3287258 1766752041.0792985
1766752047.0853846 1766752612.2998407
1766752622.3099334 1766753185.69963
1766753189.7037117 1766753699.2785337
1766753702.2793622 1766754250.7461665
1766754257.7532797 1766754635.50132
1766754639.5054061 1766755000.853585
1766755001.8546607 1766755583.9752336
1766755586.9783168 1766756076.2051272
1766756081.21021 1766756560.5209258
1766756561.522002 1766757024.3997846
1766757024.3998165 1766757347.117867
1766757353.1239407 1766757743.4340112
1766757752.4430926 1766758097.6212583
1766758098.6223335 1766758663.1665523
1766758666.166897 1766759345.580234
1766759353.587142 1766759889.309765
1766759893.3138487 1766760449.9475973
1766760458.9548848 1766760927.536775
1766760937.5426564 1766761303.0737436
1766761305.0758111 1766761878.8170238
1766761880.819101 1766762273.8515348
1766762275.8536115 1766762730.1200047
1766762735.1250856 1766763077.4967866
1766763083.502155 1766763387.6607895
1766763393.6668751 1766763915.6802707
1766763915.6803038 1766764479.431402
1766764482.4344833 1766765028.5291657
1766765033.5293977 1766765370.3406549
1766765374.3447256 1766765740.3231857
1766765744.3272676 1766766205.2288892
1766766211.2349584 1766766731.1933918
1766766736.1938014 1766767026.1220815
1766767033.1291676 1766767449.4846888
