1752231527.4268596 1752231563.350718
1752231563.3507469 1752231585.6410234
1752231585.641061 1752231611.22519
1752231611.2252142 1752231633.1493783
1752231633.1494002 1752231664.6987798
1752231664.6988094 1752231690.2060854
1752231690.206114 1752231712.624152
1752231712.6241748 1752231736.036307
1752231736.036335 1752231755.3720078
1752231755.3720334 1752231789.9357307
1752231789.9357557 1752231811.1512005
1752231811.1512542 1752231833.5854955
1752231833.5855167 1752231859.4709096
1752231859.4709291 1752231880.6462266
1752231880.6462462 1752231904.3572044
1752231904.3572218 1752231935.9075089
1752231935.907546 1752231956.3710344
1752231956.3710694 1752231989.749082
1752231989.7491024 1752232014.4948497
1752232014.4948738 1752232039.9685853
1752232039.9686108 1752232065.528267
1752232065.5282888 1752232091.2017999
1752232091.2018232 1752232117.1360087
1752232117.1360312 1752232141.7715929
1752232141.7716293 1752232162.3655317
1752232162.365557 1752232181.403378
1752232181.4033964 1752232209.95708
1752232209.957101 1752232233.4589765
1752232233.4589932 1752232260.126498
1752232260.126517 1752232281.9113564
1752232281.9113812 1752232306.7187345
1752232306.7187564 1752232329.0970304
1752232329.0970612 1752232350.9645045
1752232350.9645252 1752232373.6543074
1752232373.6543293 1752232400.7441177
1752232400.744136 1752232425.157459
1752232425.157478 1752232449.238458
1752232449.238477 1752232470.0552402
1752232470.0552757 1752232494.5709734
1752232494.5709898 1752232515.9295263
1752232515.9295464 1752232537.1683338
1752232537.1683536 1752232559.321796
1752232559.3218167 1752232587.9879186
1752232587.987941 1752232614.9046366
1752232614.9046614 1752232631.1946425
1752232631.1946716 1752232661.872587
1752232661.87261 1752232680.3711782
1752232680.3711987 1752232706.4751406
1752232706.4751682 1752232730.9728503
1752232730.9728737 1752232753.896452
1752232753.896471 1752232771.376167
1752232771.3761866 1752232800.3220916
1752232800.322116 1752232826.354329
1752232826.3543491 1752232857.0202045
1752232857.0202286 1752232879.988277
1752232879.988298 1752232902.876861
1752232902.8768823 1752232925.0446196
1752232925.0446389 1752232937.7916198
1752232937.7916377 1752232973.6835158
1752232973.6835375 1752233002.2571263
1752233002.257145 1752233024.2312202
1752233024.2312417 1752233052.5797927
1752233052.5798156 1752233079.2340007
1752233079.2340221 1752233104.917259
1752233104.9172847 1752233135.2958202
1752233135.2958448 1752233157.752534
1752233157.7525558 1752233191.705632
1752233191.705653 1752233214.7761006
1752233214.7761261 1752233243.2985017
1752233243.298526 1752233264.2048023
1752233264.2048259 1752233293.1495583
1752233293.1495845 1752233318.685432
1752233318.6854498 1752233339.0341291
1752233339.0341506 1752233365.8501854
1752233365.8502052 1752233393.3933043
1752233393.3933232 1752233423.201248
1752233423.2012722 1752233452.5521595
1752233452.55218 1752233475.279599
1752233475.2796416 1752233496.5085783
1752233496.5086029 1752233521.34457
1752233521.3445883 1752233544.8512747
1752233544.8513017 1752233571.2943938
1752233571.2944322 1752233598.0309503
1752233598.030971 1752233620.1292858
1752233620.1293182 1752233644.1708245
1752233644.1708434 1752233670.7167625
1752233670.7167912 1752233699.6771023
1752233699.6771572 1752233725.2484279
1752233725.2484486 1752233751.2128341
1752233751.212859 1752233776.1982722
1752233776.1982927 1752233802.5861182
1752233802.5861483 1752233825.361703
1752233825.3617225 1752233850.4833655
1752233850.4833932 1752233874.915246
1752233874.9152653 1752233888.7655237
1752233888.7655547 1752233927.6695423
1752233927.6695619 1752233948.9185226
1752233948.918544 1752233979.4104257
1752233979.4104466 1752234003.524155
1752234003.524173 1752234026.6151938
1752234026.6152122 1752234055.55724
1752234055.5572634 1752234077.7793188
1752234077.7793374 1752234105.3476331
1752234105.3476582 1752234135.7995603
1752234135.7996306 1752234158.3789566
1752234158.3789778 1752234182.9145522
1752234182.9145758 1752234212.1945004
1752234212.1945183 1752234240.4822392
1752234240.4822626 1752234269.1593485
1752234269.1593714 1752234290.3520308
1752234290.3520596 1752234327.5428002
1752234327.5428257 1752234344.8340642
1752234344.8340816 1752234372.3316631
1752234372.3316925 1752234390.9302745
1752234390.9303048 1752234415.912816
1752234415.9128408 1752234447.4995153
1752234447.4995346 1752234462.4171782
1752234462.4172087 1752234493.8117428
1752234493.8117657 1752234515.9733229
1752234515.973344 1752234547.5793474
1752234547.5793824 1752234572.7649038
1752234572.764929 1752234599.2319734
1752234599.231991 1752234621.1482792
1752234621.148311 1752234642.318905
1752234642.3189278 1752234662.8256853
1752234662.8257136 1752234692.3090277
1752234692.3090506 1752234723.948625
1752234723.94865 1752234748.0541623
1752234748.0541809 1752234772.1212065
1752234772.1212282 1752234799.8594918
1752234799.8595164 1752234821.0217915
1752234821.0218108 1752234840.6749623
1752234840.6749952 1752234869.4972475
1752234869.4972725 1752234890.740257
1752234890.740277 1752234916.0102475
1752234916.0102696 1752234942.6286788
1752234942.628704 1752234966.8197176
1752234966.8197424 1752234990.9554522
1752234990.9554708 1752235016.0794718
1752235016.0794952 1752235040.455801
1752235040.455824 1752235070.1212106
1752235070.121234 1752235097.7766144
1752235097.7766354 1752235124.9559953
1752235124.9560184 1752235152.207197
1752235152.2072196 1752235177.6962519
1752235177.6962698 1752235204.4368966
1752235204.4369311 1752235232.4013126
1752235232.401341 1752235258.4265213
1752235258.426542 1752235292.7028427
1752235292.7028706 1752235320.3312917
1752235320.3313148 1752235343.3661237
1752235343.3661442 1752235375.5423312
1752235375.5423536 1752235403.248369
1752235403.2484057 1752235428.7903295
1752235428.7903514 1752235455.1311948
1752235455.1312182 1752235479.879028
1752235479.8790472 1752235509.8558295
1752235509.8558564 1752235534.3421054
1752235534.3421242 1752235558.5329456
1752235558.5329673 1752235586.9101036
1752235586.9101253 1752235605.9499223
1752235605.9499497 1752235632.7814047
1752235632.7814324 1752235654.860841
1752235654.860864 1752235673.7807324
1752235673.7807503 1752235705.1284783
1752235705.1285005 1752235729.039751
1752235729.0397732 1752235752.134611
1752235752.1346433 1752235784.8871064
1752235784.8871279 1752235809.8279169
1752235809.827958 1752235842.3208745
1752235842.320899 1752235864.680465
1752235864.6804965 1752235899.329323
1752235899.3293457 1752235925.9152844
1752235925.915304 1752235957.2078817
1752235957.2079024 1752235977.4390788
1752235977.4391015 1752236001.985142
1752236001.9851656 1752236021.5898168
1752236021.5898383 1752236040.87025
1752236040.8702688 1752236055.8326783
1752236055.832698 1752236079.1103437
1752236079.1103637 1752236103.1954267
1752236103.1954575 1752236122.2560053
1752236122.2560322 1752236143.6193712
1752236143.6194046 1752236169.713241
1752236169.713265 1752236196.2092893
1752236196.2093074 1752236215.7957408
1752236215.7957683 1752236241.7693892
1752236241.7694123 1752236264.8096974
1752236264.8097193 1752236295.912793
1752236295.912815 1752236321.2510517
1752236321.2510846 1752236342.6674259
1752236342.6674492 1752236377.568511
1752236377.568531 1752236399.332837
1752236399.3328617 1752236420.38326
1752236420.3832946 1752236456.3646514
1752236456.3646727 1752236485.3280983
1752236485.328119 1752236512.2922046
1752236512.2922294 1752236538.303507
1752236538.3035264 1752236562.161241
1752236562.1612618 1752236588.307159
1752236588.3071923 1752236615.5267942
1752236615.5268114 1752236640.5670345
1752236640.5670533 1752236668.348989
1752236668.3490129 1752236691.063314
1752236691.0633323 1752236723.366522
1752236723.3665433 1752236744.747086
1752236744.7471194 1752236773.7891757
1752236773.7891939 1752236795.2147365
1752236795.214754 1752236826.8333442
1752236826.8333824 1752236854.2122757
1752236854.2122946 1752236882.3967497
1752236882.3967762 1752236912.5963385
1752236912.5963593 1752236942.8753986
1752236942.8754277 1752236967.1666813
1752236967.1667073 1752236998.6999683
1752236998.6999884 1752237017.9843283
1752237017.9843497 1752237051.0586743
1752237051.0586987 1752237072.171717
1752237072.1717362 1752237104.2317672
1752237104.2318015 1752237132.7705488
1752237132.7705727 1752237160.6848898
1752237160.6849108 1752237184.6689298
1752237184.6689484 1752237209.1804023
1752237209.1804245 1752237231.386126
1752237231.3861535 1752237249.913792
1752237249.9138203 1752237279.4373114
1752237279.4373403 1752237302.2489681
1752237302.2489927 1752237321.8251548
1752237321.8251789 1752237350.1238065
1752237350.1238565 1752237369.6944408
1752237369.6944623 1752237399.0157802
1752237399.0158098 1752237421.478509
1752237421.4785297 1752237444.4425638
1752237444.442588 1752237460.4377403
1752237460.4377627 1752237487.4415834
1752237487.44161 1752237510.8503585
1752237510.8503857 1752237532.9924872
1752237532.9925058 1752237553.6802955
1752237553.6803145 1752237583.7085543
1752237583.708582 1752237606.6005151
1752237606.6005356 1752237628.0491693
1752237628.0491989 1752237657.317194
1752237657.3172202 1752237685.6685572
1752237685.6685765 1752237711.7156541
1752237711.7156808 1752237739.790096
1752237739.7901142 1752237762.6835082
1752237762.6835313 1752237785.5268464
1752237785.5268662 1752237807.6555765
1752237807.6556165 1752237832.1128964
1752237832.112916 1752237864.4284883
1752237864.428519 1752237886.8062172
1752237886.8062422 1752237911.7228124
1752237911.7228365 1752237936.338476
1752237936.3384988 1752237963.5659285
1752237963.5659509 1752237986.651426
1752237986.6514513 1752238013.2906907
1752238013.2907104 1752238034.740171
1752238034.740195 1752238062.1536891
1752238062.1537106 1752238091.4599416
1752238091.4599617 1752238111.1884944
1752238111.1885166 1752238139.3046744
1752238139.3046944 1752238169.1784422
1752238169.1784708 1752238189.8543584
1752238189.854389 1752238209.4116788
1752238209.4117022 1752238238.978008
1752238238.9780338 1752238265.4046528
1752238265.4046915 1752238293.861635
1752238293.8616624 1752238316.2163572
1752238316.216386 1752238338.6181607
1752238338.618186 1752238361.588374
1752238361.588397 1752238387.0295115
1752238387.0295312 1752238411.201408
1752238411.201435 1752238426.1471872
1752238426.1472058 1752238456.4048843
1752238456.404909 1752238481.9583557
1752238481.9583745 1752238500.738642
1752238500.7386596 1752238525.5686889
1752238525.5687273 1752238545.6111786
1752238545.611199 1752238568.586525
1752238568.5865457 1752238589.4313955
1752238589.43142 1752238617.6020284
1752238617.6020513 1752238640.4277859
1752238640.4278145 1752238667.2190168
1752238667.2190351 1752238690.3446994
1752238690.3447208 1752238718.9667983
1752238718.9668348 1752238742.4967232
1752238742.4967413 1752238763.8771079
1752238763.877128 1752238790.9567213
1752238790.9567444 1752238814.049831
1752238814.049862 1752238844.2141225
1752238844.2141473 1752238865.8341012
1752238865.8341238 1752238883.5638158
1752238883.5638325 1752238906.2437131
1752238906.2437396 1752238930.5046766
1752238930.5047011 1752238948.3458424
1752238948.3458643 1752238967.4386332
1752238967.4386542 1752238992.3039265
1752238992.3039618 1752239012.6553226
1752239012.655345 1752239036.920125
1752239036.9201472 1752239068.890915
1752239068.8909357 1752239090.6459577
1752239090.6459906 1752239128.892212
1752239128.8922307 1752239153.026649
1752239153.026671 1752239177.6057508
1752239177.6057727 1752239201.8135686
1752239201.8135931 1752239224.3693712
1752239224.369389 1752239246.9384742
1752239246.9384987 1752239271.2550983
1752239271.2551234 1752239289.0417652
1752239289.0418 1752239315.579359
1752239315.5793886 1752239343.1974332
1752239343.1974595 1752239373.4628296
1752239373.4628513 1752239397.1860535
1752239397.1860738 1752239422.8469052
1752239422.8469305 1752239446.1036465
1752239446.1036723 1752239475.9658744
1752239475.9658942 1752239494.3555803
1752239494.3556247 1752239516.515737
1752239516.515758 1752239544.59179
1752239544.5918176 1752239565.840024
1752239565.8400471 1752239592.7789593
1752239592.77898 1752239613.577229
1752239613.5772562 1752239640.65916
1752239640.6591792 1752239669.808765
1752239669.808791 1752239690.03799
1752239690.0380166 1752239719.9330678
1752239719.9331 1752239742.1782663
1752239742.1782866 1752239769.930753
1752239769.930785 1752239797.357873
1752239797.3578916 1752239826.7548935
1752239826.7549195 1752239848.4892423
1752239848.4892595 1752239866.4961329
1752239866.4961545 1752239894.5649025
1752239894.564933 1752239915.8863826
1752239915.8864088 1752239938.6846972
1752239938.6847198 1752239960.3417268
1752239960.341749 1752239982.3383553
1752239982.3383775 1752240007.7007115
1752240007.700735 1752240024.860397
1752240024.8604183 1752240056.4625223
1752240056.4625466 1752240078.4113107
1752240078.4113297 1752240100.9989078
1752240100.9989316 1752240125.2051487
1752240125.2051713 1752240144.7573214
1752240144.7573414 1752240177.2712646
1752240177.2712874 1752240203.3490229
1752240203.34904 1752240226.2660947
1752240226.2661142 1752240248.2437747
1752240248.243809 1752240280.5463898
1752240280.5464363 1752240311.9079916
1752240311.9080143 1752240339.1642296
1752240339.1642914 1752240365.8324196
1752240365.832443 1752240382.477453
1752240382.4774709 1752240412.4046214
1752240412.4046485 1752240436.0741765
1752240436.0741973 1752240462.0873885
1752240462.087415 1752240484.9654303
1752240484.9654486 1752240509.7842968
1752240509.78432 1752240534.5698366
1752240534.5698557 1752240561.0022197
1752240561.0022476 1752240587.453422
1752240587.453444 1752240614.6715326
1752240614.6715577 1752240639.6843812
1752240639.6844103 1752240670.8381019
1752240670.838123 1752240699.405519
1752240699.4055417 1752240723.3797753
1752240723.379798 1752240758.416825
1752240758.4168475 1752240776.873475
1752240776.8734937 1752240809.0031867
1752240809.0032067 1752240828.5419931
1752240828.5420246 1752240843.883187
1752240843.8832066 1752240873.0493696
1752240873.0493948 1752240897.4957743
1752240897.495798 1752240918.8518968
1752240918.851926 1752240943.7356548
1752240943.7356758 1752240961.3551612
1752240961.3551865 1752240983.4658115
1752240983.465832 1752241004.0054739
1752241004.0054958 1752241039.4802446
1752241039.4802628 1752241066.0454152
1752241066.0454347 1752241095.3406005
1752241095.3406546 1752241122.9391723
1752241122.9392369 1752241149.9140475
1752241149.9140685 1752241172.1922379
1752241172.1922665 1752241191.8254855
1752241191.8255072 1752241219.819413
1752241219.8194437 1752241247.409586
1752241247.4096177 1752241273.4435449
1752241273.4435968 1752241302.316171
1752241302.3161917 1752241317.9910495
1752241317.9910736 1752241348.3676682
1752241348.3676882 1752241372.6300697
1752241372.6300948 1752241397.542992
1752241397.5430176 1752241427.8678377
1752241427.8678653 1752241455.2804134
1752241455.2804322 1752241482.7476928
1752241482.7477248 1752241510.9217217
1752241510.921742 1752241536.2288218
1752241536.2288475 1752241554.7351062
1752241554.7351272 1752241582.355749
1752241582.35577 1752241605.8271334
1752241605.827183 1752241635.3114064
1752241635.3114336 1752241659.150705
1752241659.1507285 1752241685.1815305
1752241685.1815479 1752241719.3600564
1752241719.3600812 1752241749.125925
1752241749.1259475 1752241776.5995846
1752241776.5996063 1752241805.1226685
1752241805.1226864 1752241827.0820603
1752241827.0820837 1752241858.3834593
1752241858.3834813 1752241879.2547276
1752241879.2547505 1752241910.4753106
1752241910.475332 1752241940.4104018
1752241940.4104228 1752241961.8616192
1752241961.8616378 1752241987.6383765
1752241987.6384034 1752242011.312327
1752242011.3123443 1752242035.7121053
1752242035.712132 1752242062.4116058
1752242062.411643 1752242085.4313293
1752242085.4313526 1752242110.00093
1752242110.0009556 1752242142.2176826
1752242142.2177024 1752242170.5163357
1752242170.516358 1752242195.387962
1752242195.3879857 1752242209.2086873
1752242209.2087076 1752242240.7127764
1752242240.712805 1752242264.1612883
1752242264.1613123 1752242288.1779869
1752242288.1780055 1752242315.7507608
1752242315.750783 1752242339.487046
1752242339.4870698 1752242374.4223466
1752242374.4223669 1752242396.5232036
1752242396.5232322 1752242430.3293161
1752242430.3293457 1752242448.627136
1752242448.6271596 1752242470.231152
1752242470.2311778 1752242490.1451705
1752242490.1451955 1752242510.4105096
1752242510.4105308 1752242546.6285894
1752242546.628629 1752242568.202803
1752242568.2028224 1752242591.3639987
1752242591.3640616 1752242610.3073056
1752242610.3073287 1752242636.7250504
1752242636.7250729 1752242660.8881254
1752242660.8881469 1752242677.5491316
1752242677.549148 1752242712.2633684
1752242712.2634032 1752242739.7845757
1752242739.7846048 1752242763.2367198
1752242763.2367485 1752242793.0203593
1752242793.0203836 1752242817.5004046
1752242817.500425 1752242844.1133747
1752242844.1134055 1752242870.087129
1752242870.0871496 1752242895.3684344
1752242895.3684642 1752242918.2964742
1752242918.2965012 1752242938.6658354
1752242938.6658697 1752242966.568288
1752242966.5683115 1752242995.7118318
1752242995.7118587 1752243022.0356727
1752243022.0357025 1752243051.5742936
1752243051.574312 1752243071.273366
1752243071.2733974 1752243099.817626
1752243099.817648 1752243124.6323628
1752243124.6323864 1752243151.3146398
1752243151.3146641 1752243174.9808745
1752243174.9808924 1752243200.6854813
1752243200.6855047 1752243216.0948224
1752243216.094856 1752243241.7193813
1752243241.7194114 1752243265.2366753
1752243265.236701 1752243290.791773
1752243290.7917924 1752243325.2226715
1752243325.2226994 1752243351.770199
1752243351.7702177 1752243373.7499557
1752243373.7499819 1752243394.5017555
1752243394.5017726 1752243425.0397844
1752243425.0398135 1752243445.720013
1752243445.7200336 1752243466.5146945
1752243466.5147169 1752243499.6104298
1752243499.6104512 1752243524.4882452
1752243524.488275 1752243550.174523
1752243550.1745467 1752243573.715487
1752243573.7155128 1752243601.2626522
1752243601.2626705 1752243623.6056428
1752243623.6056721 1752243639.456197
1752243639.4562154 1752243671.7701507
1752243671.7701786 1752243695.7222142
1752243695.722235 1752243715.1987226
1752243715.1987386 1752243740.1595488
1752243740.1596034 1752243765.0396905
1752243765.0397081 1752243789.605596
1752243789.6056194 1752243820.6215537
1752243820.6215713 1752243842.478112
1752243842.4781322 1752243862.613679
1752243862.6136978 1752243894.4559076
1752243894.455931 1752243914.0362453
1752243914.0362644 1752243944.6730425
1752243944.6730673 1752243971.7249556
1752243971.724975 1752243991.1215017
1752243991.1215289 1752244015.9835334
1752244015.9835763 1752244033.9917512
1752244033.9917765 1752244061.6751134
1752244061.6751335 1752244084.808226
1752244084.8082592 1752244105.3251548
1752244105.3251834 1752244133.1808026
1752244133.180827 1752244161.5572367
1752244161.557256 1752244184.215724
1752244184.215747 1752244210.9389005
1752244210.9389198 1752244239.8467286
1752244239.8467455 1752244262.977284
1752244262.9773054 1752244290.9207466
1752244290.920767 1752244322.7372782
1752244322.7372954 1752244341.5624933
1752244341.5625165 1752244369.723586
1752244369.7236218 1752244391.8768969
1752244391.8769195 1752244414.8080719
1752244414.8080978 1752244436.98483
1752244436.9848592 1752244466.774297
1752244466.7743225 1752244495.6874726
1752244495.687501 1752244523.5771244
1752244523.5771444 1752244547.7222962
1752244547.7223194 1752244574.0344043
1752244574.0344305 1752244600.072076
1752244600.0720978 1752244627.3309934
1752244627.3310108 1752244646.259803
1752244646.259824 1752244671.966549
1752244671.9665697 1752244705.6196036
1752244705.6196282 1752244731.292766
1752244731.2927883 1752244760.2812114
1752244760.2812343 1752244783.5339687
1752244783.5339966 1752244812.144023
1752244812.1440413 1752244838.452897
1752244838.452921 1752244857.345521
1752244857.3455396 1752244888.7747684
1752244888.7747886 1752244913.3043182
1752244913.3043427 1752244940.7927196
1752244940.7927413 1752244966.5837579
1752244966.583782 1752244995.5105524
1752244995.5105767 1752245013.591205
1752245013.5912259 1752245045.6930237
1752245045.69305 1752245069.7163458
1752245069.716366 1752245095.9157705
1752245095.9157956 1752245122.038822
1752245122.0388513 1752245140.4959943
1752245140.496014 1752245172.1946259
1752245172.1946573 1752245193.5712442
1752245193.5712636 1752245222.005738
1752245222.0057669 1752245247.5719628
1752245247.5719802 1752245266.3628664
1752245266.3628843 1752245291.1915998
1752245291.191628 1752245313.77891
1752245313.7789316 1752245334.034011
1752245334.0340314 1752245361.9733863
1752245361.9734168 1752245387.9200034
1752245387.920026 1752245413.4121542
1752245413.4121737 1752245439.1884968
1752245439.188529 1752245466.2171712
1752245466.2171926 1752245489.7183144
1752245489.7183356 1752245521.9522853
1752245521.9523048 1752245543.8925266
1752245543.8925557 1752245571.6917405
1752245571.6917672 1752245590.9187388
1752245590.9187622 1752245616.9454343
1752245616.945451 1752245636.4125707
1752245636.4125955 1752245660.3306887
1752245660.3307095 1752245683.185358
1752245683.1853883 1752245712.8244638
1752245712.8244889 1752245740.333044
1752245740.3330746 1752245754.900289
1752245754.900309 1752245786.1327736
1752245786.1328 1752245811.2340865
1752245811.234109 1752245836.340404
1752245836.3404226 1752245866.6270282
1752245866.627047 1752245890.506476
1752245890.5065255 1752245917.6544037
1752245917.6544237 1752245938.6439338
1752245938.6439672 1752245972.3611653
1752245972.361188 1752245996.8166165
1752245996.816636 1752246029.4295511
1752246029.429577 1752246055.3467946
1752246055.3468194 1752246080.980395
1752246080.9804175 1752246103.2502787
1752246103.2503023 1752246127.2996397
1752246127.2996733 1752246163.6093295
1752246163.6093524 1752246190.3344243
1752246190.3344436 1752246222.605222
1752246222.6052518 1752246247.864647
1752246247.8646674 1752246278.8667712
1752246278.8667998 1752246304.9326453
1752246304.9326713 1752246328.586172
1752246328.5861928 1752246359.3291132
1752246359.3291392 1752246386.5081236
1752246386.5081472 1752246406.9097846
1752246406.9098022 1752246440.0404544
1752246440.0404792 1752246468.9909065
1752246468.9909267 1752246496.4268365
1752246496.4268603 1752246524.3009999
1752246524.3010194 1752246543.6053584
1752246543.6053946 1752246568.3975499
1752246568.397584 1752246596.578977
1752246596.578995 1752246626.6511729
1752246626.6512203 1752246653.6504488
1752246653.6504722 1752246676.198234
1752246676.1982627 1752246702.631545
1752246702.6315746 1752246730.6615777
1752246730.6616023 1752246757.1528833
1752246757.1528997 1752246782.6076217
1752246782.6076467 1752246807.6629217
1752246807.6629462 1752246832.8194602
1752246832.819492 1752246855.4186356
1752246855.4186547 1752246889.6107996
1752246889.610826 1752246919.4967492
1752246919.4967725 1752246941.1609182
1752246941.160939 1752246973.5898237
1752246973.589848 1752246992.7027264
1752246992.7027464 1752247029.757249
1752247029.7572703 1752247050.01431
1752247050.0143287 1752247078.8866735
1752247078.886695 1752247111.6533914
1752247111.653408 1752247136.5939872
1752247136.5940099 1752247169.3367674
1752247169.3367994 1752247196.484648
1752247196.4846654 1752247220.776675
1752247220.776701 1752247243.1044207
1752247243.1044393 1752247270.1193566
1752247270.1193764 1752247285.8838072
1752247285.8838289 1752247319.1212158
1752247319.1212363 1752247341.8351746
1752247341.8351936 1752247371.0656567
1752247371.0656884 1752247401.6297467
1752247401.629766 1752247427.8862562
1752247427.8862872 1752247453.824339
1752247453.8243606 1752247476.8242738
1752247476.8242931 1752247498.0473576
1752247498.0473752 1752247520.0882702
1752247520.0882902 1752247544.88204
1752247544.8820634 1752247573.4224555
1752247573.4224758 1752247596.518337
1752247596.5183551 1752247623.5941987
1752247623.5942316 1752247650.158817
1752247650.1588566 1752247685.732544
1752247685.7325633 1752247715.1574373
1752247715.1574612 1752247739.9965255
1752247739.996545 1752247753.7367277
1752247753.736762 1752247784.4997487
1752247784.4997702 1752247809.074862
1752247809.0748825 1752247833.8974116
1752247833.897433 1752247851.4621632
1752247851.4621828 1752247885.6273694
1752247885.6273947 1752247911.5071657
1752247911.5071876 1752247938.803208
1752247938.8032274 1752247966.1902618
1752247966.1902835 1752247985.6298707
1752247985.6298904 1752248012.590144
1752248012.5901673 1752248035.0842206
1752248035.0842397 1752248064.3497353
1752248064.34976 1752248087.2367368
1752248087.2367566 1752248109.4366486
1752248109.4366722 1752248130.177005
1752248130.1770244 1752248156.667093
1752248156.6671247 1752248176.9060533
1752248176.9060767 1752248200.8825686
1752248200.8825884 1752248225.823251
1752248225.8232758 1752248247.925574
1752248247.925597 1752248269.052018
1752248269.0520387 1752248300.9223018
1752248300.9223242 1752248324.3700063
1752248324.3700294 1752248346.336603
1752248346.336629 1752248370.937457
1752248370.9374883 1752248401.3458197
1752248401.3458424 1752248429.486409
1752248429.4864275 1752248452.399516
1752248452.3995378 1752248476.3841841
1752248476.3842118 1752248499.1649303
1752248499.1649497 1752248517.9510832
1752248517.9511058 1752248542.4731762
1752248542.4731941 1752248580.889716
1752248580.8897407 1752248605.9395819
1752248605.9396055 1752248626.5974715
1752248626.5975091 1752248649.1736925
1752248649.173714 1752248675.0381002
1752248675.0381243 1752248698.0602007
1752248698.0602257 1752248727.7811596
1752248727.7811832 1752248755.2555509
1752248755.2555826 1752248781.0460484
1752248781.0460665 1752248801.457082
1752248801.4571028 1752248827.530483
1752248827.530508 1752248853.3914201
1752248853.3914568 1752248877.566704
1752248877.566728 1752248900.9221425
1752248900.9221604 1752248926.247891
1752248926.24792 1752248953.1370795
1752248953.137104 1752248971.5042338
1752248971.504254 1752249005.5258062
1752249005.5258305 1752249028.9058142
1752249028.9058337 1752249054.4157958
1752249054.4158168 1752249078.089942
1752249078.0899663 1752249109.5121539
1752249109.5121748 1752249130.682439
1752249130.6824603 1752249157.670007
1752249157.670042 1752249182.7990134
1752249182.7990403 1752249209.1768408
1752249209.176869 1752249234.52582
1752249234.5258458 1752249256.0526762
1752249256.0527058 1752249275.2569969
1752249275.257029 1752249300.4136002
1752249300.413621 1752249329.729165
1752249329.729184 1752249354.4784567
1752249354.4784877 1752249379.9985623
1752249379.9985833 1752249398.4535472
1752249398.4535723 1752249426.7892437
1752249426.789267 1752249443.9456885
1752249443.9457247 1752249475.5335166
1752249475.533537 1752249502.2044723
1752249502.2045043 1752249529.7748115
1752249529.7748308 1752249558.1947582
1752249558.194786 1752249580.4024422
1752249580.4024618 1752249611.527831
1752249611.5278707 1752249635.9827821
1752249635.9828017 1752249662.148639
1752249662.1486645 1752249687.7469082
1752249687.7469268 1752249715.9850056
1752249715.985031 1752249745.0736585
1752249745.0736825 1752249758.3380713
1752249758.33809 1752249788.393629
1752249788.3936584 1752249813.1279316
1752249813.1279697 1752249831.9497185
1752249831.949737 1752249856.2784603
1752249856.2784863 1752249874.1369536
1752249874.1369748 1752249893.9579744
1752249893.9580004 1752249910.9954915
1752249910.995526 1752249940.0055833
1752249940.0056064 1752249960.1100845
1752249960.1101034 1752249987.7470844
1752249987.7471075 1752250018.795156
1752250018.7951796 1752250039.2151203
1752250039.2151399 1752250061.9083576
1752250061.9083831 1752250081.6052895
1752250081.6053102 1752250106.6063817
1752250106.606405 1752250130.4474576
1752250130.4474757 1752250165.170772
1752250165.1707911 1752250190.3808267
1752250190.3808527 1752250211.2941706
1752250211.2941911 1752250242.5194528
1752250242.5194836 1752250270.4089584
1752250270.4089959 1752250296.1052232
1752250296.1052432 1752250324.3377142
1752250324.3377385 1752250347.7559338
1752250347.7559528 1752250378.3422515
1752250378.3422766 1752250405.327485
1752250405.3275094 1752250429.5673435
1752250429.5673714 1752250459.7154565
1752250459.715477 1752250484.137718
1752250484.1377418 1752250513.0815165
1752250513.0815365 1752250539.8016586
1752250539.8016815 1752250563.9005022
1752250563.9005277 1752250592.006058
1752250592.0060816 1752250603.0203109
1752250603.020333 1752250637.273441
1752250637.273469 1752250659.7420404
1752250659.7420633 1752250682.8263862
1752250682.8264103 1752250714.1290636
1752250714.1290824 1752250738.536082
1752250738.5361083 1752250768.8696437
1752250768.8696716 1752250793.8703985
1752250793.8704286 1752250819.9448555
1752250819.9448934 1752250841.084719
1752250841.0847638 1752250869.9544094
1752250869.954429 1752250887.239414
1752250887.2394423 1752250909.0851676
1752250909.0851955 1752250943.3823023
1752250943.382349 1752250966.957481
1752250966.9575052 1752250993.1956406
1752250993.1956706 1752251022.285897
1752251022.2859235 1752251046.727357
1752251046.7274022 1752251069.1092823
1752251069.109301 1752251093.5706983
1752251093.570724 1752251115.1593797
1752251115.1594033 1752251130.2687242
1752251130.2687542 1752251154.3310804
1752251154.331102 1752251180.2786863
1752251180.2787044 1752251198.8017724
1752251198.8017912 1752251223.5275497
1752251223.527583 1752251247.2552788
1752251247.2553093 1752251274.830424
1752251274.830444 1752251297.6672866
1752251297.6673057 1752251320.8571866
1752251320.8572073 1752251347.5763078
1752251347.576335 1752251368.622553
1752251368.6225743 1752251392.4572644
1752251392.457288 1752251418.4875536
1752251418.4875891 1752251442.0249767
1752251442.0249946 1752251462.0033185
1752251462.0033417 1752251488.3933194
1752251488.393344 1752251507.857262
1752251507.8572817 1752251536.6137378
1752251536.6137662 1752251563.7656054
1752251563.7656236 1752251587.030015
1752251587.030043 1752251611.4447942
1752251611.4448295 1752251633.9682913
1752251633.9683087 1752251658.490379
1752251658.4904058 1752251674.6230783
1752251674.6230974 1752251700.1572356
1752251700.1572647 1752251725.6179411
1752251725.6179605 1752251745.3640575
1752251745.3640778 1752251765.618842
1752251765.6188638 1752251786.345907
1752251786.3459308 1752251806.2841983
1752251806.284219 1752251834.015817
1752251834.0158372 1752251856.5179615
1752251856.5179884 1752251875.8516846
1752251875.8517027 1752251898.32937
1752251898.3294008 1752251926.897922
1752251926.89794 1752251949.7156086
1752251949.715627 1752251979.7543697
1752251979.7544048 1752252007.5941837
1752252007.5942044 1752252034.7269042
1752252034.7269275 1752252059.292778
1752252059.2927995 1752252084.59776
1752252084.597778 1752252106.2759488
1752252106.2759752 1752252131.7606995
1752252131.7607245 1752252158.80884
1752252158.8088624 1752252181.1058319
1752252181.105856 1752252201.7910926
1752252201.791114 1752252230.500293
1752252230.5003135 1752252253.697681
1752252253.6977034 1752252287.9667373
1752252287.966762 1752252303.215978
1752252303.2160108 1752252335.5562677
1752252335.5562942 1752252354.9198325
1752252354.9198554 1752252375.3130245
1752252375.3130481 1752252396.54787
1752252396.5479004 1752252421.0814388
1752252421.0814607 1752252454.9134185
1752252454.913441 1752252482.8278697
1752252482.8278878 1752252504.9297204
1752252504.9297445 1752252531.9351125
1752252531.9351416 1752252558.2890437
1752252558.2890642 1752252583.9707696
1752252583.9707916 1752252605.7515848
1752252605.7516048 1752252630.8137717
1752252630.8137994 1752252649.457023
1752252649.4570422 1752252677.2891853
1752252677.2892098 1752252703.056366
1752252703.0563903 1752252723.4025035
1752252723.4025233 1752252751.5522487
1752252751.5522797 1752252777.5833867
1752252777.5834122 1752252802.206023
1752252802.2060409 1752252820.4728107
1752252820.472833 1752252846.4021413
1752252846.4021697 1752252868.9066207
1752252868.906651 1752252886.1338906
1752252886.1339247 1752252916.2936382
1752252916.2936623 1752252943.0377762
1752252943.037799 1752252964.0144424
1752252964.014465 1752252987.247501
1752252987.247534 1752253014.0322149
1752253014.0322347 1752253040.538517
1752253040.5385413 1752253065.2926831
1752253065.292712 1752253082.2699077
1752253082.2699249 1752253113.9578116
1752253113.957837 1752253144.6571877
1752253144.6572216 1752253166.6028085
1752253166.6028268 1752253201.2290297
1752253201.2290683 1752253230.5471594
1752253230.5471916 1752253253.7025056
1752253253.7025313 1752253274.885018
1752253274.88504 1752253296.190491
1752253296.1905122 1752253326.4639342
1752253326.4639628 1752253350.8319385
1752253350.8319645 1752253373.1141503
1752253373.114175 1752253391.9222605
1752253391.9222908 1752253410.9218514
1752253410.9218702 1752253446.8805933
1752253446.8806205 1752253475.512197
1752253475.5122225 1752253502.5270429
1752253502.5270638 1752253523.729227
1752253523.7292476 1752253553.77912
1752253553.7791426 1752253579.7771232
1752253579.7771468 1752253597.9993584
1752253597.9993849 1752253631.75169
1752253631.7517107 1752253657.848617
1752253657.848643 1752253683.1523056
1752253683.1523294 1752253708.4622188
1752253708.4622388 1752253731.3216043
1752253731.3216262 1752253754.437408
1752253754.4374268 1752253780.5839415
1752253780.5839684 1752253811.0887902
1752253811.088833 1752253838.4759808
1752253838.476003 1752253858.7358952
1752253858.7359197 1752253883.4923882
1752253883.49241 1752253908.8028886
1752253908.80291 1752253938.365042
1752253938.365066 1752253954.4213507
1752253954.421369 1752253984.113107
1752253984.113129 1752254016.132051
1752254016.132071 1752254043.084228
1752254043.084249 1752254070.6996129
1752254070.6996367 1752254094.8852634
1752254094.8852816 1752254119.0230596
1752254119.0230849 1752254147.4060144
1752254147.406033 1752254173.4707248
1752254173.4707494 1752254192.3194373
1752254192.319456 1752254215.3610685
1752254215.3610919 1752254238.6350772
1752254238.6351054 1752254266.5669696
1752254266.5669947 1752254292.5103686
1752254292.5103889 1752254314.6029503
1752254314.6029706 1752254340.3087177
1752254340.308735 1752254365.6074371
1752254365.6074595 1752254379.6953688
1752254379.6953871 1752254410.6088552
1752254410.6088803 1752254433.9498346
1752254433.9498556 1752254462.34127
1752254462.3413138 1752254492.5841987
1752254492.5842214 1752254523.1028576
1752254523.1028836 1752254551.1667304
1752254551.166753 1752254578.5334759
1752254578.5334995 1752254608.5080574
1752254608.508078 1752254629.8882613
1752254629.8882892 1752254649.8340604
1752254649.8340783 1752254674.1647956
1752254674.164819 1752254692.4818244
1752254692.4818435 1752254724.6188552
1752254724.6188798 1752254747.7629013
1752254747.7629242 1752254771.1585002
1752254771.15852 1752254801.8305724
1752254801.830597 1752254826.185174
1752254826.185199 1752254847.9601626
1752254847.960185 1752254865.8717449
1752254865.871764 1752254899.7614865
1752254899.761516 1752254921.9925437
1752254921.9925685 1752254947.3936903
1752254947.3937216 1752254972.004528
1752254972.0045512 1752254998.922597
1752254998.9226172 1752255019.8618684
1752255019.8618941 1752255042.318319
1752255042.318353 1752255068.8760397
1752255068.8760614 1752255099.1554227
1752255099.1554441 1752255117.1602247
1752255117.1602466 1752255155.2732642
1752255155.2732866 1752255176.6602337
1752255176.6602533 1752255209.1436787
1752255209.1437087 1752255237.6305003
1752255237.63052 1752255267.186947
1752255267.186964 1752255292.8221352
1752255292.822154 1752255323.394669
1752255323.3946903 1752255359.6481588
1752255359.648188 1752255386.8878152
1752255386.8878438 1752255414.3611505
1752255414.3611684 1752255442.3011343
1752255442.30116 1752255461.3845465
1752255461.3845658 1752255492.6516278
1752255492.6516533 1752255512.6130927
1752255512.6131115 1752255542.955907
1752255542.9559317 1752255563.0905337
1752255563.0905638 1752255591.8075125
1752255591.8075352 1752255620.4732838
1752255620.4733052 1752255647.4577856
1752255647.4578147 1752255670.9573472
1752255670.9573658 1752255699.7608895
1752255699.760926 1752255721.5414848
1752255721.5415072 1752255738.6255352
1752255738.6255689 1752255771.767652
1752255771.767677 1752255797.8274777
1752255797.8274977 1752255827.0880973
1752255827.088122 1752255852.25061
1752255852.2506278 1752255877.8116052
1752255877.811624 1752255904.5840168
1752255904.584041 1752255918.960429
1752255918.9604478 1752255953.6500342
1752255953.6500556 1752255979.8068438
1752255979.8068616 1752256007.11327
1752256007.1132889 1752256032.094702
1752256032.0947273 1752256053.8389127
1752256053.8389413 1752256080.227871
1752256080.2278905 1752256096.8460894
1752256096.8461113 1752256122.4730675
1752256122.473089 1752256145.69289
1752256145.692909 1752256166.6620598
1752256166.6620805 1752256197.250068
1752256197.2500963 1752256220.1145985
1752256220.1146324 1752256245.3944688
1752256245.3944921 1752256261.8241305
1752256261.8241496 1752256295.9806828
1752256295.9807086 1752256328.7078583
1752256328.7078798 1752256348.2585006
1752256348.2585187 1752256379.0698538
1752256379.069889 1752256402.2525952
1752256402.25262 1752256421.4872108
1752256421.4872284 1752256447.4827156
1752256447.4827383 1752256473.5537593
1752256473.553777 1752256498.4285173
1752256498.4285526 1752256525.5526953
1752256525.552715 1752256546.8799016
1752256546.879922 1752256581.7569451
1752256581.756965 1752256607.2711654
1752256607.2711885 1752256632.5647871
1752256632.5648074 1752256660.9655755
1752256660.9655998 1752256683.8395302
1752256683.8395488 1752256704.9139988
1752256704.9140313 1752256739.6323056
1752256739.632333 1752256756.7715428
1752256756.771587 1752256786.8473434
