1752231531.752432 1752231562.5847244
1752231562.5847657 1752231587.6363041
1752231587.6363297 1752231613.2135959
1752231613.2136228 1752231637.5134475
1752231637.5134685 1752231659.4010756
1752231659.4010944 1752231684.528061
1752231684.528078 1752231706.0307143
1752231706.0307379 1752231732.804589
1752231732.8046207 1752231761.226207
1752231761.2262242 1752231787.4463792
1752231787.446399 1752231809.1849806
1752231809.1850047 1752231829.8924522
1752231829.8924718 1752231856.714541
1752231856.7145615 1752231884.4344592
1752231884.4344766 1752231910.0635703
1752231910.0636094 1752231941.1024055
1752231941.1024272 1752231964.9101744
1752231964.9102006 1752231990.9466372
1752231990.946653 1752232012.6503654
1752232012.6503894 1752232033.8550246
1752232033.8550453 1752232066.268801
1752232066.268824 1752232091.0712724
1752232091.071292 1752232119.167168
1752232119.167185 1752232142.2979085
1752232142.2979414 1752232163.579095
1752232163.5791128 1752232187.6266434
1752232187.626667 1752232209.2672114
1752232209.2672305 1752232229.7981753
1752232229.798195 1752232258.788962
1752232258.7889888 1752232280.433795
1752232280.4338224 1752232304.4073226
1752232304.407341 1752232328.0384593
1752232328.038475 1752232356.066417
1752232356.0664399 1752232378.2880719
1752232378.2880895 1752232398.7106504
1752232398.7106736 1752232423.0795398
1752232423.0795784 1752232446.630049
1752232446.6300735 1752232471.9805717
1752232471.9805915 1752232491.2487535
1752232491.2487838 1752232518.6331108
1752232518.6331375 1752232541.5993521
1752232541.5993776 1752232568.2940817
1752232568.2941053 1752232591.1195602
1752232591.1196184 1752232613.5738308
1752232613.573853 1752232637.0659974
1752232637.0660138 1752232654.8509517
1752232654.8509734 1752232684.389381
1752232684.3893983 1752232702.265632
1752232702.265652 1752232729.0606966
1752232729.0607154 1752232749.3771112
1752232749.3771281 1752232775.3253355
1752232775.3253586 1752232802.5537603
1752232802.553783 1752232829.917522
1752232829.9175467 1752232855.447099
1752232855.4471183 1752232876.36394
1752232876.3639581 1752232900.4313455
1752232900.4313703 1752232918.6891015
1752232918.689122 1752232942.0551498
1752232942.0551705 1752232974.9726522
1752232974.9726722 1752232998.8418906
1752232998.841924 1752233025.034892
1752233025.0349147 1752233049.956171
1752233049.9561946 1752233078.9278064
1752233078.927829 1752233103.9389029
1752233103.938922 1752233130.6386538
1752233130.6386766 1752233161.9833438
1752233161.9833622 1752233189.0352836
1752233189.0353067 1752233215.4360454
1752233215.4360642 1752233242.1724963
1752233242.1725292 1752233269.4817474
1752233269.4817712 1752233289.470085
1752233289.4701066 1752233317.7324483
1752233317.7324705 1752233341.1745787
1752233341.1746027 1752233367.0858507
1752233367.085872 1752233390.969293
1752233390.9693134 1752233420.7298949
1752233420.7299185 1752233447.5732148
1752233447.573239 1752233474.260656
1752233474.2606769 1752233496.2103612
1752233496.2103786 1752233519.593503
1752233519.5935233 1752233543.55411
1752233543.5541368 1752233567.6858363
1752233567.685854 1752233597.730311
1752233597.7303357 1752233618.594847
1752233618.5948713 1752233645.1700091
1752233645.1700313 1752233670.8513627
1752233670.8513818 1752233696.9538589
1752233696.953885 1752233724.1715455
1752233724.171573 1752233749.4576583
1752233749.4576757 1752233776.2144623
1752233776.2144866 1752233801.8734784
1752233801.8735118 1752233825.0269747
1752233825.0269985 1752233853.5333052
1752233853.53333 1752233871.846269
1752233871.8462968 1752233899.2872345
1752233899.2872596 1752233926.3968012
1752233926.3968265 1752233952.145659
1752233952.1456797 1752233976.7521946
1752233976.7522202 1752233993.713378
1752233993.7134006 1752234028.854276
1752234028.8543022 1752234051.3402524
1752234051.3402705 1752234080.6470518
1752234080.6470795 1752234109.8145077
1752234109.8145285 1752234129.375776
1752234129.375795 1752234159.2895346
1752234159.289558 1752234179.7598572
1752234179.7598739 1752234210.9206843
1752234210.920709 1752234235.6758003
1752234235.675834 1752234265.7862399
1752234265.7862673 1752234299.1687517
1752234299.1687708 1752234324.0200582
1752234324.0200863 1752234351.512145
1752234351.5121648 1752234374.278144
1752234374.2781687 1752234389.3818946
1752234389.3819156 1752234413.402421
1752234413.4024417 1752234446.430268
1752234446.4302886 1752234472.5913103
1752234472.5913343 1752234489.8181624
1752234489.8181832 1752234523.0446188
1752234523.0446403 1752234547.5211277
1752234547.5211587 1752234572.3384223
1752234572.3384426 1752234593.5388281
1752234593.5388432 1752234621.4869406
1752234621.4869642 1752234642.903022
1752234642.903048 1752234668.4854965
1752234668.485516 1752234695.6660686
1752234695.6660905 1752234722.7044652
1752234722.704486 1752234750.8326206
1752234750.832643 1752234770.4022264
1752234770.402248 1752234797.5608475
1752234797.560868 1752234824.2286537
1752234824.228679 1752234843.9031556
1752234843.9031732 1752234869.6529648
1752234869.6529913 1752234894.3379574
1752234894.337981 1752234916.0933049
1752234916.093325 1752234944.3788013
1752234944.3788295 1752234956.870514
1752234956.8705304 1752234991.5503418
1752234991.5503669 1752235013.5461233
1752235013.546142 1752235043.334177
1752235043.3342113 1752235060.3682935
1752235060.3683133 1752235092.4135563
1752235092.4135764 1752235125.836761
1752235125.8367891 1752235150.9081454
1752235150.9081635 1752235180.9619422
1752235180.9619608 1752235196.8581288
1752235196.8581495 1752235225.8368433
1752235225.8368666 1752235262.3678625
1752235262.3678875 1752235289.2129982
1752235289.213016 1752235321.2097914
1752235321.2098134 1752235350.1551871
1752235350.1552057 1752235375.0165792
1752235375.0166035 1752235403.1148741
1752235403.1149032 1752235432.9725337
1752235432.9725595 1752235456.7072945
1752235456.707314 1752235484.464112
1752235484.4641347 1752235511.0097156
1752235511.0097344 1752235536.005477
1752235536.0054946 1752235559.4416404
1752235559.4416685 1752235575.4986856
1752235575.4987016 1752235609.3534775
1752235609.353506 1752235633.386584
1752235633.3866007 1752235656.7442682
1752235656.7443016 1752235680.1214314
1752235680.1214583 1752235707.263326
1752235707.263345 1752235724.9348843
1752235724.9349048 1752235752.9940176
1752235752.9940386 1752235779.4603193
1752235779.460342 1752235809.3169832
1752235809.3170078 1752235838.5585866
1752235838.5586095 1752235866.988134
1752235866.988159 1752235897.6694195
1752235897.6694443 1752235929.3280623
1752235929.3280883 1752235953.9953876
1752235953.9954069 1752235971.2066696
1752235971.2066913 1752235999.3292377
1752235999.3292534 1752236020.5993948
1752236020.5994196 1752236042.903737
1752236042.9037635 1752236062.363217
1752236062.3632467 1752236083.238871
1752236083.238893 1752236100.9099867
1752236100.9100127 1752236122.0480988
1752236122.048122 1752236147.8117461
1752236147.8117678 1752236171.2731886
1752236171.2732172 1752236196.3854618
1752236196.3854783 1752236219.6919026
1752236219.6919284 1752236242.9709141
1752236242.9709344 1752236266.1891663
1752236266.189193 1752236293.8258777
1752236293.8259048 1752236314.4996543
1752236314.4996703 1752236351.1719155
1752236351.1719396 1752236376.9155698
1752236376.91559 1752236397.6895692
1752236397.6895852 1752236430.9510236
1752236430.95105 1752236457.5599864
1752236457.5600097 1752236484.2530148
1752236484.2530448 1752236510.739555
1752236510.739646 1752236532.4223213
1752236532.4223442 1752236562.7262807
1752236562.7262988 1752236588.503052
1752236588.5030801 1752236614.016718
1752236614.0167377 1752236645.8066487
1752236645.8066702 1752236666.4287736
1752236666.428813 1752236695.8696752
1752236695.869696 1752236722.6696334
1752236722.6696606 1752236749.2663836
1752236749.2664 1752236771.198538
1752236771.1985664 1752236797.7808805
1752236797.7809079 1752236825.100901
1752236825.1009257 1752236856.226999
1752236856.2270184 1752236881.0087621
1752236881.0087807 1752236905.4867997
1752236905.4868195 1752236940.645226
1752236940.6452484 1752236963.4710326
1752236963.4710484 1752236999.459436
1752236999.4594593 1752237025.5579677
1752237025.5579836 1752237052.3045425
1752237052.3045619 1752237075.073246
1752237075.0732696 1752237108.159374
1752237108.1593997 1752237135.049532
1752237135.0495656 1752237150.4993076
1752237150.4993277 1752237186.1918395
1752237186.1918716 1752237207.8491597
1752237207.8491833 1752237229.061211
1752237229.0612335 1752237254.3315983
1752237254.331625 1752237275.136251
1752237275.1362696 1752237300.3839214
1752237300.3839478 1752237324.2223442
1752237324.2223666 1752237350.0873997
1752237350.0874276 1752237370.5968566
1752237370.5968804 1752237400.1556325
1752237400.1556604 1752237419.5224442
1752237419.5224667 1752237440.5409925
1752237440.5410175 1752237464.6672168
1752237464.667239 1752237485.3195248
1752237485.3195748 1752237508.1565838
1752237508.1566017 1752237532.3698945
1752237532.369916 1752237551.241093
1752237551.2411158 1752237581.3048239
1752237581.3048432 1752237607.8516629
1752237607.8516934 1752237634.323911
1752237634.3239353 1752237652.4894593
1752237652.489482 1752237685.9585657
1752237685.9585853 1752237711.1031082
1752237711.103128 1752237738.7862313
1752237738.7862508 1752237766.160164
1752237766.1601915 1752237786.3508673
1752237786.3508892 1752237815.8094106
1752237815.8094296 1752237835.5573354
1752237835.5573545 1752237864.9785576
1752237864.97859 1752237885.326827
1752237885.3268487 1752237906.5983295
1752237906.5983477 1752237937.8713093
1752237937.8713353 1752237965.0566487
1752237965.0566742 1752237985.2099626
1752237985.20998 1752238007.2711396
1752238007.2711601 1752238036.5969136
1752238036.5969415 1752238054.587756
1752238054.587778 1752238082.444669
1752238082.444688 1752238115.6764848
1752238115.6765196 1752238143.9408834
1752238143.940906 1752238168.1205297
1752238168.1205468 1752238194.003457
1752238194.003486 1752238217.0611384
1752238217.0611675 1752238237.7437258
1752238237.7437544 1752238260.2056837
1752238260.2057014 1752238291.662958
1752238291.662982 1752238313.4087477
1752238313.40877 1752238336.060698
1752238336.0607233 1752238362.774021
1752238362.774052 1752238383.7363908
1752238383.7364144 1752238407.252835
1752238407.2528532 1752238430.9378622
1752238430.9378862 1752238456.8745763
1752238456.874595 1752238480.6424634
1752238480.642488 1752238499.1553235
1752238499.155343 1752238524.2060766
1752238524.206108 1752238545.2817025
1752238545.281733 1752238564.6291366
1752238564.6291592 1752238584.3188493
1752238584.3188686 1752238611.4955454
1752238611.4955807 1752238642.7376294
1752238642.737649 1752238666.4741163
1752238666.4741416 1752238687.4502358
1752238687.450254 1752238717.9587195
1752238717.958742 1752238744.100119
1752238744.100149 1752238763.2501762
1752238763.2501934 1752238790.7363565
1752238790.7363803 1752238811.2092936
1752238811.2093093 1752238841.5064669
1752238841.5064967 1752238863.054835
1752238863.0548563 1752238887.4133172
1752238887.4133353 1752238907.344858
1752238907.3448896 1752238922.8590617
1752238922.8590798 1752238946.575393
1752238946.5754309 1752238967.0889668
1752238967.0889847 1752238992.1599557
1752238992.159992 1752239015.1157432
1752239015.1157618 1752239040.9020853
1752239040.9021108 1752239068.417557
1752239068.4175823 1752239099.9192443
1752239099.919263 1752239126.9449973
1752239126.945021 1752239153.4537797
1752239153.4538023 1752239174.1382692
1752239174.1382875 1752239200.325891
1752239200.325916 1752239226.272712
1752239226.272737 1752239248.6947136
1752239248.6947422 1752239271.8602464
1752239271.8602924 1752239290.450974
1752239290.450995 1752239314.7912314
1752239314.7912545 1752239345.2705348
1752239345.2705584 1752239366.0438054
1752239366.0438292 1752239394.5368125
1752239394.5368307 1752239423.3828204
1752239423.3828375 1752239450.5294921
1752239450.5295188 1752239468.5067403
1752239468.5067616 1752239497.4525445
1752239497.45257 1752239517.6843884
1752239517.6844099 1752239544.6881194
1752239544.6881387 1752239568.4245553
1752239568.424585 1752239590.168191
1752239590.1682138 1752239612.956719
1752239612.9567418 1752239632.5060647
1752239632.5060875 1752239669.5695071
1752239669.5695348 1752239694.454631
1752239694.4546566 1752239720.092025
1752239720.0920436 1752239745.5956373
1752239745.5956562 1752239769.95203
1752239769.9520543 1752239796.7720273
1752239796.7720454 1752239818.5044818
1752239818.5045059 1752239848.1712565
1752239848.1712842 1752239872.2604458
1752239872.260472 1752239893.4094813
1752239893.409506 1752239914.438993
1752239914.439019 1752239935.7361045
1752239935.7361238 1752239962.8454068
1752239962.845431 1752239976.0550065
1752239976.0550256 1752240001.4709735
1752240001.470994 1752240031.169074
1752240031.1690946 1752240055.8566768
1752240055.8567035 1752240078.8143258
1752240078.814347 1752240100.7212412
1752240100.7212634 1752240121.6199577
1752240121.6199834 1752240144.6459205
1752240144.64594 1752240179.0754125
1752240179.0754337 1752240197.5141354
1752240197.51416 1752240227.6091805
1752240227.6092052 1752240251.612531
1752240251.6125517 1752240282.553236
1752240282.5532641 1752240307.5634978
1752240307.5635145 1752240334.6811757
1752240334.6811996 1752240364.32221
1752240364.322232 1752240391.1377985
1752240391.1378155 1752240412.8459063
1752240412.8459346 1752240439.4068854
1752240439.406912 1752240458.2069001
1752240458.2069345 1752240484.6321056
1752240484.6321259 1752240505.4494042
1752240505.4494288 1752240532.5890956
1752240532.5891366 1752240560.947244
1752240560.9472673 1752240586.343312
1752240586.343338 1752240614.8655467
1752240614.8655727 1752240641.757292
1752240641.7573202 1752240671.0463254
1752240671.0463533 1752240699.4516232
1752240699.4516492 1752240717.1488137
1752240717.1488328 1752240756.1287227
1752240756.1287515 1752240776.6153638
1752240776.615381 1752240809.313181
1752240809.313206 1752240827.8063407
1752240827.8063579 1752240852.4930904
1752240852.4931192 1752240874.3824604
1752240874.3824914 1752240889.2589426
1752240889.2589607 1752240921.6190774
1752240921.619104 1752240942.5667434
1752240942.566765 1752240960.359621
1752240960.3596418 1752240980.3748643
1752240980.374892 1752241011.0689685
1752241011.0689914 1752241041.1899655
1752241041.1899862 1752241063.3555534
1752241063.3555777 1752241091.1240005
1752241091.1240256 1752241120.4804678
1752241120.4804862 1752241145.4810362
1752241145.4810612 1752241172.8975074
1752241172.8975284 1752241194.9981873
1752241194.9982023 1752241225.2016542
1752241225.2016776 1752241245.3385038
1752241245.3385224 1752241274.2443626
1752241274.2443817 1752241300.5237355
1752241300.5237641 1752241322.862719
1752241322.8627365 1752241351.9670482
1752241351.9670734 1752241367.9055831
1752241367.9056003 1752241399.0829456
1752241399.082971 1752241425.9779787
1752241425.9779997 1752241446.6333842
1752241446.6334057 1752241477.717294
1752241477.7173104 1752241510.594581
1752241510.594657 1752241531.833837
1752241531.8338585 1752241558.3977563
1752241558.3977811 1752241580.0267909
1752241580.0268087 1752241605.1039376
1752241605.1039698 1752241623.1488
1752241623.1488235 1752241659.3745406
1752241659.374573 1752241683.965049
1752241683.9650643 1752241716.994448
1752241716.9944816 1752241743.1046455
1752241743.1046646 1752241777.2993581
1752241777.2993824 1752241800.2360508
1752241800.2361057 1752241830.0139759
1752241830.0139985 1752241861.5757108
1752241861.5757334 1752241885.8580372
1752241885.8580632 1752241917.4938912
1752241917.493909 1752241939.014116
1752241939.0141425 1752241964.0523586
1752241964.0523798 1752241985.7661996
1752241985.7662268 1752242003.3296766
1752242003.3296926 1752242036.0486019
1752242036.0486372 1752242059.2673218
1752242059.2673414 1752242085.3608987
1752242085.3609262 1752242112.2222905
1752242112.222309 1752242142.0020967
1752242142.0021155 1752242159.0733793
1752242159.073402 1752242194.3950598
1752242194.3950849 1752242217.6859505
1752242217.6859708 1752242241.8266258
1752242241.8266537 1752242264.3922727
1752242264.3922918 1752242284.6830525
1752242284.683081 1752242318.9857502
1752242318.985769 1752242336.3488202
1752242336.3488417 1752242375.4121416
1752242375.4121647 1752242404.000831
1752242404.0008533 1752242428.600147
1752242428.6001656 1752242450.2245128
1752242450.2245402 1752242468.6489084
1752242468.648927 1752242490.9292438
1752242490.9292688 1752242516.5098796
1752242516.5098963 1752242540.3696806
1752242540.3697028 1752242566.5148242
1752242566.5148447 1752242591.552022
1752242591.5520563 1752242610.204209
1752242610.2042284 1752242638.8871105
1752242638.8871286 1752242660.548459
1752242660.54849 1752242685.202035
1752242685.2020547 1752242705.6227589
1752242705.622781 1752242734.8779957
1752242734.8780115 1752242763.964435
1752242763.964462 1752242783.9851482
1752242783.9851646 1752242821.0325658
1752242821.0325887 1752242845.0206335
1752242845.0206518 1752242865.7211578
1752242865.7211764 1752242891.994695
1752242891.9947197 1752242911.53921
1752242911.5392315 1752242942.8101616
1752242942.8101833 1752242967.5496645
1752242967.549684 1752242997.411461
1752242997.4114857 1752243019.2139363
1752243019.2139556 1752243049.0775888
1752243049.077607 1752243077.364854
1752243077.3648753 1752243098.4643395
1752243098.4643612 1752243126.245665
1752243126.2457082 1752243151.538792
1752243151.5388148 1752243173.1370816
1752243173.1370993 1752243198.186836
1752243198.1868553 1752243218.3380997
1752243218.33812 1752243242.4742517
1752243242.4742723 1752243267.1965687
1752243267.1965878 1752243297.6391175
1752243297.6391428 1752243323.2954586
1752243323.29548 1752243347.7265925
1752243347.7266207 1752243371.6798675
1752243371.6798933 1752243399.1120489
1752243399.1120687 1752243425.9236598
1752243425.9236803 1752243450.236739
1752243450.2367647 1752243473.4722643
1752243473.4722826 1752243500.6511745
1752243500.6512027 1752243521.9030766
1752243521.9030938 1752243550.9670103
1752243550.9670389 1752243574.341161
1752243574.341181 1752243599.9839337
1752243599.9839554 1752243624.090182
1752243624.0902026 1752243646.553835
1752243646.553864 1752243671.9683156
1752243671.9683378 1752243692.879969
1752243692.879996 1752243717.8650162
1752243717.8650343 1752243737.7233818
1752243737.723402 1752243762.9832287
1752243762.9832492 1752243791.2215805
1752243791.2216098 1752243819.9049244
1752243819.9049444 1752243842.8869495
1752243842.8869736 1752243868.7578368
1752243868.7578676 1752243891.2966988
1752243891.2967243 1752243917.7857385
1752243917.7857623 1752243938.2763991
1752243938.2764158 1752243967.9837627
1752243967.9837954 1752243993.979119
1752243993.9791405 1752244015.860324
1752244015.8603504 1752244034.664373
1752244034.664395 1752244059.0229998
1752244059.023019 1752244081.2809846
1752244081.2810009 1752244108.3788795
1752244108.3789048 1752244133.8691916
1752244133.8692107 1752244158.4963589
1752244158.4963796 1752244184.646926
1752244184.6469543 1752244208.261771
1752244208.2617974 1752244237.0674021
1752244237.0674205 1752244263.6287222
1752244263.6287463 1752244292.346989
1752244292.3470106 1752244318.3375995
1752244318.3376307 1752244343.053598
1752244343.0536165 1752244366.9428453
1752244366.9428692 1752244388.6666656
1752244388.6666868 1752244416.4460068
1752244416.446032 1752244436.6249428
1752244436.6249769 1752244468.6851053
1752244468.685126 1752244496.466057
1752244496.4660752 1752244525.3694
1752244525.3694332 1752244552.3035989
1752244552.3036249 1752244576.4172218
1752244576.4172506 1752244597.126271
1752244597.1262894 1752244623.125469
1752244623.125489 1752244653.8313107
1752244653.8313334 1752244681.3858516
1752244681.3858728 1752244705.213473
1752244705.2135 1752244732.9694724
1752244732.9694948 1752244755.0507336
1752244755.050751 1752244785.9729104
1752244785.9729369 1752244809.1691656
1752244809.1691828 1752244836.3646262
1752244836.3646514 1752244860.361367
1752244860.361388 1752244890.5505407
1752244890.550558 1752244910.3497832
1752244910.3498178 1752244941.5291946
1752244941.5292199 1752244967.535347
1752244967.5353644 1752244992.0517483
1752244992.0517714 1752245020.3505878
1752245020.3506057 1752245049.0859282
1752245049.0859458 1752245069.2021892
1752245069.202216 1752245096.6081734
1752245096.6081922 1752245117.7746363
1752245117.7746627 1752245145.9223049
1752245145.9223228 1752245173.8229392
1752245173.8229625 1752245201.993675
1752245201.9936914 1752245220.5730932
1752245220.5731158 1752245248.7510169
1752245248.751036 1752245263.2740443
1752245263.2740676 1752245288.3423781
1752245288.3424017 1752245313.2844322
1752245313.2844582 1752245332.6838815
1752245332.6839006 1752245359.2286606
1752245359.2286856 1752245384.4613283
1752245384.4613466 1752245408.7335632
1752245408.733585 1752245441.96844
1752245441.9684672 1752245468.5125325
1752245468.51255 1752245494.9323022
1752245494.9323268 1752245522.3573587
1752245522.3573816 1752245547.1351805
1752245547.1352065 1752245573.6181905
1752245573.6182153 1752245595.8025808
1752245595.8025987 1752245615.1222396
1752245615.1222622 1752245638.0066953
1752245638.0067184 1752245661.0397174
1752245661.0397425 1752245685.9178975
1752245685.9179182 1752245709.38464
1752245709.3846614 1752245738.8459547
1752245738.8459883 1752245759.3345473
1752245759.334566 1752245787.7096682
1752245787.7096937 1752245806.535184
1752245806.535206 1752245837.9231772
1752245837.9232008 1752245864.106085
1752245864.106108 1752245895.5672548
1752245895.5672753 1752245917.8217916
1752245917.8218186 1752245946.0071423
1752245946.0071628 1752245975.173569
1752245975.173594 1752246002.3402796
1752246002.3403008 1752246032.4637673
1752246032.4637923 1752246056.021629
1752246056.0216556 1752246079.2689931
1752246079.269016 1752246105.4154012
1752246105.41542 1752246130.3509543
1752246130.3509767 1752246163.0878456
1752246163.087864 1752246188.4047642
1752246188.4047945 1752246220.238913
1752246220.2389348 1752246249.724319
1752246249.7243502 1752246280.8217525
1752246280.8217773 1752246305.842657
1752246305.8426793 1752246330.3656945
1752246330.365713 1752246359.2691796
1752246359.2692115 1752246386.7241566
1752246386.7241774 1752246408.521025
1752246408.5210433 1752246437.2358634
1752246437.235884 1752246466.7732236
1752246466.7732472 1752246494.592321
1752246494.5923426 1752246519.4292955
1752246519.4293168 1752246546.3627691
1752246546.3627906 1752246564.5806553
1752246564.580677 1752246598.0165656
1752246598.016593 1752246626.8165803
1752246626.8166082 1752246654.2734604
1752246654.2734833 1752246676.8563526
1752246676.8563762 1752246701.4446125
1752246701.444638 1752246730.3060565
1752246730.3060815 1752246750.18347
1752246750.18349 1752246783.3928597
1752246783.3928893 1752246807.9843981
1752246807.984425 1752246834.3624046
1752246834.3624265 1752246860.927363
1752246860.9273832 1752246891.2798991
1752246891.2799222 1752246914.3318198
1752246914.3318443 1752246936.6939888
1752246936.6940055 1752246970.076886
1752246970.0769088 1752247000.9065585
1752247000.9065826 1752247029.0546124
1752247029.05463 1752247056.7187061
1752247056.7187324 1752247083.9447718
1752247083.944796 1752247110.7602124
1752247110.7602353 1752247140.9558246
1752247140.9558446 1752247159.5764704
1752247159.5764863 1752247197.507854
1752247197.5078795 1752247218.800471
1752247218.800496 1752247243.4260392
1752247243.4260647 1752247267.345755
1752247267.3457828 1752247294.1299605
1752247294.129986 1752247321.755699
1752247321.7557173 1752247342.7848375
1752247342.7848756 1752247371.2930532
1752247371.293071 1752247404.434877
1752247404.4349008 1752247426.0126832
1752247426.0127032 1752247450.7802317
1752247450.7802553 1752247478.7638316
1752247478.763851 1752247501.7584505
1752247501.7584734 1752247520.6455042
1752247520.6455297 1752247547.587799
1752247547.5878227 1752247572.6468046
1752247572.6468225 1752247592.0573328
1752247592.0573575 1752247626.0130136
1752247626.0130363 1752247658.4013805
1752247658.401409 1752247681.1088533
1752247681.108871 1752247710.1658385
1752247710.1658585 1752247730.1390266
1752247730.1390471 1752247759.9832566
1752247759.983278 1752247782.574043
1752247782.5740645 1752247807.5356383
1752247807.5356643 1752247831.4501715
1752247831.45019 1752247854.2517812
1752247854.251807 1752247884.7439613
1752247884.7439833 1752247912.3841476
1752247912.3841715 1752247938.9021862
1752247938.9022067 1752247962.1871989
1752247962.1872177 1752247983.6812813
1752247983.6813033 1752248013.9991279
1752248013.9991474 1752248038.7557838
1752248038.7558074 1752248064.1277874
1752248064.127807 1752248085.4870572
1752248085.4870856 1752248105.7384424
1752248105.7384586 1752248132.2573335
1752248132.2573636 1752248155.9109848
1752248155.9110162 1752248173.3640623
1752248173.364085 1752248201.4087622
1752248201.4087875 1752248227.7454207
1752248227.7454445 1752248243.458344
1752248243.4583652 1752248274.2692559
1752248274.269275 1752248301.2720633
1752248301.2720895 1752248325.3266845
1752248325.3267047 1752248347.4199696
1752248347.4199936 1752248374.6022892
1752248374.6023097 1752248393.1850007
1752248393.185023 1752248428.9833915
1752248428.9834101 1752248453.546771
1752248453.546796 1752248470.3949616
1752248470.394977 1752248491.9459653
1752248491.9459863 1752248526.858287
1752248526.8583105 1752248551.4423196
1752248551.4423375 1752248581.5011353
1752248581.5011585 1752248603.8726053
1752248603.872635 1752248625.0740008
1752248625.0740275 1752248649.1360693
1752248649.1360984 1752248675.7667267
1752248675.766751 1752248702.7941468
1752248702.794163 1752248728.4174538
1752248728.4174774 1752248752.138282
1752248752.1383045 1752248779.9077625
1752248779.9077964 1752248806.1246977
1752248806.1247177 1752248831.8479276
1752248831.8479514 1752248855.4631321
1752248855.463157 1752248881.2400928
1752248881.2401116 1752248905.460932
1752248905.4609559 1752248926.6562696
1752248926.6562967 1752248954.967286
1752248954.9673054 1752248972.1317258
1752248972.1317492 1752249002.5818734
1752249002.5818973 1752249031.0810063
1752249031.0810354 1752249048.3705828
1752249048.3706052 1752249075.976649
1752249075.976672 1752249111.2025726
1752249111.2025912 1752249135.9833574
1752249135.9833837 1752249160.8780954
1752249160.8781188 1752249180.866978
1752249180.867 1752249208.5656095
1752249208.5656295 1752249234.060266
1752249234.0602996 1752249259.3715937
1752249259.3716173 1752249281.9985528
1752249281.9985864 1752249303.6471481
1752249303.647167 1752249330.0559235
1752249330.0559545 1752249349.1165264
1752249349.116547 1752249383.2149708
1752249383.2149985 1752249404.4573998
1752249404.4574227 1752249429.9102612
1752249429.910284 1752249442.2264783
1752249442.226495 1752249470.8127112
1752249470.8127394 1752249503.5612864
1752249503.561307 1752249528.3393302
1752249528.3393502 1752249556.288976
1752249556.289011 1752249586.4156194
1752249586.415641 1752249613.0640993
1752249613.0641177 1752249634.015468
1752249634.0154922 1752249660.0743291
1752249660.0743542 1752249683.9845824
1752249683.9846091 1752249717.2707083
1752249717.270729 1752249739.5386865
1752249739.5387094 1752249764.0262358
1752249764.0262532 1752249787.6814198
1752249787.6814501 1752249813.3117013
1752249813.3117568 1752249835.522437
1752249835.5224621 1752249855.775981
1752249855.7760012 1752249874.5492616
1752249874.549284 1752249888.1949935
1752249888.1950102 1752249915.5617208
1752249915.561752 1752249943.1223817
1752249943.122403 1752249966.2897692
1752249966.2897937 1752249991.6616714
1752249991.661695 1752250011.9195373
1752250011.9195566 1752250040.4295452
1752250040.4295707 1752250055.9938498
1752250055.9938705 1752250083.536891
1752250083.536924 1752250109.2564788
1752250109.2564955 1752250136.5407255
1752250136.5407517 1752250157.5444036
1752250157.5444224 1752250189.7822225
1752250189.782245 1752250216.3967688
1752250216.3967938 1752250239.7001283
1752250239.7001579 1752250266.7714558
1752250266.771476 1752250296.6436775
1752250296.6437106 1752250326.0577426
1752250326.0577624 1752250352.0624053
1752250352.0624292 1752250377.9565244
1752250377.9565492 1752250405.1536298
1752250405.1536627 1752250434.6794379
1752250434.6794589 1752250460.4627914
1752250460.4628165 1752250479.2337775
1752250479.2337976 1752250513.7205868
1752250513.720613 1752250542.2280264
1752250542.228046 1752250564.1287072
1752250564.1287334 1752250591.2453651
1752250591.2453852 1752250611.0982058
1752250611.0982296 1752250639.2120297
1752250639.212051 1752250654.1515849
1752250654.1516037 1752250686.261836
1752250686.2618613 1752250711.2788215
1752250711.2788398 1752250742.372807
1752250742.3728251 1752250767.2273521
1752250767.2273762 1752250796.0884001
1752250796.0884233 1752250819.8784785
1752250819.8784995 1752250836.85472
1752250836.8547416 1752250866.5044823
1752250866.5045063 1752250890.5275583
1752250890.5275931 1752250910.9508135
1752250910.9508324 1752250944.9871678
1752250944.9871972 1752250964.7986934
1752250964.79871 1752250997.7617793
1752250997.761798 1752251018.1921737
1752251018.1921976 1752251044.5567117
1752251044.5567455 1752251068.7368994
1752251068.7369237 1752251093.0656796
1752251093.0657017 1752251113.4406142
1752251113.4406395 1752251132.9972608
1752251132.9972858 1752251155.2336586
1752251155.2336776 1752251178.4095798
1752251178.4096065 1752251202.4230866
1752251202.4231062 1752251227.064763
1752251227.0647807 1752251249.9427447
1752251249.9427745 1752251267.93167
1752251267.931692 1752251293.2514515
1752251293.2514682 1752251320.500642
1752251320.5006642 1752251343.439556
1752251343.439583 1752251372.5892088
1752251372.5892332 1752251394.3578796
1752251394.357902 1752251417.9409852
1752251417.941007 1752251444.0629003
1752251444.062923 1752251468.4234648
1752251468.423486 1752251484.5771153
1752251484.5771322 1752251506.4765987
1752251506.4766233 1752251531.785399
1752251531.7854168 1752251560.9735734
1752251560.973601 1752251586.8494797
1752251586.8495064 1752251612.509993
1752251612.5100157 1752251634.4981089
1752251634.4981258 1752251659.7944415
1752251659.7944608 1752251678.5150597
1752251678.5150864 1752251700.970401
1752251700.970418 1752251725.1804988
1752251725.1805396 1752251737.412623
1752251737.4126408 1752251766.559048
1752251766.5590734 1752251785.0252898
1752251785.025317 1752251799.7183022
1752251799.7183173 1752251833.7230465
1752251833.7230752 1752251856.2768865
1752251856.2769048 1752251877.548626
1752251877.548653 1752251898.386985
1752251898.387006 1752251923.3610165
1752251923.3610353 1752251945.6239667
1752251945.6239898 1752251978.3229878
1752251978.3230114 1752252004.1806717
1752252004.180692 1752252032.893948
1752252032.8939774 1752252059.5005627
1752252059.5005827 1752252084.4333675
1752252084.4333975 1752252110.6376066
1752252110.637629 1752252132.6422553
1752252132.6422899 1752252155.0267067
1752252155.0267272 1752252183.1256022
1752252183.1256268 1752252204.5346644
1752252204.5346842 1752252232.213514
1752252232.2135446 1752252260.322581
1752252260.3226037 1752252284.836128
1752252284.8361623 1752252307.5423343
1752252307.542355 1752252327.3924522
1752252327.3924708 1752252355.2924516
1752252355.292476 1752252378.278489
1752252378.2785149 1752252400.807735
1752252400.8077545 1752252430.3879578
1752252430.3879764 1752252452.069595
1752252452.0696201 1752252483.079453
1752252483.0794725 1752252498.7166073
1752252498.7166288 1752252531.1736782
1752252531.1736953 1752252556.6977515
1752252556.6977782 1752252581.334403
1752252581.334427 1752252605.5923607
1752252605.5923824 1752252628.888869
1752252628.8888888 1752252649.5209177
1752252649.520942 1752252675.6994972
1752252675.6995149 1752252702.2944815
1752252702.2945082 1752252728.5594118
1752252728.55943 1752252748.765447
1752252748.7654655 1752252775.7720728
1752252775.7721012 1752252794.1254058
1752252794.1254218 1752252822.9351826
1752252822.9352057 1752252839.0855982
1752252839.0856154 1752252865.9037855
1752252865.9038138 1752252893.4955258
1752252893.4955509 1752252911.1370237
1752252911.137045 1752252936.7114055
1752252936.7114215 1752252966.831904
1752252966.8319335 1752252985.014864
1752252985.0148797 1752253006.8488686
1752253006.8488915 1752253041.7598796
1752253041.7599006 1752253061.8789985
1752253061.8790216 1752253091.897957
1752253091.897986 1752253113.4215426
1752253113.421562 1752253144.7880585
1752253144.7880838 1752253168.3893585
1752253168.389381 1752253201.3125985
1752253201.312626 1752253225.2889512
1752253225.2889678 1752253250.381737
1752253250.3817708 1752253275.7385514
1752253275.738572 1752253296.3643885
1752253296.3644137 1752253324.9480734
1752253324.9480932 1752253347.028629
1752253347.0286555 1752253371.6082864
1752253371.608305 1752253390.0879598
1752253390.0879848 1752253416.4585366
1752253416.4585543 1752253444.4744973
1752253444.474522 1752253475.711024
1752253475.7110465 1752253502.4765236
1752253502.4765449 1752253526.8610187
1752253526.861045 1752253552.935909
1752253552.9359326 1752253577.5024178
1752253577.5024471 1752253598.915415
1752253598.9154394 1752253630.4339283
1752253630.4339535 1752253656.1018004
1752253656.1018283 1752253679.491014
1752253679.491029 1752253708.3060184
1752253708.306038 1752253729.0832536
1752253729.083276 1752253760.3645277
1752253760.3645453 1752253786.335012
1752253786.3350363 1752253813.0973117
1752253813.0973334 1752253832.6008248
1752253832.60086 1752253859.6667755
1752253859.6667955 1752253883.286134
1752253883.2861595 1752253911.1888952
1752253911.1889148 1752253934.9386039
1752253934.938623 1752253955.3855622
1752253955.3855848 1752253979.4865139
1752253979.4865305 1752254008.4833813
1752254008.483406 1752254040.15747
1752254040.15749 1752254066.7893424
1752254066.7893639 1752254093.5425718
1752254093.5425968 1752254121.9071364
1752254121.907154 1752254144.4556196
1752254144.455639 1752254163.3019304
1752254163.301953 1752254193.9835336
1752254193.9835517 1752254215.6683357
1752254215.6683578 1752254240.3380475
1752254240.3380697 1752254266.3725781
1752254266.3726068 1752254291.1044269
1752254291.1044517 1752254319.1879208
1752254319.1879416 1752254332.1379895
1752254332.138005 1752254363.7088418
1752254363.7088819 1752254387.5836194
1752254387.5836384 1752254410.8056524
1752254410.8056767 1752254439.4559536
1752254439.4559743 1752254463.396748
1752254463.3967786 1752254496.2616527
1752254496.2616763 1752254517.606215
1752254517.6062362 1752254548.377284
1752254548.3773074 1752254574.228081
1752254574.2281008 1752254607.3811874
1752254607.3812096 1752254630.1591141
1752254630.1591413 1752254647.1310005
1752254647.131026 1752254673.0840833
1752254673.0841126 1752254693.3710968
1752254693.371113 1752254721.5905461
1752254721.5905685 1752254749.5006032
1752254749.5006237 1752254772.4518797
1752254772.4519002 1752254800.745656
1752254800.7456825 1752254825.3935723
1752254825.3935938 1752254848.0887916
1752254848.0888221 1752254871.277966
1752254871.2779827 1752254899.0794115
1752254899.0794399 1752254923.0428412
1752254923.0428646 1752254952.5432706
1752254952.5432935 1752254973.0720148
1752254973.0720332 1752254997.160576
1752254997.160602 1752255020.7204642
1752255020.7204833 1752255043.0451853
1752255043.0452046 1752255072.2427576
1752255072.2427833 1752255096.6055193
1752255096.6055386 1752255126.6068735
1752255126.6069026 1752255147.201741
1752255147.2017596 1752255180.123681
1752255180.1237094 1752255203.2271652
1752255203.227181 1752255238.1728272
1752255238.1728866 1752255267.3597686
1752255267.3597906 1752255293.5694768
1752255293.5694962 1752255329.798039
1752255329.7980628 1752255352.2326472
1752255352.232669 1752255383.3941972
1752255383.3942251 1752255411.8528967
1752255411.8529232 1752255443.4000988
1752255443.4001255 1752255467.0831914
1752255467.0832129 1752255492.4687688
1752255492.4687886 1752255523.284121
1752255523.284138 1752255543.056386
1752255543.056416 1752255571.7273812
1752255571.7274103 1752255592.6869743
1752255592.6869915 1752255623.23796
1752255623.2379863 1752255646.6047788
1752255646.6047962 1752255672.2302
1752255672.2302232 1752255697.471938
1752255697.4719806 1752255722.4210567
1752255722.4210763 1752255742.9000404
1752255742.9000645 1752255768.3435419
1752255768.3435698 1752255792.7559521
1752255792.755972 1752255821.2760665
1752255821.2760844 1752255852.8844595
1752255852.8844833 1752255876.2170959
1752255876.2171123 1752255894.9529362
1752255894.952952 1752255929.9324307
1752255929.9324548 1752255953.5922463
1752255953.5922654 1752255975.6207016
1752255975.620726 1752255999.3385854
1752255999.3386045 1752256027.9111652
1752256027.9111984 1752256055.4738271
1752256055.4738467 1752256079.4295702
1752256079.4295957 1752256101.9376335
1752256101.9376633 1752256123.495597
1752256123.4956176 1752256143.7709615
1752256143.7709837 1752256162.6358557
1752256162.6358757 1752256192.3602517
1752256192.360272 1752256222.3418128
1752256222.341854 1752256245.987922
1752256245.98794 1752256272.693335
1752256272.6933515 1752256296.348366
1752256296.348388 1752256323.7003424
1752256323.7003665 1752256350.600372
1752256350.600393 1752256372.9201946
1752256372.920226 1752256401.1718593
1752256401.1718836 1752256428.4579773
1752256428.4579966 1752256449.2693534
1752256449.2693787 1752256476.1340485
1752256476.1340716 1752256496.021903
1752256496.0219264 1752256523.8717198
1752256523.8717422 1752256553.3688653
1752256553.3688846 1752256576.2169037
1752256576.2169244 1752256604.3908033
1752256604.390826 1752256636.9289365
1752256636.9289575 1752256658.725978
1752256658.7259953 1752256685.217691
1752256685.217717 1752256712.4842827
1752256712.4843037 1752256737.6230676
1752256737.6230876 1752256761.3663156
1752256761.3663385 1752256784.1216671
