1756438810.531313 1756438832.1987336
1756438832.198756 1756438853.0172715
1756438853.0173059 1756438900.1570516
1756438900.1570983 1756438931.9021475
1756438931.902167 1756438959.618574
1756438959.6186006 1756438987.8159804
1756438987.8160136 1756439010.7178884
1756439010.7179105 1756439047.8310869
1756439047.8311062 1756439086.3815422
1756439086.381567 1756439124.9993834
1756439124.9994087 1756439158.6158726
1756439158.6159012 1756439181.1546552
1756439181.1546783 1756439210.7473576
1756439210.747378 1756439243.7417846
1756439243.74181 1756439277.427337
1756439277.427355 1756439313.4849532
1756439313.4849782 1756439350.9321687
1756439350.932201 1756439378.8841841
1756439378.8842118 1756439398.8966827
1756439398.896706 1756439423.1170728
1756439423.117097 1756439449.9850898
1756439449.9851115 1756439478.6998749
1756439478.6999006 1756439507.213995
1756439507.214019 1756439535.8949525
1756439535.8949702 1756439572.7656932
1756439572.7657168 1756439588.6289644
1756439588.628983 1756439625.0095444
1756439625.0095747 1756439654.2236
1756439654.2236347 1756439677.4947033
1756439677.4947255 1756439710.4816473
1756439710.4816701 1756439742.9112418
1756439742.9112995 1756439768.5927694
1756439768.5928016 1756439795.837576
1756439795.8376014 1756439838.562456
1756439838.5624754 1756439867.5058076
1756439867.5058327 1756439911.5736444
1756439911.5736732 1756439936.2730672
1756439936.273088 1756439959.7824469
1756439959.7824683 1756439993.610334
1756439993.6103683 1756440019.2674553
1756440019.2674785 1756440045.6596775
1756440045.659703 1756440081.8430939
1756440081.8431137 1756440111.2333272
1756440111.2333431 1756440134.6091917
1756440134.6092134 1756440155.485348
1756440155.4853716 1756440178.208805
1756440178.2088258 1756440205.7161376
1756440205.716158 1756440231.0479088
1756440231.0479321 1756440263.985636
1756440263.9856594 1756440294.7038615
1756440294.7038848 1756440317.6924744
1756440317.6924956 1756440342.7161064
1756440342.7161262 1756440373.1047444
1756440373.1047654 1756440394.5452526
1756440394.545275 1756440424.3795855
1756440424.3796086 1756440466.5058312
1756440466.5058563 1756440495.4018998
1756440495.401932 1756440519.463865
1756440519.4638982 1756440541.1836407
1756440541.1836703 1756440568.570453
1756440568.5704722 1756440600.44305
1756440600.4430728 1756440636.093772
1756440636.093793 1756440666.9470308
1756440666.947057 1756440690.868229
1756440690.8682573 1756440724.0114775
1756440724.0114946 1756440766.021001
1756440766.0210288 1756440802.447943
1756440802.4479668 1756440834.2298076
1756440834.2298331 1756440862.622263
1756440862.6222854 1756440893.487172
1756440893.4871933 1756440915.0053825
1756440915.005409 1756440942.841901
1756440942.841922 1756440978.4588006
1756440978.4588258 1756441009.7295008
1756441009.729531 1756441038.697229
1756441038.6972544 1756441057.9732332
1756441057.9732502 1756441092.013813
1756441092.0138445 1756441126.8840804
1756441126.8840988 1756441148.2986739
1756441148.2986937 1756441173.16023
1756441173.1602545 1756441207.5413542
1756441207.5413804 1756441249.37299
1756441249.3730114 1756441277.386764
1756441277.3867812 1756441323.847379
1756441323.8474042 1756441350.8940985
1756441350.8941226 1756441376.2108243
1756441376.2108486 1756441404.5828273
1756441404.582849 1756441433.458931
1756441433.4589825 1756441459.6403465
1756441459.6403692 1756441487.9661844
1756441487.966211 1756441510.4573348
1756441510.4573584 1756441540.6638312
1756441540.6638534 1756441570.153321
1756441570.1533494 1756441596.8661942
1756441596.866219 1756441626.2168527
1756441626.2168736 1756441654.8771143
1756441654.8771355 1756441683.8967648
1756441683.8968012 1756441712.4852853
1756441712.4853072 1756441747.2194464
1756441747.219472 1756441774.0416768
