1756366909.298928 1756366932.130346
1756366932.1303728 1756366953.5704267
1756366953.570445 1756366977.8510113
1756366977.8510454 1756367004.6814668
1756367004.6814864 1756367029.0468466
1756367029.0468693 1756367053.4063697
1756367053.4063914 1756367079.935898
1756367079.9359202 1756367107.258616
1756367107.2586489 1756367135.2984447
1756367135.2984676 1756367157.504454
1756367157.5045004 1756367181.2996943
1756367181.2997315 1756367205.63821
1756367205.638234 1756367233.7805536
1756367233.780576 1756367253.0311196
1756367253.0311563 1756367278.2481313
1756367278.2481625 1756367303.595353
1756367303.5953808 1756367326.7489836
1756367326.7490075 1756367353.8384476
1756367353.8384795 1756367377.3274763
1756367377.32751 1756367403.3967385
1756367403.3967905 1756367424.2090914
1756367424.2091208 1756367449.7342215
1756367449.7342646 1756367472.5554905
1756367472.5555315 1756367494.0636513
1756367494.0636802 1756367517.7301683
1756367517.7301908 1756367540.8775868
1756367540.8776202 1756367557.4071002
1756367557.4071264 1756367584.5489082
1756367584.5489364 1756367618.890677
1756367618.8907177 1756367644.2329445
1756367644.2329757 1756367667.3004162
1756367667.3004467 1756367698.7070587
1756367698.707085 1756367730.7883935
1756367730.7884147 1756367757.8684158
1756367757.868444 1756367777.847722
1756367777.84775 1756367807.8883028
1756367807.8883362 1756367825.1973577
1756367825.197379 1756367848.6180503
1756367848.6180782 1756367874.150837
1756367874.1508598 1756367908.7886286
1756367908.7886565 1756367937.2444248
1756367937.244448 1756367957.820325
1756367957.8203475 1756367984.0384166
1756367984.0384464 1756368008.154955
1756368008.1550016 1756368038.1505938
1756368038.1506207 1756368059.9389973
1756368059.9390182 1756368086.3653324
1756368086.3653572 1756368105.6962535
1756368105.6962838 1756368133.0609698
1756368133.0609915 1756368160.6529942
1756368160.6530313 1756368184.6399484
1756368184.6399696 1756368213.7377908
1756368213.7378194 1756368241.948957
1756368241.9489827 1756368268.815699
1756368268.8157284 1756368296.8917625
1756368296.8917878 1756368322.6753697
1756368322.6753972 1756368348.1213684
1756368348.121388 1756368378.6929336
1756368378.6929998 1756368408.7606418
1756368408.7606685 1756368434.4996102
1756368434.4996436 1756368464.942976
1756368464.943004 1756368496.9822254
1756368496.9822452 1756368521.750087
1756368521.7501442 1756368550.4999516
1756368550.4999797 1756368572.6001952
1756368572.6002188 1756368601.7174244
1756368601.7174513 1756368626.9722934
1756368626.9723191 1756368654.2277174
1756368654.2277412 1756368682.9347415
1756368682.9347856 1756368709.0757933
1756368709.075822 1756368733.9135296
1756368733.9135568 1756368760.4972992
1756368760.497341 1756368783.9465575
1756368783.946582 1756368812.281371
1756368812.2813964 1756368838.5444744
1756368838.5444999 1756368864.725061
1756368864.725087 1756368895.1021776
1756368895.1022086 1756368919.4196427
1756368919.4196842 1756368937.9753714
1756368937.9753969 1756368958.5098028
1756368958.5098248 1756368990.0473824
1756368990.0474293 1756369009.9399316
1756369009.9399548 1756369036.0205624
1756369036.020591 1756369061.4201808
1756369061.4202135 1756369080.8278923
1756369080.8279111 1756369102.3380592
1756369102.3380811 1756369134.2039576
1756369134.2039814 1756369172.059239
1756369172.059272 1756369198.720687
1756369198.7207146 1756369232.5170765
1756369232.5171034 1756369265.5462008
1756369265.5462255 1756369293.7756224
1756369293.7756634 1756369326.8969631
1756369326.896997 1756369353.8066247
1756369353.8066509 1756369389.2882588
1756369389.2882876 1756369421.218442
1756369421.2184644 1756369439.3718586
1756369439.371885 1756369465.4917362
1756369465.491762 1756369492.368161
1756369492.3681836 1756369518.2405522
