1766293045.6672347 1766293119.0133412
1766293124.0148895 1766293196.125343
1766293206.1348996 1766293278.0236344
1766293284.0247197 1766293334.313125
1766293337.3149042 1766293450.6817334
1766293453.6828918 1766293528.311743
1766293536.3198233 1766293606.711963
1766293607.7130418 1766293680.1822724
1766293689.1913338 1766293746.528484
1766293756.5385697 1766293829.2383764
1766293832.241447 1766293899.4250698
1766293909.4280815 1766293964.2012062
1766293966.203287 1766294077.6528802
1766294080.654897 1766294147.6021495
1766294151.6062257 1766294222.3163621
1766294227.3188856 1766294315.2921567
1766294324.3012233 1766294397.9079058
1766294406.9148877 1766294478.3984714
1766294480.4005544 1766294551.3319647
1766294552.333063 1766294614.6327884
1766294615.6338704 1766294698.4799178
1766294708.4899979 1766294768.8637347
1766294773.8668935 1766294849.0251987
1766294853.0268877 1766294920.419551
1766294924.4228876 1766294993.804902
1766294996.806893 1766295061.9173427
1766295066.9224339 1766295144.9278295
1766295150.9339573 1766295228.0695992
1766295228.0696352 1766295303.3656726
1766295307.3668833 1766295392.3305938
1766295400.338666 1766295471.9285402
1766295478.9349856 1766295549.1257725
1766295553.1298478 1766295619.4131033
1766295625.4191797 1766295699.1163568
1766295703.1188898 1766295771.2324781
1766295776.237562 1766295862.6383536
1766295863.6389182 1766295933.1278822
1766295943.1379597 1766296010.2360256
1766296015.2411005 1766296097.317984
1766296097.318013 1766296163.9175627
1766296168.9193113 1766296221.9350317
1766296223.9371088 1766296300.7514708
1766296306.75596 1766296374.6969101
1766296375.6979768 1766296452.3838284
1766296456.3879042 1766296537.936624
1766296538.9377108 1766296604.4214773
1766296614.42192 1766296687.5486922
1766296696.5577703 1766296781.9505858
1766296787.9565263 1766296858.2812042
1766296858.2812295 1766296962.1230574
1766296969.1301374 1766297053.1644242
1766297056.1674974 1766297128.8116062
1766297130.8136804 1766297199.313817
1766297206.3188782 1766297280.8247817
1766297286.8308766 1766297359.0396302
1766297363.043755 1766297434.2757425
1766297435.2768207 1766297503.673263
1766297506.673494 1766297566.588935
1766297573.589265 1766297653.1006572
1766297653.100685 1766297738.3103876
1766297742.3106744 1766297821.4106252
1766297828.4176903 1766297891.9798265
1766297896.9849155 1766297965.031299
1766297971.0373647 1766298028.2916417
1766298037.2988856 1766298119.423411
1766298129.433533 1766298199.3673472
1766298202.3704245 1766298274.6404915
1766298281.6475763 1766298348.9801757
1766298353.9828804 1766298425.1531725
1766298426.1542585 1766298501.2013972
1766298506.2028842 1766298577.2879064
1766298577.287935 1766298644.4625762
1766298647.4628885 1766298730.505884
1766298730.5059202 1766298820.55979
1766298820.5598197 1766298906.548223
1766298909.5487516 1766298978.8453453
1766298978.845381 1766299071.596749
1766299077.5972326 1766299145.7455096
1766299150.7468953 1766299236.319117
1766299244.327192 1766299305.738933
1766299305.7389662 1766299402.511948
1766299408.5180216 1766299487.5924456
1766299490.595535 1766299565.859182
1766299568.8622708 1766299665.8085277
1766299670.8136046 1766299756.2966845
1766299756.2967315 1766299845.3466713
1766299847.347376 1766299921.210003
1766299923.2120714 1766299997.105646
1766300001.1068945 1766300069.5679688
1766300079.5748875 1766300137.527525
1766300145.5348818 1766300209.1523871
1766300218.1614702 1766300279.8204477
1766300287.8285272 1766300358.4910698
1766300360.493149 1766300449.2656703
1766300451.2677422 1766300512.728283
1766300518.730885 1766300595.2384694
1766300596.239546 1766300681.5957701
1766300689.5964737 1766300770.6473932
1766300775.6476684 1766300850.831267
1766300851.832347 1766300923.5048988
