1766293050.690698 1766293126.489093
1766293127.4902391 1766293204.373051
1766293209.3753846 1766293285.5140047
1766293289.5148926 1766293354.9686422
1766293357.9708836 1766293451.5564868
1766293461.562899 1766293531.1410303
1766293536.1428773 1766293612.460871
1766293612.4609013 1766293685.9390626
1766293686.9401307 1766293763.8406265
1766293773.8477764 1766293832.3800237
1766293838.3828864 1766293913.7303126
1766293919.7363787 1766293992.8849063
1766294001.8908906 1766294068.5231013
1766294069.5241835 1766294150.5180786
1766294156.5228846 1766294227.8497353
1766294227.8497658 1766294314.5885482
1766294323.594887 1766294396.7651007
1766294400.7668688 1766294481.2533507
1766294488.2604265 1766294556.7794435
1766294561.7828865 1766294630.7299583
1766294638.7304468 1766294695.225785
1766294701.230869 1766294778.7319186
1766294780.7340798 1766294847.5496855
1766294857.5588856 1766294923.7640698
1766294929.7668812 1766294996.4145296
1766294997.414879 1766295063.3379767
1766295070.3450534 1766295162.4779227
1766295164.4799943 1766295232.6249273
1766295234.6270971 1766295308.9173052
1766295309.918373 1766295380.5125372
1766295385.514891 1766295472.5817962
1766295480.588046 1766295554.38866
1766295556.390726 1766295622.4954867
1766295622.495509 1766295702.9050398
1766295712.9151027 1766295773.7901578
1766295773.7901876 1766295858.607108
1766295866.614887 1766295937.3401856
1766295937.3402162 1766296023.6945481
1766296030.694711 1766296098.541617
1766296099.5426853 1766296166.0728333
1766296167.0738997 1766296234.2659256
1766296235.26688 1766296314.0443175
1766296317.0473933 1766296389.7699242
1766296393.7739854 1766296434.9554183
1766296441.962489 1766296520.1436038
1766296527.1507134 1766296610.2434244
1766296614.246878 1766296680.4739969
1766296684.4780734 1766296777.9333735
1766296781.9348834 1766296861.9906628
1766296864.9937348 1766296965.502784
1766296968.5058515 1766297043.4341087
1766297047.4348803 1766297129.8888497
1766297136.8959198 1766297211.6157556
1766297215.619834 1766297286.9732761
1766297289.9748774 1766297374.5179331
1766297383.527 1766297446.3558664
1766297450.3599448 1766297503.1936424
1766297513.202967 1766297576.54586
1766297586.555927 1766297654.2512527
1766297660.254871 1766297747.3191874
1766297754.322882 1766297829.7812319
1766297836.786925 1766297886.2111716
1766297890.2148898 1766297965.624555
1766297967.6266236 1766298036.9599276
1766298046.9642339 1766298129.0042603
1766298135.0104434 1766298198.1287951
1766298203.1299021 1766298277.5836635
1766298286.5908823 1766298334.8794217
1766298340.8829963 1766298422.0662858
1766298424.0683563 1766298497.7230177
1766298498.7240908 1766298565.9547348
1766298571.9608 1766298650.3820624
1766298659.3908834 1766298730.2442443
1766298736.2468817 1766298826.9879324
1766298835.997002 1766298896.0801334
1766298906.086987 1766298984.3937447
1766298984.3937771 1766299068.3026261
1766299078.3108864 1766299141.0100045
1766299145.010882 1766299220.734961
1766299229.7428906 1766299314.8425052
1766299319.8476305 1766299410.8935678
1766299412.8956404 1766299479.0384066
1766299488.0393572 1766299576.3574462
1766299583.359946 1766299672.9984467
1766299672.9984772 1766299756.9969683
1766299767.0066593 1766299844.3131678
1766299844.313201 1766299919.2472007
1766299926.2508805 1766299987.5452678
1766299992.550345 1766300069.4679446
1766300078.4770167 1766300135.0370026
1766300137.0390768 1766300205.5626364
1766300210.5677192 1766300258.7314234
1766300263.7364829 1766300359.4237187
1766300362.4267945 1766300446.1697803
1766300455.1788776 1766300512.76153
1766300515.761758 1766300573.414659
1766300581.4189668 1766300654.9886599
1766300658.9908824 1766300760.6837437
1766300761.6848168 1766300823.6152227
1766300823.615247 1766300905.2902
