1755489183.5417256 1755489219.3700309
1755489219.370051 1755489250.7682788
1755489250.768298 1755489272.3808084
1755489272.3808258 1755489299.243752
1755489299.2437782 1755489320.2144792
1755489320.2145035 1755489352.0366576
1755489352.036678 1755489387.530604
1755489387.5306387 1755489412.4333472
1755489412.4333704 1755489438.947077
1755489438.9470947 1755489463.3559263
1755489463.3559508 1755489500.5283475
1755489500.528372 1755489527.664574
1755489527.6645982 1755489559.3795295
1755489559.379548 1755489584.6560507
1755489584.656075 1755489616.1964154
1755489616.1964347 1755489646.5529835
1755489646.5530047 1755489667.7254052
1755489667.7254326 1755489695.4058082
1755489695.4058278 1755489720.8177655
1755489720.8177981 1755489756.0967283
1755489756.0967462 1755489784.7152793
1755489784.7153006 1755489808.9295797
1755489808.9296067 1755489831.8957033
1755489831.8957214 1755489858.3436055
1755489858.3436284 1755489894.0855849
1755489894.0856042 1755489927.1511846
1755489927.1512039 1755489961.4468803
1755489961.4469016 1755489993.0869489
1755489993.0869777 1755490020.0931246
1755490020.093143 1755490053.2666435
1755490053.2666733 1755490089.031108
1755490089.0311308 1755490121.1852527
1755490121.1852746 1755490150.646289
1755490150.646314 1755490173.2673576
1755490173.2673771 1755490210.8293588
1755490210.8293788 1755490237.324175
1755490237.324195 1755490268.3448458
1755490268.3448682 1755490306.3554785
1755490306.355499 1755490332.056892
1755490332.0569317 1755490357.184434
1755490357.184463 1755490382.3174212
1755490382.317446 1755490415.9809954
1755490415.981018 1755490442.5226088
1755490442.5226314 1755490466.0945933
1755490466.0946226 1755490495.0501876
1755490495.0502102 1755490526.8078842
1755490526.8079047 1755490555.163418
1755490555.163436 1755490580.1325266
1755490580.1325524 1755490608.5719323
1755490608.5719562 1755490640.8307502
1755490640.8307946 1755490667.8154173
1755490667.8154352 1755490700.736093
1755490700.7361128 1755490732.1762626
1755490732.1762865 1755490759.1057324
1755490759.1057518 1755490790.5168717
1755490790.5168917 1755490820.385307
1755490820.385339 1755490848.606384
1755490848.6064076 1755490877.0325308
1755490877.0325541 1755490906.2753327
1755490906.275359 1755490931.2457027
1755490931.245736 1755490959.9792821
1755490959.9793038 1755490993.9513597
1755490993.951381 1755491027.8800592
1755491027.880081 1755491061.3494394
1755491061.3494627 1755491091.420515
1755491091.4205358 1755491117.2083673
1755491117.2083893 1755491136.103294
1755491136.1033132 1755491172.4656045
1755491172.465629 1755491208.3669033
1755491208.366923 1755491241.1418753
1755491241.1419027 1755491266.3649616
1755491266.364991 1755491298.0858862
1755491298.0859237 1755491340.8130486
1755491340.8130677 1755491372.8657553
1755491372.8657799 1755491405.2826421
1755491405.282662 1755491428.7590466
1755491428.7590685 1755491461.1614242
1755491461.1614454 1755491497.4354396
1755491497.4354591 1755491524.4977024
1755491524.49773 1755491547.0505843
1755491547.0506053 1755491582.27834
1755491582.2783604 1755491618.9244373
1755491618.9244711 1755491648.0302281
1755491648.0302544 1755491671.4735813
1755491671.473603 1755491705.0223124
1755491705.0223374 1755491733.5714455
1755491733.5714643 1755491765.9017446
1755491765.9017706 1755491792.3872595
1755491792.387278 1755491822.2671971
1755491822.267223 1755491843.6899831
1755491843.6900034 1755491873.5926743
1755491873.5926976 1755491907.0288963
1755491907.028918 1755491937.2359312
1755491937.2359579 1755491960.2622342
1755491960.2622585 1755491996.4169197
1755491996.4169393 1755492022.8683
1755492022.8683221 1755492054.5901113
1755492054.5901349 1755492076.014555
1755492076.0145752 1755492109.7645469
1755492109.7645738 1755492139.2525885
