1755489177.5642617 1755489209.1717553
1755489209.1717863 1755489244.6365018
1755489244.6365373 1755489269.8337748
1755489269.8337984 1755489294.3995752
1755489294.3996189 1755489324.4309611
1755489324.4309866 1755489351.6405268
1755489351.6405618 1755489384.669494
1755489384.669524 1755489410.2221258
1755489410.2221496 1755489428.075899
1755489428.0759256 1755489457.5524147
1755489457.5524423 1755489497.4196534
1755489497.4196873 1755489525.612592
1755489525.6126204 1755489553.4144928
1755489553.4145174 1755489591.2342508
1755489591.2342753 1755489617.0241282
1755489617.0241525 1755489642.089683
1755489642.0897129 1755489663.8281558
1755489663.8281846 1755489693.2549152
1755489693.2549345 1755489722.3813245
1755489722.3813517 1755489762.092138
1755489762.0921586 1755489791.159906
1755489791.1599443 1755489816.4216628
1755489816.4216921 1755489833.6348703
1755489833.63489 1755489862.5345514
1755489862.534578 1755489897.200527
1755489897.200552 1755489929.846261
1755489929.846287 1755489963.8407035
1755489963.8407304 1755489995.11476
1755489995.1147842 1755490020.87108
1755490020.871124 1755490049.7584295
1755490049.7584527 1755490089.3586135
1755490089.358639 1755490121.6452804
1755490121.6453013 1755490152.5402331
1755490152.5402567 1755490181.341191
1755490181.3412132 1755490201.6710653
1755490201.6710927 1755490239.4968927
1755490239.4969168 1755490263.950817
1755490263.9508462 1755490304.8711443
1755490304.871165 1755490326.802382
1755490326.802406 1755490361.5707738
1755490361.570795 1755490386.8604982
1755490386.8605204 1755490416.4659245
1755490416.4659522 1755490441.7073681
1755490441.7073915 1755490473.554246
1755490473.5542686 1755490503.4118145
1755490503.4118423 1755490532.0956047
1755490532.0956283 1755490556.8063803
1755490556.8064094 1755490586.1299827
1755490586.130003 1755490611.5251353
1755490611.5251617 1755490649.0856287
1755490649.085649 1755490678.4559295
1755490678.4559665 1755490705.7403479
1755490705.740372 1755490736.1361458
1755490736.136174 1755490763.7787857
1755490763.7788107 1755490799.9603653
1755490799.9603856 1755490825.1117496
1755490825.1117742 1755490851.9051523
1755490851.9051747 1755490878.1665916
1755490878.166609 1755490907.0593035
1755490907.0593317 1755490935.2410376
1755490935.241062 1755490963.8218663
1755490963.82189 1755490996.1577032
1755490996.15773 1755491032.485613
1755491032.485634 1755491062.8225439
1755491062.8225703 1755491089.237671
1755491089.237691 1755491114.545266
1755491114.5452924 1755491144.5275464
1755491144.5275767 1755491175.872952
1755491175.8729763 1755491206.310142
1755491206.3101633 1755491242.1291037
1755491242.1291325 1755491270.9047809
1755491270.9048126 1755491302.0683074
1755491302.068331 1755491339.4252884
1755491339.4253142 1755491368.9148726
1755491368.9148967 1755491406.7564092
1755491406.756431 1755491435.019334
1755491435.01936 1755491452.7198236
1755491452.7198496 1755491497.2450275
1755491497.2450528 1755491522.5046992
1755491522.5047295 1755491546.7453084
1755491546.7453353 1755491581.243755
1755491581.2437763 1755491618.120765
1755491618.1207974 1755491643.0472655
1755491643.0472884 1755491673.8519592
1755491673.8519907 1755491701.7373617
1755491701.7373884 1755491729.4832392
1755491729.4832606 1755491760.5008643
1755491760.5008886 1755491794.1734502
1755491794.1734805 1755491819.8511183
1755491819.8511395 1755491846.4463773
1755491846.4464045 1755491876.104099
1755491876.1041374 1755491909.3926966
1755491909.3927217 1755491936.7784748
1755491936.7784965 1755491961.3840706
1755491961.3840992 1755491991.6278844
1755491991.627906 1755492022.1036415
1755492022.1036682 1755492048.5242572
1755492048.524284 1755492074.7717705
1755492074.771794 1755492103.8616521
1755492103.8616786 1755492138.9757962
