1765631906.9543173 1765631930.2856903
1765631930.2857196 1765631958.6441133
1765631958.6441436 1765631981.0340812
1765631981.0341053 1765632010.1186187
1765632010.1186597 1765632034.5846255
1765632034.5846448 1765632061.774717
1765632061.774743 1765632091.289277
1765632091.2892962 1765632113.211509
1765632113.2115273 1765632152.9633543
1765632152.9633787 1765632176.0419157
1765632176.0419424 1765632205.2796638
1765632205.279683 1765632233.1793928
1765632233.1794174 1765632266.4456942
1765632266.4457176 1765632289.7126813
1765632289.712707 1765632312.9194052
1765632312.9194255 1765632341.353693
1765632341.3537183 1765632369.9627442
1765632369.9627707 1765632401.3766418
1765632401.376668 1765632434.7050576
1765632434.7050767 1765632460.9205866
1765632460.9206212 1765632481.6816876
1765632481.6817062 1765632514.9275086
1765632514.9275334 1765632544.562514
1765632544.5625393 1765632573.5872362
1765632573.587255 1765632601.6608217
1765632601.660847 1765632629.365142
1765632629.3651679 1765632654.1568446
1765632654.1568632 1765632690.8968997
1765632690.8969233 1765632721.616414
1765632721.616442 1765632749.294753
1765632749.294771 1765632781.9816973
1765632781.9817238 1765632811.3932393
1765632811.3932664 1765632838.5929506
1765632838.5929782 1765632870.885799
1765632870.8858206 1765632907.328087
1765632907.3281212 1765632932.3758407
1765632932.3758674 1765632967.354599
1765632967.3546257 1765632999.4223561
1765632999.4223778 1765633031.6710167
1765633031.6710439 1765633073.4217393
1765633073.4217591 1765633108.7168505
1765633108.7168746 1765633144.5094666
1765633144.5094867 1765633170.5988576
1765633170.5988839 1765633204.8734071
1765633204.8734276 1765633234.9442496
1765633234.9442742 1765633263.177287
1765633263.177305 1765633313.5807664
1765633313.5807924 1765633347.277424
1765633347.2774491 1765633383.9989
1765633383.9989245 1765633426.1325953
1765633426.1326163 1765633467.6869934
1765633467.687018 1765633500.9815319
1765633500.981552 1765633538.0311718
1765633538.031191 1765633579.3655698
1765633579.3655944 1765633617.0271811
1765633617.0272214 1765633651.9584582
1765633651.9584768 1765633687.8076546
1765633687.8076792 1765633723.0952125
1765633723.0952325 1765633761.956054
1765633761.956072 1765633810.2795334
1765633810.2795587 1765633847.6081142
1765633847.608133 1765633887.4405596
1765633887.440586 1765633931.8541014
1765633931.854122 1765633974.3986306
1765633974.3986506 1765634016.3748991
1765634016.3749187 1765634062.4195385
1765634062.419564 1765634106.2819273
1765634106.2819464 1765634140.0185306
1765634140.018555 1765634177.6815898
1765634177.6816087 1765634213.8840718
1765634213.8840942 1765634253.1010342
1765634253.1010535 1765634290.0981755
1765634290.0982015 1765634329.6771314
1765634329.677159 1765634365.661761
1765634365.661788 1765634399.5901473
1765634399.590166 1765634431.3878443
1765634431.387869 1765634463.3533366
1765634463.3533554 1765634501.9830625
1765634501.9830892 1765634531.4753668
1765634531.4753907 1765634564.8931184
1765634564.8931491 1765634598.1211746
1765634598.121203 1765634630.548547
1765634630.5485685 1765634665.0376768
1765634665.0377042 1765634714.4235966
1765634714.4236174 1765634745.765638
1765634745.7656596 1765634792.1645687
1765634792.1645963 1765634833.530184
1765634833.53021 1765634874.520723
1765634874.5207462 1765634919.4187498
1765634919.4187765 1765634945.9997082
1765634945.9997337 1765634990.8269024
1765634990.8269284 1765635035.7886496
1765635035.788673 1765635074.6627412
1765635074.6627703 1765635112.1314023
1765635112.131429 1765635161.5582697
1765635161.5583012 1765635205.7047224
1765635205.7047434 1765635256.60562
1765635256.6056483 1765635289.243671
1765635289.2437055 1765635331.1228318
1765635331.122867 1765635375.3302288
