1719920693.759367 1719920730.156847
1719920740.5827255 1719920770.4096878
1719920780.620221 1719920801.0571702
1719920804.911255 1719920838.856785
1719920846.2156842 1719920872.7589264
1719920880.2187655 1719920903.6065266
1719920914.3667164 1719920944.809271
1719920953.9347804 1719920982.4095101
1719920982.673509 1719921020.9089582
1719921023.2778125 1719921056.4584715
1719921066.3722656 1719921087.062931
1719921093.9754102 1719921117.756906
1719921122.9627168 1719921156.7567163
1719921165.8823256 1719921182.2568996
1719921186.5662692 1719921223.1641161
1719921223.3575428 1719921259.361876
1719921269.223017 1719921295.1582859
1719921296.8615215 1719921310.957123
1719921319.4784346 1719921346.7571328
1719921352.0627763 1719921377.6089063
1719921380.274782 1719921415.2578695
1719921424.1708424 1719921436.70842
1719921438.525026 1719921476.3099694
1719921484.184138 1719921511.1567852
1719921511.7686422 1719921545.7584093
1719921548.5211306 1719921574.9568057
1719921584.4187326 1719921606.2579377
1719921606.8221405 1719921654.7582166
1719921661.0667067 1719921684.0090873
1719921690.8627791 1719921728.0595207
1719921736.766718 1719921761.057995
1719921764.2640615 1719921797.1089578
1719921807.9685078 1719921830.1621208
1719921832.0701025 1719921860.3603253
1719921866.1738527 1719921893.3075955
1719921898.6173193 1719921931.8650868
1719921941.0788524 1719921966.2580452
1719921977.1308632 1719922001.0570931
1719922005.6739333 1719922030.256772
1719922032.5216906 1719922061.058141
1719922065.526723 1719922090.9085612
1719922093.5746255 1719922126.9607074
1719922137.8322566 1719922168.9568694
1719922170.578484 1719922196.0066655
1719922204.3331552 1719922231.9065864
1719922235.6210256 1719922271.056688
1719922277.9668896 1719922297.4071226
1719922303.9246259 1719922327.8094933
1719922336.4747796 1719922360.4569607
1719922363.1762006 1719922413.0607073
1719922422.029982 1719922447.9104667
1719922454.7310097 1719922473.7097836
1719922483.5228028 1719922508.6661952
1719922511.8107293 1719922533.9567108
1719922537.5187833 1719922571.8579788
1719922575.5663064 1719922612.2606585
1719922621.2721815 1719922640.8100843
1719922643.7746675 1719922674.058182
1719922676.6671517 1719922698.0569234
1719922699.7654917 1719922722.5567772
1719922728.2278173 1719922766.5581555
1719922773.366843 1719922798.658191
1719922801.4578896 1719922823.8598673
1719922830.2649012 1719922857.1567357
1719922857.9712777 1719922886.3104937
1719922895.1165407 1719922917.9583802
1719922919.5732944 1719922943.85669
1719922944.2663903 1719922984.8068411
1719922993.2827141 1719923014.5612757
1719923021.3107622 1719923049.258237
1719923053.962815 1719923073.3096805
1719923082.6320949 1719923104.9570982
1719923113.7780943 1719923133.808292
1719923137.1762574 1719923162.0065958
1719923164.5143187 1719923202.410572
1719923213.3204226 1719923244.7584195
1719923249.518788 1719923270.806725
1719923273.9307215 1719923304.656733
1719923313.3267233 1719923340.0569117
1719923347.9352486 1719923362.7566977
1719923363.1156082 1719923406.1614046
1719923411.0219111 1719923430.4069111
1719923436.5627813 1719923466.3610675
1719923474.178776 1719923499.3068073
1719923499.7694852 1719923531.9622283
1719923532.7244017 1719923562.661924
1719923565.525215 1719923595.1089845
1719923606.0749388 1719923623.3567555
1719923624.874127 1719923660.3085914
1719923669.9147623 1719923693.5566604
1719923703.866776 1719923722.1570573
1719923731.8833764 1719923749.9622836
1719923752.8177571 1719923779.0087552
1719923784.6187334 1719923809.1101956
1719923810.0629635 1719923842.0609062
1719923844.915864 1719923875.7098181
1719923885.4747581 1719923906.706482
1719923910.3627946 1719923931.5104036
1719923935.2707295 1719923954.9570956
1719923963.782792 1719923993.6569948
1719923997.0748155 1719924020.6570194
1719924031.281177 1719924056.4088478
1719924063.0704644 1719924091.7622912
1719924099.6801634 1719924122.1106727
1719924123.9750051 1719924153.461333
1719924159.3147836 1719924190.5599113
1719924192.5697203 1719924212.8607206
1719924216.5652165 1719924238.362132
1719924244.2255516 1719924270.258619
1719924276.17077 1719924307.618382
1719924308.4565122 1719924344.062104
1719924352.9707282 1719924373.7071154
1719924377.3773177 1719924400.7613065
1719924402.617826 1719924432.1567986
1719924439.6627574 1719924460.0567055
1719924462.769857 1719924492.9102082
1719924499.7187932 1719924526.0567818
1719924532.7782364 1719924559.809162
1719924569.5339193 1719924592.558955
1719924603.3783298 1719924621.7094438
1719924627.615478 1719924653.9607646
1719924663.5227988 1719924685.7572148
1719924690.258732 1719924729.5072742
1719924738.0187159 1719924760.8580487
1719924763.6736743 1719924799.4580495
1719924805.0707777 1719924835.1623447
1719924841.0707777 1719924869.1609287
1719924876.9749749 1719924901.9101746
1719924911.7684407 1719924931.7565997
1719924933.1582828 1719924967.6580148
1719924968.3668997 1719924982.0071037
1719924988.4108372 1719925024.6567836
1719925034.2337852 1719925058.8584306
1719925069.6227186 1719925088.6081545
1719925089.5175147 1719925120.0066469
1719925123.7265692 1719925165.2567124
1719925170.7798994 1719925193.0091038
1719925202.7187862 1719925221.7105558
1719925232.4211795 1719925257.6578724
1719925260.5208755 1719925292.4566376
1719925301.8708057 1719925326.0564764
1719925328.421412 1719925350.658204
1719925359.626743 1719925389.108656
1719925392.826177 1719925422.5090613
1719925429.3276742 1719925457.8098962
1719925468.4827766 1719925496.256822
1719925501.6704237 1719925523.3603244
1719925527.2250938 1719925556.7568097
1719925558.2289834 1719925588.458561
1719925594.0232625 1719925626.15979
1719925636.0788476 1719925649.656616
1719925651.463544 1719925684.0612311
1719925689.578721 1719925720.5068257
1719925723.6792183 1719925757.7568903
1719925759.313353 1719925785.0570052
1719925791.8824468 1719925814.758314
1719925821.568816 1719925854.7601223
1719925862.2246604 1719925885.2066464
1719925894.8307161 1719925914.9649105
1719925917.6787832 1719925949.0605805
1719925949.41012 1719925975.5622668
1719925978.362086 1719926006.2568445
1719926013.8873727 1719926031.3590055
1719926039.0720317 1719926064.3095398
1719926070.1619322 1719926092.1614554
1719926096.880284 1719926137.5584626
1719926138.2186291 1719926160.4566178
1719926161.8613734 1719926187.9593244
1719926193.134893 1719926221.1582606
1719926227.6248772 1719926253.0582156
1719926256.8239725 1719926283.2068722
1719926291.0147223 1719926310.8570573
1719926311.3640487 1719926340.5607207
1719926343.3667617 1719926376.256706
1719926383.8243062 1719926407.7619886
1719926413.6848543 1719926436.8659666
1719926437.7684476 1719926471.9590826
1719926474.6667807 1719926509.3568804
1719926511.7173848 1719926528.4082005
1719926531.1210794 1719926559.4568796
1719926564.770532 1719926592.4619515
1719926598.3694932 1719926630.8566625
1719926631.1093764 1719926668.156795
1719926672.018793 1719926702.4565887
1719926703.965755 1719926733.7084475
1719926736.8587475 1719926770.7591481
1719926777.0187778 1719926808.1608932
1719926815.6827352 1719926844.6580737
1719926846.472195 1719926879.0071237
1719926885.6303573 1719926915.4640777
1719926926.276018 1719926952.6566727
1719926962.1748452 1719926986.7617328
1719926992.68026 1719927021.561227
1719927021.765803 1719927056.5096657
1719927061.219382 1719927087.3624852
1719927097.17923 1719927124.2582815
1719927133.166721 1719927161.4584317
1719927169.3144038 1719927194.2581956
1719927197.0195334 1719927220.958836
1719927231.782892 1719927253.3613791
1719927261.72512 1719927277.6569388
1719927283.0747697 1719927309.356757
1719927316.0711358 1719927338.9568002
1719927339.873043 1719927366.8606446
1719927376.3227575 1719927398.6089773
1719927408.182822 1719927429.4586217
1719927433.2154593 1719927463.5643034
1719927470.822887 1719927496.1067722
1719927497.2707767 1719927534.2568383
1719927538.6250472 1719927565.8565238
1719927571.1707284 1719927597.9568324
1719927601.2269628 1719927631.2616456
1719927639.9789367 1719927663.7567446
1719927670.4777925 1719927691.7088847
1719927700.5263333 1719927721.2102373
1719927724.1187813 1719927750.409092
1719927761.074798 1719927781.4626384
1719927785.425368 1719927825.3589687
1719927828.8107944 1719927854.561575
1719927857.0651417 1719927888.7096078
1719927891.9221582 1719927929.9572682
1719927931.2616966 1719927956.4066625
1719927964.1657495 1719927990.0565603
1719927999.8706605 1719928019.6568732
1719928028.218841 1719928044.1567974
1719928052.834772 1719928084.160657
1719928087.462793 1719928122.6606803
1719928128.9207766 1719928158.7568235
1719928163.0788286 1719928186.3615944
1719928192.066837 1719928219.2098475
1719928223.010706 1719928254.456756
1719928260.0803528 1719928272.9566674
1719928273.5269349 1719928307.912413
1719928318.8228498 1719928345.7094274
1719928351.6148846 1719928377.861706
1719928388.8253708 1719928408.8593745
1719928414.9758277 1719928439.3597505
1719928448.0712926 1719928472.8658407
1719928480.7640288 1719928513.1069205
1719928520.6267262 1719928543.1570342
1719928553.3193743 1719928581.210403
1719928588.1276615 1719928614.4625456
1719928617.4210465 1719928654.5094635
1719928658.3718321 1719928687.506671
1719928694.975014 1719928716.7099223
1719928718.2187097 1719928746.8567967
1719928757.4707263 1719928788.1581516
1719928793.866541 1719928811.9569833
1719928820.7744915 1719928840.6566496
1719928844.1665845 1719928861.5589054
1719928864.3629863 1719928894.5568855
1719928898.2667935 1719928931.7568169
1719928936.418854 1719928958.762391
1719928964.7187228 1719928984.756657
1719928992.2787337 1719929028.8569992
1719929033.615964 1719929057.5565317
1719929061.118728 1719929090.8615153
1719929099.5845685 1719929118.7593389
1719929119.2763984 1719929151.714235
1719929154.5587862 1719929173.5626159
1719929174.3731234 1719929207.2065258
1719929212.7188206 1719929244.2071571
1719929246.774798 1719929276.1623335
1719929285.2191837 1719929302.5569193
1719929306.234483 1719929336.2069721
1719929342.426793 1719929363.0588992
1719929364.7135563 1719929396.509717
1719929404.3707142 1719929437.0571387
1719929440.714739 1719929468.7571604
1719929475.3747663 1719929500.4607193
1719929501.2218812 1719929525.0621274
1719929527.8660321 1719929569.558038
1719929572.3073483 1719929596.6569185
1719929607.0803053 1719929636.5586014
1719929646.3263085 1719929663.8565993
1719929673.4227881 1719929702.6569042
1719929712.9315996 1719929738.158257
1719929744.921176 1719929761.5071867
1719929770.6707957 1719929799.557159
1719929807.9806173 1719929828.9578068
1719929839.730747 1719929873.909914
1719929874.7165253 1719929903.1066122
1719929913.8187935 1719929955.1065598
1719929956.6267369 1719929974.408972
1719929982.2177343 1719930011.6570392
1719930018.8809903 1719930047.110299
1719930050.9134884 1719930085.5092497
1719930089.315131 1719930111.7568038
1719930117.4668624 1719930145.7569125
1719930153.3753986 1719930183.456693
1719930188.0628731 1719930218.3602169
1719930226.5832314 1719930247.2570207
1719930249.7688973 1719930279.8567288
1719930288.531231 1719930313.7568936
1719930317.013999 1719930343.709442
1719930354.4804716 1719930381.3583052
1719930389.783225 1719930417.956806
1719930423.3770192 1719930445.8570306
1719930455.4765809 1719930474.9613624
1719930479.81724 1719930504.0065448
1719930510.5763073 1719930535.2083464
1719930539.8665202 1719930575.1619976
1719930578.666764 1719930603.8111548
1719930608.0185232 1719930643.3564842
1719930649.0694318 1719930675.260323
1719930681.0229046 1719930702.510541
1719930704.3225112 1719930730.908918
1719930738.1240191 1719930759.7065835
1719930769.5239341 1719930791.9570093
1719930797.1627893 1719930819.9567285
1719930825.2747335 1719930850.1092875
1719930859.6267972 1719930878.1619487
1719930888.9304798 1719930914.0105488
1719930916.6672645 1719930940.0622356
1719930948.9227777 1719930972.9566894
1719930981.624362 1719931007.5586414
1719931018.3267736 1719931035.0618684
1719931039.814763 1719931064.6597226
1719931069.8727927 1719931098.0566175
1719931100.6254961 1719931119.161116
1719931125.0276253 1719931152.8601205
1719931155.7187202 1719931183.8566177
1719931184.016011 1719931207.6066632
1719931215.2768483 1719931245.1585364
1719931251.875516 1719931270.5066683
1719931275.1302297 1719931297.4567535
1719931307.5747402 1719931320.806792
1719931326.1758127 1719931353.6602063
1719931357.7657948 1719931379.5569303
1719931386.0251663 1719931422.3564985
1719931432.9187524 1719931454.7566214
1719931464.1748319 1719931482.1568706
1719931488.6788006 1719931514.2567406
1719931517.0254974 1719931548.3573186
1719931554.7736342 1719931578.7608204
1719931579.613226 1719931617.0589912
1719931622.3627746 1719931651.0089107
1719931654.6227736 1719931678.4579723
1719931686.2814658 1719931718.6568904
1719931725.2188063 1719931752.761108
1719931755.4828498 1719931796.858962
1719931797.4172575 1719931830.6573622
1719931837.363159 1719931864.656982
1719931871.3298268 1719931895.3567193
1719931904.6373732 1719931927.7070372
1719931930.4800522 1719931950.0065663
1719931954.6202998 1719931984.7565374
1719931986.2094731 1719932024.658198
1719932032.1762357 1719932053.956686
1719932054.817508 1719932084.456935
1719932092.0308697 1719932123.108355
1719932133.9191418 1719932149.9070785
1719932160.3851655 1719932177.9614735
1719932184.8742967 1719932207.6104348
1719932215.7267897 1719932234.6584818
1719932238.418786 1719932260.7564585
1719932268.4167497 1719932297.2589967
1719932307.8864856 1719932328.9570715
1719932334.6147256 1719932360.8569038
1719932367.478729 1719932391.1566937
1719932400.7221136 1719932425.8066285
1719932435.4227693 1719932466.909657
1719932475.6783257 1719932502.1588676
1719932510.0186722 1719932533.6605794
1719932543.5187943 1719932574.8588438
1719932580.3272445 1719932603.4566426
1719932610.9292002 1719932635.856903
1719932638.3735564 1719932653.157023
1719932654.774844 1719932687.6571348
1719932689.1117623 1719932725.760983
1719932733.481763 1719932758.1607714
1719932761.8746238 1719932790.5609703
1719932793.21412 1719932824.1589305
1719932833.7348423 1719932855.2584686
1719932855.9118822 1719932894.5090969
1719932896.7619028 1719932926.0088565
1719932928.623074 1719932961.2620764
1719932963.126525 1719932985.7581384
1719932989.1737745 1719933025.9566743
1719933034.7147794 1719933060.1590292
1719933062.8212953 1719933096.106674
1719933098.8179345 1719933124.7081268
1719933130.8817995 1719933157.0106673
1719933158.114323 1719933187.856682
1719933189.5735333 1719933225.406833
1719933231.166789 1719933255.8100302
1719933256.4598236 1719933288.361739
1719933291.271391 1719933320.1072052
1719933330.479378 1719933362.4595335
1719933362.8177931 1719933398.2086048
1719933406.1208572 1719933431.5567389
1719933432.8627675 1719933467.2606816
1719933472.67479 1719933498.6595573
1719933502.9149582 1719933526.559866
1719933533.4187238 1719933574.161872
1719933583.9747722 1719933605.8069701
1719933614.365738 1719933634.0065773
1719933636.5785282 1719933667.5612752
1719933678.4225662 1719933697.156693
1719933701.5256848 1719933723.7566988
1719933727.3787136 1719933752.2567327
1719933760.530789 1719933783.3570845
1719933793.6772346 1719933813.9109278
1719933823.0735977 1719933847.6618
1719933858.0806067 1719933876.55862
1719933881.7707274 1719933905.5617216
1719933912.218714 1719933943.0609477
1719933950.629879 1719933975.1066537
1719933984.7680593 1719933998.0065649
1719933998.820447 1719934032.958119
1719934034.7657473 1719934062.2566903
1719934070.9673338 1719934089.0567427
1719934096.3267314 1719934113.2621472
1719934122.1271229 1719934138.9078436
1719934141.7771075 1719934172.5600572
1719934182.9781191 1719934206.1614733
1719934217.0298605 1719934245.908436
1719934249.8272412 1719934271.4601023
1719934281.3227935 1719934303.5094306
1719934308.0695562 1719934333.3066294
1719934342.0187294 1719934360.3569024
1719934365.970792 1719934396.3566172
1719934404.8241773 1719934423.3591344
1719934426.915031 1719934457.1087253
1719934458.9220102 1719934490.8587635
1719934494.0189803 1719934521.2569983
1719934528.7297742 1719934559.1568067
1719934561.715181 1719934584.6615
1719934592.436775 1719934611.856878
1719934621.6310506 1719934648.0585766
1719934655.7747502 1719934672.5615087
1719934679.3187752 1719934700.9568384
1719934701.2743404 1719934739.2610514
1719934750.125806 1719934767.0565686
1719934775.815646 1719934796.0590084
1719934797.7627707 1719934835.3567176
1719934837.9688315 1719934862.760242
1719934869.5256274 1719934887.9066055
1719934888.4595695 1719934926.6611154
1719934936.318833 1719934965.6590161
1719934972.280737 1719935011.9100535
1719935013.8674595 1719935037.9606037
1719935043.7187097 1719935072.1065876
1719935072.7127423 1719935101.9570687
1719935112.5147667 1719935137.50952
1719935144.1710927 1719935166.3567665
1719935174.1229138 1719935203.6567624
1719935213.8705776 1719935241.7575607
1719935244.5638936 1719935272.9612749
1719935277.6667802 1719935302.40872
1719935309.9838514 1719935339.7568843
1719935340.220459 1719935369.8620794
1719935373.6761196 1719935398.3585932
1719935400.7106943 1719935437.4624627
1719935441.4107358 1719935470.7602782
1719935474.4617827 1719935502.3066614
1719935505.0228436 1719935537.8069222
1719935545.279822 1719935574.1583576
1719935575.5662587 1719935609.1568792
1719935617.575551 1719935637.457084
1719935639.8741179 1719935671.362591
1719935679.1685994 1719935700.6603944
1719935706.562786 1719935733.16391
1719935743.37127 1719935758.411828
1719935765.2245536 1719935786.1586454
1719935789.41147 1719935820.7604413
1719935822.4652605 1719935842.26265
1719935848.9787784 1719935874.556593
1719935879.9107673 1719935909.7566044
1719935911.2697911 1719935928.7066662
1719935938.2817137 1719935961.8641043
1719935966.6667788 1719935999.5065181
1719936003.0277927 1719936030.1094897
1719936039.3759356 1719936060.6569383
1719936071.3210127 1719936092.458548
1719936101.1198566 1719936122.4578884
1719936131.2181501 1719936152.8620574
1719936154.7227957 1719936185.9585204
1719936186.7695744 1719936220.656611
1719936221.3208466 1719936253.0614634
1719936261.6245959 1719936285.4065404
1719936288.9587934 1719936321.8583474
1719936326.62535 1719936366.1583664
1719936368.7280915 1719936396.858491
1719936401.6256974 1719936425.0617726
1719936429.9587379 1719936455.4096217
1719936462.1677616 1719936492.1066072
1719936502.4270127 1719936515.9565563
1719936517.6651828 1719936548.7568135
1719936556.4795294 1719936591.7566884
1719936596.3707705 1719936609.8571966
1719936616.43375 1719936637.9573007
1719936644.4261663 1719936671.9620974
1719936675.6107814 1719936698.056948
1719936707.5156076 1719936732.2087023
1719936735.9687648 1719936759.7568762
1719936765.4195206 1719936789.4566433
1719936798.9207017 1719936825.65703
1719936830.282775 1719936852.6625535
1719936863.632233 1719936883.6568635
1719936887.818505 1719936912.3568769
1719936913.8200178 1719936946.4065695
1719936949.073514 1719936980.957233
1719936983.1781425 1719937007.5568216
1719937016.1769896 1719937039.360558
1719937046.214791 1719937079.5583355
1719937088.3308022 1719937114.3065774
1719937119.0187547 1719937144.9086483
1719937150.4627442 1719937179.9621112
1719937190.774717 1719937212.6570165
1719937221.2747576 1719937238.356735
1719937243.6298516 1719937270.6071215
1719937271.8738503 1719937303.9571373
1719937309.7144825 1719937342.309231
1719937352.1266096 1719937376.4618185
1719937378.6683633 1719937401.6566794
1719937407.2679577 1719937443.8105333
1719937452.0267856 1719937471.1567123
1719937473.93079 1719937508.9071288
1719937510.4774094 1719937541.3568704
1719937543.9227755 1719937576.6567926
1719937580.268747 1719937607.0570557
1719937614.7703662 1719937638.6565883
1719937639.325052 1719937681.358435
1719937688.0232744 1719937711.4598622
1719937720.7261426 1719937739.0092423
1719937749.529236 1719937780.9564745
1719937788.1716926 1719937814.5565705
1719937816.9141822 1719937841.5095212
1719937847.288124 1719937870.556723
1719937880.2707937 1719937916.056935
1719937918.7227976 1719937947.056672
1719937947.3133721 1719937980.6095436
1719937987.374247 1719938013.9568048
1719938017.7204263 1719938039.3611119
1719938040.8082979 1719938068.164756
1719938078.029178 1719938097.0098236
1719938097.9106739 1719938119.6081157
1719938127.4230323 1719938157.1092627
1719938161.9114084 1719938186.8598878
1719938192.8123398 1719938216.05682
1719938221.6832223 1719938250.1100457
1719938260.9228618 1719938280.317628
1719938281.1629767 1719938313.5102696
1719938323.2667787 1719938335.858101
1719938345.4836006 1719938376.7570186
1719938387.4788074 1719938404.5568922
1719938415.0274868 1719938442.158802
1719938447.6588142 1719938474.3585436
1719938478.780834 1719938510.9066706
1719938513.6107364 1719938543.7065015
1719938551.126361 1719938579.3567042
1719938580.1585417 1719938605.5566602
1719938608.1713634 1719938632.356888
1719938635.7187204 1719938661.5578356
1719938663.2129881 1719938679.9620347
1719938688.7750256 1719938719.6603582
1719938725.5140457 1719938744.5591223
1719938751.1662967 1719938777.8654342
1719938779.961118 1719938813.5069544
1719938815.1627274 1719938835.159073
1719938842.7261221 1719938880.4567196
1719938890.2824934 1719938900.9078853
1719938903.1229167 1719938945.106876
1719938950.8187644 1719938976.0567358
1719938980.7187676 1719939001.808947
1719939010.5722184 1719939034.8607764
1719939044.6292472 1719939067.5606012
1719939075.2850342 1719939102.2103982
1719939105.0223393 1719939132.7103343
1719939140.080947 1719939161.957249
1719939169.6315053 1719939196.4064677
1719939199.0187175 1719939239.9566169
1719939246.5107563 1719939266.2586398
1719939273.0267916 1719939303.2066665
1719939304.9187374 1719939330.656813
1719939338.4223535 1719939362.0087633
1719939367.8148544 1719939387.4081905
1719939395.8151069 1719939429.956775
1719939431.3581007 1719939460.1589108
1719939470.5787623 1719939489.4583478
1719939500.232034 1719939508.4613945
1719939513.3177505 1719939537.5568597
1719939541.3100262 1719939573.9568057
1719939583.228413 1719939610.208761
1719939614.7746444 1719939644.7623284
1719939647.714952 1719939671.4610975
1719939679.2231667 1719939700.5066547
1719939703.0691128 1719939730.257749
1719939731.8698487 1719939760.7093093
1719939771.4679646 1719939791.4091227
1719939798.1108358 1719939826.4083817
1719939829.1187887 1719939854.3566053
1719939864.9205232 1719939889.606654
1719939896.021011 1719939924.2084637
1719939925.8667822 1719939961.1095862
1719939969.8748438 1719939988.7097423
1719939996.5727596 1719940022.5070648
1719940025.2147372 1719940057.8565176
1719940062.5587885 1719940085.406514
1719940086.7684314 1719940114.9613113
1719940123.5851622 1719940142.4583228
1719940152.9108417 1719940169.26257
1719940170.0680566 1719940203.4581847
1719940209.2707756 1719940228.0585017
1719940238.8716257 1719940259.3100057
1719940260.2136626 1719940290.8623457
1719940301.5707972 1719940329.558582
1719940338.935213 1719940357.0623393
1719940362.7667797 1719940390.7102861
1719940392.0310605 1719940420.2571294
1719940429.6747863 1719940452.5065265
1719940452.8711195 1719940487.9100993
1719940488.6665242 1719940521.9589584
1719940531.4226582 1719940555.8591328
1719940562.4227755 1719940588.606995
1719940599.3906984 1719940625.0581038
1719940631.870988 1719940656.008663
1719940657.56273 1719940675.3565407
1719940677.9664187 1719940706.2065246
1719940711.6148548 1719940733.1616602
1719940742.9267826 1719940763.5099716
1719940768.3587656 1719940793.2623737
1719940798.0707798 1719940828.1582565
1719940828.6605222 1719940854.8612962
1719940865.7188363 1719940885.208807
1719940893.1147451 1719940929.4066265
1719940931.9729357 1719940955.2566304
1719940964.8754945 1719940993.4567645
1719941004.0775886 1719941025.5081482
1719941035.067424 1719941064.8065577
1719941071.3781903 1719941094.2101731
1719941104.9827924 1719941127.8072321
1719941128.0263798 1719941164.9082577
1719941174.6267996 1719941204.3101501
1719941205.4193947 1719941229.2602572
1719941229.7253613 1719941260.4567022
1719941271.2187676 1719941286.8571825
1719941295.474105 1719941321.9607124
1719941324.722602 1719941355.7566164
1719941363.4668005 1719941386.0572345
1719941391.6667895 1719941410.4129755
1719941416.5271616 1719941448.556688
1719941453.0123916 1719941477.161268
1719941482.966355 1719941514.8105583
1719941520.6294644 1719941535.0625217
1719941536.8715262 1719941570.1072843
1719941574.3267827 1719941610.0069044
1719941618.1757782 1719941641.0618773
1719941644.9725187 1719941670.2569146
1719941673.8665385 1719941704.9071016
1719941715.568182 1719941737.8568902
1719941745.5147185 1719941778.8569689
1719941788.6159997 1719941801.7086127
1719941803.323893 1719941842.657894
1719941851.3828845 1719941881.9569807
1719941884.7667258 1719941908.8580997
1719941917.6235123 1719941936.858857
1719941943.4224687 1719941965.0071592
1719941969.5147858 1719941998.8589132
1719942000.0650942 1719942031.31046
1719942036.067085 1719942062.3131564
1719942066.9187326 1719942094.25694
1719942098.0159392 1719942132.2566214
1719942141.8738012 1719942158.1611676
1719942161.0283546 1719942189.8069258
1719942194.3699565 1719942218.956653
1719942222.3850598 1719942248.5066571
1719942253.986792 1719942279.1095867
1719942287.9707494 1719942313.1616576
1719942323.924175 1719942348.0578308
1719942348.9684043 1719942388.7595313
1719942390.670789 1719942414.4567373
1719942422.8655927 1719942449.8609169
1719942451.6654153 1719942484.4581764
1719942485.2721953 1719942505.8609822
1719942509.3203397 1719942530.9568732
1719942533.4728756 1719942564.1088958
1719942568.8683324 1719942597.456613
1719942598.808825 1719942618.6611822
1719942620.9667547 1719942644.6105716
1719942654.4688299 1719942676.1608875
1719942681.0627754 1719942712.4065764
1719942713.8640244 1719942733.306903
1719942734.7742224 1719942761.8624055
1719942772.6716938 1719942798.5567708
1719942805.0822895 1719942834.0125222
1719942836.7276142 1719942869.506642
1719942878.2211015 1719942903.8568623
1719942913.5227237 1719942941.4575713
1719942944.9707978 1719942971.7566068
1719942978.929291 1719943007.1607664
1719943016.021756 1719943033.4089193
1719943037.2694883 1719943060.5566545
1719943067.4148493 1719943097.2567248
1719943104.7221627 1719943136.7566743
1719943141.5667248 1719943163.1610253
1719943168.1187153 1719943195.5601566
1719943197.4118164 1719943227.5612607
1719943230.319175 1719943268.0565312
1719943271.610708 1719943286.5582852
1719943290.4187663 1719943315.5569828
1719943319.1779072 1719943347.6566405
1719943354.7789814 1719943373.957004
1719943382.565349 1719943418.1139455
1719943429.0267632 1719943447.1565464
1719943449.6187813 1719943474.2097144
1719943476.1270802 1719943507.9084368
1719943509.7631214 1719943543.4567578
1719943548.9598858 1719943564.6066246
1719943569.3202884 1719943608.3099024
1719943613.1700742 1719943639.7588246
1719943646.974783 1719943682.2582107
1719943692.0675983 1719943710.158538
1719943711.7228436 1719943741.0573783
1719943741.5229263 1719943773.008945
1719943773.8271906 1719943801.8098907
1719943810.5827765 1719943835.459053
1719943843.883117 1719943862.6567366
1719943870.2707584 1719943891.3605838
1719943899.3627841 1719943920.257793
1719943925.9587207 1719943952.3581614
1719943959.8143368 1719943989.0624917
1719943992.9182076 1719944014.4088984
1719944018.062736 1719944049.5606842
1719944051.2092166 1719944082.3578763
1719944085.0627992 1719944103.7603288
1719944108.5737662 1719944136.0584183
1719944139.8667338 1719944173.056869
1719944175.714749 1719944206.5582042
1719944207.0653088 1719944237.7570734
1719944246.2365987 1719944280.356843
1719944288.122943 1719944312.7065506
1719944316.3294702 1719944343.0099275
1719944349.8826668 1719944379.3573256
1719944388.9348037 1719944409.764067
1719944412.5172186 1719944443.6571503
1719944449.1187744 1719944479.0084012
1719944480.2130647 1719944507.3082833
1719944515.7721102 1719944536.7569654
1719944540.2667832 1719944564.9090576
1719944573.6627922 1719944597.5066686
1719944603.2707891 1719944633.5066686
1719944644.025846 1719944675.5589106
1719944681.7788422 1719944704.606938
1719944715.274713 1719944745.858421
1719944756.7227838 1719944777.6069603
1719944779.1700988 1719944802.8581076
1719944810.4228034 1719944844.8579345
1719944848.5202012 1719944866.3570921
1719944869.516135 1719944900.1085548
1719944901.5663795 1719944931.9070518
1719944938.478776 1719944957.207361
1719944964.729364 1719944986.956884
1719944995.477375 1719945022.4570413
1719945026.966789 1719945049.7592332
1719945053.881051 1719945082.160094
1719945085.074328 1719945116.4066336
1719945120.1132925 1719945146.1068695
1719945150.875923 1719945187.3591297
1719945196.6188 1719945215.0621705
1719945223.8148427 1719945244.1066673
1719945250.9668756 1719945286.157011
1719945292.6268585 1719945324.458348
1719945328.2725286 1719945359.7568595
1719945366.4187343 1719945382.1614847
1719945386.9253685 1719945413.009321
1719945414.9099286 1719945451.6065848
1719945459.414722 1719945484.5568755
1719945495.0267668 1719945522.9623928
1719945533.9788716 1719945546.8181376
1719945550.9187875 1719945580.057259
1719945582.4102848 1719945617.1606266
1719945622.0147429 1719945642.8602593
1719945653.033588 1719945678.158912
1719945686.616411 1719945714.156729
1719945717.5220706 1719945737.4567049
1719945747.1227977 1719945772.356866
1719945774.1678061 1719945804.5581188
1719945807.0706384 1719945837.0614452
1719945841.9242206 1719945865.3089223
1719945866.065019 1719945901.7089837
1719945905.31191 1719945935.156872
1719945940.5707977 1719945968.7567277
1719945979.282863 1719946010.2066224
1719946011.3747122 1719946042.9586308
1719946047.7707834 1719946073.0583215
1719946073.758725 1719946100.4601414
1719946111.2184913 1719946135.309427
1719946142.1205041 1719946170.8624318
1719946171.7150538 1719946204.2571483
1719946207.0107985 1719946238.360996
1719946245.226734 1719946270.4569454
1719946271.9156373 1719946302.1615524
1719946310.0225382 1719946343.2602406
1719946347.4754539 1719946362.05916
1719946369.729968 1719946405.157112
1719946406.4672344 1719946436.562116
1719946447.1348488 1719946469.3087194
1719946473.4708078 1719946497.6622393
1719946505.568207 1719946530.1573312
1719946536.6633458 1719946571.1569507
1719946577.8633006 1719946590.5566719
1719946593.0177906 1719946621.0588605
1719946631.6742675 1719946651.265625
1719946659.4166222 1719946676.5621476
1719946680.4694543 1719946710.7066207
1719946711.209623 1719946741.4591472
1719946745.8824873 1719946774.2096565
1719946776.1617362 1719946801.7568517
1719946808.1627219 1719946832.6584134
1719946838.3623946 1719946862.4066145
1719946865.1104991 1719946893.2612212
1719946903.972354 1719946934.1605785
1719946938.0134676 1719946963.7569993
1719946964.3125985 1719946987.814593
1719946994.6187248 1719947020.4598756
1719947025.8628016 1719947049.7580588
1719947052.5111337 1719947091.856989
1719947095.4208934 1719947114.1069427
1719947114.4809892 1719947132.809156
1719947139.6138723 1719947168.0566468
1719947171.7623987 1719947204.6569858
1719947205.2703831 1719947233.0085618
1719947240.6631782 1719947263.3568552
1719947266.9242125 1719947294.3567128
1719947303.1387348 1719947323.5066018
1719947323.8663292 1719947371.9608252
1719947378.6239 1719947395.5567987
1719947401.918779 1719947421.709254
1719947430.5292332 1719947463.0094125
1719947470.7244627 1719947499.0601356
1719947506.8148556 1719947527.9568405
1719947532.4243126 1719947551.8104117
1719947552.2673185 1719947584.0625582
1719947587.9768107 1719947621.0616455
1719947622.3669562 1719947649.4568725
1719947650.1690936 1719947681.4585965
1719947690.321968 1719947712.6066496
1719947718.2618525 1719947749.1566677
1719947756.9142876 1719947775.9608555
1719947779.8185205 1719947813.909036
1719947823.6267762 1719947845.9070308
1719947851.074754 1719947878.7612085
1719947886.3725204 1719947912.9602983
1719947922.6348534 1719947950.6660368
1719947959.4647815 1719947974.2622516
1719947979.076959 1719948010.006663
1719948017.426738 1719948039.306959
1719948049.0228467 1719948068.156686
1719948078.0716655 1719948116.357206
1719948126.9775982 1719948144.1609657
1719948154.7277596 1719948177.658884
1719948181.3695455 1719948219.1567774
1719948225.51878 1719948253.5588946
1719948263.872242 1719948284.8568141
1719948291.2675924 1719948324.610472
1719948330.3307805 1719948358.0066514
1719948368.576564 1719948395.0605803
1719948398.6667466 1719948424.9568367
1719948432.4646783 1719948457.4604087
1719948458.3171384 1719948490.4569564
1719948500.0787776 1719948524.5567741
1719948527.2196047 1719948554.5089593
1719948561.1196616 1719948589.2069824
1719948597.8827848 1719948622.4591362
1719948625.8238926 1719948654.7566423
1719948661.3227825 1719948693.6066575
1719948699.3227196 1719948726.609194
1719948735.4187822 1719948758.4592826
1719948759.9784665 1719948798.5582347
1719948809.2707593 1719948825.9568942
1719948834.7256825 1719948853.9582865
1719948858.3148084 1719948888.45707
1719948897.0747883 1719948923.0570338
1719948931.66874 1719948954.957134
1719948955.3093786 1719948986.4583251
1719948997.3228672 1719949017.5567253
1719949018.0735128 1719949047.5607052
1719949055.2217174 1719949078.7565527
1719949084.2748623 1719949102.4623868
1719949105.2716665 1719949135.706611
1719949144.386717 1719949170.8100321
1719949174.6187136 1719949203.3102555
1719949208.0107813 1719949244.1568766
1719949249.5168087 1719949276.5566611
1719949277.1659641 1719949311.360799
1719949318.678728 1719949337.9569328
1719949341.6267846 1719949372.0100055
1719949374.4107752 1719949405.1574025
1719949412.7662003 1719949446.7566037
1719949455.4228365 1719949476.2565808
1719949480.666781 1719949508.910616
1719949515.6314173 1719949548.3616517
1719949556.9332194 1719949577.2565732
1719949581.7278175 1719949606.7065537
1719949614.1275036 1719949641.1583235
1719949644.8660672 1719949671.3598526
1719949675.1663747 1719949701.4088717
1719949704.9734097 1719949734.7086787
1719949739.873502 1719949778.5569062
1719949780.9594073 1719949804.4083042
1719949808.0182714 1719949841.209939
1719949850.7347758 1719949870.0605154
1719949875.4787226 1719949898.1108823
1719949905.7707746 1719949929.306588
1719949932.8124037 1719949972.4567237
1719949975.0228362 1719950000.5084934
1719950010.0748394 1719950025.2568486
1719950030.764728 1719950051.2606344
1719950057.1627579 1719950085.0074542
1719950086.8252606 1719950117.906928
1719950123.5187826 1719950148.0605154
1719950152.6678033 1719950178.5567527
1719950179.2629821 1719950212.0568323
1719950220.822789 1719950242.8568738
1719950248.6107779 1719950280.3603365
1719950286.1649454 1719950318.4065847
1719950321.9672906 1719950349.758892
1719950353.524815 1719950382.661798
1719950383.615221 1719950425.9129698
1719950434.7227478 1719950453.7097585
1719950459.8667765 1719950490.01288
1719950499.1683748 1719950519.2568626
1719950524.6707485 1719950553.560661
1719950560.7757058 1719950591.6066184
1719950597.222783 1719950630.6566021
1719950633.021413 1719950667.062216
1719950675.8662457 1719950705.0577781
1719950709.9183927 1719950730.7582111
1719950739.5191019 1719950766.462081
1719950777.2795353 1719950800.3582516
1719950808.926522 1719950827.2577288
1719950836.8747354 1719950866.1566432
1719950869.774848 1719950884.8570452
1719950886.2605603 1719950914.1086934
1719950917.4787772 1719950942.908867
1719950950.17871 1719950979.7580898
1719950990.581718 1719951008.5072114
1719951018.2672768 1719951041.9592566
1719951051.3801062 1719951071.7069309
1719951081.926792 1719951105.0587902
1719951107.5175278 1719951127.4566128
1719951130.7697577 1719951157.7090683
1719951162.5740118 1719951194.5570817
1719951196.1625757 1719951216.9610054
1719951226.6207483 1719951250.2576494
1719951256.6133714 1719951283.2104988
1719951294.0827878 1719951310.2607045
1719951312.926732 1719951340.765155
1719951346.5147784 1719951371.457056
1719951376.0147252 1719951400.858395
1719951407.6741066 1719951434.9569561
1719951444.1845033 1719951465.8577929
1719951468.1700568 1719951505.9065857
1719951510.5801215 1719951541.8626704
1719951547.6227965 1719951576.3568559
1719951583.022422 1719951620.6066055
1719951629.262776 1719951648.2090347
1719951652.921966 1719951680.1066697
1719951686.7667942 1719951717.161147
1719951724.9293787 1719951754.0567472
1719951761.6747346 1719951790.1571481
1719951796.8702636 1719951825.9065058
1719951831.6168816 1719951861.806607
1719951867.526787 1719951900.858555
1719951902.4238856 1719951924.8567533
1719951931.5308697 1719951963.213942
1719951967.9627876 1719951992.909736
1719951998.369631 1719952022.7607713
1719952032.5864155 1719952050.356745
1719952055.0164266 1719952083.7092078
1719952088.5278676 1719952118.4615445
1719952128.2708232 1719952153.4565923
1719952164.1272328 1719952186.9106445
1719952193.7668605 1719952224.8662927
1719952233.6787832 1719952256.7065232
1719952258.213443 1719952284.706632
1719952287.1095693 1719952319.1583345
1719952324.9642522 1719952345.9101024
1719952353.7165165 1719952375.4567342
1719952376.9210484 1719952411.756572
1719952416.421262 1719952431.2620244
1719952441.1344483 1719952476.7066202
1719952487.4794846 1719952501.9564552
1719952508.2187474 1719952533.3570523
1719952539.8787694 1719952571.0620162
1719952571.7715127 1719952611.9583771
1719952612.8070424 1719952628.109946
1719952635.9277542 1719952662.1567278
1719952666.9194343 1719952694.856552
1719952702.6770358 1719952727.9567528
1719952734.5794573 1719952762.709339
1719952773.474785 1719952796.2569554
1719952804.526588 1719952827.1094627
1719952831.0587735 1719952857.2654047
1719952864.1238868 1719952892.4566398
1719952898.1214218 1719952926.8570244
1719952930.3691258 1719952949.2586637
1719952954.9707737 1719952988.806905
