1757158896.6334133 1757158919.7121396
1757158921.7143414 1757158945.7731261
1757158953.7796187 1757158970.4896293
1757158980.4996805 1757159002.2041385
1757159003.2052174 1757159034.7056696
1757159035.7068112 1757159062.9092886
1757159067.9143631 1757159088.4566827
1757159096.4636102 1757159120.5353532
1757159128.5397217 1757159146.464428
1757159155.473668 1757159178.0846863
1757159181.0876145 1757159212.7761343
1757159212.7761624 1757159239.428425
1757159240.429512 1757159273.661024
1757159276.6641068 1757159303.6911778
1757159311.6957037 1757159334.0283067
1757159344.0358205 1757159365.2312746
1757159370.2356825 1757159395.041464
1757159400.0436404 1757159425.9881005
1757159426.9892228 1757159455.8165402
1757159460.8196073 1757159490.008959
1757159498.01569 1757159516.0046272
1757159518.0067604 1757159545.0916944
1757159555.1019104 1757159569.9492311
1757159569.9492588 1757159593.4861636
1757159594.4870143 1757159622.3748972
1757159622.3749292 1757159654.2972941
1757159663.3037326 1757159677.6959112
1757159677.6959445 1757159713.0861428
1757159723.0956926 1757159737.6772456
1757159744.68439 1757159768.6370592
1757159774.6396992 1757159804.268609
1757159807.27162 1757159835.1826763
1757159843.1908455 1757159865.972121
1757159871.9757664 1757159896.5401864
1757159901.5436313 1757159921.4535716
1757159926.4556255 1757159945.2771075
1757159949.2796059 1757159978.9300473
1757159986.938129 1757160010.3215566
1757160013.3236203 1757160046.3871262
1757160052.3933027 1757160075.268754
1757160076.269828 1757160116.4321032
1757160126.4422388 1757160145.9929209
1757160153.0000496 1757160163.075769
1757160168.080865 1757160202.525219
1757160203.5263066 1757160231.7384267
1757160241.7478251 1757160259.9495492
1757160261.9516132 1757160287.9615078
1757160288.9626052 1757160313.9620306
1757160313.9620664 1757160346.8161044
1757160356.826236 1757160372.5898342
1757160372.5898774 1757160403.4283857
1757160409.4320588 1757160439.150826
1757160440.1519516 1757160469.0441535
1757160469.044182 1757160499.4334443
1757160506.4405835 1757160526.4233136
1757160527.423623 1757160558.4575193
1757160567.466645 1757160581.3616831
1757160585.3658204 1757160615.6905544
1757160618.6916907 1757160647.3095593
1757160648.3104346 1757160681.5276387
1757160690.5356135 1757160713.1884174
1757160713.1884453 1757160741.8130732
1757160747.8156745 1757160774.1239033
1757160781.127669 1757160800.316895
1757160801.3180118 1757160836.0953178
1757160842.1015096 1757160863.5365925
1757160873.5467613 1757160896.2335854
1757160904.2417264 1757160929.2977226
1757160934.3027966 1757160958.956553
1757160967.9636664 1757160993.2361963
1757160998.2412949 1757161022.8706477
1757161027.8757381 1757161055.9846997
1757161063.992188 1757161090.9289737
1757161093.932163 1757161118.3949146
1757161121.39568 1757161149.9722135
1757161156.979334 1757161178.0802553
1757161187.0893798 1757161206.916955
1757161211.9196153 1757161238.219271
1757161240.2213993 1757161270.4477854
1757161280.4578588 1757161298.269856
1757161298.2698932 1757161329.1951406
1757161339.2042313 1757161359.814278
1757161361.8164098 1757161395.7463024
1757161404.7553859 1757161426.2003672
1757161426.200404 1757161456.7612944
1757161458.763426 1757161492.6476183
1757161496.651741 1757161519.5903904
1757161525.5957282 1757161548.7389739
1757161554.745046 1757161569.4599423
1757161575.4636943 1757161600.2420895
1757161610.247338 1757161628.0757003
1757161631.0788422 1757161657.0276947
1757161666.035614 1757161680.069984
1757161690.0797253 1757161715.147048
1757161715.147073 1757161744.0583577
1757161753.0637271 1757161770.8159344
1757161779.825078 1757161802.3391018
1757161811.3476932 1757161835.1843631
1757161837.1865025 1757161855.9918773
1757161863.9997044 1757161888.565505
