1757158896.874818 1757158918.7275774
1757158920.729752 1757158944.23517
1757158945.2356067 1757158969.4728398
1757158977.480969 1757159001.9707727
1757159010.979671 1757159035.4525278
1757159045.4596589 1757159065.0549333
1757159072.059665 1757159090.8152654
1757159095.8196683 1757159119.4776914
1757159119.4777262 1757159146.7130907
1757159154.7198353 1757159180.1698887
1757159183.1716447 1757159210.7928326
1757159216.7955995 1757159238.8683436
1757159245.8716097 1757159272.9858859
1757159278.991725 1757159303.60816
1757159309.6116695 1757159334.384669
1757159339.3897495 1757159363.8577266
1757159363.857748 1757159396.0732424
1757159396.0732849 1757159429.6767702
1757159434.679665 1757159454.1077657
1757159455.1088922 1757159486.6152158
1757159489.6156647 1757159511.5726542
1757159521.579663 1757159540.8449972
1757159543.8476672 1757159567.3054545
1757159567.3054774 1757159595.4954374
1757159601.4996681 1757159619.7566764
1757159622.7596688 1757159653.2429154
1757159657.246985 1757159683.6610823
1757159692.6676698 1757159711.7080638
1757159719.7161443 1757159740.21902
1757159744.2197006 1757159767.7089164
1757159777.7157109 1757159801.3986585
1757159804.3996506 1757159835.5363536
1757159836.5374837 1757159866.849978
1757159873.8556125 1757159891.168122
1757159893.1702845 1757159918.7547624
1757159918.754792 1757159953.28933
1757159954.2904558 1757159979.7685184
1757159982.7716403 1757160013.7132306
1757160018.715667 1757160040.8731108
1757160046.8792377 1757160080.8580391
1757160087.8651135 1757160116.345773
1757160123.3516634 1757160137.7594945
1757160142.7636805 1757160172.0866728
1757160172.0867054 1757160202.6482222
1757160203.6493385 1757160230.469257
1757160232.4713368 1757160262.556522
1757160263.5567243 1757160281.8368535
1757160286.8396633 1757160317.3938076
1757160322.398924 1757160347.3646023
1757160350.3676715 1757160373.7309132
1757160376.731721 1757160405.1213868
1757160409.1250556 1757160439.9878492
1757160446.994925 1757160469.6329463
1757160477.639654 1757160498.518579
1757160500.5197334 1757160527.9183402
1757160534.925398 1757160554.6186528
1757160559.6237803 1757160587.4309804
1757160590.431613 1757160615.6033237
1757160615.6033597 1757160654.7336612
1757160657.7356226 1757160680.2711985
1757160683.271606 1757160713.2405033
1757160716.2435853 1757160742.8903613
1757160743.8914454 1757160773.221416
1757160780.2276669 1757160795.0329046
1757160801.035714 1757160832.8806415
1757160835.8836653 1757160863.5394554
1757160870.543668 1757160896.3902748
1757160903.3956623 1757160933.6350923
1757160938.6401784 1757160963.326301
1757160964.327436 1757160989.903337
1757160998.9117181 1757161025.035669
1757161025.0357018 1757161056.2025542
1757161061.2076318 1757161091.3926592
1757161091.3926897 1757161119.3801203
1757161119.380147 1757161149.1800957
1757161159.187783 1757161178.3309083
1757161187.3396096 1757161207.1209948
1757161207.1210265 1757161238.6058803
1757161239.6069438 1757161268.4077885
1757161273.411668 1757161295.9840078
1757161303.9916685 1757161326.7186463
1757161330.719621 1757161352.4535892
1757161361.4627264 1757161396.671585
1757161403.675689 1757161426.555804
1757161426.5558288 1757161458.7387254
1757161460.7396696 1757161490.5421753
1757161490.5422106 1757161521.472568
1757161526.47567 1757161545.7223287
1757161546.723415 1757161573.7190745
1757161574.7196555 1757161601.975277
1757161602.9756367 1757161629.3938334
1757161632.3969774 1757161655.7805367
1757161662.7876773 1757161684.1113632
1757161688.1141384 1757161716.6616614
1757161718.6637423 1757161740.1643522
1757161749.1716173 1757161771.1291242
1757161780.1357071 1757161803.812115
1757161805.8141904 1757161836.7260664
1757161836.726098 1757161857.5965853
1757161867.6036937 1757161887.4320831
