1766058920.5403047 1766059513.6987774
1766059517.7028797 1766059815.582633
1766059817.5828974 1766060104.7064373
1766060111.7135227 1766060547.7504385
1766060547.7504692 1766060846.286314
1766060855.2953894 1766061230.9578679
1766061236.9628901 1766061598.9166694
1766061608.922882 1766061884.0774198
1766061891.0844939 1766062279.4366796
1766062283.4407618 1766062573.7110457
1766062576.714129 1766062991.29381
1766063001.3038943 1766063251.0939584
1766063260.1030416 1766063571.6323516
1766063580.6414325 1766063970.796678
1766063975.8017538 1766064386.876203
1766064387.8772695 1766064695.4292216
1766064700.4298887 1766065057.3680847
1766065061.3721583 1766065327.3439229
1766065334.3510046 1766065741.2848678
1766065746.2899427 1766066040.7811162
1766066050.790878 1766066374.2603643
1766066384.270447 1766066653.138412
1766066661.1464927 1766066921.2365515
1766066922.2376351 1766067421.1506777
1766067425.1547503 1766067768.8207884
1766067770.8228667 1766068085.8957703
1766068094.899178 1766068422.632214
1766068424.6342862 1766068921.1079037
1766068924.1109731 1766069316.035779
1766069323.0390873 1766069587.4585042
1766069589.4594288 1766069891.7148993
1766069900.7239728 1766070331.1125424
1766070338.1188748 1766070716.6599002
1766070723.6669831 1766070927.577434
1766070929.5779805 1766071437.6314182
1766071447.6414895 1766071636.7556849
1766071642.7617524 1766071979.2753654
1766071980.2764409 1766072365.6075401
1766072370.612625 1766072743.2406209
1766072745.2426991 1766073010.697064
1766073013.7001424 1766073304.961588
1766073313.9706728 1766073782.7313216
1766073788.7314525 1766074154.2414227
1766074161.2471266 1766074485.228059
1766074489.232132 1766074735.1411092
1766074743.1487935 1766075273.4424508
1766075283.452539 1766075530.0950828
1766075539.1041648 1766075966.7007685
1766075972.7068586 1766076237.1802976
1766076240.18291 1766076781.7966208
1766076789.8047094 1766077103.3248692
1766077104.3259513 1766077404.6031294
1766077407.6062083 1766077710.7898338
1766077718.7979136 1766078029.5241785
1766078034.5292575 1766078344.0096204
1766078353.0131364 1766078670.2372303
1766078677.2443187 1766079088.8864686
1766079091.889552 1766079416.5745082
1766079424.5825944 1766079753.2288609
1766079757.232942 1766080038.3510833
1766080048.3611557 1766080500.9608922
1766080508.9668891 1766080875.2760332
1766080878.279104 1766081240.3175538
1766081248.3256369 1766081452.2030063
1766081462.2088826 1766081677.8038948
1766081683.8099723 1766082215.378763
1766082221.3848417 1766082470.069595
1766082473.0726693 1766082889.0348456
1766082896.0419273 1766083213.9529917
1766083214.9540627 1766083441.6750786
1766083449.68316 1766083970.1605048
1766083975.1628828 1766084190.3957813
1766084191.3968565 1766084614.0807664
1766084624.0889726 1766084876.791505
1766084885.798429 1766085202.6673472
1766085209.674428 1766085707.6634483
1766085710.6665258 1766085965.0733237
1766085965.0733547 1766086458.4561057
1766086462.460186 1766086696.3027651
1766086702.3068976 1766087173.5527854
1766087183.557394 1766087438.7307646
1766087445.7348902 1766087910.9602563
1766087913.9633355 1766088447.942823
1766088452.9479015 1766088711.880232
1766088716.8853157 1766089108.5015562
1766089108.501588 1766089391.1237693
1766089392.1248436 1766089842.1857955
1766089844.1859255 1766090225.6991234
1766090228.7022061 1766090511.1403236
1766090517.1464126 1766091020.3467646
1766091029.3496659 1766091207.3167372
1766091213.3228097 1766091704.5065517
1766091705.5066803 1766091964.9776437
1766091964.9776764 1766092255.8153934
1766092257.8174753 1766092663.8958797
1766092667.8999584 1766093048.3360875
1766093048.3361197 1766093599.7921915
1766093604.7972708 1766093984.0105329
1766093988.0108802 1766094357.8533108
1766094367.853642 1766094594.6782374
