1766059087.9717727 1766059503.0532978
1766059509.0595636 1766059809.894179
1766059816.8994744 1766060204.304259
1766060204.3042893 1766060512.4387586
1766060514.440833 1766060815.132162
1766060822.1323535 1766061188.349865
1766061197.3589435 1766061597.4184427
1766061606.4229486 1766061864.5399427
1766061868.5440147 1766062170.3651042
1766062177.3691397 1766062547.564768
1766062553.5708706 1766062872.115537
1766062878.1216204 1766063198.3861458
1766063198.3861682 1766063665.8006315
1766063671.806705 1766064007.3644629
1766064017.370891 1766064295.077197
1766064305.0805326 1766064696.2998197
1766064704.3078957 1766064988.2750466
1766064995.2821286 1766065317.4066243
1766065319.4068835 1766065725.6771991
1766065734.686274 1766066006.0631604
1766066014.0691586 1766066369.5662901
1766066369.5663228 1766066699.8260148
1766066707.8309212 1766067053.488879
1766067058.493952 1766067393.3395853
1766067400.3423338 1766067698.0614476
1766067702.0655196 1766068037.216499
1766068038.217568 1766068433.070973
1766068435.0726998 1766068800.041144
1766068809.0502245 1766069161.3000436
1766069170.3091211 1766069543.1308997
1766069543.1309383 1766069961.7725575
1766069964.7756298 1766070327.2330427
1766070332.2348864 1766070634.368997
1766070638.3730783 1766071049.6947236
1766071055.7008026 1766071280.895589
1766071286.9016612 1766071777.9640326
1766071787.9685488 1766072002.5007007
1766072009.5077765 1766072382.4809477
1766072387.482889 1766072642.43702
1766072652.447097 1766073075.2150187
1766073085.2250993 1766073325.4059572
1766073331.4120402 1766073733.3357005
1766073741.3388982 1766074144.49736
1766074151.5044332 1766074480.8916833
1766074488.8997595 1766074737.473166
1766074746.4822416 1766075251.7209756
1766075256.7228932 1766075583.9382036
1766075583.9382343 1766076026.9397826
1766076028.9418557 1766076233.080346
1766076241.0804949 1766076730.8471303
1766076737.8508868 1766077040.7801857
1766077041.781251 1766077320.0791817
1766077327.0803306 1766077688.1991656
1766077693.202879 1766078055.884472
1766078057.8865407 1766078350.772396
1766078357.779471 1766078725.3007238
1766078733.3087978 1766079072.6314118
1766079074.633482 1766079456.3205762
1766079463.3276508 1766079864.3136432
1766079871.3207252 1766080069.0681033
1766080074.0711849 1766080504.8718216
1766080507.8748658 1766080909.2623096
1766080917.2703881 1766081118.026045
1766081118.0260754 1766081471.6079066
1766081472.6089718 1766081767.1639793
1766081773.1700575 1766082130.4957294
1766082139.502879 1766082570.3402543
1766082579.3428905 1766082858.4630992
1766082859.4641702 1766083077.6919496
1766083085.7000227 1766083595.4366832
1766083601.4401615 1766083973.859997
1766083974.861075 1766084245.7635067
1766084250.766887 1766084444.8728101
1766084448.87689 1766084839.1144133
1766084840.115486 1766085231.3690593
1766085236.3731492 1766085611.2819273
1766085615.2835937 1766086095.6916752
1766086098.6947517 1766086399.624856
1766086400.6259289 1766086794.6599014
1766086804.6630645 1766087063.7310941
1766087065.7331653 1766087425.5907261
1766087425.5907495 1766087944.0684042
1766087950.0709 1766088422.3396719
1766088423.3407393 1766088791.3793604
1766088801.389436 1766089006.5136585
1766089010.5148897 1766089403.6777813
1766089411.6858547 1766089700.2405849
1766089709.249659 1766090245.3774254
1766090254.386496 1766090531.1798816
1766090536.1808715 1766090995.264061
1766090999.26814 1766091336.362752
1766091340.364929 1766091708.6539679
1766091717.6545131 1766091910.6812735
1766091914.681936 1766092354.348164
1766092363.357235 1766092723.9774127
1766092725.9788966 1766093142.620987
1766093147.6260688 1766093534.3268082
1766093538.3308866 1766093969.3994014
1766093970.4004817 1766094348.353022
1766094349.3540947 1766094777.5143645
