1766058953.4483004 1766059416.116989
1766059425.1262398 1766059774.8173633
1766059781.824443 1766060234.9356322
1766060242.9437218 1766060514.3107219
1766060522.3188086 1766060903.6761515
1766060910.6832287 1766061126.8242857
1766061129.8268943 1766061609.6158803
1766061619.6259625 1766061864.7375572
1766061866.739636 1766062272.08223
1766062281.0908878 1766062613.9967983
1766062619.0018783 1766062980.6375139
1766062984.6415925 1766063317.935116
1766063322.9401948 1766063643.0264394
1766063648.0308874 1766064011.5927544
1766064020.6018336 1766064371.3687859
1766064376.373865 1766064686.6267436
1766064694.629508 1766065055.2414153
1766065065.2508934 1766065291.5881867
1766065293.5902512 1766065728.6904335
1766065738.700522 1766066094.6416655
1766066094.6416972 1766066394.9145808
1766066402.9226692 1766066664.429188
1766066668.4332666 1766067072.7983317
1766067081.807413 1766067367.8845613
1766067367.8845935 1766067732.8797324
1766067739.8868248 1766068081.263263
1766068091.2733414 1766068385.0017729
1766068388.0048604 1766068913.6545467
1766068914.655618 1766069282.4290173
1766069284.4308984 1766069621.3360124
1766069627.3420925 1766069942.0960214
1766069950.1041088 1766070358.6836529
1766070358.6836834 1766070706.7458262
1766070716.7559054 1766070929.6012788
1766070932.6043656 1766071399.873672
1766071405.8797526 1766071739.9728155
1766071741.9748905 1766072065.2062905
1766072070.211371 1766072402.1366994
1766072409.142913 1766072675.9451725
1766072677.9472551 1766073012.9192472
1766073016.9233296 1766073400.1693785
1766073404.1734645 1766073778.2716665
1766073786.27975 1766074140.242507
1766074149.2428885 1766074407.7566397
1766074413.7627175 1766074780.2531192
1766074784.2572098 1766075160.5225697
1766075161.5228848 1766075658.5076077
1766075661.510692 1766075894.3582785
1766075895.3588758 1766076233.5575962
1766076241.5656788 1766076780.8215833
1766076787.828665 1766076977.1916547
1766076978.1927257 1766077361.032009
1766077361.0320404 1766077740.547949
1766077746.5540323 1766077970.2550135
1766077976.255429 1766078308.5044577
1766078314.5105476 1766078633.3295908
1766078634.3306735 1766079133.2510934
1766079133.251124 1766079473.7789392
1766079473.7789693 1766079856.2605777
1766079860.26466 1766080082.7408159
1766080087.7458928 1766080483.4342065
1766080493.4442844 1766080943.1576385
1766080944.1587164 1766081158.9001598
1766081160.9022393 1766081502.7833102
1766081511.7908888 1766081831.2470498
1766081840.2525415 1766082207.898475
1766082215.9065561 1766082501.14432
1766082506.1494057 1766082777.8296432
1766082777.829668 1766083205.9892664
1766083209.9933524 1766083442.602117
1766083445.6028895 1766083957.9721842
1766083962.9748876 1766084278.3721871
1766084283.3748908 1766084466.0702994
1766084476.0803764 1766084929.1622887
1766084932.1653817 1766085310.3091233
1766085319.3182092 1766085643.6101003
1766085650.6149054 1766086054.1669652
1766086059.1720495 1766086363.90238
1766086363.9024112 1766086820.317242
1766086821.318321 1766087170.2111409
1766087171.2122214 1766087533.6138656
1766087541.6188984 1766087768.1050696
1766087777.114155 1766088423.950287
1766088431.9509122 1766088831.6670656
1766088835.670884 1766089061.41137
1766089063.4134462 1766089275.520679
1766089277.522753 1766089849.6790633
1766089855.685146 1766090243.766738
1766090247.770826 1766090644.1634214
1766090653.172509 1766091004.2507555
1766091013.2588925 1766091333.5604954
1766091337.564574 1766091588.2368517
1766091588.2368805 1766092024.2446687
1766092025.245745 1766092275.241742
1766092281.2478309 1766092687.663943
1766092694.6710374 1766093213.1850982
1766093213.1851304 1766093448.8893588
1766093458.8994462 1766093932.929686
1766093935.932767 1766094292.4219317
1766094302.432026 1766094562.771429
