1766059128.6603694 1766059453.4570367
1766059458.462188 1766059720.3296416
1766059725.3347318 1766060230.2503452
1766060235.2548888 1766060416.791253
1766060425.7988777 1766060832.9626834
1766060836.966767 1766061215.4627216
1766061222.4698057 1766061645.334379
1766061647.3364658 1766061938.4972007
1766061948.5072775 1766062276.7062218
1766062276.706253 1766062534.3887084
1766062542.3948865 1766062990.4026308
1766062996.403463 1766063310.3899775
1766063317.3970532 1766063662.2543998
1766063663.2554805 1766063995.0790312
1766064000.0829005 1766064375.8328652
1766064385.8429432 1766064685.6913507
1766064689.6954277 1766065016.9446008
1766065023.9516854 1766065293.4528153
1766065298.4578912 1766065713.7395031
1766065716.7425687 1766065976.768315
1766065984.7763858 1766066412.152542
1766066418.15488 1766066686.8752093
1766066694.8832977 1766067081.3992105
1766067090.4083004 1766067348.037619
1766067356.0457034 1766067730.9077115
1766067731.908785 1766068051.1886966
1766068059.196772 1766068438.0058165
1766068446.0108883 1766068795.6383088
1766068795.638332 1766069171.8723805
1766069180.8814542 1766069625.2301188
1766069635.2402084 1766069906.4239922
1766069912.430085 1766070350.6741688
1766070353.676837 1766070685.618541
1766070692.6256244 1766070837.8944457
1766070846.9035113 1766071429.8926444
1766071431.8947277 1766071811.4542727
1766071812.4548938 1766071989.824544
1766071997.8326182 1766072374.427412
1766072378.4308882 1766072756.7391737
1766072758.741254 1766072990.7877567
1766072999.7968395 1766073365.2651532
1766073369.2668853 1766073685.160479
1766073692.1668937 1766074127.2889006
1766074134.2959838 1766074324.3584228
1766074330.3628902 1766074846.5582068
1766074850.5622835 1766075251.3606696
1766075259.3687463 1766075589.3063521
1766075593.3104367 1766075963.2731767
1766075965.2752564 1766076370.9066117
1766076373.909693 1766076560.7389376
1766076563.7420077 1766077104.0602512
1766077114.07034 1766077443.7394633
1766077443.7394953 1766077752.0861995
1766077762.0962806 1766077916.1136556
1766077926.1237466 1766078376.0999615
1766078384.1080556 1766078633.3980794
1766078636.39888 1766079130.8960624
1766079130.8960934 1766079476.7613235
1766079485.7704089 1766079849.4392245
1766079857.4473126 1766080117.5277061
1766080122.5309365 1766080476.6763446
1766080476.6763756 1766080820.964562
1766080826.9668927 1766081211.6190326
1766081220.628126 1766081413.994036
1766081417.9981241 1766081774.706293
1766081775.7073703 1766082211.846214
1766082212.8468816 1766082572.0113204
1766082580.0149028 1766082763.8941102
1766082771.9021943 1766083179.7071612
1766083180.7082465 1766083544.3548281
1766083548.3589306 1766083948.5043702
1766083951.5050228 1766084198.6382167
1766084202.6423037 1766084608.4344888
1766084608.43452 1766084828.0667691
1766084828.0667932 1766085220.134538
1766085229.1355877 1766085638.8353202
1766085643.8404007 1766086071.0677204
1766086077.0737994 1766086317.7799227
1766086326.788898 1766086763.5966406
1766086763.5966733 1766087136.9997442
1766087146.0068939 1766087537.669002
1766087546.6780832 1766087751.4113593
1766087752.412432 1766088445.8990982
1766088445.8991308 1766088678.5154097
1766088687.5244892 1766089002.2881076
1766089012.2981753 1766089340.8765795
1766089347.883668 1766089883.9535072
1766089893.958897 1766090254.3553061
1766090255.356384 1766090481.947882
1766090482.9489484 1766090887.2153912
1766090897.2254815 1766091268.8765755
1766091268.8766067 1766091689.9625483
1766091694.966891 1766091986.0990338
1766091991.1041162 1766092395.739283
1766092399.7433567 1766092673.007203
1766092683.017285 1766093215.933885
1766093219.9379718 1766093625.2882318
1766093625.288264 1766093950.11915
1766093950.119182 1766094353.0901651
1766094359.0962427 1766094642.7903807
