1765890212.444969 1765890248.4537876
1765890248.4538114 1765890298.8995075
1765890298.8995435 1765890332.5449016
1765890332.544924 1765890369.3669493
1765890369.366974 1765890406.285349
1765890406.2853708 1765890440.2111719
1765890440.211192 1765890478.8863025
1765890478.8863268 1765890526.8767562
1765890526.876782 1765890568.7741075
1765890568.774134 1765890615.5838912
1765890615.5839155 1765890651.912485
1765890651.9125166 1765890679.1308832
1765890679.1309018 1765890717.4220994
1765890717.4221246 1765890753.0565794
1765890753.0566013 1765890790.7183437
1765890790.7183633 1765890831.9344554
1765890831.9344802 1765890876.106327
1765890876.1063526 1765890911.8931313
1765890911.8931553 1765890966.0067604
1765890966.0067863 1765891009.9775693
1765891009.9775867 1765891063.6277075
1765891063.6277335 1765891099.0186512
1765891099.0186744 1765891144.9873302
1765891144.9873545 1765891191.5846508
1765891191.5846758 1765891235.0720718
1765891235.0720963 1765891285.8099287
1765891285.8099532 1765891323.1722722
1765891323.1722894 1765891363.8996613
1765891363.8996866 1765891406.7462268
1765891406.7462513 1765891458.7025006
1765891458.702522 1765891510.9634938
1765891510.9635184 1765891571.8568423
1765891571.856866 1765891608.6535888
1765891608.6536126 1765891651.123142
1765891651.1231632 1765891700.596889
1765891700.5969126 1765891751.027429
1765891751.0274525 1765891804.2613118
1765891804.2613409 1765891851.5916471
1765891851.591671 1765891896.1219401
1765891896.1219645 1765891932.7986422
1765891932.7986636 1765891976.7999816
1765891976.8000052 1765892018.4249768
1765892018.4249952 1765892048.8584216
1765892048.8584461 1765892097.6105933
1765892097.6106172 1765892149.8291247
1765892149.829147 1765892198.5538192
1765892198.5538394 1765892239.7131267
1765892239.713152 1765892284.3926837
1765892284.392702 1765892330.0955584
1765892330.0955834 1765892376.9491308
1765892376.9491546 1765892420.1267242
1765892420.1267438 1765892462.0763721
1765892462.076398 1765892498.7199006
1765892498.7199247 1765892538.963004
1765892538.9630237 1765892576.5499957
1765892576.55002 1765892619.759486
1765892619.7595108 1765892664.2282608
1765892664.228283 1765892695.1149294
1765892695.114953 1765892747.2730875
1765892747.2731078 1765892794.6047616
1765892794.6047857 1765892841.390913
1765892841.3909373 1765892894.7760005
1765892894.7760208 1765892941.6938071
1765892941.6938314 1765892989.4144733
1765892989.4144995 1765893040.491675
1765893040.491695 1765893079.2403166
1765893079.2403383 1765893114.9751275
1765893114.9751472 1765893154.4213662
1765893154.4213912 1765893202.0180233
1765893202.018049 1765893245.6411881
1765893245.6412077 1765893286.610423
1765893286.6104424 1765893334.6408942
1765893334.6409166 1765893376.01554
1765893376.0155602 1765893428.6462884
1765893428.6463106 1765893461.1946564
1765893461.1946769 1765893500.1013842
1765893500.1014104 1765893540.7437701
1765893540.743788 1765893574.5546434
1765893574.554663 1765893623.6650708
1765893623.6650953 1765893654.7769558
1765893654.77698 1765893692.1742008
1765893692.1742187 1765893741.978323
1765893741.9783473 1765893770.2041912
1765893770.2042139 1765893812.8650472
1765893812.8650684 1765893853.1331167
1765893853.1331422 1765893909.281786
1765893909.281812 1765893944.6681626
1765893944.6681812 1765893974.4335206
1765893974.433545 1765894004.1918366
1765894004.1918545 1765894037.4935167
1765894037.4935381 1765894073.2637105
1765894073.2637308 1765894101.4258814
1765894101.4258993 1765894141.567629
1765894141.5676527 1765894183.880587
1765894183.8806117 1765894211.1823266
1765894211.182345 1765894260.782299
1765894260.7823226 1765894298.0061898
1765894298.0062094 1765894344.070076
1765894344.0701003 1765894378.226877
1765894378.2268956 1765894409.5581539
