1762753892.7712083 1762753993.9019341
1762753993.9019582 1762754085.5647686
1762754085.5647955 1762754161.9712174
1762754161.971253 1762754267.101104
1762754267.1011262 1762754332.8806758
1762754332.8807023 1762754422.1179426
1762754422.1179605 1762754521.667327
1762754521.6673641 1762754629.9241998
1762754629.924224 1762754663.7249272
1762754663.7249515 1762754774.9721344
1762754774.972154 1762754876.1845963
1762754876.1846209 1762755019.101554
1762755019.1015754 1762755116.8591685
1762755116.8591895 1762755276.0330884
1762755276.0331056 1762755375.2109559
1762755375.21098 1762755472.1925645
1762755472.192589 1762755570.4971051
1762755570.4971256 1762755738.8036308
1762755738.8036637 1762755846.4766262
1762755846.4766505 1762755988.6324775
1762755988.6325014 1762756103.6481023
1762756103.6481276 1762756192.181432
1762756192.1814523 1762756307.0269303
1762756307.026956 1762756413.7070293
1762756413.7070467 1762756500.0864346
1762756500.086474 1762756602.0283048
1762756602.0283291 1762756631.1420374
1762756631.1420598 1762756774.0662687
1762756774.0662942 1762756861.138395
1762756861.1384158 1762757042.1496484
1762757042.1496701 1762757190.886965
1762757190.8869886 1762757280.7406898
1762757280.740709 1762757352.2125006
1762757352.2125242 1762757449.1107013
1762757449.110722 1762757513.4017015
1762757513.4017208 1762757586.6934025
1762757586.6934245 1762757677.8680182
1762757677.868041 1762757777.6364825
1762757777.6365063 1762757929.8761814
1762757929.8762038 1762758093.959602
1762758093.9596312 1762758183.5478516
1762758183.5478845 1762758377.0941842
1762758377.0942101 1762758479.5216475
1762758479.5216699 1762758693.155042
1762758693.1550627 1762758762.0299504
1762758762.0299745 1762758846.8445945
1762758846.8446229 1762758947.8579257
1762758947.8579512 1762759038.5740461
1762759038.5740645 1762759197.8289096
1762759197.8289342 1762759298.7885919
1762759298.7886124 1762759374.104222
1762759374.1042497 1762759469.3580263
1762759469.3580503 1762759583.894447
1762759583.894479 1762759669.5112414
1762759669.5112734 1762759746.7558029
1762759746.7558293 1762759821.6119573
1762759821.6119757 1762759973.6351
1762759973.6351252 1762760045.4610288
1762760045.4610517 1762760147.3884397
1762760147.3884683 1762760263.4796362
1762760263.4796576 1762760488.9904017
1762760488.9904258 1762760617.6318996
1762760617.6319206 1762760841.0030854
1762760841.0031102 1762760977.4606094
1762760977.460634 1762761074.3144643
1762761074.3144863 1762761186.1341312
1762761186.134152 1762761350.1347094
1762761350.1347353 1762761528.3131218
1762761528.3131466 1762761584.2702355
1762761584.2702568 1762761677.6250515
1762761677.625076 1762761821.7152586
1762761821.7152796 1762761886.6301076
1762761886.6301332 1762761976.557382
1762761976.5574045 1762762072.669979
1762762072.6700022 1762762181.307312
1762762181.3073306 1762762315.2829185
1762762315.282941 1762762433.9846485
1762762433.9846723 1762762554.421577
1762762554.4215958 1762762673.200181
1762762673.200205 1762762762.609597
1762762762.609621 1762762924.155415
1762762924.155439 1762763048.7159379
1762763048.7159557 1762763193.8244224
1762763193.8244474 1762763289.233942
1762763289.233963 1762763439.1757617
1762763439.1758184 1762763538.4553201
1762763538.4553394 1762763662.7932236
1762763662.793247 1762763734.1100023
1762763734.1100261 1762763863.9545941
1762763863.9546258 1762763979.2805943
1762763979.280619 1762764080.6039255
1762764080.6039438 1762764195.742469
1762764195.7424898 1762764241.8560505
1762764241.8560698 1762764373.7979813
1762764373.798005 1762764460.502016
1762764460.5020351 1762764524.5916545
1762764524.5916793 1762764616.669915
1762764616.6699378 1762764740.577649
1762764740.5776718 1762764835.4325671
1762764835.4325876 1762765000.245574
