1762753895.3262246 1762753993.6378183
1762753993.637844 1762754063.5919304
1762754063.5919502 1762754158.245379
1762754158.2454016 1762754262.9824688
1762754262.9824927 1762754339.0942664
1762754339.0942883 1762754420.428531
1762754420.4285517 1762754537.250562
1762754537.2505834 1762754595.3940601
1762754595.3940833 1762754703.6498997
1762754703.649927 1762754812.9770458
1762754812.977083 1762754882.7291808
1762754882.729204 1762755036.7163968
1762755036.7164376 1762755118.5700002
1762755118.5700443 1762755265.8390968
1762755265.8391228 1762755373.2924132
1762755373.2924397 1762755495.145689
1762755495.1457157 1762755567.155849
1762755567.1558754 1762755728.7089214
1762755728.7089446 1762755860.8446813
1762755860.8447092 1762755994.8339174
1762755994.8339417 1762756099.217594
1762756099.2176147 1762756227.1918344
1762756227.191861 1762756300.5772946
1762756300.5773213 1762756428.2482722
1762756428.248298 1762756517.4481888
1762756517.448216 1762756587.9002025
1762756587.9002342 1762756676.343627
1762756676.3436537 1762756782.9784567
1762756782.9784806 1762756883.7268693
1762756883.726899 1762757045.2750492
1762757045.2750762 1762757161.7077775
1762757161.707801 1762757291.7375114
1762757291.7375355 1762757366.9253643
1762757366.925392 1762757442.9880962
1762757442.988123 1762757517.9347625
1762757517.9347835 1762757599.1383588
1762757599.1383839 1762757661.8259351
1762757661.825962 1762757786.4587605
1762757786.4587815 1762757946.9290798
1762757946.9291108 1762758066.553304
1762758066.553329 1762758225.9823656
1762758225.98239 1762758364.1474392
1762758364.147482 1762758516.32097
1762758516.3209946 1762758692.1071222
1762758692.1071494 1762758770.843827
1762758770.8438501 1762758847.64744
1762758847.6474657 1762758955.9065878
1762758955.9066088 1762759076.6374223
1762759076.6374545 1762759159.153839
1762759159.153864 1762759279.8689737
1762759279.868999 1762759395.530608
1762759395.5306306 1762759481.5498981
1762759481.5499241 1762759593.8286288
1762759593.8286564 1762759681.3099146
1762759681.3099403 1762759761.6332245
1762759761.633248 1762759851.3671222
1762759851.3671494 1762759943.632139
1762759943.6321642 1762760060.9126992
1762760060.9127269 1762760148.886915
1762760148.886938 1762760295.4559305
1762760295.4559588 1762760449.3162007
1762760449.3162317 1762760644.9531758
1762760644.953202 1762760855.456724
1762760855.4567504 1762760980.7804246
1762760980.7804465 1762761068.6237466
1762761068.623774 1762761180.9015326
1762761180.901554 1762761373.3212917
1762761373.321324 1762761501.6345794
1762761501.6346169 1762761606.9243202
1762761606.9243476 1762761697.2044802
1762761697.204508 1762761811.6435459
1762761811.6435776 1762761912.2461193
1762761912.246145 1762761977.0561743
1762761977.0562022 1762762097.3419256
1762762097.3419502 1762762181.871488
1762762181.8715153 1762762315.1545851
1762762315.1546125 1762762427.2201483
1762762427.2201726 1762762559.9586837
1762762559.9587107 1762762647.3017075
1762762647.3017347 1762762808.1670597
1762762808.1670861 1762762919.090238
1762762919.0902655 1762763077.6793716
1762763077.679398 1762763196.8228872
1762763196.822914 1762763281.5757055
1762763281.5757313 1762763401.4583068
1762763401.45833 1762763561.2972858
1762763561.2973118 1762763664.597526
1762763664.5975513 1762763779.862287
1762763779.8623095 1762763850.746649
1762763850.7466788 1762763993.07481
1762763993.0748334 1762764070.4212258
1762764070.4212513 1762764192.6113474
1762764192.6113725 1762764291.3956566
1762764291.3956928 1762764362.0576386
1762764362.0576649 1762764456.9784687
1762764456.978496 1762764498.0585027
1762764498.0585234 1762764599.6679258
1762764599.6679487 1762764746.3526697
1762764746.3527062 1762764869.2660162
1762764869.2660406 1762765003.5055995
