50.00886607170105
43.48879623413086
45.041139125823975
49.2771155834198
44.584792613983154
46.06580328941345
47.70925307273865
49.83975172042847
52.21496558189392
64.56639003753662
70.24683332443237
66.97932720184326
70.71548104286194
68.71242260932922
44.111284494400024
33.86311435699463
38.97592306137085
34.07633376121521
60.59462070465088
61.69748401641846
39.596946001052856
28.28612184524536
58.87760663032532
56.331440925598145
50.3215434551239
34.98320698738098
32.01826214790344
31.416449785232544
42.73131966590881
24.148654222488403
23.83714747428894
33.022581338882446
45.857237339019775
50.950727701187134
24.444945812225342
32.601075649261475
28.66521167755127
23.721344709396362
22.538931131362915
29.41216516494751
46.89301919937134
66.83313035964966
69.4862551689148
77.39962816238403
70.42492389678955
76.66332149505615
76.05919623374939
59.63118839263916
44.83330678939819
43.610002517700195
34.07702350616455
33.53680992126465
30.960628509521484
40.16712260246277
53.40939164161682
56.77983808517456
55.65353512763977
47.00965404510498
27.167181968688965
33.460994482040405
37.41252589225769
36.69469928741455
43.71347975730896
44.492342948913574
36.263137340545654
37.09806990623474
38.99349331855774
52.42807650566101
29.30659794807434
30.65766191482544
58.42822241783142
65.19205451011658
72.04168200492859
76.41183829307556
61.6111204624176
32.03183054924011
32.362433433532715
36.258193016052246
81.63028693199158
45.14966154098511
43.55214023590088
49.59361147880554
55.18430781364441
52.85199594497681
42.01609516143799
31.696104526519775
29.456973791122437
29.52330708503723
26.906883716583252
28.49202275276184
36.62299728393555
43.740864276885986
43.85044002532959
48.121638774871826
43.95500349998474
45.008004665374756
37.711307525634766
45.16607189178467
45.36366939544678
36.754722356796265
5400.9088768959045
