1765619318.0493731 1765619354.981259
1765619359.986491 1765619395.0987065
1765619402.105851 1765619441.6691144
1765619441.669381 1765619488.3412657
1765619498.3514094 1765619527.8562412
1765619528.857426 1765619564.4367275
1765619574.446928 1765619610.1981955
1765619614.1985579 1765619652.3165822
1765619654.3187838 1765619695.062791
1765619701.0668123 1765619731.9943342
1765619740.9981556 1765619766.0538442
1765619775.0544271 1765619793.9639297
1765619799.9644637 1765619831.497726
1765619841.5069025 1765619862.7042024
1765619866.7087033 1765619898.8178375
1765619904.8239582 1765619927.191407
1765619931.1949453 1765619963.5405858
1765619965.542729 1765619996.1630192
1765620004.1701276 1765620027.80798
1765620029.8101535 1765620055.9828703
1765620064.9920626 1765620089.1546319
1765620095.1608105 1765620123.0596938
1765620123.0598087 1765620157.837535
1765620160.8406901 1765620190.170432
1765620198.178647 1765620228.7098615
1765620235.717 1765620276.9996636
1765620278.0008376 1765620316.0320868
1765620323.0388997 1765620356.0356255
1765620360.039237 1765620403.5291815
1765620405.5309281 1765620435.0350382
1765620437.0372148 1765620482.4183407
1765620486.4188862 1765620527.380138
1765620531.3829284 1765620560.5183496
1765620564.5188293 1765620600.9769127
1765620601.978055 1765620643.4668093
1765620646.469989 1765620680.0333757
1765620686.038889 1765620717.4791677
1765620719.4813464 1765620755.3821929
1765620755.3822658 1765620796.1609309
1765620803.168144 1765620825.9443007
1765620833.9524972 1765620859.5564697
1765620868.5656643 1765620892.644091
1765620900.6508837 1765620924.1943758
1765620934.2045338 1765620957.115289
1765620965.1234686 1765620990.96157
1765620993.9628913 1765621028.2849166
1765621033.2901013 1765621058.2035532
1765621067.2128005 1765621093.406825
1765621098.4119914 1765621127.51822
1765621129.5189188 1765621159.9664338
1765621161.9685607 1765621193.1476462
1765621197.1518636 1765621223.5139778
1765621230.5189862 1765621254.4948194
1765621254.4949484 1765621286.8025973
1765621294.810814 1765621317.133721
1765621326.1428752 1765621348.479318
1765621350.4814434 1765621376.0958228
1765621378.096408 1765621409.5778317
1765621415.5840113 1765621447.2928367
1765621453.2990115 1765621481.019548
1765621483.0199363 1765621520.18966
1765621528.197834 1765621562.1166134
1765621562.1167367 1765621597.5930214
1765621602.5981576 1765621633.1688125
1765621639.174963 1765621666.7555735
1765621673.76276 1765621697.5180657
1765621697.5181613 1765621730.5519521
1765621736.5581503 1765621758.1157115
1765621763.118899 1765621788.4418066
1765621788.4419322 1765621825.259261
1765621835.269397 1765621857.3236992
1765621867.3338807 1765621886.5422828
1765621894.5505202 1765621918.3520422
1765621924.354821 1765621951.772799
1765621956.7780402 1765621981.989916
1765621981.9900517 1765622010.5692015
1765622011.570345 1765622038.6115355
1765622041.6147583 1765622068.8020136
1765622077.8108943 1765622094.6979373
1765622102.7060795 1765622122.3033676
1765622129.3105454 1765622151.5629363
1765622151.5630586 1765622181.9742746
1765622185.9784386 1765622214.3648114
1765622218.3689868 1765622249.874095
1765622259.8842328 1765622282.6824543
1765622290.6906354 1765622310.8460765
1765622314.8468835 1765622345.2551916
1765622353.2628908 1765622372.8509655
1765622380.8591723 1765622411.0536342
1765622415.0548928 1765622443.7464747
1765622443.746553 1765622484.3008647
1765622489.3010705 1765622524.6750329
1765622531.6788797 1765622564.3485959
1765622574.3587399 1765622606.3457649
1765622612.351888 1765622642.2568593
1765622651.262901 1765622683.947461
1765622684.9478574 1765622716.4956203
1765622726.5057614 1765622748.5389013
1765622749.54006 1765622783.7828548
1765622786.786016 1765622818.760253
