1765619309.7479153 1765619348.9961495
1765619354.0014122 1765619398.8841865
1765619401.88694 1765619438.1116173
1765619441.1127632 1765619481.8049183
1765619489.810935 1765619524.7942386
1765619531.7991269 1765619566.7072785
1765619575.7166235 1765619603.6108892
1765619606.614049 1765619648.6270597
1765619648.627194 1765619691.7044096
1765619699.7071772 1765619727.7317858
1765619732.7369652 1765619760.9572043
1765619765.9623766 1765619793.559182
1765619800.5662963 1765619833.47389
1765619834.4750867 1765619861.7111418
1765619868.718275 1765619899.2224455
1765619902.2228858 1765619930.774394
1765619938.7788885 1765619965.3262618
1765619975.3348808 1765619997.6193526
1765619999.6214683 1765620025.1971548
1765620030.2023234 1765620061.6858096
1765620068.6929286 1765620090.856199
1765620090.8563166 1765620118.5232313
1765620124.526915 1765620158.588061
1765620158.588146 1765620192.7968264
1765620197.80199 1765620231.0448263
1765620231.0448956 1765620278.4285297
1765620285.4348931 1765620308.9536295
1765620308.9537115 1765620363.2317703
1765620372.238885 1765620405.9980726
1765620411.9982493 1765620444.541161
1765620449.5428946 1765620486.8064992
1765620494.8146105 1765620531.376956
1765620539.3851185 1765620564.9912422
1765620574.0003667 1765620603.5334861
1765620611.5416012 1765620644.7171905
1765620650.7233539 1765620683.623595
1765620691.6317472 1765620718.9035795
1765620724.9068751 1765620755.9003568
1765620761.9028878 1765620797.2613504
1765620798.262509 1765620828.482757
1765620836.4868789 1765620863.3106735
1765620871.3188822 1765620897.546915
1765620898.5480287 1765620926.4248364
1765620934.4329975 1765620958.6464803
1765620961.6495974 1765620993.4939678
1765621000.5011313 1765621030.1529896
1765621038.1588984 1765621063.1919863
1765621064.1923378 1765621096.3238661
1765621103.330977 1765621127.715789
1765621129.7179155 1765621162.8366506
1765621165.8398151 1765621192.6598477
1765621195.6601145 1765621227.3238864
1765621227.3239553 1765621259.7313168
1765621263.7354307 1765621287.5727758
1765621293.578943 1765621319.7899542
1765621319.7900236 1765621350.6996894
1765621350.6997654 1765621379.6819286
1765621383.6825278 1765621411.7215543
1765621416.7220244 1765621449.1193662
1765621449.119493 1765621484.4545598
1765621490.4588747 1765621524.3630044
1765621534.3660383 1765621563.115221
1765621573.125372 1765621601.3938527
1765621606.3989766 1765621638.4288836
1765621640.4309916 1765621670.87114
1765621673.8742583 1765621702.8248317
1765621707.8299882 1765621733.4371164
1765621739.438881 1765621762.6637125
1765621771.6708927 1765621792.8989372
1765621793.9000952 1765621828.8515604
1765621837.8544683 1765621859.956839
1765621867.9649584 1765621891.390786
1765621900.3999586 1765621922.867433
1765621926.8712823 1765621952.611639
1765621958.6177707 1765621984.0160363
1765621990.0222137 1765622011.0183132
1765622021.0268815 1765622043.2686918
1765622049.2748022 1765622071.7871556
1765622081.7973063 1765622098.9360332
1765622103.9411705 1765622127.1293666
1765622130.1324818 1765622156.9569476
1765622166.9671066 1765622185.7093801
1765622190.7144964 1765622218.1338704
1765622222.13799 1765622253.9947078
1765622258.9988925 1765622284.4129817
1765622288.4148908 1765622314.1321988
1765622316.132394 1765622348.1244352
1765622355.1256087 1765622377.6243575
1765622384.6315217 1765622414.230254
1765622420.2349186 1765622448.6189225
1765622450.6194072 1765622488.4303143
1765622494.436435 1765622528.405247
1765622534.4068856 1765622567.5922606
1765622571.5950077 1765622606.0732899
1765622608.075418 1765622645.2153986
1765622648.2185934 1765622685.2065277
1765622689.2067282 1765622716.4007664
1765622717.4010088 1765622754.4513664
1765622757.454537 1765622783.280131
1765622783.2802634 1765622817.8971522
